Fold,Train_IDs,Train_Labels,Test_IDs,Test_Labels,Predictions,Decision_Scores
1,"['lNONMMUG002215', 'lNONMMUG002239', 'lNONMMUG009962', 'lNONMMUG013211', 'lNONMMUG017485', 'lNONMMUG017913', 'lNONMMUG020673', 'lNONMMUG023454', 'lNONMMUG026355', 'lNONMMUG029813', 'lNONMMUG030202', 'lNONMMUG033401', 'lNONMMUG034886', 'lNONMMUG038355', 'lNONMMUG039685', 'lNONMMUG041158', 'lNONMMUG041781', 'lNONMMUG045568', 'lNONMMUG045569', 'lNONMMUG045574', 'lENSMUSG00000044471', 'lENSMUSG00000075277', 'lENSMUSG00000078190', 'lENSMUSG00000078247', 'lENSMUSG00000085354', 'lENSMUSG00000085715', 'lENSMUSG00000085873', 'lENSMUSG00000086035', 'lENSMUSG00000086141', 'lENSMUSG00000090063', 'lENSMUSG00000097336', 'lENSMUSG00000097571', 'lENSMUSG00000097767', 'lENSMUSG00000098439', 'lENSMUSG00000101609', 'lENSMUSG00000106519', 'l9030622O22Rik', 'lDlx6os1', 'lDnm3os', 'lGas5', 'lGm12610', 'lMiat', 'lNeat1', 'lNONMMUG002771', 'lNONMMUG004366', 'lNONMMUG007120', 'lNONMMUG008199', 'lNONMMUG009173', 'lNONMMUG009235', 'lNONMMUG010099', 'lNONMMUG012984', 'lNONMMUG013851', 'lNONMMUG014034', 'lNONMMUG017321', 'lNONMMUG017372', 'lNONMMUG019692', 'lNONMMUG020560', 'lNONMMUG021010', 'lNONMMUG023106', 'lNONMMUG024809', 'lNONMMUG025805', 'lNONMMUG029789', 'lNONMMUG031524', 'lNONMMUG031860', 'lNONMMUG032531', 'lNONMMUG033434', 'lNONMMUG034060', 'lNONMMUG035589', 'lNONMMUG036314', 'lNONMMUG036495', 'lNONMMUG038170', 'lNONMMUG038692', 'lNONMMUG038718', 'lNONMMUG039825', 'lNONMMUG041948', 'lNONMMUG042190', 'lNONMMUG043393', 'lNONMMUG043843', 'lNONMMUG044302', 'lNONMMUG045259', 'lENSMUSG00000085908', 'lENSMUSG00000103692', 'lENSMUSG00000106828', 'lENSMUSG00000107766', 'lGm13291', 'lSnord11', 'lSnord67']","[0.0, 0.0, 0.0, 1.0, 1.0, 1.0, 0.0, 1.0, 1.0, 0.0, 1.0, 1.0, 1.0, 1.0, 1.0, 0.0, 1.0, 1.0, 0.0, 0.0, 0.0, 1.0, 0.0, 0.0, 0.0, 1.0, 1.0, 0.0, 0.0, 1.0, 0.0, 1.0, 0.0, 0.0, 1.0, 0.0, 0.0, 1.0, 0.0, 0.0, 0.0, 1.0, 0.0, 0.0, 1.0, 0.0, 0.0, 1.0, 1.0, 0.0, 0.0, 1.0, 1.0, 1.0, 0.0, 0.0, 0.0, 1.0, 1.0, 0.0, 1.0, 1.0, 1.0, 1.0, 1.0, 1.0, 1.0, 0.0, 0.0, 1.0, 0.0, 0.0, 1.0, 0.0, 1.0, 0.0, 0.0, 1.0, 1.0, 1.0, 1.0, 0.0, 0.0, 0.0, 1.0, 0.0, 0.0]",['lNONMMUG000508'],[1.0],[1.0],[0.5869877498846943]
2,"['lNONMMUG000508', 'lNONMMUG002239', 'lNONMMUG009962', 'lNONMMUG013211', 'lNONMMUG017485', 'lNONMMUG017913', 'lNONMMUG020673', 'lNONMMUG023454', 'lNONMMUG026355', 'lNONMMUG029813', 'lNONMMUG030202', 'lNONMMUG033401', 'lNONMMUG034886', 'lNONMMUG038355', 'lNONMMUG039685', 'lNONMMUG041158', 'lNONMMUG041781', 'lNONMMUG045568', 'lNONMMUG045569', 'lNONMMUG045574', 'lENSMUSG00000044471', 'lENSMUSG00000075277', 'lENSMUSG00000078190', 'lENSMUSG00000078247', 'lENSMUSG00000085354', 'lENSMUSG00000085715', 'lENSMUSG00000085873', 'lENSMUSG00000086035', 'lENSMUSG00000086141', 'lENSMUSG00000090063', 'lENSMUSG00000097336', 'lENSMUSG00000097571', 'lENSMUSG00000097767', 'lENSMUSG00000098439', 'lENSMUSG00000101609', 'lENSMUSG00000106519', 'l9030622O22Rik', 'lDlx6os1', 'lDnm3os', 'lGas5', 'lGm12610', 'lMiat', 'lNeat1', 'lNONMMUG002771', 'lNONMMUG004366', 'lNONMMUG007120', 'lNONMMUG008199', 'lNONMMUG009173', 'lNONMMUG009235', 'lNONMMUG010099', 'lNONMMUG012984', 'lNONMMUG013851', 'lNONMMUG014034', 'lNONMMUG017321', 'lNONMMUG017372', 'lNONMMUG019692', 'lNONMMUG020560', 'lNONMMUG021010', 'lNONMMUG023106', 'lNONMMUG024809', 'lNONMMUG025805', 'lNONMMUG029789', 'lNONMMUG031524', 'lNONMMUG031860', 'lNONMMUG032531', 'lNONMMUG033434', 'lNONMMUG034060', 'lNONMMUG035589', 'lNONMMUG036314', 'lNONMMUG036495', 'lNONMMUG038170', 'lNONMMUG038692', 'lNONMMUG038718', 'lNONMMUG039825', 'lNONMMUG041948', 'lNONMMUG042190', 'lNONMMUG043393', 'lNONMMUG043843', 'lNONMMUG044302', 'lNONMMUG045259', 'lENSMUSG00000085908', 'lENSMUSG00000103692', 'lENSMUSG00000106828', 'lENSMUSG00000107766', 'lGm13291', 'lSnord11', 'lSnord67']","[1.0, 0.0, 0.0, 1.0, 1.0, 1.0, 0.0, 1.0, 1.0, 0.0, 1.0, 1.0, 1.0, 1.0, 1.0, 0.0, 1.0, 1.0, 0.0, 0.0, 0.0, 1.0, 0.0, 0.0, 0.0, 1.0, 1.0, 0.0, 0.0, 1.0, 0.0, 1.0, 0.0, 0.0, 1.0, 0.0, 0.0, 1.0, 0.0, 0.0, 0.0, 1.0, 0.0, 0.0, 1.0, 0.0, 0.0, 1.0, 1.0, 0.0, 0.0, 1.0, 1.0, 1.0, 0.0, 0.0, 0.0, 1.0, 1.0, 0.0, 1.0, 1.0, 1.0, 1.0, 1.0, 1.0, 1.0, 0.0, 0.0, 1.0, 0.0, 0.0, 1.0, 0.0, 1.0, 0.0, 0.0, 1.0, 1.0, 1.0, 1.0, 0.0, 0.0, 0.0, 1.0, 0.0, 0.0]",['lNONMMUG002215'],[0.0],[0.0],[7.590218550572486e-05]
3,"['lNONMMUG000508', 'lNONMMUG002215', 'lNONMMUG009962', 'lNONMMUG013211', 'lNONMMUG017485', 'lNONMMUG017913', 'lNONMMUG020673', 'lNONMMUG023454', 'lNONMMUG026355', 'lNONMMUG029813', 'lNONMMUG030202', 'lNONMMUG033401', 'lNONMMUG034886', 'lNONMMUG038355', 'lNONMMUG039685', 'lNONMMUG041158', 'lNONMMUG041781', 'lNONMMUG045568', 'lNONMMUG045569', 'lNONMMUG045574', 'lENSMUSG00000044471', 'lENSMUSG00000075277', 'lENSMUSG00000078190', 'lENSMUSG00000078247', 'lENSMUSG00000085354', 'lENSMUSG00000085715', 'lENSMUSG00000085873', 'lENSMUSG00000086035', 'lENSMUSG00000086141', 'lENSMUSG00000090063', 'lENSMUSG00000097336', 'lENSMUSG00000097571', 'lENSMUSG00000097767', 'lENSMUSG00000098439', 'lENSMUSG00000101609', 'lENSMUSG00000106519', 'l9030622O22Rik', 'lDlx6os1', 'lDnm3os', 'lGas5', 'lGm12610', 'lMiat', 'lNeat1', 'lNONMMUG002771', 'lNONMMUG004366', 'lNONMMUG007120', 'lNONMMUG008199', 'lNONMMUG009173', 'lNONMMUG009235', 'lNONMMUG010099', 'lNONMMUG012984', 'lNONMMUG013851', 'lNONMMUG014034', 'lNONMMUG017321', 'lNONMMUG017372', 'lNONMMUG019692', 'lNONMMUG020560', 'lNONMMUG021010', 'lNONMMUG023106', 'lNONMMUG024809', 'lNONMMUG025805', 'lNONMMUG029789', 'lNONMMUG031524', 'lNONMMUG031860', 'lNONMMUG032531', 'lNONMMUG033434', 'lNONMMUG034060', 'lNONMMUG035589', 'lNONMMUG036314', 'lNONMMUG036495', 'lNONMMUG038170', 'lNONMMUG038692', 'lNONMMUG038718', 'lNONMMUG039825', 'lNONMMUG041948', 'lNONMMUG042190', 'lNONMMUG043393', 'lNONMMUG043843', 'lNONMMUG044302', 'lNONMMUG045259', 'lENSMUSG00000085908', 'lENSMUSG00000103692', 'lENSMUSG00000106828', 'lENSMUSG00000107766', 'lGm13291', 'lSnord11', 'lSnord67']","[1.0, 0.0, 0.0, 1.0, 1.0, 1.0, 0.0, 1.0, 1.0, 0.0, 1.0, 1.0, 1.0, 1.0, 1.0, 0.0, 1.0, 1.0, 0.0, 0.0, 0.0, 1.0, 0.0, 0.0, 0.0, 1.0, 1.0, 0.0, 0.0, 1.0, 0.0, 1.0, 0.0, 0.0, 1.0, 0.0, 0.0, 1.0, 0.0, 0.0, 0.0, 1.0, 0.0, 0.0, 1.0, 0.0, 0.0, 1.0, 1.0, 0.0, 0.0, 1.0, 1.0, 1.0, 0.0, 0.0, 0.0, 1.0, 1.0, 0.0, 1.0, 1.0, 1.0, 1.0, 1.0, 1.0, 1.0, 0.0, 0.0, 1.0, 0.0, 0.0, 1.0, 0.0, 1.0, 0.0, 0.0, 1.0, 1.0, 1.0, 1.0, 0.0, 0.0, 0.0, 1.0, 0.0, 0.0]",['lNONMMUG002239'],[0.0],[1.0],[0.6176269166465653]
4,"['lNONMMUG000508', 'lNONMMUG002215', 'lNONMMUG002239', 'lNONMMUG013211', 'lNONMMUG017485', 'lNONMMUG017913', 'lNONMMUG020673', 'lNONMMUG023454', 'lNONMMUG026355', 'lNONMMUG029813', 'lNONMMUG030202', 'lNONMMUG033401', 'lNONMMUG034886', 'lNONMMUG038355', 'lNONMMUG039685', 'lNONMMUG041158', 'lNONMMUG041781', 'lNONMMUG045568', 'lNONMMUG045569', 'lNONMMUG045574', 'lENSMUSG00000044471', 'lENSMUSG00000075277', 'lENSMUSG00000078190', 'lENSMUSG00000078247', 'lENSMUSG00000085354', 'lENSMUSG00000085715', 'lENSMUSG00000085873', 'lENSMUSG00000086035', 'lENSMUSG00000086141', 'lENSMUSG00000090063', 'lENSMUSG00000097336', 'lENSMUSG00000097571', 'lENSMUSG00000097767', 'lENSMUSG00000098439', 'lENSMUSG00000101609', 'lENSMUSG00000106519', 'l9030622O22Rik', 'lDlx6os1', 'lDnm3os', 'lGas5', 'lGm12610', 'lMiat', 'lNeat1', 'lNONMMUG002771', 'lNONMMUG004366', 'lNONMMUG007120', 'lNONMMUG008199', 'lNONMMUG009173', 'lNONMMUG009235', 'lNONMMUG010099', 'lNONMMUG012984', 'lNONMMUG013851', 'lNONMMUG014034', 'lNONMMUG017321', 'lNONMMUG017372', 'lNONMMUG019692', 'lNONMMUG020560', 'lNONMMUG021010', 'lNONMMUG023106', 'lNONMMUG024809', 'lNONMMUG025805', 'lNONMMUG029789', 'lNONMMUG031524', 'lNONMMUG031860', 'lNONMMUG032531', 'lNONMMUG033434', 'lNONMMUG034060', 'lNONMMUG035589', 'lNONMMUG036314', 'lNONMMUG036495', 'lNONMMUG038170', 'lNONMMUG038692', 'lNONMMUG038718', 'lNONMMUG039825', 'lNONMMUG041948', 'lNONMMUG042190', 'lNONMMUG043393', 'lNONMMUG043843', 'lNONMMUG044302', 'lNONMMUG045259', 'lENSMUSG00000085908', 'lENSMUSG00000103692', 'lENSMUSG00000106828', 'lENSMUSG00000107766', 'lGm13291', 'lSnord11', 'lSnord67']","[1.0, 0.0, 0.0, 1.0, 1.0, 1.0, 0.0, 1.0, 1.0, 0.0, 1.0, 1.0, 1.0, 1.0, 1.0, 0.0, 1.0, 1.0, 0.0, 0.0, 0.0, 1.0, 0.0, 0.0, 0.0, 1.0, 1.0, 0.0, 0.0, 1.0, 0.0, 1.0, 0.0, 0.0, 1.0, 0.0, 0.0, 1.0, 0.0, 0.0, 0.0, 1.0, 0.0, 0.0, 1.0, 0.0, 0.0, 1.0, 1.0, 0.0, 0.0, 1.0, 1.0, 1.0, 0.0, 0.0, 0.0, 1.0, 1.0, 0.0, 1.0, 1.0, 1.0, 1.0, 1.0, 1.0, 1.0, 0.0, 0.0, 1.0, 0.0, 0.0, 1.0, 0.0, 1.0, 0.0, 0.0, 1.0, 1.0, 1.0, 1.0, 0.0, 0.0, 0.0, 1.0, 0.0, 0.0]",['lNONMMUG009962'],[0.0],[1.0],[0.9655220579765548]
5,"['lNONMMUG000508', 'lNONMMUG002215', 'lNONMMUG002239', 'lNONMMUG009962', 'lNONMMUG017485', 'lNONMMUG017913', 'lNONMMUG020673', 'lNONMMUG023454', 'lNONMMUG026355', 'lNONMMUG029813', 'lNONMMUG030202', 'lNONMMUG033401', 'lNONMMUG034886', 'lNONMMUG038355', 'lNONMMUG039685', 'lNONMMUG041158', 'lNONMMUG041781', 'lNONMMUG045568', 'lNONMMUG045569', 'lNONMMUG045574', 'lENSMUSG00000044471', 'lENSMUSG00000075277', 'lENSMUSG00000078190', 'lENSMUSG00000078247', 'lENSMUSG00000085354', 'lENSMUSG00000085715', 'lENSMUSG00000085873', 'lENSMUSG00000086035', 'lENSMUSG00000086141', 'lENSMUSG00000090063', 'lENSMUSG00000097336', 'lENSMUSG00000097571', 'lENSMUSG00000097767', 'lENSMUSG00000098439', 'lENSMUSG00000101609', 'lENSMUSG00000106519', 'l9030622O22Rik', 'lDlx6os1', 'lDnm3os', 'lGas5', 'lGm12610', 'lMiat', 'lNeat1', 'lNONMMUG002771', 'lNONMMUG004366', 'lNONMMUG007120', 'lNONMMUG008199', 'lNONMMUG009173', 'lNONMMUG009235', 'lNONMMUG010099', 'lNONMMUG012984', 'lNONMMUG013851', 'lNONMMUG014034', 'lNONMMUG017321', 'lNONMMUG017372', 'lNONMMUG019692', 'lNONMMUG020560', 'lNONMMUG021010', 'lNONMMUG023106', 'lNONMMUG024809', 'lNONMMUG025805', 'lNONMMUG029789', 'lNONMMUG031524', 'lNONMMUG031860', 'lNONMMUG032531', 'lNONMMUG033434', 'lNONMMUG034060', 'lNONMMUG035589', 'lNONMMUG036314', 'lNONMMUG036495', 'lNONMMUG038170', 'lNONMMUG038692', 'lNONMMUG038718', 'lNONMMUG039825', 'lNONMMUG041948', 'lNONMMUG042190', 'lNONMMUG043393', 'lNONMMUG043843', 'lNONMMUG044302', 'lNONMMUG045259', 'lENSMUSG00000085908', 'lENSMUSG00000103692', 'lENSMUSG00000106828', 'lENSMUSG00000107766', 'lGm13291', 'lSnord11', 'lSnord67']","[1.0, 0.0, 0.0, 0.0, 1.0, 1.0, 0.0, 1.0, 1.0, 0.0, 1.0, 1.0, 1.0, 1.0, 1.0, 0.0, 1.0, 1.0, 0.0, 0.0, 0.0, 1.0, 0.0, 0.0, 0.0, 1.0, 1.0, 0.0, 0.0, 1.0, 0.0, 1.0, 0.0, 0.0, 1.0, 0.0, 0.0, 1.0, 0.0, 0.0, 0.0, 1.0, 0.0, 0.0, 1.0, 0.0, 0.0, 1.0, 1.0, 0.0, 0.0, 1.0, 1.0, 1.0, 0.0, 0.0, 0.0, 1.0, 1.0, 0.0, 1.0, 1.0, 1.0, 1.0, 1.0, 1.0, 1.0, 0.0, 0.0, 1.0, 0.0, 0.0, 1.0, 0.0, 1.0, 0.0, 0.0, 1.0, 1.0, 1.0, 1.0, 0.0, 0.0, 0.0, 1.0, 0.0, 0.0]",['lNONMMUG013211'],[1.0],[0.0],[0.00959525942984652]
6,"['lNONMMUG000508', 'lNONMMUG002215', 'lNONMMUG002239', 'lNONMMUG009962', 'lNONMMUG013211', 'lNONMMUG017913', 'lNONMMUG020673', 'lNONMMUG023454', 'lNONMMUG026355', 'lNONMMUG029813', 'lNONMMUG030202', 'lNONMMUG033401', 'lNONMMUG034886', 'lNONMMUG038355', 'lNONMMUG039685', 'lNONMMUG041158', 'lNONMMUG041781', 'lNONMMUG045568', 'lNONMMUG045569', 'lNONMMUG045574', 'lENSMUSG00000044471', 'lENSMUSG00000075277', 'lENSMUSG00000078190', 'lENSMUSG00000078247', 'lENSMUSG00000085354', 'lENSMUSG00000085715', 'lENSMUSG00000085873', 'lENSMUSG00000086035', 'lENSMUSG00000086141', 'lENSMUSG00000090063', 'lENSMUSG00000097336', 'lENSMUSG00000097571', 'lENSMUSG00000097767', 'lENSMUSG00000098439', 'lENSMUSG00000101609', 'lENSMUSG00000106519', 'l9030622O22Rik', 'lDlx6os1', 'lDnm3os', 'lGas5', 'lGm12610', 'lMiat', 'lNeat1', 'lNONMMUG002771', 'lNONMMUG004366', 'lNONMMUG007120', 'lNONMMUG008199', 'lNONMMUG009173', 'lNONMMUG009235', 'lNONMMUG010099', 'lNONMMUG012984', 'lNONMMUG013851', 'lNONMMUG014034', 'lNONMMUG017321', 'lNONMMUG017372', 'lNONMMUG019692', 'lNONMMUG020560', 'lNONMMUG021010', 'lNONMMUG023106', 'lNONMMUG024809', 'lNONMMUG025805', 'lNONMMUG029789', 'lNONMMUG031524', 'lNONMMUG031860', 'lNONMMUG032531', 'lNONMMUG033434', 'lNONMMUG034060', 'lNONMMUG035589', 'lNONMMUG036314', 'lNONMMUG036495', 'lNONMMUG038170', 'lNONMMUG038692', 'lNONMMUG038718', 'lNONMMUG039825', 'lNONMMUG041948', 'lNONMMUG042190', 'lNONMMUG043393', 'lNONMMUG043843', 'lNONMMUG044302', 'lNONMMUG045259', 'lENSMUSG00000085908', 'lENSMUSG00000103692', 'lENSMUSG00000106828', 'lENSMUSG00000107766', 'lGm13291', 'lSnord11', 'lSnord67']","[1.0, 0.0, 0.0, 0.0, 1.0, 1.0, 0.0, 1.0, 1.0, 0.0, 1.0, 1.0, 1.0, 1.0, 1.0, 0.0, 1.0, 1.0, 0.0, 0.0, 0.0, 1.0, 0.0, 0.0, 0.0, 1.0, 1.0, 0.0, 0.0, 1.0, 0.0, 1.0, 0.0, 0.0, 1.0, 0.0, 0.0, 1.0, 0.0, 0.0, 0.0, 1.0, 0.0, 0.0, 1.0, 0.0, 0.0, 1.0, 1.0, 0.0, 0.0, 1.0, 1.0, 1.0, 0.0, 0.0, 0.0, 1.0, 1.0, 0.0, 1.0, 1.0, 1.0, 1.0, 1.0, 1.0, 1.0, 0.0, 0.0, 1.0, 0.0, 0.0, 1.0, 0.0, 1.0, 0.0, 0.0, 1.0, 1.0, 1.0, 1.0, 0.0, 0.0, 0.0, 1.0, 0.0, 0.0]",['lNONMMUG017485'],[1.0],[0.0],[0.006509282563728673]
7,"['lNONMMUG000508', 'lNONMMUG002215', 'lNONMMUG002239', 'lNONMMUG009962', 'lNONMMUG013211', 'lNONMMUG017485', 'lNONMMUG020673', 'lNONMMUG023454', 'lNONMMUG026355', 'lNONMMUG029813', 'lNONMMUG030202', 'lNONMMUG033401', 'lNONMMUG034886', 'lNONMMUG038355', 'lNONMMUG039685', 'lNONMMUG041158', 'lNONMMUG041781', 'lNONMMUG045568', 'lNONMMUG045569', 'lNONMMUG045574', 'lENSMUSG00000044471', 'lENSMUSG00000075277', 'lENSMUSG00000078190', 'lENSMUSG00000078247', 'lENSMUSG00000085354', 'lENSMUSG00000085715', 'lENSMUSG00000085873', 'lENSMUSG00000086035', 'lENSMUSG00000086141', 'lENSMUSG00000090063', 'lENSMUSG00000097336', 'lENSMUSG00000097571', 'lENSMUSG00000097767', 'lENSMUSG00000098439', 'lENSMUSG00000101609', 'lENSMUSG00000106519', 'l9030622O22Rik', 'lDlx6os1', 'lDnm3os', 'lGas5', 'lGm12610', 'lMiat', 'lNeat1', 'lNONMMUG002771', 'lNONMMUG004366', 'lNONMMUG007120', 'lNONMMUG008199', 'lNONMMUG009173', 'lNONMMUG009235', 'lNONMMUG010099', 'lNONMMUG012984', 'lNONMMUG013851', 'lNONMMUG014034', 'lNONMMUG017321', 'lNONMMUG017372', 'lNONMMUG019692', 'lNONMMUG020560', 'lNONMMUG021010', 'lNONMMUG023106', 'lNONMMUG024809', 'lNONMMUG025805', 'lNONMMUG029789', 'lNONMMUG031524', 'lNONMMUG031860', 'lNONMMUG032531', 'lNONMMUG033434', 'lNONMMUG034060', 'lNONMMUG035589', 'lNONMMUG036314', 'lNONMMUG036495', 'lNONMMUG038170', 'lNONMMUG038692', 'lNONMMUG038718', 'lNONMMUG039825', 'lNONMMUG041948', 'lNONMMUG042190', 'lNONMMUG043393', 'lNONMMUG043843', 'lNONMMUG044302', 'lNONMMUG045259', 'lENSMUSG00000085908', 'lENSMUSG00000103692', 'lENSMUSG00000106828', 'lENSMUSG00000107766', 'lGm13291', 'lSnord11', 'lSnord67']","[1.0, 0.0, 0.0, 0.0, 1.0, 1.0, 0.0, 1.0, 1.0, 0.0, 1.0, 1.0, 1.0, 1.0, 1.0, 0.0, 1.0, 1.0, 0.0, 0.0, 0.0, 1.0, 0.0, 0.0, 0.0, 1.0, 1.0, 0.0, 0.0, 1.0, 0.0, 1.0, 0.0, 0.0, 1.0, 0.0, 0.0, 1.0, 0.0, 0.0, 0.0, 1.0, 0.0, 0.0, 1.0, 0.0, 0.0, 1.0, 1.0, 0.0, 0.0, 1.0, 1.0, 1.0, 0.0, 0.0, 0.0, 1.0, 1.0, 0.0, 1.0, 1.0, 1.0, 1.0, 1.0, 1.0, 1.0, 0.0, 0.0, 1.0, 0.0, 0.0, 1.0, 0.0, 1.0, 0.0, 0.0, 1.0, 1.0, 1.0, 1.0, 0.0, 0.0, 0.0, 1.0, 0.0, 0.0]",['lNONMMUG017913'],[1.0],[0.0],[0.04332538758701773]
8,"['lNONMMUG000508', 'lNONMMUG002215', 'lNONMMUG002239', 'lNONMMUG009962', 'lNONMMUG013211', 'lNONMMUG017485', 'lNONMMUG017913', 'lNONMMUG023454', 'lNONMMUG026355', 'lNONMMUG029813', 'lNONMMUG030202', 'lNONMMUG033401', 'lNONMMUG034886', 'lNONMMUG038355', 'lNONMMUG039685', 'lNONMMUG041158', 'lNONMMUG041781', 'lNONMMUG045568', 'lNONMMUG045569', 'lNONMMUG045574', 'lENSMUSG00000044471', 'lENSMUSG00000075277', 'lENSMUSG00000078190', 'lENSMUSG00000078247', 'lENSMUSG00000085354', 'lENSMUSG00000085715', 'lENSMUSG00000085873', 'lENSMUSG00000086035', 'lENSMUSG00000086141', 'lENSMUSG00000090063', 'lENSMUSG00000097336', 'lENSMUSG00000097571', 'lENSMUSG00000097767', 'lENSMUSG00000098439', 'lENSMUSG00000101609', 'lENSMUSG00000106519', 'l9030622O22Rik', 'lDlx6os1', 'lDnm3os', 'lGas5', 'lGm12610', 'lMiat', 'lNeat1', 'lNONMMUG002771', 'lNONMMUG004366', 'lNONMMUG007120', 'lNONMMUG008199', 'lNONMMUG009173', 'lNONMMUG009235', 'lNONMMUG010099', 'lNONMMUG012984', 'lNONMMUG013851', 'lNONMMUG014034', 'lNONMMUG017321', 'lNONMMUG017372', 'lNONMMUG019692', 'lNONMMUG020560', 'lNONMMUG021010', 'lNONMMUG023106', 'lNONMMUG024809', 'lNONMMUG025805', 'lNONMMUG029789', 'lNONMMUG031524', 'lNONMMUG031860', 'lNONMMUG032531', 'lNONMMUG033434', 'lNONMMUG034060', 'lNONMMUG035589', 'lNONMMUG036314', 'lNONMMUG036495', 'lNONMMUG038170', 'lNONMMUG038692', 'lNONMMUG038718', 'lNONMMUG039825', 'lNONMMUG041948', 'lNONMMUG042190', 'lNONMMUG043393', 'lNONMMUG043843', 'lNONMMUG044302', 'lNONMMUG045259', 'lENSMUSG00000085908', 'lENSMUSG00000103692', 'lENSMUSG00000106828', 'lENSMUSG00000107766', 'lGm13291', 'lSnord11', 'lSnord67']","[1.0, 0.0, 0.0, 0.0, 1.0, 1.0, 1.0, 1.0, 1.0, 0.0, 1.0, 1.0, 1.0, 1.0, 1.0, 0.0, 1.0, 1.0, 0.0, 0.0, 0.0, 1.0, 0.0, 0.0, 0.0, 1.0, 1.0, 0.0, 0.0, 1.0, 0.0, 1.0, 0.0, 0.0, 1.0, 0.0, 0.0, 1.0, 0.0, 0.0, 0.0, 1.0, 0.0, 0.0, 1.0, 0.0, 0.0, 1.0, 1.0, 0.0, 0.0, 1.0, 1.0, 1.0, 0.0, 0.0, 0.0, 1.0, 1.0, 0.0, 1.0, 1.0, 1.0, 1.0, 1.0, 1.0, 1.0, 0.0, 0.0, 1.0, 0.0, 0.0, 1.0, 0.0, 1.0, 0.0, 0.0, 1.0, 1.0, 1.0, 1.0, 0.0, 0.0, 0.0, 1.0, 0.0, 0.0]",['lNONMMUG020673'],[0.0],[0.0],[0.15787079097394183]
9,"['lNONMMUG000508', 'lNONMMUG002215', 'lNONMMUG002239', 'lNONMMUG009962', 'lNONMMUG013211', 'lNONMMUG017485', 'lNONMMUG017913', 'lNONMMUG020673', 'lNONMMUG026355', 'lNONMMUG029813', 'lNONMMUG030202', 'lNONMMUG033401', 'lNONMMUG034886', 'lNONMMUG038355', 'lNONMMUG039685', 'lNONMMUG041158', 'lNONMMUG041781', 'lNONMMUG045568', 'lNONMMUG045569', 'lNONMMUG045574', 'lENSMUSG00000044471', 'lENSMUSG00000075277', 'lENSMUSG00000078190', 'lENSMUSG00000078247', 'lENSMUSG00000085354', 'lENSMUSG00000085715', 'lENSMUSG00000085873', 'lENSMUSG00000086035', 'lENSMUSG00000086141', 'lENSMUSG00000090063', 'lENSMUSG00000097336', 'lENSMUSG00000097571', 'lENSMUSG00000097767', 'lENSMUSG00000098439', 'lENSMUSG00000101609', 'lENSMUSG00000106519', 'l9030622O22Rik', 'lDlx6os1', 'lDnm3os', 'lGas5', 'lGm12610', 'lMiat', 'lNeat1', 'lNONMMUG002771', 'lNONMMUG004366', 'lNONMMUG007120', 'lNONMMUG008199', 'lNONMMUG009173', 'lNONMMUG009235', 'lNONMMUG010099', 'lNONMMUG012984', 'lNONMMUG013851', 'lNONMMUG014034', 'lNONMMUG017321', 'lNONMMUG017372', 'lNONMMUG019692', 'lNONMMUG020560', 'lNONMMUG021010', 'lNONMMUG023106', 'lNONMMUG024809', 'lNONMMUG025805', 'lNONMMUG029789', 'lNONMMUG031524', 'lNONMMUG031860', 'lNONMMUG032531', 'lNONMMUG033434', 'lNONMMUG034060', 'lNONMMUG035589', 'lNONMMUG036314', 'lNONMMUG036495', 'lNONMMUG038170', 'lNONMMUG038692', 'lNONMMUG038718', 'lNONMMUG039825', 'lNONMMUG041948', 'lNONMMUG042190', 'lNONMMUG043393', 'lNONMMUG043843', 'lNONMMUG044302', 'lNONMMUG045259', 'lENSMUSG00000085908', 'lENSMUSG00000103692', 'lENSMUSG00000106828', 'lENSMUSG00000107766', 'lGm13291', 'lSnord11', 'lSnord67']","[1.0, 0.0, 0.0, 0.0, 1.0, 1.0, 1.0, 0.0, 1.0, 0.0, 1.0, 1.0, 1.0, 1.0, 1.0, 0.0, 1.0, 1.0, 0.0, 0.0, 0.0, 1.0, 0.0, 0.0, 0.0, 1.0, 1.0, 0.0, 0.0, 1.0, 0.0, 1.0, 0.0, 0.0, 1.0, 0.0, 0.0, 1.0, 0.0, 0.0, 0.0, 1.0, 0.0, 0.0, 1.0, 0.0, 0.0, 1.0, 1.0, 0.0, 0.0, 1.0, 1.0, 1.0, 0.0, 0.0, 0.0, 1.0, 1.0, 0.0, 1.0, 1.0, 1.0, 1.0, 1.0, 1.0, 1.0, 0.0, 0.0, 1.0, 0.0, 0.0, 1.0, 0.0, 1.0, 0.0, 0.0, 1.0, 1.0, 1.0, 1.0, 0.0, 0.0, 0.0, 1.0, 0.0, 0.0]",['lNONMMUG023454'],[1.0],[0.0],[0.18332501037465973]
10,"['lNONMMUG000508', 'lNONMMUG002215', 'lNONMMUG002239', 'lNONMMUG009962', 'lNONMMUG013211', 'lNONMMUG017485', 'lNONMMUG017913', 'lNONMMUG020673', 'lNONMMUG023454', 'lNONMMUG029813', 'lNONMMUG030202', 'lNONMMUG033401', 'lNONMMUG034886', 'lNONMMUG038355', 'lNONMMUG039685', 'lNONMMUG041158', 'lNONMMUG041781', 'lNONMMUG045568', 'lNONMMUG045569', 'lNONMMUG045574', 'lENSMUSG00000044471', 'lENSMUSG00000075277', 'lENSMUSG00000078190', 'lENSMUSG00000078247', 'lENSMUSG00000085354', 'lENSMUSG00000085715', 'lENSMUSG00000085873', 'lENSMUSG00000086035', 'lENSMUSG00000086141', 'lENSMUSG00000090063', 'lENSMUSG00000097336', 'lENSMUSG00000097571', 'lENSMUSG00000097767', 'lENSMUSG00000098439', 'lENSMUSG00000101609', 'lENSMUSG00000106519', 'l9030622O22Rik', 'lDlx6os1', 'lDnm3os', 'lGas5', 'lGm12610', 'lMiat', 'lNeat1', 'lNONMMUG002771', 'lNONMMUG004366', 'lNONMMUG007120', 'lNONMMUG008199', 'lNONMMUG009173', 'lNONMMUG009235', 'lNONMMUG010099', 'lNONMMUG012984', 'lNONMMUG013851', 'lNONMMUG014034', 'lNONMMUG017321', 'lNONMMUG017372', 'lNONMMUG019692', 'lNONMMUG020560', 'lNONMMUG021010', 'lNONMMUG023106', 'lNONMMUG024809', 'lNONMMUG025805', 'lNONMMUG029789', 'lNONMMUG031524', 'lNONMMUG031860', 'lNONMMUG032531', 'lNONMMUG033434', 'lNONMMUG034060', 'lNONMMUG035589', 'lNONMMUG036314', 'lNONMMUG036495', 'lNONMMUG038170', 'lNONMMUG038692', 'lNONMMUG038718', 'lNONMMUG039825', 'lNONMMUG041948', 'lNONMMUG042190', 'lNONMMUG043393', 'lNONMMUG043843', 'lNONMMUG044302', 'lNONMMUG045259', 'lENSMUSG00000085908', 'lENSMUSG00000103692', 'lENSMUSG00000106828', 'lENSMUSG00000107766', 'lGm13291', 'lSnord11', 'lSnord67']","[1.0, 0.0, 0.0, 0.0, 1.0, 1.0, 1.0, 0.0, 1.0, 0.0, 1.0, 1.0, 1.0, 1.0, 1.0, 0.0, 1.0, 1.0, 0.0, 0.0, 0.0, 1.0, 0.0, 0.0, 0.0, 1.0, 1.0, 0.0, 0.0, 1.0, 0.0, 1.0, 0.0, 0.0, 1.0, 0.0, 0.0, 1.0, 0.0, 0.0, 0.0, 1.0, 0.0, 0.0, 1.0, 0.0, 0.0, 1.0, 1.0, 0.0, 0.0, 1.0, 1.0, 1.0, 0.0, 0.0, 0.0, 1.0, 1.0, 0.0, 1.0, 1.0, 1.0, 1.0, 1.0, 1.0, 1.0, 0.0, 0.0, 1.0, 0.0, 0.0, 1.0, 0.0, 1.0, 0.0, 0.0, 1.0, 1.0, 1.0, 1.0, 0.0, 0.0, 0.0, 1.0, 0.0, 0.0]",['lNONMMUG026355'],[1.0],[0.0],[0.0746313829005739]
11,"['lNONMMUG000508', 'lNONMMUG002215', 'lNONMMUG002239', 'lNONMMUG009962', 'lNONMMUG013211', 'lNONMMUG017485', 'lNONMMUG017913', 'lNONMMUG020673', 'lNONMMUG023454', 'lNONMMUG026355', 'lNONMMUG030202', 'lNONMMUG033401', 'lNONMMUG034886', 'lNONMMUG038355', 'lNONMMUG039685', 'lNONMMUG041158', 'lNONMMUG041781', 'lNONMMUG045568', 'lNONMMUG045569', 'lNONMMUG045574', 'lENSMUSG00000044471', 'lENSMUSG00000075277', 'lENSMUSG00000078190', 'lENSMUSG00000078247', 'lENSMUSG00000085354', 'lENSMUSG00000085715', 'lENSMUSG00000085873', 'lENSMUSG00000086035', 'lENSMUSG00000086141', 'lENSMUSG00000090063', 'lENSMUSG00000097336', 'lENSMUSG00000097571', 'lENSMUSG00000097767', 'lENSMUSG00000098439', 'lENSMUSG00000101609', 'lENSMUSG00000106519', 'l9030622O22Rik', 'lDlx6os1', 'lDnm3os', 'lGas5', 'lGm12610', 'lMiat', 'lNeat1', 'lNONMMUG002771', 'lNONMMUG004366', 'lNONMMUG007120', 'lNONMMUG008199', 'lNONMMUG009173', 'lNONMMUG009235', 'lNONMMUG010099', 'lNONMMUG012984', 'lNONMMUG013851', 'lNONMMUG014034', 'lNONMMUG017321', 'lNONMMUG017372', 'lNONMMUG019692', 'lNONMMUG020560', 'lNONMMUG021010', 'lNONMMUG023106', 'lNONMMUG024809', 'lNONMMUG025805', 'lNONMMUG029789', 'lNONMMUG031524', 'lNONMMUG031860', 'lNONMMUG032531', 'lNONMMUG033434', 'lNONMMUG034060', 'lNONMMUG035589', 'lNONMMUG036314', 'lNONMMUG036495', 'lNONMMUG038170', 'lNONMMUG038692', 'lNONMMUG038718', 'lNONMMUG039825', 'lNONMMUG041948', 'lNONMMUG042190', 'lNONMMUG043393', 'lNONMMUG043843', 'lNONMMUG044302', 'lNONMMUG045259', 'lENSMUSG00000085908', 'lENSMUSG00000103692', 'lENSMUSG00000106828', 'lENSMUSG00000107766', 'lGm13291', 'lSnord11', 'lSnord67']","[1.0, 0.0, 0.0, 0.0, 1.0, 1.0, 1.0, 0.0, 1.0, 1.0, 1.0, 1.0, 1.0, 1.0, 1.0, 0.0, 1.0, 1.0, 0.0, 0.0, 0.0, 1.0, 0.0, 0.0, 0.0, 1.0, 1.0, 0.0, 0.0, 1.0, 0.0, 1.0, 0.0, 0.0, 1.0, 0.0, 0.0, 1.0, 0.0, 0.0, 0.0, 1.0, 0.0, 0.0, 1.0, 0.0, 0.0, 1.0, 1.0, 0.0, 0.0, 1.0, 1.0, 1.0, 0.0, 0.0, 0.0, 1.0, 1.0, 0.0, 1.0, 1.0, 1.0, 1.0, 1.0, 1.0, 1.0, 0.0, 0.0, 1.0, 0.0, 0.0, 1.0, 0.0, 1.0, 0.0, 0.0, 1.0, 1.0, 1.0, 1.0, 0.0, 0.0, 0.0, 1.0, 0.0, 0.0]",['lNONMMUG029813'],[0.0],[1.0],[0.9978070585589912]
12,"['lNONMMUG000508', 'lNONMMUG002215', 'lNONMMUG002239', 'lNONMMUG009962', 'lNONMMUG013211', 'lNONMMUG017485', 'lNONMMUG017913', 'lNONMMUG020673', 'lNONMMUG023454', 'lNONMMUG026355', 'lNONMMUG029813', 'lNONMMUG033401', 'lNONMMUG034886', 'lNONMMUG038355', 'lNONMMUG039685', 'lNONMMUG041158', 'lNONMMUG041781', 'lNONMMUG045568', 'lNONMMUG045569', 'lNONMMUG045574', 'lENSMUSG00000044471', 'lENSMUSG00000075277', 'lENSMUSG00000078190', 'lENSMUSG00000078247', 'lENSMUSG00000085354', 'lENSMUSG00000085715', 'lENSMUSG00000085873', 'lENSMUSG00000086035', 'lENSMUSG00000086141', 'lENSMUSG00000090063', 'lENSMUSG00000097336', 'lENSMUSG00000097571', 'lENSMUSG00000097767', 'lENSMUSG00000098439', 'lENSMUSG00000101609', 'lENSMUSG00000106519', 'l9030622O22Rik', 'lDlx6os1', 'lDnm3os', 'lGas5', 'lGm12610', 'lMiat', 'lNeat1', 'lNONMMUG002771', 'lNONMMUG004366', 'lNONMMUG007120', 'lNONMMUG008199', 'lNONMMUG009173', 'lNONMMUG009235', 'lNONMMUG010099', 'lNONMMUG012984', 'lNONMMUG013851', 'lNONMMUG014034', 'lNONMMUG017321', 'lNONMMUG017372', 'lNONMMUG019692', 'lNONMMUG020560', 'lNONMMUG021010', 'lNONMMUG023106', 'lNONMMUG024809', 'lNONMMUG025805', 'lNONMMUG029789', 'lNONMMUG031524', 'lNONMMUG031860', 'lNONMMUG032531', 'lNONMMUG033434', 'lNONMMUG034060', 'lNONMMUG035589', 'lNONMMUG036314', 'lNONMMUG036495', 'lNONMMUG038170', 'lNONMMUG038692', 'lNONMMUG038718', 'lNONMMUG039825', 'lNONMMUG041948', 'lNONMMUG042190', 'lNONMMUG043393', 'lNONMMUG043843', 'lNONMMUG044302', 'lNONMMUG045259', 'lENSMUSG00000085908', 'lENSMUSG00000103692', 'lENSMUSG00000106828', 'lENSMUSG00000107766', 'lGm13291', 'lSnord11', 'lSnord67']","[1.0, 0.0, 0.0, 0.0, 1.0, 1.0, 1.0, 0.0, 1.0, 1.0, 0.0, 1.0, 1.0, 1.0, 1.0, 0.0, 1.0, 1.0, 0.0, 0.0, 0.0, 1.0, 0.0, 0.0, 0.0, 1.0, 1.0, 0.0, 0.0, 1.0, 0.0, 1.0, 0.0, 0.0, 1.0, 0.0, 0.0, 1.0, 0.0, 0.0, 0.0, 1.0, 0.0, 0.0, 1.0, 0.0, 0.0, 1.0, 1.0, 0.0, 0.0, 1.0, 1.0, 1.0, 0.0, 0.0, 0.0, 1.0, 1.0, 0.0, 1.0, 1.0, 1.0, 1.0, 1.0, 1.0, 1.0, 0.0, 0.0, 1.0, 0.0, 0.0, 1.0, 0.0, 1.0, 0.0, 0.0, 1.0, 1.0, 1.0, 1.0, 0.0, 0.0, 0.0, 1.0, 0.0, 0.0]",['lNONMMUG030202'],[1.0],[0.0],[0.013136957440890704]
13,"['lNONMMUG000508', 'lNONMMUG002215', 'lNONMMUG002239', 'lNONMMUG009962', 'lNONMMUG013211', 'lNONMMUG017485', 'lNONMMUG017913', 'lNONMMUG020673', 'lNONMMUG023454', 'lNONMMUG026355', 'lNONMMUG029813', 'lNONMMUG030202', 'lNONMMUG034886', 'lNONMMUG038355', 'lNONMMUG039685', 'lNONMMUG041158', 'lNONMMUG041781', 'lNONMMUG045568', 'lNONMMUG045569', 'lNONMMUG045574', 'lENSMUSG00000044471', 'lENSMUSG00000075277', 'lENSMUSG00000078190', 'lENSMUSG00000078247', 'lENSMUSG00000085354', 'lENSMUSG00000085715', 'lENSMUSG00000085873', 'lENSMUSG00000086035', 'lENSMUSG00000086141', 'lENSMUSG00000090063', 'lENSMUSG00000097336', 'lENSMUSG00000097571', 'lENSMUSG00000097767', 'lENSMUSG00000098439', 'lENSMUSG00000101609', 'lENSMUSG00000106519', 'l9030622O22Rik', 'lDlx6os1', 'lDnm3os', 'lGas5', 'lGm12610', 'lMiat', 'lNeat1', 'lNONMMUG002771', 'lNONMMUG004366', 'lNONMMUG007120', 'lNONMMUG008199', 'lNONMMUG009173', 'lNONMMUG009235', 'lNONMMUG010099', 'lNONMMUG012984', 'lNONMMUG013851', 'lNONMMUG014034', 'lNONMMUG017321', 'lNONMMUG017372', 'lNONMMUG019692', 'lNONMMUG020560', 'lNONMMUG021010', 'lNONMMUG023106', 'lNONMMUG024809', 'lNONMMUG025805', 'lNONMMUG029789', 'lNONMMUG031524', 'lNONMMUG031860', 'lNONMMUG032531', 'lNONMMUG033434', 'lNONMMUG034060', 'lNONMMUG035589', 'lNONMMUG036314', 'lNONMMUG036495', 'lNONMMUG038170', 'lNONMMUG038692', 'lNONMMUG038718', 'lNONMMUG039825', 'lNONMMUG041948', 'lNONMMUG042190', 'lNONMMUG043393', 'lNONMMUG043843', 'lNONMMUG044302', 'lNONMMUG045259', 'lENSMUSG00000085908', 'lENSMUSG00000103692', 'lENSMUSG00000106828', 'lENSMUSG00000107766', 'lGm13291', 'lSnord11', 'lSnord67']","[1.0, 0.0, 0.0, 0.0, 1.0, 1.0, 1.0, 0.0, 1.0, 1.0, 0.0, 1.0, 1.0, 1.0, 1.0, 0.0, 1.0, 1.0, 0.0, 0.0, 0.0, 1.0, 0.0, 0.0, 0.0, 1.0, 1.0, 0.0, 0.0, 1.0, 0.0, 1.0, 0.0, 0.0, 1.0, 0.0, 0.0, 1.0, 0.0, 0.0, 0.0, 1.0, 0.0, 0.0, 1.0, 0.0, 0.0, 1.0, 1.0, 0.0, 0.0, 1.0, 1.0, 1.0, 0.0, 0.0, 0.0, 1.0, 1.0, 0.0, 1.0, 1.0, 1.0, 1.0, 1.0, 1.0, 1.0, 0.0, 0.0, 1.0, 0.0, 0.0, 1.0, 0.0, 1.0, 0.0, 0.0, 1.0, 1.0, 1.0, 1.0, 0.0, 0.0, 0.0, 1.0, 0.0, 0.0]",['lNONMMUG033401'],[1.0],[1.0],[0.9979923333594914]
14,"['lNONMMUG000508', 'lNONMMUG002215', 'lNONMMUG002239', 'lNONMMUG009962', 'lNONMMUG013211', 'lNONMMUG017485', 'lNONMMUG017913', 'lNONMMUG020673', 'lNONMMUG023454', 'lNONMMUG026355', 'lNONMMUG029813', 'lNONMMUG030202', 'lNONMMUG033401', 'lNONMMUG038355', 'lNONMMUG039685', 'lNONMMUG041158', 'lNONMMUG041781', 'lNONMMUG045568', 'lNONMMUG045569', 'lNONMMUG045574', 'lENSMUSG00000044471', 'lENSMUSG00000075277', 'lENSMUSG00000078190', 'lENSMUSG00000078247', 'lENSMUSG00000085354', 'lENSMUSG00000085715', 'lENSMUSG00000085873', 'lENSMUSG00000086035', 'lENSMUSG00000086141', 'lENSMUSG00000090063', 'lENSMUSG00000097336', 'lENSMUSG00000097571', 'lENSMUSG00000097767', 'lENSMUSG00000098439', 'lENSMUSG00000101609', 'lENSMUSG00000106519', 'l9030622O22Rik', 'lDlx6os1', 'lDnm3os', 'lGas5', 'lGm12610', 'lMiat', 'lNeat1', 'lNONMMUG002771', 'lNONMMUG004366', 'lNONMMUG007120', 'lNONMMUG008199', 'lNONMMUG009173', 'lNONMMUG009235', 'lNONMMUG010099', 'lNONMMUG012984', 'lNONMMUG013851', 'lNONMMUG014034', 'lNONMMUG017321', 'lNONMMUG017372', 'lNONMMUG019692', 'lNONMMUG020560', 'lNONMMUG021010', 'lNONMMUG023106', 'lNONMMUG024809', 'lNONMMUG025805', 'lNONMMUG029789', 'lNONMMUG031524', 'lNONMMUG031860', 'lNONMMUG032531', 'lNONMMUG033434', 'lNONMMUG034060', 'lNONMMUG035589', 'lNONMMUG036314', 'lNONMMUG036495', 'lNONMMUG038170', 'lNONMMUG038692', 'lNONMMUG038718', 'lNONMMUG039825', 'lNONMMUG041948', 'lNONMMUG042190', 'lNONMMUG043393', 'lNONMMUG043843', 'lNONMMUG044302', 'lNONMMUG045259', 'lENSMUSG00000085908', 'lENSMUSG00000103692', 'lENSMUSG00000106828', 'lENSMUSG00000107766', 'lGm13291', 'lSnord11', 'lSnord67']","[1.0, 0.0, 0.0, 0.0, 1.0, 1.0, 1.0, 0.0, 1.0, 1.0, 0.0, 1.0, 1.0, 1.0, 1.0, 0.0, 1.0, 1.0, 0.0, 0.0, 0.0, 1.0, 0.0, 0.0, 0.0, 1.0, 1.0, 0.0, 0.0, 1.0, 0.0, 1.0, 0.0, 0.0, 1.0, 0.0, 0.0, 1.0, 0.0, 0.0, 0.0, 1.0, 0.0, 0.0, 1.0, 0.0, 0.0, 1.0, 1.0, 0.0, 0.0, 1.0, 1.0, 1.0, 0.0, 0.0, 0.0, 1.0, 1.0, 0.0, 1.0, 1.0, 1.0, 1.0, 1.0, 1.0, 1.0, 0.0, 0.0, 1.0, 0.0, 0.0, 1.0, 0.0, 1.0, 0.0, 0.0, 1.0, 1.0, 1.0, 1.0, 0.0, 0.0, 0.0, 1.0, 0.0, 0.0]",['lNONMMUG034886'],[1.0],[0.0],[0.003645725347112037]
15,"['lNONMMUG000508', 'lNONMMUG002215', 'lNONMMUG002239', 'lNONMMUG009962', 'lNONMMUG013211', 'lNONMMUG017485', 'lNONMMUG017913', 'lNONMMUG020673', 'lNONMMUG023454', 'lNONMMUG026355', 'lNONMMUG029813', 'lNONMMUG030202', 'lNONMMUG033401', 'lNONMMUG034886', 'lNONMMUG039685', 'lNONMMUG041158', 'lNONMMUG041781', 'lNONMMUG045568', 'lNONMMUG045569', 'lNONMMUG045574', 'lENSMUSG00000044471', 'lENSMUSG00000075277', 'lENSMUSG00000078190', 'lENSMUSG00000078247', 'lENSMUSG00000085354', 'lENSMUSG00000085715', 'lENSMUSG00000085873', 'lENSMUSG00000086035', 'lENSMUSG00000086141', 'lENSMUSG00000090063', 'lENSMUSG00000097336', 'lENSMUSG00000097571', 'lENSMUSG00000097767', 'lENSMUSG00000098439', 'lENSMUSG00000101609', 'lENSMUSG00000106519', 'l9030622O22Rik', 'lDlx6os1', 'lDnm3os', 'lGas5', 'lGm12610', 'lMiat', 'lNeat1', 'lNONMMUG002771', 'lNONMMUG004366', 'lNONMMUG007120', 'lNONMMUG008199', 'lNONMMUG009173', 'lNONMMUG009235', 'lNONMMUG010099', 'lNONMMUG012984', 'lNONMMUG013851', 'lNONMMUG014034', 'lNONMMUG017321', 'lNONMMUG017372', 'lNONMMUG019692', 'lNONMMUG020560', 'lNONMMUG021010', 'lNONMMUG023106', 'lNONMMUG024809', 'lNONMMUG025805', 'lNONMMUG029789', 'lNONMMUG031524', 'lNONMMUG031860', 'lNONMMUG032531', 'lNONMMUG033434', 'lNONMMUG034060', 'lNONMMUG035589', 'lNONMMUG036314', 'lNONMMUG036495', 'lNONMMUG038170', 'lNONMMUG038692', 'lNONMMUG038718', 'lNONMMUG039825', 'lNONMMUG041948', 'lNONMMUG042190', 'lNONMMUG043393', 'lNONMMUG043843', 'lNONMMUG044302', 'lNONMMUG045259', 'lENSMUSG00000085908', 'lENSMUSG00000103692', 'lENSMUSG00000106828', 'lENSMUSG00000107766', 'lGm13291', 'lSnord11', 'lSnord67']","[1.0, 0.0, 0.0, 0.0, 1.0, 1.0, 1.0, 0.0, 1.0, 1.0, 0.0, 1.0, 1.0, 1.0, 1.0, 0.0, 1.0, 1.0, 0.0, 0.0, 0.0, 1.0, 0.0, 0.0, 0.0, 1.0, 1.0, 0.0, 0.0, 1.0, 0.0, 1.0, 0.0, 0.0, 1.0, 0.0, 0.0, 1.0, 0.0, 0.0, 0.0, 1.0, 0.0, 0.0, 1.0, 0.0, 0.0, 1.0, 1.0, 0.0, 0.0, 1.0, 1.0, 1.0, 0.0, 0.0, 0.0, 1.0, 1.0, 0.0, 1.0, 1.0, 1.0, 1.0, 1.0, 1.0, 1.0, 0.0, 0.0, 1.0, 0.0, 0.0, 1.0, 0.0, 1.0, 0.0, 0.0, 1.0, 1.0, 1.0, 1.0, 0.0, 0.0, 0.0, 1.0, 0.0, 0.0]",['lNONMMUG038355'],[1.0],[1.0],[0.9932512011966982]
16,"['lNONMMUG000508', 'lNONMMUG002215', 'lNONMMUG002239', 'lNONMMUG009962', 'lNONMMUG013211', 'lNONMMUG017485', 'lNONMMUG017913', 'lNONMMUG020673', 'lNONMMUG023454', 'lNONMMUG026355', 'lNONMMUG029813', 'lNONMMUG030202', 'lNONMMUG033401', 'lNONMMUG034886', 'lNONMMUG038355', 'lNONMMUG041158', 'lNONMMUG041781', 'lNONMMUG045568', 'lNONMMUG045569', 'lNONMMUG045574', 'lENSMUSG00000044471', 'lENSMUSG00000075277', 'lENSMUSG00000078190', 'lENSMUSG00000078247', 'lENSMUSG00000085354', 'lENSMUSG00000085715', 'lENSMUSG00000085873', 'lENSMUSG00000086035', 'lENSMUSG00000086141', 'lENSMUSG00000090063', 'lENSMUSG00000097336', 'lENSMUSG00000097571', 'lENSMUSG00000097767', 'lENSMUSG00000098439', 'lENSMUSG00000101609', 'lENSMUSG00000106519', 'l9030622O22Rik', 'lDlx6os1', 'lDnm3os', 'lGas5', 'lGm12610', 'lMiat', 'lNeat1', 'lNONMMUG002771', 'lNONMMUG004366', 'lNONMMUG007120', 'lNONMMUG008199', 'lNONMMUG009173', 'lNONMMUG009235', 'lNONMMUG010099', 'lNONMMUG012984', 'lNONMMUG013851', 'lNONMMUG014034', 'lNONMMUG017321', 'lNONMMUG017372', 'lNONMMUG019692', 'lNONMMUG020560', 'lNONMMUG021010', 'lNONMMUG023106', 'lNONMMUG024809', 'lNONMMUG025805', 'lNONMMUG029789', 'lNONMMUG031524', 'lNONMMUG031860', 'lNONMMUG032531', 'lNONMMUG033434', 'lNONMMUG034060', 'lNONMMUG035589', 'lNONMMUG036314', 'lNONMMUG036495', 'lNONMMUG038170', 'lNONMMUG038692', 'lNONMMUG038718', 'lNONMMUG039825', 'lNONMMUG041948', 'lNONMMUG042190', 'lNONMMUG043393', 'lNONMMUG043843', 'lNONMMUG044302', 'lNONMMUG045259', 'lENSMUSG00000085908', 'lENSMUSG00000103692', 'lENSMUSG00000106828', 'lENSMUSG00000107766', 'lGm13291', 'lSnord11', 'lSnord67']","[1.0, 0.0, 0.0, 0.0, 1.0, 1.0, 1.0, 0.0, 1.0, 1.0, 0.0, 1.0, 1.0, 1.0, 1.0, 0.0, 1.0, 1.0, 0.0, 0.0, 0.0, 1.0, 0.0, 0.0, 0.0, 1.0, 1.0, 0.0, 0.0, 1.0, 0.0, 1.0, 0.0, 0.0, 1.0, 0.0, 0.0, 1.0, 0.0, 0.0, 0.0, 1.0, 0.0, 0.0, 1.0, 0.0, 0.0, 1.0, 1.0, 0.0, 0.0, 1.0, 1.0, 1.0, 0.0, 0.0, 0.0, 1.0, 1.0, 0.0, 1.0, 1.0, 1.0, 1.0, 1.0, 1.0, 1.0, 0.0, 0.0, 1.0, 0.0, 0.0, 1.0, 0.0, 1.0, 0.0, 0.0, 1.0, 1.0, 1.0, 1.0, 0.0, 0.0, 0.0, 1.0, 0.0, 0.0]",['lNONMMUG039685'],[1.0],[0.0],[0.4906341469354961]
17,"['lNONMMUG000508', 'lNONMMUG002215', 'lNONMMUG002239', 'lNONMMUG009962', 'lNONMMUG013211', 'lNONMMUG017485', 'lNONMMUG017913', 'lNONMMUG020673', 'lNONMMUG023454', 'lNONMMUG026355', 'lNONMMUG029813', 'lNONMMUG030202', 'lNONMMUG033401', 'lNONMMUG034886', 'lNONMMUG038355', 'lNONMMUG039685', 'lNONMMUG041781', 'lNONMMUG045568', 'lNONMMUG045569', 'lNONMMUG045574', 'lENSMUSG00000044471', 'lENSMUSG00000075277', 'lENSMUSG00000078190', 'lENSMUSG00000078247', 'lENSMUSG00000085354', 'lENSMUSG00000085715', 'lENSMUSG00000085873', 'lENSMUSG00000086035', 'lENSMUSG00000086141', 'lENSMUSG00000090063', 'lENSMUSG00000097336', 'lENSMUSG00000097571', 'lENSMUSG00000097767', 'lENSMUSG00000098439', 'lENSMUSG00000101609', 'lENSMUSG00000106519', 'l9030622O22Rik', 'lDlx6os1', 'lDnm3os', 'lGas5', 'lGm12610', 'lMiat', 'lNeat1', 'lNONMMUG002771', 'lNONMMUG004366', 'lNONMMUG007120', 'lNONMMUG008199', 'lNONMMUG009173', 'lNONMMUG009235', 'lNONMMUG010099', 'lNONMMUG012984', 'lNONMMUG013851', 'lNONMMUG014034', 'lNONMMUG017321', 'lNONMMUG017372', 'lNONMMUG019692', 'lNONMMUG020560', 'lNONMMUG021010', 'lNONMMUG023106', 'lNONMMUG024809', 'lNONMMUG025805', 'lNONMMUG029789', 'lNONMMUG031524', 'lNONMMUG031860', 'lNONMMUG032531', 'lNONMMUG033434', 'lNONMMUG034060', 'lNONMMUG035589', 'lNONMMUG036314', 'lNONMMUG036495', 'lNONMMUG038170', 'lNONMMUG038692', 'lNONMMUG038718', 'lNONMMUG039825', 'lNONMMUG041948', 'lNONMMUG042190', 'lNONMMUG043393', 'lNONMMUG043843', 'lNONMMUG044302', 'lNONMMUG045259', 'lENSMUSG00000085908', 'lENSMUSG00000103692', 'lENSMUSG00000106828', 'lENSMUSG00000107766', 'lGm13291', 'lSnord11', 'lSnord67']","[1.0, 0.0, 0.0, 0.0, 1.0, 1.0, 1.0, 0.0, 1.0, 1.0, 0.0, 1.0, 1.0, 1.0, 1.0, 1.0, 1.0, 1.0, 0.0, 0.0, 0.0, 1.0, 0.0, 0.0, 0.0, 1.0, 1.0, 0.0, 0.0, 1.0, 0.0, 1.0, 0.0, 0.0, 1.0, 0.0, 0.0, 1.0, 0.0, 0.0, 0.0, 1.0, 0.0, 0.0, 1.0, 0.0, 0.0, 1.0, 1.0, 0.0, 0.0, 1.0, 1.0, 1.0, 0.0, 0.0, 0.0, 1.0, 1.0, 0.0, 1.0, 1.0, 1.0, 1.0, 1.0, 1.0, 1.0, 0.0, 0.0, 1.0, 0.0, 0.0, 1.0, 0.0, 1.0, 0.0, 0.0, 1.0, 1.0, 1.0, 1.0, 0.0, 0.0, 0.0, 1.0, 0.0, 0.0]",['lNONMMUG041158'],[0.0],[0.0],[2.9197491672667354e-05]
18,"['lNONMMUG000508', 'lNONMMUG002215', 'lNONMMUG002239', 'lNONMMUG009962', 'lNONMMUG013211', 'lNONMMUG017485', 'lNONMMUG017913', 'lNONMMUG020673', 'lNONMMUG023454', 'lNONMMUG026355', 'lNONMMUG029813', 'lNONMMUG030202', 'lNONMMUG033401', 'lNONMMUG034886', 'lNONMMUG038355', 'lNONMMUG039685', 'lNONMMUG041158', 'lNONMMUG045568', 'lNONMMUG045569', 'lNONMMUG045574', 'lENSMUSG00000044471', 'lENSMUSG00000075277', 'lENSMUSG00000078190', 'lENSMUSG00000078247', 'lENSMUSG00000085354', 'lENSMUSG00000085715', 'lENSMUSG00000085873', 'lENSMUSG00000086035', 'lENSMUSG00000086141', 'lENSMUSG00000090063', 'lENSMUSG00000097336', 'lENSMUSG00000097571', 'lENSMUSG00000097767', 'lENSMUSG00000098439', 'lENSMUSG00000101609', 'lENSMUSG00000106519', 'l9030622O22Rik', 'lDlx6os1', 'lDnm3os', 'lGas5', 'lGm12610', 'lMiat', 'lNeat1', 'lNONMMUG002771', 'lNONMMUG004366', 'lNONMMUG007120', 'lNONMMUG008199', 'lNONMMUG009173', 'lNONMMUG009235', 'lNONMMUG010099', 'lNONMMUG012984', 'lNONMMUG013851', 'lNONMMUG014034', 'lNONMMUG017321', 'lNONMMUG017372', 'lNONMMUG019692', 'lNONMMUG020560', 'lNONMMUG021010', 'lNONMMUG023106', 'lNONMMUG024809', 'lNONMMUG025805', 'lNONMMUG029789', 'lNONMMUG031524', 'lNONMMUG031860', 'lNONMMUG032531', 'lNONMMUG033434', 'lNONMMUG034060', 'lNONMMUG035589', 'lNONMMUG036314', 'lNONMMUG036495', 'lNONMMUG038170', 'lNONMMUG038692', 'lNONMMUG038718', 'lNONMMUG039825', 'lNONMMUG041948', 'lNONMMUG042190', 'lNONMMUG043393', 'lNONMMUG043843', 'lNONMMUG044302', 'lNONMMUG045259', 'lENSMUSG00000085908', 'lENSMUSG00000103692', 'lENSMUSG00000106828', 'lENSMUSG00000107766', 'lGm13291', 'lSnord11', 'lSnord67']","[1.0, 0.0, 0.0, 0.0, 1.0, 1.0, 1.0, 0.0, 1.0, 1.0, 0.0, 1.0, 1.0, 1.0, 1.0, 1.0, 0.0, 1.0, 0.0, 0.0, 0.0, 1.0, 0.0, 0.0, 0.0, 1.0, 1.0, 0.0, 0.0, 1.0, 0.0, 1.0, 0.0, 0.0, 1.0, 0.0, 0.0, 1.0, 0.0, 0.0, 0.0, 1.0, 0.0, 0.0, 1.0, 0.0, 0.0, 1.0, 1.0, 0.0, 0.0, 1.0, 1.0, 1.0, 0.0, 0.0, 0.0, 1.0, 1.0, 0.0, 1.0, 1.0, 1.0, 1.0, 1.0, 1.0, 1.0, 0.0, 0.0, 1.0, 0.0, 0.0, 1.0, 0.0, 1.0, 0.0, 0.0, 1.0, 1.0, 1.0, 1.0, 0.0, 0.0, 0.0, 1.0, 0.0, 0.0]",['lNONMMUG041781'],[1.0],[1.0],[0.5767795007555012]
19,"['lNONMMUG000508', 'lNONMMUG002215', 'lNONMMUG002239', 'lNONMMUG009962', 'lNONMMUG013211', 'lNONMMUG017485', 'lNONMMUG017913', 'lNONMMUG020673', 'lNONMMUG023454', 'lNONMMUG026355', 'lNONMMUG029813', 'lNONMMUG030202', 'lNONMMUG033401', 'lNONMMUG034886', 'lNONMMUG038355', 'lNONMMUG039685', 'lNONMMUG041158', 'lNONMMUG041781', 'lNONMMUG045569', 'lNONMMUG045574', 'lENSMUSG00000044471', 'lENSMUSG00000075277', 'lENSMUSG00000078190', 'lENSMUSG00000078247', 'lENSMUSG00000085354', 'lENSMUSG00000085715', 'lENSMUSG00000085873', 'lENSMUSG00000086035', 'lENSMUSG00000086141', 'lENSMUSG00000090063', 'lENSMUSG00000097336', 'lENSMUSG00000097571', 'lENSMUSG00000097767', 'lENSMUSG00000098439', 'lENSMUSG00000101609', 'lENSMUSG00000106519', 'l9030622O22Rik', 'lDlx6os1', 'lDnm3os', 'lGas5', 'lGm12610', 'lMiat', 'lNeat1', 'lNONMMUG002771', 'lNONMMUG004366', 'lNONMMUG007120', 'lNONMMUG008199', 'lNONMMUG009173', 'lNONMMUG009235', 'lNONMMUG010099', 'lNONMMUG012984', 'lNONMMUG013851', 'lNONMMUG014034', 'lNONMMUG017321', 'lNONMMUG017372', 'lNONMMUG019692', 'lNONMMUG020560', 'lNONMMUG021010', 'lNONMMUG023106', 'lNONMMUG024809', 'lNONMMUG025805', 'lNONMMUG029789', 'lNONMMUG031524', 'lNONMMUG031860', 'lNONMMUG032531', 'lNONMMUG033434', 'lNONMMUG034060', 'lNONMMUG035589', 'lNONMMUG036314', 'lNONMMUG036495', 'lNONMMUG038170', 'lNONMMUG038692', 'lNONMMUG038718', 'lNONMMUG039825', 'lNONMMUG041948', 'lNONMMUG042190', 'lNONMMUG043393', 'lNONMMUG043843', 'lNONMMUG044302', 'lNONMMUG045259', 'lENSMUSG00000085908', 'lENSMUSG00000103692', 'lENSMUSG00000106828', 'lENSMUSG00000107766', 'lGm13291', 'lSnord11', 'lSnord67']","[1.0, 0.0, 0.0, 0.0, 1.0, 1.0, 1.0, 0.0, 1.0, 1.0, 0.0, 1.0, 1.0, 1.0, 1.0, 1.0, 0.0, 1.0, 0.0, 0.0, 0.0, 1.0, 0.0, 0.0, 0.0, 1.0, 1.0, 0.0, 0.0, 1.0, 0.0, 1.0, 0.0, 0.0, 1.0, 0.0, 0.0, 1.0, 0.0, 0.0, 0.0, 1.0, 0.0, 0.0, 1.0, 0.0, 0.0, 1.0, 1.0, 0.0, 0.0, 1.0, 1.0, 1.0, 0.0, 0.0, 0.0, 1.0, 1.0, 0.0, 1.0, 1.0, 1.0, 1.0, 1.0, 1.0, 1.0, 0.0, 0.0, 1.0, 0.0, 0.0, 1.0, 0.0, 1.0, 0.0, 0.0, 1.0, 1.0, 1.0, 1.0, 0.0, 0.0, 0.0, 1.0, 0.0, 0.0]",['lNONMMUG045568'],[1.0],[1.0],[0.9981553885392022]
20,"['lNONMMUG000508', 'lNONMMUG002215', 'lNONMMUG002239', 'lNONMMUG009962', 'lNONMMUG013211', 'lNONMMUG017485', 'lNONMMUG017913', 'lNONMMUG020673', 'lNONMMUG023454', 'lNONMMUG026355', 'lNONMMUG029813', 'lNONMMUG030202', 'lNONMMUG033401', 'lNONMMUG034886', 'lNONMMUG038355', 'lNONMMUG039685', 'lNONMMUG041158', 'lNONMMUG041781', 'lNONMMUG045568', 'lNONMMUG045574', 'lENSMUSG00000044471', 'lENSMUSG00000075277', 'lENSMUSG00000078190', 'lENSMUSG00000078247', 'lENSMUSG00000085354', 'lENSMUSG00000085715', 'lENSMUSG00000085873', 'lENSMUSG00000086035', 'lENSMUSG00000086141', 'lENSMUSG00000090063', 'lENSMUSG00000097336', 'lENSMUSG00000097571', 'lENSMUSG00000097767', 'lENSMUSG00000098439', 'lENSMUSG00000101609', 'lENSMUSG00000106519', 'l9030622O22Rik', 'lDlx6os1', 'lDnm3os', 'lGas5', 'lGm12610', 'lMiat', 'lNeat1', 'lNONMMUG002771', 'lNONMMUG004366', 'lNONMMUG007120', 'lNONMMUG008199', 'lNONMMUG009173', 'lNONMMUG009235', 'lNONMMUG010099', 'lNONMMUG012984', 'lNONMMUG013851', 'lNONMMUG014034', 'lNONMMUG017321', 'lNONMMUG017372', 'lNONMMUG019692', 'lNONMMUG020560', 'lNONMMUG021010', 'lNONMMUG023106', 'lNONMMUG024809', 'lNONMMUG025805', 'lNONMMUG029789', 'lNONMMUG031524', 'lNONMMUG031860', 'lNONMMUG032531', 'lNONMMUG033434', 'lNONMMUG034060', 'lNONMMUG035589', 'lNONMMUG036314', 'lNONMMUG036495', 'lNONMMUG038170', 'lNONMMUG038692', 'lNONMMUG038718', 'lNONMMUG039825', 'lNONMMUG041948', 'lNONMMUG042190', 'lNONMMUG043393', 'lNONMMUG043843', 'lNONMMUG044302', 'lNONMMUG045259', 'lENSMUSG00000085908', 'lENSMUSG00000103692', 'lENSMUSG00000106828', 'lENSMUSG00000107766', 'lGm13291', 'lSnord11', 'lSnord67']","[1.0, 0.0, 0.0, 0.0, 1.0, 1.0, 1.0, 0.0, 1.0, 1.0, 0.0, 1.0, 1.0, 1.0, 1.0, 1.0, 0.0, 1.0, 1.0, 0.0, 0.0, 1.0, 0.0, 0.0, 0.0, 1.0, 1.0, 0.0, 0.0, 1.0, 0.0, 1.0, 0.0, 0.0, 1.0, 0.0, 0.0, 1.0, 0.0, 0.0, 0.0, 1.0, 0.0, 0.0, 1.0, 0.0, 0.0, 1.0, 1.0, 0.0, 0.0, 1.0, 1.0, 1.0, 0.0, 0.0, 0.0, 1.0, 1.0, 0.0, 1.0, 1.0, 1.0, 1.0, 1.0, 1.0, 1.0, 0.0, 0.0, 1.0, 0.0, 0.0, 1.0, 0.0, 1.0, 0.0, 0.0, 1.0, 1.0, 1.0, 1.0, 0.0, 0.0, 0.0, 1.0, 0.0, 0.0]",['lNONMMUG045569'],[0.0],[1.0],[0.9036069746224699]
21,"['lNONMMUG000508', 'lNONMMUG002215', 'lNONMMUG002239', 'lNONMMUG009962', 'lNONMMUG013211', 'lNONMMUG017485', 'lNONMMUG017913', 'lNONMMUG020673', 'lNONMMUG023454', 'lNONMMUG026355', 'lNONMMUG029813', 'lNONMMUG030202', 'lNONMMUG033401', 'lNONMMUG034886', 'lNONMMUG038355', 'lNONMMUG039685', 'lNONMMUG041158', 'lNONMMUG041781', 'lNONMMUG045568', 'lNONMMUG045569', 'lENSMUSG00000044471', 'lENSMUSG00000075277', 'lENSMUSG00000078190', 'lENSMUSG00000078247', 'lENSMUSG00000085354', 'lENSMUSG00000085715', 'lENSMUSG00000085873', 'lENSMUSG00000086035', 'lENSMUSG00000086141', 'lENSMUSG00000090063', 'lENSMUSG00000097336', 'lENSMUSG00000097571', 'lENSMUSG00000097767', 'lENSMUSG00000098439', 'lENSMUSG00000101609', 'lENSMUSG00000106519', 'l9030622O22Rik', 'lDlx6os1', 'lDnm3os', 'lGas5', 'lGm12610', 'lMiat', 'lNeat1', 'lNONMMUG002771', 'lNONMMUG004366', 'lNONMMUG007120', 'lNONMMUG008199', 'lNONMMUG009173', 'lNONMMUG009235', 'lNONMMUG010099', 'lNONMMUG012984', 'lNONMMUG013851', 'lNONMMUG014034', 'lNONMMUG017321', 'lNONMMUG017372', 'lNONMMUG019692', 'lNONMMUG020560', 'lNONMMUG021010', 'lNONMMUG023106', 'lNONMMUG024809', 'lNONMMUG025805', 'lNONMMUG029789', 'lNONMMUG031524', 'lNONMMUG031860', 'lNONMMUG032531', 'lNONMMUG033434', 'lNONMMUG034060', 'lNONMMUG035589', 'lNONMMUG036314', 'lNONMMUG036495', 'lNONMMUG038170', 'lNONMMUG038692', 'lNONMMUG038718', 'lNONMMUG039825', 'lNONMMUG041948', 'lNONMMUG042190', 'lNONMMUG043393', 'lNONMMUG043843', 'lNONMMUG044302', 'lNONMMUG045259', 'lENSMUSG00000085908', 'lENSMUSG00000103692', 'lENSMUSG00000106828', 'lENSMUSG00000107766', 'lGm13291', 'lSnord11', 'lSnord67']","[1.0, 0.0, 0.0, 0.0, 1.0, 1.0, 1.0, 0.0, 1.0, 1.0, 0.0, 1.0, 1.0, 1.0, 1.0, 1.0, 0.0, 1.0, 1.0, 0.0, 0.0, 1.0, 0.0, 0.0, 0.0, 1.0, 1.0, 0.0, 0.0, 1.0, 0.0, 1.0, 0.0, 0.0, 1.0, 0.0, 0.0, 1.0, 0.0, 0.0, 0.0, 1.0, 0.0, 0.0, 1.0, 0.0, 0.0, 1.0, 1.0, 0.0, 0.0, 1.0, 1.0, 1.0, 0.0, 0.0, 0.0, 1.0, 1.0, 0.0, 1.0, 1.0, 1.0, 1.0, 1.0, 1.0, 1.0, 0.0, 0.0, 1.0, 0.0, 0.0, 1.0, 0.0, 1.0, 0.0, 0.0, 1.0, 1.0, 1.0, 1.0, 0.0, 0.0, 0.0, 1.0, 0.0, 0.0]",['lNONMMUG045574'],[0.0],[1.0],[0.9817282950905569]
22,"['lNONMMUG000508', 'lNONMMUG002215', 'lNONMMUG002239', 'lNONMMUG009962', 'lNONMMUG013211', 'lNONMMUG017485', 'lNONMMUG017913', 'lNONMMUG020673', 'lNONMMUG023454', 'lNONMMUG026355', 'lNONMMUG029813', 'lNONMMUG030202', 'lNONMMUG033401', 'lNONMMUG034886', 'lNONMMUG038355', 'lNONMMUG039685', 'lNONMMUG041158', 'lNONMMUG041781', 'lNONMMUG045568', 'lNONMMUG045569', 'lNONMMUG045574', 'lENSMUSG00000075277', 'lENSMUSG00000078190', 'lENSMUSG00000078247', 'lENSMUSG00000085354', 'lENSMUSG00000085715', 'lENSMUSG00000085873', 'lENSMUSG00000086035', 'lENSMUSG00000086141', 'lENSMUSG00000090063', 'lENSMUSG00000097336', 'lENSMUSG00000097571', 'lENSMUSG00000097767', 'lENSMUSG00000098439', 'lENSMUSG00000101609', 'lENSMUSG00000106519', 'l9030622O22Rik', 'lDlx6os1', 'lDnm3os', 'lGas5', 'lGm12610', 'lMiat', 'lNeat1', 'lNONMMUG002771', 'lNONMMUG004366', 'lNONMMUG007120', 'lNONMMUG008199', 'lNONMMUG009173', 'lNONMMUG009235', 'lNONMMUG010099', 'lNONMMUG012984', 'lNONMMUG013851', 'lNONMMUG014034', 'lNONMMUG017321', 'lNONMMUG017372', 'lNONMMUG019692', 'lNONMMUG020560', 'lNONMMUG021010', 'lNONMMUG023106', 'lNONMMUG024809', 'lNONMMUG025805', 'lNONMMUG029789', 'lNONMMUG031524', 'lNONMMUG031860', 'lNONMMUG032531', 'lNONMMUG033434', 'lNONMMUG034060', 'lNONMMUG035589', 'lNONMMUG036314', 'lNONMMUG036495', 'lNONMMUG038170', 'lNONMMUG038692', 'lNONMMUG038718', 'lNONMMUG039825', 'lNONMMUG041948', 'lNONMMUG042190', 'lNONMMUG043393', 'lNONMMUG043843', 'lNONMMUG044302', 'lNONMMUG045259', 'lENSMUSG00000085908', 'lENSMUSG00000103692', 'lENSMUSG00000106828', 'lENSMUSG00000107766', 'lGm13291', 'lSnord11', 'lSnord67']","[1.0, 0.0, 0.0, 0.0, 1.0, 1.0, 1.0, 0.0, 1.0, 1.0, 0.0, 1.0, 1.0, 1.0, 1.0, 1.0, 0.0, 1.0, 1.0, 0.0, 0.0, 1.0, 0.0, 0.0, 0.0, 1.0, 1.0, 0.0, 0.0, 1.0, 0.0, 1.0, 0.0, 0.0, 1.0, 0.0, 0.0, 1.0, 0.0, 0.0, 0.0, 1.0, 0.0, 0.0, 1.0, 0.0, 0.0, 1.0, 1.0, 0.0, 0.0, 1.0, 1.0, 1.0, 0.0, 0.0, 0.0, 1.0, 1.0, 0.0, 1.0, 1.0, 1.0, 1.0, 1.0, 1.0, 1.0, 0.0, 0.0, 1.0, 0.0, 0.0, 1.0, 0.0, 1.0, 0.0, 0.0, 1.0, 1.0, 1.0, 1.0, 0.0, 0.0, 0.0, 1.0, 0.0, 0.0]",['lENSMUSG00000044471'],[0.0],[1.0],[0.7474109097286105]
23,"['lNONMMUG000508', 'lNONMMUG002215', 'lNONMMUG002239', 'lNONMMUG009962', 'lNONMMUG013211', 'lNONMMUG017485', 'lNONMMUG017913', 'lNONMMUG020673', 'lNONMMUG023454', 'lNONMMUG026355', 'lNONMMUG029813', 'lNONMMUG030202', 'lNONMMUG033401', 'lNONMMUG034886', 'lNONMMUG038355', 'lNONMMUG039685', 'lNONMMUG041158', 'lNONMMUG041781', 'lNONMMUG045568', 'lNONMMUG045569', 'lNONMMUG045574', 'lENSMUSG00000044471', 'lENSMUSG00000078190', 'lENSMUSG00000078247', 'lENSMUSG00000085354', 'lENSMUSG00000085715', 'lENSMUSG00000085873', 'lENSMUSG00000086035', 'lENSMUSG00000086141', 'lENSMUSG00000090063', 'lENSMUSG00000097336', 'lENSMUSG00000097571', 'lENSMUSG00000097767', 'lENSMUSG00000098439', 'lENSMUSG00000101609', 'lENSMUSG00000106519', 'l9030622O22Rik', 'lDlx6os1', 'lDnm3os', 'lGas5', 'lGm12610', 'lMiat', 'lNeat1', 'lNONMMUG002771', 'lNONMMUG004366', 'lNONMMUG007120', 'lNONMMUG008199', 'lNONMMUG009173', 'lNONMMUG009235', 'lNONMMUG010099', 'lNONMMUG012984', 'lNONMMUG013851', 'lNONMMUG014034', 'lNONMMUG017321', 'lNONMMUG017372', 'lNONMMUG019692', 'lNONMMUG020560', 'lNONMMUG021010', 'lNONMMUG023106', 'lNONMMUG024809', 'lNONMMUG025805', 'lNONMMUG029789', 'lNONMMUG031524', 'lNONMMUG031860', 'lNONMMUG032531', 'lNONMMUG033434', 'lNONMMUG034060', 'lNONMMUG035589', 'lNONMMUG036314', 'lNONMMUG036495', 'lNONMMUG038170', 'lNONMMUG038692', 'lNONMMUG038718', 'lNONMMUG039825', 'lNONMMUG041948', 'lNONMMUG042190', 'lNONMMUG043393', 'lNONMMUG043843', 'lNONMMUG044302', 'lNONMMUG045259', 'lENSMUSG00000085908', 'lENSMUSG00000103692', 'lENSMUSG00000106828', 'lENSMUSG00000107766', 'lGm13291', 'lSnord11', 'lSnord67']","[1.0, 0.0, 0.0, 0.0, 1.0, 1.0, 1.0, 0.0, 1.0, 1.0, 0.0, 1.0, 1.0, 1.0, 1.0, 1.0, 0.0, 1.0, 1.0, 0.0, 0.0, 0.0, 0.0, 0.0, 0.0, 1.0, 1.0, 0.0, 0.0, 1.0, 0.0, 1.0, 0.0, 0.0, 1.0, 0.0, 0.0, 1.0, 0.0, 0.0, 0.0, 1.0, 0.0, 0.0, 1.0, 0.0, 0.0, 1.0, 1.0, 0.0, 0.0, 1.0, 1.0, 1.0, 0.0, 0.0, 0.0, 1.0, 1.0, 0.0, 1.0, 1.0, 1.0, 1.0, 1.0, 1.0, 1.0, 0.0, 0.0, 1.0, 0.0, 0.0, 1.0, 0.0, 1.0, 0.0, 0.0, 1.0, 1.0, 1.0, 1.0, 0.0, 0.0, 0.0, 1.0, 0.0, 0.0]",['lENSMUSG00000075277'],[1.0],[1.0],[0.8522361423181265]
24,"['lNONMMUG000508', 'lNONMMUG002215', 'lNONMMUG002239', 'lNONMMUG009962', 'lNONMMUG013211', 'lNONMMUG017485', 'lNONMMUG017913', 'lNONMMUG020673', 'lNONMMUG023454', 'lNONMMUG026355', 'lNONMMUG029813', 'lNONMMUG030202', 'lNONMMUG033401', 'lNONMMUG034886', 'lNONMMUG038355', 'lNONMMUG039685', 'lNONMMUG041158', 'lNONMMUG041781', 'lNONMMUG045568', 'lNONMMUG045569', 'lNONMMUG045574', 'lENSMUSG00000044471', 'lENSMUSG00000075277', 'lENSMUSG00000078247', 'lENSMUSG00000085354', 'lENSMUSG00000085715', 'lENSMUSG00000085873', 'lENSMUSG00000086035', 'lENSMUSG00000086141', 'lENSMUSG00000090063', 'lENSMUSG00000097336', 'lENSMUSG00000097571', 'lENSMUSG00000097767', 'lENSMUSG00000098439', 'lENSMUSG00000101609', 'lENSMUSG00000106519', 'l9030622O22Rik', 'lDlx6os1', 'lDnm3os', 'lGas5', 'lGm12610', 'lMiat', 'lNeat1', 'lNONMMUG002771', 'lNONMMUG004366', 'lNONMMUG007120', 'lNONMMUG008199', 'lNONMMUG009173', 'lNONMMUG009235', 'lNONMMUG010099', 'lNONMMUG012984', 'lNONMMUG013851', 'lNONMMUG014034', 'lNONMMUG017321', 'lNONMMUG017372', 'lNONMMUG019692', 'lNONMMUG020560', 'lNONMMUG021010', 'lNONMMUG023106', 'lNONMMUG024809', 'lNONMMUG025805', 'lNONMMUG029789', 'lNONMMUG031524', 'lNONMMUG031860', 'lNONMMUG032531', 'lNONMMUG033434', 'lNONMMUG034060', 'lNONMMUG035589', 'lNONMMUG036314', 'lNONMMUG036495', 'lNONMMUG038170', 'lNONMMUG038692', 'lNONMMUG038718', 'lNONMMUG039825', 'lNONMMUG041948', 'lNONMMUG042190', 'lNONMMUG043393', 'lNONMMUG043843', 'lNONMMUG044302', 'lNONMMUG045259', 'lENSMUSG00000085908', 'lENSMUSG00000103692', 'lENSMUSG00000106828', 'lENSMUSG00000107766', 'lGm13291', 'lSnord11', 'lSnord67']","[1.0, 0.0, 0.0, 0.0, 1.0, 1.0, 1.0, 0.0, 1.0, 1.0, 0.0, 1.0, 1.0, 1.0, 1.0, 1.0, 0.0, 1.0, 1.0, 0.0, 0.0, 0.0, 1.0, 0.0, 0.0, 1.0, 1.0, 0.0, 0.0, 1.0, 0.0, 1.0, 0.0, 0.0, 1.0, 0.0, 0.0, 1.0, 0.0, 0.0, 0.0, 1.0, 0.0, 0.0, 1.0, 0.0, 0.0, 1.0, 1.0, 0.0, 0.0, 1.0, 1.0, 1.0, 0.0, 0.0, 0.0, 1.0, 1.0, 0.0, 1.0, 1.0, 1.0, 1.0, 1.0, 1.0, 1.0, 0.0, 0.0, 1.0, 0.0, 0.0, 1.0, 0.0, 1.0, 0.0, 0.0, 1.0, 1.0, 1.0, 1.0, 0.0, 0.0, 0.0, 1.0, 0.0, 0.0]",['lENSMUSG00000078190'],[0.0],[1.0],[0.9998855848709636]
25,"['lNONMMUG000508', 'lNONMMUG002215', 'lNONMMUG002239', 'lNONMMUG009962', 'lNONMMUG013211', 'lNONMMUG017485', 'lNONMMUG017913', 'lNONMMUG020673', 'lNONMMUG023454', 'lNONMMUG026355', 'lNONMMUG029813', 'lNONMMUG030202', 'lNONMMUG033401', 'lNONMMUG034886', 'lNONMMUG038355', 'lNONMMUG039685', 'lNONMMUG041158', 'lNONMMUG041781', 'lNONMMUG045568', 'lNONMMUG045569', 'lNONMMUG045574', 'lENSMUSG00000044471', 'lENSMUSG00000075277', 'lENSMUSG00000078190', 'lENSMUSG00000085354', 'lENSMUSG00000085715', 'lENSMUSG00000085873', 'lENSMUSG00000086035', 'lENSMUSG00000086141', 'lENSMUSG00000090063', 'lENSMUSG00000097336', 'lENSMUSG00000097571', 'lENSMUSG00000097767', 'lENSMUSG00000098439', 'lENSMUSG00000101609', 'lENSMUSG00000106519', 'l9030622O22Rik', 'lDlx6os1', 'lDnm3os', 'lGas5', 'lGm12610', 'lMiat', 'lNeat1', 'lNONMMUG002771', 'lNONMMUG004366', 'lNONMMUG007120', 'lNONMMUG008199', 'lNONMMUG009173', 'lNONMMUG009235', 'lNONMMUG010099', 'lNONMMUG012984', 'lNONMMUG013851', 'lNONMMUG014034', 'lNONMMUG017321', 'lNONMMUG017372', 'lNONMMUG019692', 'lNONMMUG020560', 'lNONMMUG021010', 'lNONMMUG023106', 'lNONMMUG024809', 'lNONMMUG025805', 'lNONMMUG029789', 'lNONMMUG031524', 'lNONMMUG031860', 'lNONMMUG032531', 'lNONMMUG033434', 'lNONMMUG034060', 'lNONMMUG035589', 'lNONMMUG036314', 'lNONMMUG036495', 'lNONMMUG038170', 'lNONMMUG038692', 'lNONMMUG038718', 'lNONMMUG039825', 'lNONMMUG041948', 'lNONMMUG042190', 'lNONMMUG043393', 'lNONMMUG043843', 'lNONMMUG044302', 'lNONMMUG045259', 'lENSMUSG00000085908', 'lENSMUSG00000103692', 'lENSMUSG00000106828', 'lENSMUSG00000107766', 'lGm13291', 'lSnord11', 'lSnord67']","[1.0, 0.0, 0.0, 0.0, 1.0, 1.0, 1.0, 0.0, 1.0, 1.0, 0.0, 1.0, 1.0, 1.0, 1.0, 1.0, 0.0, 1.0, 1.0, 0.0, 0.0, 0.0, 1.0, 0.0, 0.0, 1.0, 1.0, 0.0, 0.0, 1.0, 0.0, 1.0, 0.0, 0.0, 1.0, 0.0, 0.0, 1.0, 0.0, 0.0, 0.0, 1.0, 0.0, 0.0, 1.0, 0.0, 0.0, 1.0, 1.0, 0.0, 0.0, 1.0, 1.0, 1.0, 0.0, 0.0, 0.0, 1.0, 1.0, 0.0, 1.0, 1.0, 1.0, 1.0, 1.0, 1.0, 1.0, 0.0, 0.0, 1.0, 0.0, 0.0, 1.0, 0.0, 1.0, 0.0, 0.0, 1.0, 1.0, 1.0, 1.0, 0.0, 0.0, 0.0, 1.0, 0.0, 0.0]",['lENSMUSG00000078247'],[0.0],[0.0],[0.08274966266150073]
26,"['lNONMMUG000508', 'lNONMMUG002215', 'lNONMMUG002239', 'lNONMMUG009962', 'lNONMMUG013211', 'lNONMMUG017485', 'lNONMMUG017913', 'lNONMMUG020673', 'lNONMMUG023454', 'lNONMMUG026355', 'lNONMMUG029813', 'lNONMMUG030202', 'lNONMMUG033401', 'lNONMMUG034886', 'lNONMMUG038355', 'lNONMMUG039685', 'lNONMMUG041158', 'lNONMMUG041781', 'lNONMMUG045568', 'lNONMMUG045569', 'lNONMMUG045574', 'lENSMUSG00000044471', 'lENSMUSG00000075277', 'lENSMUSG00000078190', 'lENSMUSG00000078247', 'lENSMUSG00000085715', 'lENSMUSG00000085873', 'lENSMUSG00000086035', 'lENSMUSG00000086141', 'lENSMUSG00000090063', 'lENSMUSG00000097336', 'lENSMUSG00000097571', 'lENSMUSG00000097767', 'lENSMUSG00000098439', 'lENSMUSG00000101609', 'lENSMUSG00000106519', 'l9030622O22Rik', 'lDlx6os1', 'lDnm3os', 'lGas5', 'lGm12610', 'lMiat', 'lNeat1', 'lNONMMUG002771', 'lNONMMUG004366', 'lNONMMUG007120', 'lNONMMUG008199', 'lNONMMUG009173', 'lNONMMUG009235', 'lNONMMUG010099', 'lNONMMUG012984', 'lNONMMUG013851', 'lNONMMUG014034', 'lNONMMUG017321', 'lNONMMUG017372', 'lNONMMUG019692', 'lNONMMUG020560', 'lNONMMUG021010', 'lNONMMUG023106', 'lNONMMUG024809', 'lNONMMUG025805', 'lNONMMUG029789', 'lNONMMUG031524', 'lNONMMUG031860', 'lNONMMUG032531', 'lNONMMUG033434', 'lNONMMUG034060', 'lNONMMUG035589', 'lNONMMUG036314', 'lNONMMUG036495', 'lNONMMUG038170', 'lNONMMUG038692', 'lNONMMUG038718', 'lNONMMUG039825', 'lNONMMUG041948', 'lNONMMUG042190', 'lNONMMUG043393', 'lNONMMUG043843', 'lNONMMUG044302', 'lNONMMUG045259', 'lENSMUSG00000085908', 'lENSMUSG00000103692', 'lENSMUSG00000106828', 'lENSMUSG00000107766', 'lGm13291', 'lSnord11', 'lSnord67']","[1.0, 0.0, 0.0, 0.0, 1.0, 1.0, 1.0, 0.0, 1.0, 1.0, 0.0, 1.0, 1.0, 1.0, 1.0, 1.0, 0.0, 1.0, 1.0, 0.0, 0.0, 0.0, 1.0, 0.0, 0.0, 1.0, 1.0, 0.0, 0.0, 1.0, 0.0, 1.0, 0.0, 0.0, 1.0, 0.0, 0.0, 1.0, 0.0, 0.0, 0.0, 1.0, 0.0, 0.0, 1.0, 0.0, 0.0, 1.0, 1.0, 0.0, 0.0, 1.0, 1.0, 1.0, 0.0, 0.0, 0.0, 1.0, 1.0, 0.0, 1.0, 1.0, 1.0, 1.0, 1.0, 1.0, 1.0, 0.0, 0.0, 1.0, 0.0, 0.0, 1.0, 0.0, 1.0, 0.0, 0.0, 1.0, 1.0, 1.0, 1.0, 0.0, 0.0, 0.0, 1.0, 0.0, 0.0]",['lENSMUSG00000085354'],[0.0],[1.0],[0.9865088473540444]
27,"['lNONMMUG000508', 'lNONMMUG002215', 'lNONMMUG002239', 'lNONMMUG009962', 'lNONMMUG013211', 'lNONMMUG017485', 'lNONMMUG017913', 'lNONMMUG020673', 'lNONMMUG023454', 'lNONMMUG026355', 'lNONMMUG029813', 'lNONMMUG030202', 'lNONMMUG033401', 'lNONMMUG034886', 'lNONMMUG038355', 'lNONMMUG039685', 'lNONMMUG041158', 'lNONMMUG041781', 'lNONMMUG045568', 'lNONMMUG045569', 'lNONMMUG045574', 'lENSMUSG00000044471', 'lENSMUSG00000075277', 'lENSMUSG00000078190', 'lENSMUSG00000078247', 'lENSMUSG00000085354', 'lENSMUSG00000085873', 'lENSMUSG00000086035', 'lENSMUSG00000086141', 'lENSMUSG00000090063', 'lENSMUSG00000097336', 'lENSMUSG00000097571', 'lENSMUSG00000097767', 'lENSMUSG00000098439', 'lENSMUSG00000101609', 'lENSMUSG00000106519', 'l9030622O22Rik', 'lDlx6os1', 'lDnm3os', 'lGas5', 'lGm12610', 'lMiat', 'lNeat1', 'lNONMMUG002771', 'lNONMMUG004366', 'lNONMMUG007120', 'lNONMMUG008199', 'lNONMMUG009173', 'lNONMMUG009235', 'lNONMMUG010099', 'lNONMMUG012984', 'lNONMMUG013851', 'lNONMMUG014034', 'lNONMMUG017321', 'lNONMMUG017372', 'lNONMMUG019692', 'lNONMMUG020560', 'lNONMMUG021010', 'lNONMMUG023106', 'lNONMMUG024809', 'lNONMMUG025805', 'lNONMMUG029789', 'lNONMMUG031524', 'lNONMMUG031860', 'lNONMMUG032531', 'lNONMMUG033434', 'lNONMMUG034060', 'lNONMMUG035589', 'lNONMMUG036314', 'lNONMMUG036495', 'lNONMMUG038170', 'lNONMMUG038692', 'lNONMMUG038718', 'lNONMMUG039825', 'lNONMMUG041948', 'lNONMMUG042190', 'lNONMMUG043393', 'lNONMMUG043843', 'lNONMMUG044302', 'lNONMMUG045259', 'lENSMUSG00000085908', 'lENSMUSG00000103692', 'lENSMUSG00000106828', 'lENSMUSG00000107766', 'lGm13291', 'lSnord11', 'lSnord67']","[1.0, 0.0, 0.0, 0.0, 1.0, 1.0, 1.0, 0.0, 1.0, 1.0, 0.0, 1.0, 1.0, 1.0, 1.0, 1.0, 0.0, 1.0, 1.0, 0.0, 0.0, 0.0, 1.0, 0.0, 0.0, 0.0, 1.0, 0.0, 0.0, 1.0, 0.0, 1.0, 0.0, 0.0, 1.0, 0.0, 0.0, 1.0, 0.0, 0.0, 0.0, 1.0, 0.0, 0.0, 1.0, 0.0, 0.0, 1.0, 1.0, 0.0, 0.0, 1.0, 1.0, 1.0, 0.0, 0.0, 0.0, 1.0, 1.0, 0.0, 1.0, 1.0, 1.0, 1.0, 1.0, 1.0, 1.0, 0.0, 0.0, 1.0, 0.0, 0.0, 1.0, 0.0, 1.0, 0.0, 0.0, 1.0, 1.0, 1.0, 1.0, 0.0, 0.0, 0.0, 1.0, 0.0, 0.0]",['lENSMUSG00000085715'],[1.0],[0.0],[0.16904071630763287]
28,"['lNONMMUG000508', 'lNONMMUG002215', 'lNONMMUG002239', 'lNONMMUG009962', 'lNONMMUG013211', 'lNONMMUG017485', 'lNONMMUG017913', 'lNONMMUG020673', 'lNONMMUG023454', 'lNONMMUG026355', 'lNONMMUG029813', 'lNONMMUG030202', 'lNONMMUG033401', 'lNONMMUG034886', 'lNONMMUG038355', 'lNONMMUG039685', 'lNONMMUG041158', 'lNONMMUG041781', 'lNONMMUG045568', 'lNONMMUG045569', 'lNONMMUG045574', 'lENSMUSG00000044471', 'lENSMUSG00000075277', 'lENSMUSG00000078190', 'lENSMUSG00000078247', 'lENSMUSG00000085354', 'lENSMUSG00000085715', 'lENSMUSG00000086035', 'lENSMUSG00000086141', 'lENSMUSG00000090063', 'lENSMUSG00000097336', 'lENSMUSG00000097571', 'lENSMUSG00000097767', 'lENSMUSG00000098439', 'lENSMUSG00000101609', 'lENSMUSG00000106519', 'l9030622O22Rik', 'lDlx6os1', 'lDnm3os', 'lGas5', 'lGm12610', 'lMiat', 'lNeat1', 'lNONMMUG002771', 'lNONMMUG004366', 'lNONMMUG007120', 'lNONMMUG008199', 'lNONMMUG009173', 'lNONMMUG009235', 'lNONMMUG010099', 'lNONMMUG012984', 'lNONMMUG013851', 'lNONMMUG014034', 'lNONMMUG017321', 'lNONMMUG017372', 'lNONMMUG019692', 'lNONMMUG020560', 'lNONMMUG021010', 'lNONMMUG023106', 'lNONMMUG024809', 'lNONMMUG025805', 'lNONMMUG029789', 'lNONMMUG031524', 'lNONMMUG031860', 'lNONMMUG032531', 'lNONMMUG033434', 'lNONMMUG034060', 'lNONMMUG035589', 'lNONMMUG036314', 'lNONMMUG036495', 'lNONMMUG038170', 'lNONMMUG038692', 'lNONMMUG038718', 'lNONMMUG039825', 'lNONMMUG041948', 'lNONMMUG042190', 'lNONMMUG043393', 'lNONMMUG043843', 'lNONMMUG044302', 'lNONMMUG045259', 'lENSMUSG00000085908', 'lENSMUSG00000103692', 'lENSMUSG00000106828', 'lENSMUSG00000107766', 'lGm13291', 'lSnord11', 'lSnord67']","[1.0, 0.0, 0.0, 0.0, 1.0, 1.0, 1.0, 0.0, 1.0, 1.0, 0.0, 1.0, 1.0, 1.0, 1.0, 1.0, 0.0, 1.0, 1.0, 0.0, 0.0, 0.0, 1.0, 0.0, 0.0, 0.0, 1.0, 0.0, 0.0, 1.0, 0.0, 1.0, 0.0, 0.0, 1.0, 0.0, 0.0, 1.0, 0.0, 0.0, 0.0, 1.0, 0.0, 0.0, 1.0, 0.0, 0.0, 1.0, 1.0, 0.0, 0.0, 1.0, 1.0, 1.0, 0.0, 0.0, 0.0, 1.0, 1.0, 0.0, 1.0, 1.0, 1.0, 1.0, 1.0, 1.0, 1.0, 0.0, 0.0, 1.0, 0.0, 0.0, 1.0, 0.0, 1.0, 0.0, 0.0, 1.0, 1.0, 1.0, 1.0, 0.0, 0.0, 0.0, 1.0, 0.0, 0.0]",['lENSMUSG00000085873'],[1.0],[0.0],[0.16903037382120817]
29,"['lNONMMUG000508', 'lNONMMUG002215', 'lNONMMUG002239', 'lNONMMUG009962', 'lNONMMUG013211', 'lNONMMUG017485', 'lNONMMUG017913', 'lNONMMUG020673', 'lNONMMUG023454', 'lNONMMUG026355', 'lNONMMUG029813', 'lNONMMUG030202', 'lNONMMUG033401', 'lNONMMUG034886', 'lNONMMUG038355', 'lNONMMUG039685', 'lNONMMUG041158', 'lNONMMUG041781', 'lNONMMUG045568', 'lNONMMUG045569', 'lNONMMUG045574', 'lENSMUSG00000044471', 'lENSMUSG00000075277', 'lENSMUSG00000078190', 'lENSMUSG00000078247', 'lENSMUSG00000085354', 'lENSMUSG00000085715', 'lENSMUSG00000085873', 'lENSMUSG00000086141', 'lENSMUSG00000090063', 'lENSMUSG00000097336', 'lENSMUSG00000097571', 'lENSMUSG00000097767', 'lENSMUSG00000098439', 'lENSMUSG00000101609', 'lENSMUSG00000106519', 'l9030622O22Rik', 'lDlx6os1', 'lDnm3os', 'lGas5', 'lGm12610', 'lMiat', 'lNeat1', 'lNONMMUG002771', 'lNONMMUG004366', 'lNONMMUG007120', 'lNONMMUG008199', 'lNONMMUG009173', 'lNONMMUG009235', 'lNONMMUG010099', 'lNONMMUG012984', 'lNONMMUG013851', 'lNONMMUG014034', 'lNONMMUG017321', 'lNONMMUG017372', 'lNONMMUG019692', 'lNONMMUG020560', 'lNONMMUG021010', 'lNONMMUG023106', 'lNONMMUG024809', 'lNONMMUG025805', 'lNONMMUG029789', 'lNONMMUG031524', 'lNONMMUG031860', 'lNONMMUG032531', 'lNONMMUG033434', 'lNONMMUG034060', 'lNONMMUG035589', 'lNONMMUG036314', 'lNONMMUG036495', 'lNONMMUG038170', 'lNONMMUG038692', 'lNONMMUG038718', 'lNONMMUG039825', 'lNONMMUG041948', 'lNONMMUG042190', 'lNONMMUG043393', 'lNONMMUG043843', 'lNONMMUG044302', 'lNONMMUG045259', 'lENSMUSG00000085908', 'lENSMUSG00000103692', 'lENSMUSG00000106828', 'lENSMUSG00000107766', 'lGm13291', 'lSnord11', 'lSnord67']","[1.0, 0.0, 0.0, 0.0, 1.0, 1.0, 1.0, 0.0, 1.0, 1.0, 0.0, 1.0, 1.0, 1.0, 1.0, 1.0, 0.0, 1.0, 1.0, 0.0, 0.0, 0.0, 1.0, 0.0, 0.0, 0.0, 1.0, 1.0, 0.0, 1.0, 0.0, 1.0, 0.0, 0.0, 1.0, 0.0, 0.0, 1.0, 0.0, 0.0, 0.0, 1.0, 0.0, 0.0, 1.0, 0.0, 0.0, 1.0, 1.0, 0.0, 0.0, 1.0, 1.0, 1.0, 0.0, 0.0, 0.0, 1.0, 1.0, 0.0, 1.0, 1.0, 1.0, 1.0, 1.0, 1.0, 1.0, 0.0, 0.0, 1.0, 0.0, 0.0, 1.0, 0.0, 1.0, 0.0, 0.0, 1.0, 1.0, 1.0, 1.0, 0.0, 0.0, 0.0, 1.0, 0.0, 0.0]",['lENSMUSG00000086035'],[0.0],[0.0],[0.01899707701168192]
30,"['lNONMMUG000508', 'lNONMMUG002215', 'lNONMMUG002239', 'lNONMMUG009962', 'lNONMMUG013211', 'lNONMMUG017485', 'lNONMMUG017913', 'lNONMMUG020673', 'lNONMMUG023454', 'lNONMMUG026355', 'lNONMMUG029813', 'lNONMMUG030202', 'lNONMMUG033401', 'lNONMMUG034886', 'lNONMMUG038355', 'lNONMMUG039685', 'lNONMMUG041158', 'lNONMMUG041781', 'lNONMMUG045568', 'lNONMMUG045569', 'lNONMMUG045574', 'lENSMUSG00000044471', 'lENSMUSG00000075277', 'lENSMUSG00000078190', 'lENSMUSG00000078247', 'lENSMUSG00000085354', 'lENSMUSG00000085715', 'lENSMUSG00000085873', 'lENSMUSG00000086035', 'lENSMUSG00000090063', 'lENSMUSG00000097336', 'lENSMUSG00000097571', 'lENSMUSG00000097767', 'lENSMUSG00000098439', 'lENSMUSG00000101609', 'lENSMUSG00000106519', 'l9030622O22Rik', 'lDlx6os1', 'lDnm3os', 'lGas5', 'lGm12610', 'lMiat', 'lNeat1', 'lNONMMUG002771', 'lNONMMUG004366', 'lNONMMUG007120', 'lNONMMUG008199', 'lNONMMUG009173', 'lNONMMUG009235', 'lNONMMUG010099', 'lNONMMUG012984', 'lNONMMUG013851', 'lNONMMUG014034', 'lNONMMUG017321', 'lNONMMUG017372', 'lNONMMUG019692', 'lNONMMUG020560', 'lNONMMUG021010', 'lNONMMUG023106', 'lNONMMUG024809', 'lNONMMUG025805', 'lNONMMUG029789', 'lNONMMUG031524', 'lNONMMUG031860', 'lNONMMUG032531', 'lNONMMUG033434', 'lNONMMUG034060', 'lNONMMUG035589', 'lNONMMUG036314', 'lNONMMUG036495', 'lNONMMUG038170', 'lNONMMUG038692', 'lNONMMUG038718', 'lNONMMUG039825', 'lNONMMUG041948', 'lNONMMUG042190', 'lNONMMUG043393', 'lNONMMUG043843', 'lNONMMUG044302', 'lNONMMUG045259', 'lENSMUSG00000085908', 'lENSMUSG00000103692', 'lENSMUSG00000106828', 'lENSMUSG00000107766', 'lGm13291', 'lSnord11', 'lSnord67']","[1.0, 0.0, 0.0, 0.0, 1.0, 1.0, 1.0, 0.0, 1.0, 1.0, 0.0, 1.0, 1.0, 1.0, 1.0, 1.0, 0.0, 1.0, 1.0, 0.0, 0.0, 0.0, 1.0, 0.0, 0.0, 0.0, 1.0, 1.0, 0.0, 1.0, 0.0, 1.0, 0.0, 0.0, 1.0, 0.0, 0.0, 1.0, 0.0, 0.0, 0.0, 1.0, 0.0, 0.0, 1.0, 0.0, 0.0, 1.0, 1.0, 0.0, 0.0, 1.0, 1.0, 1.0, 0.0, 0.0, 0.0, 1.0, 1.0, 0.0, 1.0, 1.0, 1.0, 1.0, 1.0, 1.0, 1.0, 0.0, 0.0, 1.0, 0.0, 0.0, 1.0, 0.0, 1.0, 0.0, 0.0, 1.0, 1.0, 1.0, 1.0, 0.0, 0.0, 0.0, 1.0, 0.0, 0.0]",['lENSMUSG00000086141'],[0.0],[0.0],[0.12767992052341132]
31,"['lNONMMUG000508', 'lNONMMUG002215', 'lNONMMUG002239', 'lNONMMUG009962', 'lNONMMUG013211', 'lNONMMUG017485', 'lNONMMUG017913', 'lNONMMUG020673', 'lNONMMUG023454', 'lNONMMUG026355', 'lNONMMUG029813', 'lNONMMUG030202', 'lNONMMUG033401', 'lNONMMUG034886', 'lNONMMUG038355', 'lNONMMUG039685', 'lNONMMUG041158', 'lNONMMUG041781', 'lNONMMUG045568', 'lNONMMUG045569', 'lNONMMUG045574', 'lENSMUSG00000044471', 'lENSMUSG00000075277', 'lENSMUSG00000078190', 'lENSMUSG00000078247', 'lENSMUSG00000085354', 'lENSMUSG00000085715', 'lENSMUSG00000085873', 'lENSMUSG00000086035', 'lENSMUSG00000086141', 'lENSMUSG00000097336', 'lENSMUSG00000097571', 'lENSMUSG00000097767', 'lENSMUSG00000098439', 'lENSMUSG00000101609', 'lENSMUSG00000106519', 'l9030622O22Rik', 'lDlx6os1', 'lDnm3os', 'lGas5', 'lGm12610', 'lMiat', 'lNeat1', 'lNONMMUG002771', 'lNONMMUG004366', 'lNONMMUG007120', 'lNONMMUG008199', 'lNONMMUG009173', 'lNONMMUG009235', 'lNONMMUG010099', 'lNONMMUG012984', 'lNONMMUG013851', 'lNONMMUG014034', 'lNONMMUG017321', 'lNONMMUG017372', 'lNONMMUG019692', 'lNONMMUG020560', 'lNONMMUG021010', 'lNONMMUG023106', 'lNONMMUG024809', 'lNONMMUG025805', 'lNONMMUG029789', 'lNONMMUG031524', 'lNONMMUG031860', 'lNONMMUG032531', 'lNONMMUG033434', 'lNONMMUG034060', 'lNONMMUG035589', 'lNONMMUG036314', 'lNONMMUG036495', 'lNONMMUG038170', 'lNONMMUG038692', 'lNONMMUG038718', 'lNONMMUG039825', 'lNONMMUG041948', 'lNONMMUG042190', 'lNONMMUG043393', 'lNONMMUG043843', 'lNONMMUG044302', 'lNONMMUG045259', 'lENSMUSG00000085908', 'lENSMUSG00000103692', 'lENSMUSG00000106828', 'lENSMUSG00000107766', 'lGm13291', 'lSnord11', 'lSnord67']","[1.0, 0.0, 0.0, 0.0, 1.0, 1.0, 1.0, 0.0, 1.0, 1.0, 0.0, 1.0, 1.0, 1.0, 1.0, 1.0, 0.0, 1.0, 1.0, 0.0, 0.0, 0.0, 1.0, 0.0, 0.0, 0.0, 1.0, 1.0, 0.0, 0.0, 0.0, 1.0, 0.0, 0.0, 1.0, 0.0, 0.0, 1.0, 0.0, 0.0, 0.0, 1.0, 0.0, 0.0, 1.0, 0.0, 0.0, 1.0, 1.0, 0.0, 0.0, 1.0, 1.0, 1.0, 0.0, 0.0, 0.0, 1.0, 1.0, 0.0, 1.0, 1.0, 1.0, 1.0, 1.0, 1.0, 1.0, 0.0, 0.0, 1.0, 0.0, 0.0, 1.0, 0.0, 1.0, 0.0, 0.0, 1.0, 1.0, 1.0, 1.0, 0.0, 0.0, 0.0, 1.0, 0.0, 0.0]",['lENSMUSG00000090063'],[1.0],[0.0],[0.41986331481695555]
32,"['lNONMMUG000508', 'lNONMMUG002215', 'lNONMMUG002239', 'lNONMMUG009962', 'lNONMMUG013211', 'lNONMMUG017485', 'lNONMMUG017913', 'lNONMMUG020673', 'lNONMMUG023454', 'lNONMMUG026355', 'lNONMMUG029813', 'lNONMMUG030202', 'lNONMMUG033401', 'lNONMMUG034886', 'lNONMMUG038355', 'lNONMMUG039685', 'lNONMMUG041158', 'lNONMMUG041781', 'lNONMMUG045568', 'lNONMMUG045569', 'lNONMMUG045574', 'lENSMUSG00000044471', 'lENSMUSG00000075277', 'lENSMUSG00000078190', 'lENSMUSG00000078247', 'lENSMUSG00000085354', 'lENSMUSG00000085715', 'lENSMUSG00000085873', 'lENSMUSG00000086035', 'lENSMUSG00000086141', 'lENSMUSG00000090063', 'lENSMUSG00000097571', 'lENSMUSG00000097767', 'lENSMUSG00000098439', 'lENSMUSG00000101609', 'lENSMUSG00000106519', 'l9030622O22Rik', 'lDlx6os1', 'lDnm3os', 'lGas5', 'lGm12610', 'lMiat', 'lNeat1', 'lNONMMUG002771', 'lNONMMUG004366', 'lNONMMUG007120', 'lNONMMUG008199', 'lNONMMUG009173', 'lNONMMUG009235', 'lNONMMUG010099', 'lNONMMUG012984', 'lNONMMUG013851', 'lNONMMUG014034', 'lNONMMUG017321', 'lNONMMUG017372', 'lNONMMUG019692', 'lNONMMUG020560', 'lNONMMUG021010', 'lNONMMUG023106', 'lNONMMUG024809', 'lNONMMUG025805', 'lNONMMUG029789', 'lNONMMUG031524', 'lNONMMUG031860', 'lNONMMUG032531', 'lNONMMUG033434', 'lNONMMUG034060', 'lNONMMUG035589', 'lNONMMUG036314', 'lNONMMUG036495', 'lNONMMUG038170', 'lNONMMUG038692', 'lNONMMUG038718', 'lNONMMUG039825', 'lNONMMUG041948', 'lNONMMUG042190', 'lNONMMUG043393', 'lNONMMUG043843', 'lNONMMUG044302', 'lNONMMUG045259', 'lENSMUSG00000085908', 'lENSMUSG00000103692', 'lENSMUSG00000106828', 'lENSMUSG00000107766', 'lGm13291', 'lSnord11', 'lSnord67']","[1.0, 0.0, 0.0, 0.0, 1.0, 1.0, 1.0, 0.0, 1.0, 1.0, 0.0, 1.0, 1.0, 1.0, 1.0, 1.0, 0.0, 1.0, 1.0, 0.0, 0.0, 0.0, 1.0, 0.0, 0.0, 0.0, 1.0, 1.0, 0.0, 0.0, 1.0, 1.0, 0.0, 0.0, 1.0, 0.0, 0.0, 1.0, 0.0, 0.0, 0.0, 1.0, 0.0, 0.0, 1.0, 0.0, 0.0, 1.0, 1.0, 0.0, 0.0, 1.0, 1.0, 1.0, 0.0, 0.0, 0.0, 1.0, 1.0, 0.0, 1.0, 1.0, 1.0, 1.0, 1.0, 1.0, 1.0, 0.0, 0.0, 1.0, 0.0, 0.0, 1.0, 0.0, 1.0, 0.0, 0.0, 1.0, 1.0, 1.0, 1.0, 0.0, 0.0, 0.0, 1.0, 0.0, 0.0]",['lENSMUSG00000097336'],[0.0],[1.0],[0.9867449951949046]
33,"['lNONMMUG000508', 'lNONMMUG002215', 'lNONMMUG002239', 'lNONMMUG009962', 'lNONMMUG013211', 'lNONMMUG017485', 'lNONMMUG017913', 'lNONMMUG020673', 'lNONMMUG023454', 'lNONMMUG026355', 'lNONMMUG029813', 'lNONMMUG030202', 'lNONMMUG033401', 'lNONMMUG034886', 'lNONMMUG038355', 'lNONMMUG039685', 'lNONMMUG041158', 'lNONMMUG041781', 'lNONMMUG045568', 'lNONMMUG045569', 'lNONMMUG045574', 'lENSMUSG00000044471', 'lENSMUSG00000075277', 'lENSMUSG00000078190', 'lENSMUSG00000078247', 'lENSMUSG00000085354', 'lENSMUSG00000085715', 'lENSMUSG00000085873', 'lENSMUSG00000086035', 'lENSMUSG00000086141', 'lENSMUSG00000090063', 'lENSMUSG00000097336', 'lENSMUSG00000097767', 'lENSMUSG00000098439', 'lENSMUSG00000101609', 'lENSMUSG00000106519', 'l9030622O22Rik', 'lDlx6os1', 'lDnm3os', 'lGas5', 'lGm12610', 'lMiat', 'lNeat1', 'lNONMMUG002771', 'lNONMMUG004366', 'lNONMMUG007120', 'lNONMMUG008199', 'lNONMMUG009173', 'lNONMMUG009235', 'lNONMMUG010099', 'lNONMMUG012984', 'lNONMMUG013851', 'lNONMMUG014034', 'lNONMMUG017321', 'lNONMMUG017372', 'lNONMMUG019692', 'lNONMMUG020560', 'lNONMMUG021010', 'lNONMMUG023106', 'lNONMMUG024809', 'lNONMMUG025805', 'lNONMMUG029789', 'lNONMMUG031524', 'lNONMMUG031860', 'lNONMMUG032531', 'lNONMMUG033434', 'lNONMMUG034060', 'lNONMMUG035589', 'lNONMMUG036314', 'lNONMMUG036495', 'lNONMMUG038170', 'lNONMMUG038692', 'lNONMMUG038718', 'lNONMMUG039825', 'lNONMMUG041948', 'lNONMMUG042190', 'lNONMMUG043393', 'lNONMMUG043843', 'lNONMMUG044302', 'lNONMMUG045259', 'lENSMUSG00000085908', 'lENSMUSG00000103692', 'lENSMUSG00000106828', 'lENSMUSG00000107766', 'lGm13291', 'lSnord11', 'lSnord67']","[1.0, 0.0, 0.0, 0.0, 1.0, 1.0, 1.0, 0.0, 1.0, 1.0, 0.0, 1.0, 1.0, 1.0, 1.0, 1.0, 0.0, 1.0, 1.0, 0.0, 0.0, 0.0, 1.0, 0.0, 0.0, 0.0, 1.0, 1.0, 0.0, 0.0, 1.0, 0.0, 0.0, 0.0, 1.0, 0.0, 0.0, 1.0, 0.0, 0.0, 0.0, 1.0, 0.0, 0.0, 1.0, 0.0, 0.0, 1.0, 1.0, 0.0, 0.0, 1.0, 1.0, 1.0, 0.0, 0.0, 0.0, 1.0, 1.0, 0.0, 1.0, 1.0, 1.0, 1.0, 1.0, 1.0, 1.0, 0.0, 0.0, 1.0, 0.0, 0.0, 1.0, 0.0, 1.0, 0.0, 0.0, 1.0, 1.0, 1.0, 1.0, 0.0, 0.0, 0.0, 1.0, 0.0, 0.0]",['lENSMUSG00000097571'],[1.0],[0.0],[0.00896734391319526]
34,"['lNONMMUG000508', 'lNONMMUG002215', 'lNONMMUG002239', 'lNONMMUG009962', 'lNONMMUG013211', 'lNONMMUG017485', 'lNONMMUG017913', 'lNONMMUG020673', 'lNONMMUG023454', 'lNONMMUG026355', 'lNONMMUG029813', 'lNONMMUG030202', 'lNONMMUG033401', 'lNONMMUG034886', 'lNONMMUG038355', 'lNONMMUG039685', 'lNONMMUG041158', 'lNONMMUG041781', 'lNONMMUG045568', 'lNONMMUG045569', 'lNONMMUG045574', 'lENSMUSG00000044471', 'lENSMUSG00000075277', 'lENSMUSG00000078190', 'lENSMUSG00000078247', 'lENSMUSG00000085354', 'lENSMUSG00000085715', 'lENSMUSG00000085873', 'lENSMUSG00000086035', 'lENSMUSG00000086141', 'lENSMUSG00000090063', 'lENSMUSG00000097336', 'lENSMUSG00000097571', 'lENSMUSG00000098439', 'lENSMUSG00000101609', 'lENSMUSG00000106519', 'l9030622O22Rik', 'lDlx6os1', 'lDnm3os', 'lGas5', 'lGm12610', 'lMiat', 'lNeat1', 'lNONMMUG002771', 'lNONMMUG004366', 'lNONMMUG007120', 'lNONMMUG008199', 'lNONMMUG009173', 'lNONMMUG009235', 'lNONMMUG010099', 'lNONMMUG012984', 'lNONMMUG013851', 'lNONMMUG014034', 'lNONMMUG017321', 'lNONMMUG017372', 'lNONMMUG019692', 'lNONMMUG020560', 'lNONMMUG021010', 'lNONMMUG023106', 'lNONMMUG024809', 'lNONMMUG025805', 'lNONMMUG029789', 'lNONMMUG031524', 'lNONMMUG031860', 'lNONMMUG032531', 'lNONMMUG033434', 'lNONMMUG034060', 'lNONMMUG035589', 'lNONMMUG036314', 'lNONMMUG036495', 'lNONMMUG038170', 'lNONMMUG038692', 'lNONMMUG038718', 'lNONMMUG039825', 'lNONMMUG041948', 'lNONMMUG042190', 'lNONMMUG043393', 'lNONMMUG043843', 'lNONMMUG044302', 'lNONMMUG045259', 'lENSMUSG00000085908', 'lENSMUSG00000103692', 'lENSMUSG00000106828', 'lENSMUSG00000107766', 'lGm13291', 'lSnord11', 'lSnord67']","[1.0, 0.0, 0.0, 0.0, 1.0, 1.0, 1.0, 0.0, 1.0, 1.0, 0.0, 1.0, 1.0, 1.0, 1.0, 1.0, 0.0, 1.0, 1.0, 0.0, 0.0, 0.0, 1.0, 0.0, 0.0, 0.0, 1.0, 1.0, 0.0, 0.0, 1.0, 0.0, 1.0, 0.0, 1.0, 0.0, 0.0, 1.0, 0.0, 0.0, 0.0, 1.0, 0.0, 0.0, 1.0, 0.0, 0.0, 1.0, 1.0, 0.0, 0.0, 1.0, 1.0, 1.0, 0.0, 0.0, 0.0, 1.0, 1.0, 0.0, 1.0, 1.0, 1.0, 1.0, 1.0, 1.0, 1.0, 0.0, 0.0, 1.0, 0.0, 0.0, 1.0, 0.0, 1.0, 0.0, 0.0, 1.0, 1.0, 1.0, 1.0, 0.0, 0.0, 0.0, 1.0, 0.0, 0.0]",['lENSMUSG00000097767'],[0.0],[0.0],[0.20175289901495153]
35,"['lNONMMUG000508', 'lNONMMUG002215', 'lNONMMUG002239', 'lNONMMUG009962', 'lNONMMUG013211', 'lNONMMUG017485', 'lNONMMUG017913', 'lNONMMUG020673', 'lNONMMUG023454', 'lNONMMUG026355', 'lNONMMUG029813', 'lNONMMUG030202', 'lNONMMUG033401', 'lNONMMUG034886', 'lNONMMUG038355', 'lNONMMUG039685', 'lNONMMUG041158', 'lNONMMUG041781', 'lNONMMUG045568', 'lNONMMUG045569', 'lNONMMUG045574', 'lENSMUSG00000044471', 'lENSMUSG00000075277', 'lENSMUSG00000078190', 'lENSMUSG00000078247', 'lENSMUSG00000085354', 'lENSMUSG00000085715', 'lENSMUSG00000085873', 'lENSMUSG00000086035', 'lENSMUSG00000086141', 'lENSMUSG00000090063', 'lENSMUSG00000097336', 'lENSMUSG00000097571', 'lENSMUSG00000097767', 'lENSMUSG00000101609', 'lENSMUSG00000106519', 'l9030622O22Rik', 'lDlx6os1', 'lDnm3os', 'lGas5', 'lGm12610', 'lMiat', 'lNeat1', 'lNONMMUG002771', 'lNONMMUG004366', 'lNONMMUG007120', 'lNONMMUG008199', 'lNONMMUG009173', 'lNONMMUG009235', 'lNONMMUG010099', 'lNONMMUG012984', 'lNONMMUG013851', 'lNONMMUG014034', 'lNONMMUG017321', 'lNONMMUG017372', 'lNONMMUG019692', 'lNONMMUG020560', 'lNONMMUG021010', 'lNONMMUG023106', 'lNONMMUG024809', 'lNONMMUG025805', 'lNONMMUG029789', 'lNONMMUG031524', 'lNONMMUG031860', 'lNONMMUG032531', 'lNONMMUG033434', 'lNONMMUG034060', 'lNONMMUG035589', 'lNONMMUG036314', 'lNONMMUG036495', 'lNONMMUG038170', 'lNONMMUG038692', 'lNONMMUG038718', 'lNONMMUG039825', 'lNONMMUG041948', 'lNONMMUG042190', 'lNONMMUG043393', 'lNONMMUG043843', 'lNONMMUG044302', 'lNONMMUG045259', 'lENSMUSG00000085908', 'lENSMUSG00000103692', 'lENSMUSG00000106828', 'lENSMUSG00000107766', 'lGm13291', 'lSnord11', 'lSnord67']","[1.0, 0.0, 0.0, 0.0, 1.0, 1.0, 1.0, 0.0, 1.0, 1.0, 0.0, 1.0, 1.0, 1.0, 1.0, 1.0, 0.0, 1.0, 1.0, 0.0, 0.0, 0.0, 1.0, 0.0, 0.0, 0.0, 1.0, 1.0, 0.0, 0.0, 1.0, 0.0, 1.0, 0.0, 1.0, 0.0, 0.0, 1.0, 0.0, 0.0, 0.0, 1.0, 0.0, 0.0, 1.0, 0.0, 0.0, 1.0, 1.0, 0.0, 0.0, 1.0, 1.0, 1.0, 0.0, 0.0, 0.0, 1.0, 1.0, 0.0, 1.0, 1.0, 1.0, 1.0, 1.0, 1.0, 1.0, 0.0, 0.0, 1.0, 0.0, 0.0, 1.0, 0.0, 1.0, 0.0, 0.0, 1.0, 1.0, 1.0, 1.0, 0.0, 0.0, 0.0, 1.0, 0.0, 0.0]",['lENSMUSG00000098439'],[0.0],[0.0],[0.060111348619992545]
36,"['lNONMMUG000508', 'lNONMMUG002215', 'lNONMMUG002239', 'lNONMMUG009962', 'lNONMMUG013211', 'lNONMMUG017485', 'lNONMMUG017913', 'lNONMMUG020673', 'lNONMMUG023454', 'lNONMMUG026355', 'lNONMMUG029813', 'lNONMMUG030202', 'lNONMMUG033401', 'lNONMMUG034886', 'lNONMMUG038355', 'lNONMMUG039685', 'lNONMMUG041158', 'lNONMMUG041781', 'lNONMMUG045568', 'lNONMMUG045569', 'lNONMMUG045574', 'lENSMUSG00000044471', 'lENSMUSG00000075277', 'lENSMUSG00000078190', 'lENSMUSG00000078247', 'lENSMUSG00000085354', 'lENSMUSG00000085715', 'lENSMUSG00000085873', 'lENSMUSG00000086035', 'lENSMUSG00000086141', 'lENSMUSG00000090063', 'lENSMUSG00000097336', 'lENSMUSG00000097571', 'lENSMUSG00000097767', 'lENSMUSG00000098439', 'lENSMUSG00000106519', 'l9030622O22Rik', 'lDlx6os1', 'lDnm3os', 'lGas5', 'lGm12610', 'lMiat', 'lNeat1', 'lNONMMUG002771', 'lNONMMUG004366', 'lNONMMUG007120', 'lNONMMUG008199', 'lNONMMUG009173', 'lNONMMUG009235', 'lNONMMUG010099', 'lNONMMUG012984', 'lNONMMUG013851', 'lNONMMUG014034', 'lNONMMUG017321', 'lNONMMUG017372', 'lNONMMUG019692', 'lNONMMUG020560', 'lNONMMUG021010', 'lNONMMUG023106', 'lNONMMUG024809', 'lNONMMUG025805', 'lNONMMUG029789', 'lNONMMUG031524', 'lNONMMUG031860', 'lNONMMUG032531', 'lNONMMUG033434', 'lNONMMUG034060', 'lNONMMUG035589', 'lNONMMUG036314', 'lNONMMUG036495', 'lNONMMUG038170', 'lNONMMUG038692', 'lNONMMUG038718', 'lNONMMUG039825', 'lNONMMUG041948', 'lNONMMUG042190', 'lNONMMUG043393', 'lNONMMUG043843', 'lNONMMUG044302', 'lNONMMUG045259', 'lENSMUSG00000085908', 'lENSMUSG00000103692', 'lENSMUSG00000106828', 'lENSMUSG00000107766', 'lGm13291', 'lSnord11', 'lSnord67']","[1.0, 0.0, 0.0, 0.0, 1.0, 1.0, 1.0, 0.0, 1.0, 1.0, 0.0, 1.0, 1.0, 1.0, 1.0, 1.0, 0.0, 1.0, 1.0, 0.0, 0.0, 0.0, 1.0, 0.0, 0.0, 0.0, 1.0, 1.0, 0.0, 0.0, 1.0, 0.0, 1.0, 0.0, 0.0, 0.0, 0.0, 1.0, 0.0, 0.0, 0.0, 1.0, 0.0, 0.0, 1.0, 0.0, 0.0, 1.0, 1.0, 0.0, 0.0, 1.0, 1.0, 1.0, 0.0, 0.0, 0.0, 1.0, 1.0, 0.0, 1.0, 1.0, 1.0, 1.0, 1.0, 1.0, 1.0, 0.0, 0.0, 1.0, 0.0, 0.0, 1.0, 0.0, 1.0, 0.0, 0.0, 1.0, 1.0, 1.0, 1.0, 0.0, 0.0, 0.0, 1.0, 0.0, 0.0]",['lENSMUSG00000101609'],[1.0],[0.0],[0.001178277042886487]
37,"['lNONMMUG000508', 'lNONMMUG002215', 'lNONMMUG002239', 'lNONMMUG009962', 'lNONMMUG013211', 'lNONMMUG017485', 'lNONMMUG017913', 'lNONMMUG020673', 'lNONMMUG023454', 'lNONMMUG026355', 'lNONMMUG029813', 'lNONMMUG030202', 'lNONMMUG033401', 'lNONMMUG034886', 'lNONMMUG038355', 'lNONMMUG039685', 'lNONMMUG041158', 'lNONMMUG041781', 'lNONMMUG045568', 'lNONMMUG045569', 'lNONMMUG045574', 'lENSMUSG00000044471', 'lENSMUSG00000075277', 'lENSMUSG00000078190', 'lENSMUSG00000078247', 'lENSMUSG00000085354', 'lENSMUSG00000085715', 'lENSMUSG00000085873', 'lENSMUSG00000086035', 'lENSMUSG00000086141', 'lENSMUSG00000090063', 'lENSMUSG00000097336', 'lENSMUSG00000097571', 'lENSMUSG00000097767', 'lENSMUSG00000098439', 'lENSMUSG00000101609', 'l9030622O22Rik', 'lDlx6os1', 'lDnm3os', 'lGas5', 'lGm12610', 'lMiat', 'lNeat1', 'lNONMMUG002771', 'lNONMMUG004366', 'lNONMMUG007120', 'lNONMMUG008199', 'lNONMMUG009173', 'lNONMMUG009235', 'lNONMMUG010099', 'lNONMMUG012984', 'lNONMMUG013851', 'lNONMMUG014034', 'lNONMMUG017321', 'lNONMMUG017372', 'lNONMMUG019692', 'lNONMMUG020560', 'lNONMMUG021010', 'lNONMMUG023106', 'lNONMMUG024809', 'lNONMMUG025805', 'lNONMMUG029789', 'lNONMMUG031524', 'lNONMMUG031860', 'lNONMMUG032531', 'lNONMMUG033434', 'lNONMMUG034060', 'lNONMMUG035589', 'lNONMMUG036314', 'lNONMMUG036495', 'lNONMMUG038170', 'lNONMMUG038692', 'lNONMMUG038718', 'lNONMMUG039825', 'lNONMMUG041948', 'lNONMMUG042190', 'lNONMMUG043393', 'lNONMMUG043843', 'lNONMMUG044302', 'lNONMMUG045259', 'lENSMUSG00000085908', 'lENSMUSG00000103692', 'lENSMUSG00000106828', 'lENSMUSG00000107766', 'lGm13291', 'lSnord11', 'lSnord67']","[1.0, 0.0, 0.0, 0.0, 1.0, 1.0, 1.0, 0.0, 1.0, 1.0, 0.0, 1.0, 1.0, 1.0, 1.0, 1.0, 0.0, 1.0, 1.0, 0.0, 0.0, 0.0, 1.0, 0.0, 0.0, 0.0, 1.0, 1.0, 0.0, 0.0, 1.0, 0.0, 1.0, 0.0, 0.0, 1.0, 0.0, 1.0, 0.0, 0.0, 0.0, 1.0, 0.0, 0.0, 1.0, 0.0, 0.0, 1.0, 1.0, 0.0, 0.0, 1.0, 1.0, 1.0, 0.0, 0.0, 0.0, 1.0, 1.0, 0.0, 1.0, 1.0, 1.0, 1.0, 1.0, 1.0, 1.0, 0.0, 0.0, 1.0, 0.0, 0.0, 1.0, 0.0, 1.0, 0.0, 0.0, 1.0, 1.0, 1.0, 1.0, 0.0, 0.0, 0.0, 1.0, 0.0, 0.0]",['lENSMUSG00000106519'],[0.0],[1.0],[0.9912457809379546]
38,"['lNONMMUG000508', 'lNONMMUG002215', 'lNONMMUG002239', 'lNONMMUG009962', 'lNONMMUG013211', 'lNONMMUG017485', 'lNONMMUG017913', 'lNONMMUG020673', 'lNONMMUG023454', 'lNONMMUG026355', 'lNONMMUG029813', 'lNONMMUG030202', 'lNONMMUG033401', 'lNONMMUG034886', 'lNONMMUG038355', 'lNONMMUG039685', 'lNONMMUG041158', 'lNONMMUG041781', 'lNONMMUG045568', 'lNONMMUG045569', 'lNONMMUG045574', 'lENSMUSG00000044471', 'lENSMUSG00000075277', 'lENSMUSG00000078190', 'lENSMUSG00000078247', 'lENSMUSG00000085354', 'lENSMUSG00000085715', 'lENSMUSG00000085873', 'lENSMUSG00000086035', 'lENSMUSG00000086141', 'lENSMUSG00000090063', 'lENSMUSG00000097336', 'lENSMUSG00000097571', 'lENSMUSG00000097767', 'lENSMUSG00000098439', 'lENSMUSG00000101609', 'lENSMUSG00000106519', 'lDlx6os1', 'lDnm3os', 'lGas5', 'lGm12610', 'lMiat', 'lNeat1', 'lNONMMUG002771', 'lNONMMUG004366', 'lNONMMUG007120', 'lNONMMUG008199', 'lNONMMUG009173', 'lNONMMUG009235', 'lNONMMUG010099', 'lNONMMUG012984', 'lNONMMUG013851', 'lNONMMUG014034', 'lNONMMUG017321', 'lNONMMUG017372', 'lNONMMUG019692', 'lNONMMUG020560', 'lNONMMUG021010', 'lNONMMUG023106', 'lNONMMUG024809', 'lNONMMUG025805', 'lNONMMUG029789', 'lNONMMUG031524', 'lNONMMUG031860', 'lNONMMUG032531', 'lNONMMUG033434', 'lNONMMUG034060', 'lNONMMUG035589', 'lNONMMUG036314', 'lNONMMUG036495', 'lNONMMUG038170', 'lNONMMUG038692', 'lNONMMUG038718', 'lNONMMUG039825', 'lNONMMUG041948', 'lNONMMUG042190', 'lNONMMUG043393', 'lNONMMUG043843', 'lNONMMUG044302', 'lNONMMUG045259', 'lENSMUSG00000085908', 'lENSMUSG00000103692', 'lENSMUSG00000106828', 'lENSMUSG00000107766', 'lGm13291', 'lSnord11', 'lSnord67']","[1.0, 0.0, 0.0, 0.0, 1.0, 1.0, 1.0, 0.0, 1.0, 1.0, 0.0, 1.0, 1.0, 1.0, 1.0, 1.0, 0.0, 1.0, 1.0, 0.0, 0.0, 0.0, 1.0, 0.0, 0.0, 0.0, 1.0, 1.0, 0.0, 0.0, 1.0, 0.0, 1.0, 0.0, 0.0, 1.0, 0.0, 1.0, 0.0, 0.0, 0.0, 1.0, 0.0, 0.0, 1.0, 0.0, 0.0, 1.0, 1.0, 0.0, 0.0, 1.0, 1.0, 1.0, 0.0, 0.0, 0.0, 1.0, 1.0, 0.0, 1.0, 1.0, 1.0, 1.0, 1.0, 1.0, 1.0, 0.0, 0.0, 1.0, 0.0, 0.0, 1.0, 0.0, 1.0, 0.0, 0.0, 1.0, 1.0, 1.0, 1.0, 0.0, 0.0, 0.0, 1.0, 0.0, 0.0]",['l9030622O22Rik'],[0.0],[1.0],[0.8733098469530713]
39,"['lNONMMUG000508', 'lNONMMUG002215', 'lNONMMUG002239', 'lNONMMUG009962', 'lNONMMUG013211', 'lNONMMUG017485', 'lNONMMUG017913', 'lNONMMUG020673', 'lNONMMUG023454', 'lNONMMUG026355', 'lNONMMUG029813', 'lNONMMUG030202', 'lNONMMUG033401', 'lNONMMUG034886', 'lNONMMUG038355', 'lNONMMUG039685', 'lNONMMUG041158', 'lNONMMUG041781', 'lNONMMUG045568', 'lNONMMUG045569', 'lNONMMUG045574', 'lENSMUSG00000044471', 'lENSMUSG00000075277', 'lENSMUSG00000078190', 'lENSMUSG00000078247', 'lENSMUSG00000085354', 'lENSMUSG00000085715', 'lENSMUSG00000085873', 'lENSMUSG00000086035', 'lENSMUSG00000086141', 'lENSMUSG00000090063', 'lENSMUSG00000097336', 'lENSMUSG00000097571', 'lENSMUSG00000097767', 'lENSMUSG00000098439', 'lENSMUSG00000101609', 'lENSMUSG00000106519', 'l9030622O22Rik', 'lDnm3os', 'lGas5', 'lGm12610', 'lMiat', 'lNeat1', 'lNONMMUG002771', 'lNONMMUG004366', 'lNONMMUG007120', 'lNONMMUG008199', 'lNONMMUG009173', 'lNONMMUG009235', 'lNONMMUG010099', 'lNONMMUG012984', 'lNONMMUG013851', 'lNONMMUG014034', 'lNONMMUG017321', 'lNONMMUG017372', 'lNONMMUG019692', 'lNONMMUG020560', 'lNONMMUG021010', 'lNONMMUG023106', 'lNONMMUG024809', 'lNONMMUG025805', 'lNONMMUG029789', 'lNONMMUG031524', 'lNONMMUG031860', 'lNONMMUG032531', 'lNONMMUG033434', 'lNONMMUG034060', 'lNONMMUG035589', 'lNONMMUG036314', 'lNONMMUG036495', 'lNONMMUG038170', 'lNONMMUG038692', 'lNONMMUG038718', 'lNONMMUG039825', 'lNONMMUG041948', 'lNONMMUG042190', 'lNONMMUG043393', 'lNONMMUG043843', 'lNONMMUG044302', 'lNONMMUG045259', 'lENSMUSG00000085908', 'lENSMUSG00000103692', 'lENSMUSG00000106828', 'lENSMUSG00000107766', 'lGm13291', 'lSnord11', 'lSnord67']","[1.0, 0.0, 0.0, 0.0, 1.0, 1.0, 1.0, 0.0, 1.0, 1.0, 0.0, 1.0, 1.0, 1.0, 1.0, 1.0, 0.0, 1.0, 1.0, 0.0, 0.0, 0.0, 1.0, 0.0, 0.0, 0.0, 1.0, 1.0, 0.0, 0.0, 1.0, 0.0, 1.0, 0.0, 0.0, 1.0, 0.0, 0.0, 0.0, 0.0, 0.0, 1.0, 0.0, 0.0, 1.0, 0.0, 0.0, 1.0, 1.0, 0.0, 0.0, 1.0, 1.0, 1.0, 0.0, 0.0, 0.0, 1.0, 1.0, 0.0, 1.0, 1.0, 1.0, 1.0, 1.0, 1.0, 1.0, 0.0, 0.0, 1.0, 0.0, 0.0, 1.0, 0.0, 1.0, 0.0, 0.0, 1.0, 1.0, 1.0, 1.0, 0.0, 0.0, 0.0, 1.0, 0.0, 0.0]",['lDlx6os1'],[1.0],[1.0],[0.9420413937936444]
40,"['lNONMMUG000508', 'lNONMMUG002215', 'lNONMMUG002239', 'lNONMMUG009962', 'lNONMMUG013211', 'lNONMMUG017485', 'lNONMMUG017913', 'lNONMMUG020673', 'lNONMMUG023454', 'lNONMMUG026355', 'lNONMMUG029813', 'lNONMMUG030202', 'lNONMMUG033401', 'lNONMMUG034886', 'lNONMMUG038355', 'lNONMMUG039685', 'lNONMMUG041158', 'lNONMMUG041781', 'lNONMMUG045568', 'lNONMMUG045569', 'lNONMMUG045574', 'lENSMUSG00000044471', 'lENSMUSG00000075277', 'lENSMUSG00000078190', 'lENSMUSG00000078247', 'lENSMUSG00000085354', 'lENSMUSG00000085715', 'lENSMUSG00000085873', 'lENSMUSG00000086035', 'lENSMUSG00000086141', 'lENSMUSG00000090063', 'lENSMUSG00000097336', 'lENSMUSG00000097571', 'lENSMUSG00000097767', 'lENSMUSG00000098439', 'lENSMUSG00000101609', 'lENSMUSG00000106519', 'l9030622O22Rik', 'lDlx6os1', 'lGas5', 'lGm12610', 'lMiat', 'lNeat1', 'lNONMMUG002771', 'lNONMMUG004366', 'lNONMMUG007120', 'lNONMMUG008199', 'lNONMMUG009173', 'lNONMMUG009235', 'lNONMMUG010099', 'lNONMMUG012984', 'lNONMMUG013851', 'lNONMMUG014034', 'lNONMMUG017321', 'lNONMMUG017372', 'lNONMMUG019692', 'lNONMMUG020560', 'lNONMMUG021010', 'lNONMMUG023106', 'lNONMMUG024809', 'lNONMMUG025805', 'lNONMMUG029789', 'lNONMMUG031524', 'lNONMMUG031860', 'lNONMMUG032531', 'lNONMMUG033434', 'lNONMMUG034060', 'lNONMMUG035589', 'lNONMMUG036314', 'lNONMMUG036495', 'lNONMMUG038170', 'lNONMMUG038692', 'lNONMMUG038718', 'lNONMMUG039825', 'lNONMMUG041948', 'lNONMMUG042190', 'lNONMMUG043393', 'lNONMMUG043843', 'lNONMMUG044302', 'lNONMMUG045259', 'lENSMUSG00000085908', 'lENSMUSG00000103692', 'lENSMUSG00000106828', 'lENSMUSG00000107766', 'lGm13291', 'lSnord11', 'lSnord67']","[1.0, 0.0, 0.0, 0.0, 1.0, 1.0, 1.0, 0.0, 1.0, 1.0, 0.0, 1.0, 1.0, 1.0, 1.0, 1.0, 0.0, 1.0, 1.0, 0.0, 0.0, 0.0, 1.0, 0.0, 0.0, 0.0, 1.0, 1.0, 0.0, 0.0, 1.0, 0.0, 1.0, 0.0, 0.0, 1.0, 0.0, 0.0, 1.0, 0.0, 0.0, 1.0, 0.0, 0.0, 1.0, 0.0, 0.0, 1.0, 1.0, 0.0, 0.0, 1.0, 1.0, 1.0, 0.0, 0.0, 0.0, 1.0, 1.0, 0.0, 1.0, 1.0, 1.0, 1.0, 1.0, 1.0, 1.0, 0.0, 0.0, 1.0, 0.0, 0.0, 1.0, 0.0, 1.0, 0.0, 0.0, 1.0, 1.0, 1.0, 1.0, 0.0, 0.0, 0.0, 1.0, 0.0, 0.0]",['lDnm3os'],[0.0],[0.0],[0.4509363637121333]
41,"['lNONMMUG000508', 'lNONMMUG002215', 'lNONMMUG002239', 'lNONMMUG009962', 'lNONMMUG013211', 'lNONMMUG017485', 'lNONMMUG017913', 'lNONMMUG020673', 'lNONMMUG023454', 'lNONMMUG026355', 'lNONMMUG029813', 'lNONMMUG030202', 'lNONMMUG033401', 'lNONMMUG034886', 'lNONMMUG038355', 'lNONMMUG039685', 'lNONMMUG041158', 'lNONMMUG041781', 'lNONMMUG045568', 'lNONMMUG045569', 'lNONMMUG045574', 'lENSMUSG00000044471', 'lENSMUSG00000075277', 'lENSMUSG00000078190', 'lENSMUSG00000078247', 'lENSMUSG00000085354', 'lENSMUSG00000085715', 'lENSMUSG00000085873', 'lENSMUSG00000086035', 'lENSMUSG00000086141', 'lENSMUSG00000090063', 'lENSMUSG00000097336', 'lENSMUSG00000097571', 'lENSMUSG00000097767', 'lENSMUSG00000098439', 'lENSMUSG00000101609', 'lENSMUSG00000106519', 'l9030622O22Rik', 'lDlx6os1', 'lDnm3os', 'lGm12610', 'lMiat', 'lNeat1', 'lNONMMUG002771', 'lNONMMUG004366', 'lNONMMUG007120', 'lNONMMUG008199', 'lNONMMUG009173', 'lNONMMUG009235', 'lNONMMUG010099', 'lNONMMUG012984', 'lNONMMUG013851', 'lNONMMUG014034', 'lNONMMUG017321', 'lNONMMUG017372', 'lNONMMUG019692', 'lNONMMUG020560', 'lNONMMUG021010', 'lNONMMUG023106', 'lNONMMUG024809', 'lNONMMUG025805', 'lNONMMUG029789', 'lNONMMUG031524', 'lNONMMUG031860', 'lNONMMUG032531', 'lNONMMUG033434', 'lNONMMUG034060', 'lNONMMUG035589', 'lNONMMUG036314', 'lNONMMUG036495', 'lNONMMUG038170', 'lNONMMUG038692', 'lNONMMUG038718', 'lNONMMUG039825', 'lNONMMUG041948', 'lNONMMUG042190', 'lNONMMUG043393', 'lNONMMUG043843', 'lNONMMUG044302', 'lNONMMUG045259', 'lENSMUSG00000085908', 'lENSMUSG00000103692', 'lENSMUSG00000106828', 'lENSMUSG00000107766', 'lGm13291', 'lSnord11', 'lSnord67']","[1.0, 0.0, 0.0, 0.0, 1.0, 1.0, 1.0, 0.0, 1.0, 1.0, 0.0, 1.0, 1.0, 1.0, 1.0, 1.0, 0.0, 1.0, 1.0, 0.0, 0.0, 0.0, 1.0, 0.0, 0.0, 0.0, 1.0, 1.0, 0.0, 0.0, 1.0, 0.0, 1.0, 0.0, 0.0, 1.0, 0.0, 0.0, 1.0, 0.0, 0.0, 1.0, 0.0, 0.0, 1.0, 0.0, 0.0, 1.0, 1.0, 0.0, 0.0, 1.0, 1.0, 1.0, 0.0, 0.0, 0.0, 1.0, 1.0, 0.0, 1.0, 1.0, 1.0, 1.0, 1.0, 1.0, 1.0, 0.0, 0.0, 1.0, 0.0, 0.0, 1.0, 0.0, 1.0, 0.0, 0.0, 1.0, 1.0, 1.0, 1.0, 0.0, 0.0, 0.0, 1.0, 0.0, 0.0]",['lGas5'],[0.0],[0.0],[3.123504649561696e-08]
42,"['lNONMMUG000508', 'lNONMMUG002215', 'lNONMMUG002239', 'lNONMMUG009962', 'lNONMMUG013211', 'lNONMMUG017485', 'lNONMMUG017913', 'lNONMMUG020673', 'lNONMMUG023454', 'lNONMMUG026355', 'lNONMMUG029813', 'lNONMMUG030202', 'lNONMMUG033401', 'lNONMMUG034886', 'lNONMMUG038355', 'lNONMMUG039685', 'lNONMMUG041158', 'lNONMMUG041781', 'lNONMMUG045568', 'lNONMMUG045569', 'lNONMMUG045574', 'lENSMUSG00000044471', 'lENSMUSG00000075277', 'lENSMUSG00000078190', 'lENSMUSG00000078247', 'lENSMUSG00000085354', 'lENSMUSG00000085715', 'lENSMUSG00000085873', 'lENSMUSG00000086035', 'lENSMUSG00000086141', 'lENSMUSG00000090063', 'lENSMUSG00000097336', 'lENSMUSG00000097571', 'lENSMUSG00000097767', 'lENSMUSG00000098439', 'lENSMUSG00000101609', 'lENSMUSG00000106519', 'l9030622O22Rik', 'lDlx6os1', 'lDnm3os', 'lGas5', 'lMiat', 'lNeat1', 'lNONMMUG002771', 'lNONMMUG004366', 'lNONMMUG007120', 'lNONMMUG008199', 'lNONMMUG009173', 'lNONMMUG009235', 'lNONMMUG010099', 'lNONMMUG012984', 'lNONMMUG013851', 'lNONMMUG014034', 'lNONMMUG017321', 'lNONMMUG017372', 'lNONMMUG019692', 'lNONMMUG020560', 'lNONMMUG021010', 'lNONMMUG023106', 'lNONMMUG024809', 'lNONMMUG025805', 'lNONMMUG029789', 'lNONMMUG031524', 'lNONMMUG031860', 'lNONMMUG032531', 'lNONMMUG033434', 'lNONMMUG034060', 'lNONMMUG035589', 'lNONMMUG036314', 'lNONMMUG036495', 'lNONMMUG038170', 'lNONMMUG038692', 'lNONMMUG038718', 'lNONMMUG039825', 'lNONMMUG041948', 'lNONMMUG042190', 'lNONMMUG043393', 'lNONMMUG043843', 'lNONMMUG044302', 'lNONMMUG045259', 'lENSMUSG00000085908', 'lENSMUSG00000103692', 'lENSMUSG00000106828', 'lENSMUSG00000107766', 'lGm13291', 'lSnord11', 'lSnord67']","[1.0, 0.0, 0.0, 0.0, 1.0, 1.0, 1.0, 0.0, 1.0, 1.0, 0.0, 1.0, 1.0, 1.0, 1.0, 1.0, 0.0, 1.0, 1.0, 0.0, 0.0, 0.0, 1.0, 0.0, 0.0, 0.0, 1.0, 1.0, 0.0, 0.0, 1.0, 0.0, 1.0, 0.0, 0.0, 1.0, 0.0, 0.0, 1.0, 0.0, 0.0, 1.0, 0.0, 0.0, 1.0, 0.0, 0.0, 1.0, 1.0, 0.0, 0.0, 1.0, 1.0, 1.0, 0.0, 0.0, 0.0, 1.0, 1.0, 0.0, 1.0, 1.0, 1.0, 1.0, 1.0, 1.0, 1.0, 0.0, 0.0, 1.0, 0.0, 0.0, 1.0, 0.0, 1.0, 0.0, 0.0, 1.0, 1.0, 1.0, 1.0, 0.0, 0.0, 0.0, 1.0, 0.0, 0.0]",['lGm12610'],[0.0],[0.0],[0.00031674360498484984]
43,"['lNONMMUG000508', 'lNONMMUG002215', 'lNONMMUG002239', 'lNONMMUG009962', 'lNONMMUG013211', 'lNONMMUG017485', 'lNONMMUG017913', 'lNONMMUG020673', 'lNONMMUG023454', 'lNONMMUG026355', 'lNONMMUG029813', 'lNONMMUG030202', 'lNONMMUG033401', 'lNONMMUG034886', 'lNONMMUG038355', 'lNONMMUG039685', 'lNONMMUG041158', 'lNONMMUG041781', 'lNONMMUG045568', 'lNONMMUG045569', 'lNONMMUG045574', 'lENSMUSG00000044471', 'lENSMUSG00000075277', 'lENSMUSG00000078190', 'lENSMUSG00000078247', 'lENSMUSG00000085354', 'lENSMUSG00000085715', 'lENSMUSG00000085873', 'lENSMUSG00000086035', 'lENSMUSG00000086141', 'lENSMUSG00000090063', 'lENSMUSG00000097336', 'lENSMUSG00000097571', 'lENSMUSG00000097767', 'lENSMUSG00000098439', 'lENSMUSG00000101609', 'lENSMUSG00000106519', 'l9030622O22Rik', 'lDlx6os1', 'lDnm3os', 'lGas5', 'lGm12610', 'lNeat1', 'lNONMMUG002771', 'lNONMMUG004366', 'lNONMMUG007120', 'lNONMMUG008199', 'lNONMMUG009173', 'lNONMMUG009235', 'lNONMMUG010099', 'lNONMMUG012984', 'lNONMMUG013851', 'lNONMMUG014034', 'lNONMMUG017321', 'lNONMMUG017372', 'lNONMMUG019692', 'lNONMMUG020560', 'lNONMMUG021010', 'lNONMMUG023106', 'lNONMMUG024809', 'lNONMMUG025805', 'lNONMMUG029789', 'lNONMMUG031524', 'lNONMMUG031860', 'lNONMMUG032531', 'lNONMMUG033434', 'lNONMMUG034060', 'lNONMMUG035589', 'lNONMMUG036314', 'lNONMMUG036495', 'lNONMMUG038170', 'lNONMMUG038692', 'lNONMMUG038718', 'lNONMMUG039825', 'lNONMMUG041948', 'lNONMMUG042190', 'lNONMMUG043393', 'lNONMMUG043843', 'lNONMMUG044302', 'lNONMMUG045259', 'lENSMUSG00000085908', 'lENSMUSG00000103692', 'lENSMUSG00000106828', 'lENSMUSG00000107766', 'lGm13291', 'lSnord11', 'lSnord67']","[1.0, 0.0, 0.0, 0.0, 1.0, 1.0, 1.0, 0.0, 1.0, 1.0, 0.0, 1.0, 1.0, 1.0, 1.0, 1.0, 0.0, 1.0, 1.0, 0.0, 0.0, 0.0, 1.0, 0.0, 0.0, 0.0, 1.0, 1.0, 0.0, 0.0, 1.0, 0.0, 1.0, 0.0, 0.0, 1.0, 0.0, 0.0, 1.0, 0.0, 0.0, 0.0, 0.0, 0.0, 1.0, 0.0, 0.0, 1.0, 1.0, 0.0, 0.0, 1.0, 1.0, 1.0, 0.0, 0.0, 0.0, 1.0, 1.0, 0.0, 1.0, 1.0, 1.0, 1.0, 1.0, 1.0, 1.0, 0.0, 0.0, 1.0, 0.0, 0.0, 1.0, 0.0, 1.0, 0.0, 0.0, 1.0, 1.0, 1.0, 1.0, 0.0, 0.0, 0.0, 1.0, 0.0, 0.0]",['lMiat'],[1.0],[0.0],[0.005888194546175497]
44,"['lNONMMUG000508', 'lNONMMUG002215', 'lNONMMUG002239', 'lNONMMUG009962', 'lNONMMUG013211', 'lNONMMUG017485', 'lNONMMUG017913', 'lNONMMUG020673', 'lNONMMUG023454', 'lNONMMUG026355', 'lNONMMUG029813', 'lNONMMUG030202', 'lNONMMUG033401', 'lNONMMUG034886', 'lNONMMUG038355', 'lNONMMUG039685', 'lNONMMUG041158', 'lNONMMUG041781', 'lNONMMUG045568', 'lNONMMUG045569', 'lNONMMUG045574', 'lENSMUSG00000044471', 'lENSMUSG00000075277', 'lENSMUSG00000078190', 'lENSMUSG00000078247', 'lENSMUSG00000085354', 'lENSMUSG00000085715', 'lENSMUSG00000085873', 'lENSMUSG00000086035', 'lENSMUSG00000086141', 'lENSMUSG00000090063', 'lENSMUSG00000097336', 'lENSMUSG00000097571', 'lENSMUSG00000097767', 'lENSMUSG00000098439', 'lENSMUSG00000101609', 'lENSMUSG00000106519', 'l9030622O22Rik', 'lDlx6os1', 'lDnm3os', 'lGas5', 'lGm12610', 'lMiat', 'lNONMMUG002771', 'lNONMMUG004366', 'lNONMMUG007120', 'lNONMMUG008199', 'lNONMMUG009173', 'lNONMMUG009235', 'lNONMMUG010099', 'lNONMMUG012984', 'lNONMMUG013851', 'lNONMMUG014034', 'lNONMMUG017321', 'lNONMMUG017372', 'lNONMMUG019692', 'lNONMMUG020560', 'lNONMMUG021010', 'lNONMMUG023106', 'lNONMMUG024809', 'lNONMMUG025805', 'lNONMMUG029789', 'lNONMMUG031524', 'lNONMMUG031860', 'lNONMMUG032531', 'lNONMMUG033434', 'lNONMMUG034060', 'lNONMMUG035589', 'lNONMMUG036314', 'lNONMMUG036495', 'lNONMMUG038170', 'lNONMMUG038692', 'lNONMMUG038718', 'lNONMMUG039825', 'lNONMMUG041948', 'lNONMMUG042190', 'lNONMMUG043393', 'lNONMMUG043843', 'lNONMMUG044302', 'lNONMMUG045259', 'lENSMUSG00000085908', 'lENSMUSG00000103692', 'lENSMUSG00000106828', 'lENSMUSG00000107766', 'lGm13291', 'lSnord11', 'lSnord67']","[1.0, 0.0, 0.0, 0.0, 1.0, 1.0, 1.0, 0.0, 1.0, 1.0, 0.0, 1.0, 1.0, 1.0, 1.0, 1.0, 0.0, 1.0, 1.0, 0.0, 0.0, 0.0, 1.0, 0.0, 0.0, 0.0, 1.0, 1.0, 0.0, 0.0, 1.0, 0.0, 1.0, 0.0, 0.0, 1.0, 0.0, 0.0, 1.0, 0.0, 0.0, 0.0, 1.0, 0.0, 1.0, 0.0, 0.0, 1.0, 1.0, 0.0, 0.0, 1.0, 1.0, 1.0, 0.0, 0.0, 0.0, 1.0, 1.0, 0.0, 1.0, 1.0, 1.0, 1.0, 1.0, 1.0, 1.0, 0.0, 0.0, 1.0, 0.0, 0.0, 1.0, 0.0, 1.0, 0.0, 0.0, 1.0, 1.0, 1.0, 1.0, 0.0, 0.0, 0.0, 1.0, 0.0, 0.0]",['lNeat1'],[0.0],[0.0],[0.0012638617696381013]
45,"['lNONMMUG000508', 'lNONMMUG002215', 'lNONMMUG002239', 'lNONMMUG009962', 'lNONMMUG013211', 'lNONMMUG017485', 'lNONMMUG017913', 'lNONMMUG020673', 'lNONMMUG023454', 'lNONMMUG026355', 'lNONMMUG029813', 'lNONMMUG030202', 'lNONMMUG033401', 'lNONMMUG034886', 'lNONMMUG038355', 'lNONMMUG039685', 'lNONMMUG041158', 'lNONMMUG041781', 'lNONMMUG045568', 'lNONMMUG045569', 'lNONMMUG045574', 'lENSMUSG00000044471', 'lENSMUSG00000075277', 'lENSMUSG00000078190', 'lENSMUSG00000078247', 'lENSMUSG00000085354', 'lENSMUSG00000085715', 'lENSMUSG00000085873', 'lENSMUSG00000086035', 'lENSMUSG00000086141', 'lENSMUSG00000090063', 'lENSMUSG00000097336', 'lENSMUSG00000097571', 'lENSMUSG00000097767', 'lENSMUSG00000098439', 'lENSMUSG00000101609', 'lENSMUSG00000106519', 'l9030622O22Rik', 'lDlx6os1', 'lDnm3os', 'lGas5', 'lGm12610', 'lMiat', 'lNeat1', 'lNONMMUG004366', 'lNONMMUG007120', 'lNONMMUG008199', 'lNONMMUG009173', 'lNONMMUG009235', 'lNONMMUG010099', 'lNONMMUG012984', 'lNONMMUG013851', 'lNONMMUG014034', 'lNONMMUG017321', 'lNONMMUG017372', 'lNONMMUG019692', 'lNONMMUG020560', 'lNONMMUG021010', 'lNONMMUG023106', 'lNONMMUG024809', 'lNONMMUG025805', 'lNONMMUG029789', 'lNONMMUG031524', 'lNONMMUG031860', 'lNONMMUG032531', 'lNONMMUG033434', 'lNONMMUG034060', 'lNONMMUG035589', 'lNONMMUG036314', 'lNONMMUG036495', 'lNONMMUG038170', 'lNONMMUG038692', 'lNONMMUG038718', 'lNONMMUG039825', 'lNONMMUG041948', 'lNONMMUG042190', 'lNONMMUG043393', 'lNONMMUG043843', 'lNONMMUG044302', 'lNONMMUG045259', 'lENSMUSG00000085908', 'lENSMUSG00000103692', 'lENSMUSG00000106828', 'lENSMUSG00000107766', 'lGm13291', 'lSnord11', 'lSnord67']","[1.0, 0.0, 0.0, 0.0, 1.0, 1.0, 1.0, 0.0, 1.0, 1.0, 0.0, 1.0, 1.0, 1.0, 1.0, 1.0, 0.0, 1.0, 1.0, 0.0, 0.0, 0.0, 1.0, 0.0, 0.0, 0.0, 1.0, 1.0, 0.0, 0.0, 1.0, 0.0, 1.0, 0.0, 0.0, 1.0, 0.0, 0.0, 1.0, 0.0, 0.0, 0.0, 1.0, 0.0, 1.0, 0.0, 0.0, 1.0, 1.0, 0.0, 0.0, 1.0, 1.0, 1.0, 0.0, 0.0, 0.0, 1.0, 1.0, 0.0, 1.0, 1.0, 1.0, 1.0, 1.0, 1.0, 1.0, 0.0, 0.0, 1.0, 0.0, 0.0, 1.0, 0.0, 1.0, 0.0, 0.0, 1.0, 1.0, 1.0, 1.0, 0.0, 0.0, 0.0, 1.0, 0.0, 0.0]",['lNONMMUG002771'],[0.0],[1.0],[0.9895590415238429]
46,"['lNONMMUG000508', 'lNONMMUG002215', 'lNONMMUG002239', 'lNONMMUG009962', 'lNONMMUG013211', 'lNONMMUG017485', 'lNONMMUG017913', 'lNONMMUG020673', 'lNONMMUG023454', 'lNONMMUG026355', 'lNONMMUG029813', 'lNONMMUG030202', 'lNONMMUG033401', 'lNONMMUG034886', 'lNONMMUG038355', 'lNONMMUG039685', 'lNONMMUG041158', 'lNONMMUG041781', 'lNONMMUG045568', 'lNONMMUG045569', 'lNONMMUG045574', 'lENSMUSG00000044471', 'lENSMUSG00000075277', 'lENSMUSG00000078190', 'lENSMUSG00000078247', 'lENSMUSG00000085354', 'lENSMUSG00000085715', 'lENSMUSG00000085873', 'lENSMUSG00000086035', 'lENSMUSG00000086141', 'lENSMUSG00000090063', 'lENSMUSG00000097336', 'lENSMUSG00000097571', 'lENSMUSG00000097767', 'lENSMUSG00000098439', 'lENSMUSG00000101609', 'lENSMUSG00000106519', 'l9030622O22Rik', 'lDlx6os1', 'lDnm3os', 'lGas5', 'lGm12610', 'lMiat', 'lNeat1', 'lNONMMUG002771', 'lNONMMUG007120', 'lNONMMUG008199', 'lNONMMUG009173', 'lNONMMUG009235', 'lNONMMUG010099', 'lNONMMUG012984', 'lNONMMUG013851', 'lNONMMUG014034', 'lNONMMUG017321', 'lNONMMUG017372', 'lNONMMUG019692', 'lNONMMUG020560', 'lNONMMUG021010', 'lNONMMUG023106', 'lNONMMUG024809', 'lNONMMUG025805', 'lNONMMUG029789', 'lNONMMUG031524', 'lNONMMUG031860', 'lNONMMUG032531', 'lNONMMUG033434', 'lNONMMUG034060', 'lNONMMUG035589', 'lNONMMUG036314', 'lNONMMUG036495', 'lNONMMUG038170', 'lNONMMUG038692', 'lNONMMUG038718', 'lNONMMUG039825', 'lNONMMUG041948', 'lNONMMUG042190', 'lNONMMUG043393', 'lNONMMUG043843', 'lNONMMUG044302', 'lNONMMUG045259', 'lENSMUSG00000085908', 'lENSMUSG00000103692', 'lENSMUSG00000106828', 'lENSMUSG00000107766', 'lGm13291', 'lSnord11', 'lSnord67']","[1.0, 0.0, 0.0, 0.0, 1.0, 1.0, 1.0, 0.0, 1.0, 1.0, 0.0, 1.0, 1.0, 1.0, 1.0, 1.0, 0.0, 1.0, 1.0, 0.0, 0.0, 0.0, 1.0, 0.0, 0.0, 0.0, 1.0, 1.0, 0.0, 0.0, 1.0, 0.0, 1.0, 0.0, 0.0, 1.0, 0.0, 0.0, 1.0, 0.0, 0.0, 0.0, 1.0, 0.0, 0.0, 0.0, 0.0, 1.0, 1.0, 0.0, 0.0, 1.0, 1.0, 1.0, 0.0, 0.0, 0.0, 1.0, 1.0, 0.0, 1.0, 1.0, 1.0, 1.0, 1.0, 1.0, 1.0, 0.0, 0.0, 1.0, 0.0, 0.0, 1.0, 0.0, 1.0, 0.0, 0.0, 1.0, 1.0, 1.0, 1.0, 0.0, 0.0, 0.0, 1.0, 0.0, 0.0]",['lNONMMUG004366'],[1.0],[0.0],[0.004092142982261395]
47,"['lNONMMUG000508', 'lNONMMUG002215', 'lNONMMUG002239', 'lNONMMUG009962', 'lNONMMUG013211', 'lNONMMUG017485', 'lNONMMUG017913', 'lNONMMUG020673', 'lNONMMUG023454', 'lNONMMUG026355', 'lNONMMUG029813', 'lNONMMUG030202', 'lNONMMUG033401', 'lNONMMUG034886', 'lNONMMUG038355', 'lNONMMUG039685', 'lNONMMUG041158', 'lNONMMUG041781', 'lNONMMUG045568', 'lNONMMUG045569', 'lNONMMUG045574', 'lENSMUSG00000044471', 'lENSMUSG00000075277', 'lENSMUSG00000078190', 'lENSMUSG00000078247', 'lENSMUSG00000085354', 'lENSMUSG00000085715', 'lENSMUSG00000085873', 'lENSMUSG00000086035', 'lENSMUSG00000086141', 'lENSMUSG00000090063', 'lENSMUSG00000097336', 'lENSMUSG00000097571', 'lENSMUSG00000097767', 'lENSMUSG00000098439', 'lENSMUSG00000101609', 'lENSMUSG00000106519', 'l9030622O22Rik', 'lDlx6os1', 'lDnm3os', 'lGas5', 'lGm12610', 'lMiat', 'lNeat1', 'lNONMMUG002771', 'lNONMMUG004366', 'lNONMMUG008199', 'lNONMMUG009173', 'lNONMMUG009235', 'lNONMMUG010099', 'lNONMMUG012984', 'lNONMMUG013851', 'lNONMMUG014034', 'lNONMMUG017321', 'lNONMMUG017372', 'lNONMMUG019692', 'lNONMMUG020560', 'lNONMMUG021010', 'lNONMMUG023106', 'lNONMMUG024809', 'lNONMMUG025805', 'lNONMMUG029789', 'lNONMMUG031524', 'lNONMMUG031860', 'lNONMMUG032531', 'lNONMMUG033434', 'lNONMMUG034060', 'lNONMMUG035589', 'lNONMMUG036314', 'lNONMMUG036495', 'lNONMMUG038170', 'lNONMMUG038692', 'lNONMMUG038718', 'lNONMMUG039825', 'lNONMMUG041948', 'lNONMMUG042190', 'lNONMMUG043393', 'lNONMMUG043843', 'lNONMMUG044302', 'lNONMMUG045259', 'lENSMUSG00000085908', 'lENSMUSG00000103692', 'lENSMUSG00000106828', 'lENSMUSG00000107766', 'lGm13291', 'lSnord11', 'lSnord67']","[1.0, 0.0, 0.0, 0.0, 1.0, 1.0, 1.0, 0.0, 1.0, 1.0, 0.0, 1.0, 1.0, 1.0, 1.0, 1.0, 0.0, 1.0, 1.0, 0.0, 0.0, 0.0, 1.0, 0.0, 0.0, 0.0, 1.0, 1.0, 0.0, 0.0, 1.0, 0.0, 1.0, 0.0, 0.0, 1.0, 0.0, 0.0, 1.0, 0.0, 0.0, 0.0, 1.0, 0.0, 0.0, 1.0, 0.0, 1.0, 1.0, 0.0, 0.0, 1.0, 1.0, 1.0, 0.0, 0.0, 0.0, 1.0, 1.0, 0.0, 1.0, 1.0, 1.0, 1.0, 1.0, 1.0, 1.0, 0.0, 0.0, 1.0, 0.0, 0.0, 1.0, 0.0, 1.0, 0.0, 0.0, 1.0, 1.0, 1.0, 1.0, 0.0, 0.0, 0.0, 1.0, 0.0, 0.0]",['lNONMMUG007120'],[0.0],[0.0],[0.45652872931236355]
48,"['lNONMMUG000508', 'lNONMMUG002215', 'lNONMMUG002239', 'lNONMMUG009962', 'lNONMMUG013211', 'lNONMMUG017485', 'lNONMMUG017913', 'lNONMMUG020673', 'lNONMMUG023454', 'lNONMMUG026355', 'lNONMMUG029813', 'lNONMMUG030202', 'lNONMMUG033401', 'lNONMMUG034886', 'lNONMMUG038355', 'lNONMMUG039685', 'lNONMMUG041158', 'lNONMMUG041781', 'lNONMMUG045568', 'lNONMMUG045569', 'lNONMMUG045574', 'lENSMUSG00000044471', 'lENSMUSG00000075277', 'lENSMUSG00000078190', 'lENSMUSG00000078247', 'lENSMUSG00000085354', 'lENSMUSG00000085715', 'lENSMUSG00000085873', 'lENSMUSG00000086035', 'lENSMUSG00000086141', 'lENSMUSG00000090063', 'lENSMUSG00000097336', 'lENSMUSG00000097571', 'lENSMUSG00000097767', 'lENSMUSG00000098439', 'lENSMUSG00000101609', 'lENSMUSG00000106519', 'l9030622O22Rik', 'lDlx6os1', 'lDnm3os', 'lGas5', 'lGm12610', 'lMiat', 'lNeat1', 'lNONMMUG002771', 'lNONMMUG004366', 'lNONMMUG007120', 'lNONMMUG009173', 'lNONMMUG009235', 'lNONMMUG010099', 'lNONMMUG012984', 'lNONMMUG013851', 'lNONMMUG014034', 'lNONMMUG017321', 'lNONMMUG017372', 'lNONMMUG019692', 'lNONMMUG020560', 'lNONMMUG021010', 'lNONMMUG023106', 'lNONMMUG024809', 'lNONMMUG025805', 'lNONMMUG029789', 'lNONMMUG031524', 'lNONMMUG031860', 'lNONMMUG032531', 'lNONMMUG033434', 'lNONMMUG034060', 'lNONMMUG035589', 'lNONMMUG036314', 'lNONMMUG036495', 'lNONMMUG038170', 'lNONMMUG038692', 'lNONMMUG038718', 'lNONMMUG039825', 'lNONMMUG041948', 'lNONMMUG042190', 'lNONMMUG043393', 'lNONMMUG043843', 'lNONMMUG044302', 'lNONMMUG045259', 'lENSMUSG00000085908', 'lENSMUSG00000103692', 'lENSMUSG00000106828', 'lENSMUSG00000107766', 'lGm13291', 'lSnord11', 'lSnord67']","[1.0, 0.0, 0.0, 0.0, 1.0, 1.0, 1.0, 0.0, 1.0, 1.0, 0.0, 1.0, 1.0, 1.0, 1.0, 1.0, 0.0, 1.0, 1.0, 0.0, 0.0, 0.0, 1.0, 0.0, 0.0, 0.0, 1.0, 1.0, 0.0, 0.0, 1.0, 0.0, 1.0, 0.0, 0.0, 1.0, 0.0, 0.0, 1.0, 0.0, 0.0, 0.0, 1.0, 0.0, 0.0, 1.0, 0.0, 1.0, 1.0, 0.0, 0.0, 1.0, 1.0, 1.0, 0.0, 0.0, 0.0, 1.0, 1.0, 0.0, 1.0, 1.0, 1.0, 1.0, 1.0, 1.0, 1.0, 0.0, 0.0, 1.0, 0.0, 0.0, 1.0, 0.0, 1.0, 0.0, 0.0, 1.0, 1.0, 1.0, 1.0, 0.0, 0.0, 0.0, 1.0, 0.0, 0.0]",['lNONMMUG008199'],[0.0],[1.0],[0.9663590233229179]
49,"['lNONMMUG000508', 'lNONMMUG002215', 'lNONMMUG002239', 'lNONMMUG009962', 'lNONMMUG013211', 'lNONMMUG017485', 'lNONMMUG017913', 'lNONMMUG020673', 'lNONMMUG023454', 'lNONMMUG026355', 'lNONMMUG029813', 'lNONMMUG030202', 'lNONMMUG033401', 'lNONMMUG034886', 'lNONMMUG038355', 'lNONMMUG039685', 'lNONMMUG041158', 'lNONMMUG041781', 'lNONMMUG045568', 'lNONMMUG045569', 'lNONMMUG045574', 'lENSMUSG00000044471', 'lENSMUSG00000075277', 'lENSMUSG00000078190', 'lENSMUSG00000078247', 'lENSMUSG00000085354', 'lENSMUSG00000085715', 'lENSMUSG00000085873', 'lENSMUSG00000086035', 'lENSMUSG00000086141', 'lENSMUSG00000090063', 'lENSMUSG00000097336', 'lENSMUSG00000097571', 'lENSMUSG00000097767', 'lENSMUSG00000098439', 'lENSMUSG00000101609', 'lENSMUSG00000106519', 'l9030622O22Rik', 'lDlx6os1', 'lDnm3os', 'lGas5', 'lGm12610', 'lMiat', 'lNeat1', 'lNONMMUG002771', 'lNONMMUG004366', 'lNONMMUG007120', 'lNONMMUG008199', 'lNONMMUG009235', 'lNONMMUG010099', 'lNONMMUG012984', 'lNONMMUG013851', 'lNONMMUG014034', 'lNONMMUG017321', 'lNONMMUG017372', 'lNONMMUG019692', 'lNONMMUG020560', 'lNONMMUG021010', 'lNONMMUG023106', 'lNONMMUG024809', 'lNONMMUG025805', 'lNONMMUG029789', 'lNONMMUG031524', 'lNONMMUG031860', 'lNONMMUG032531', 'lNONMMUG033434', 'lNONMMUG034060', 'lNONMMUG035589', 'lNONMMUG036314', 'lNONMMUG036495', 'lNONMMUG038170', 'lNONMMUG038692', 'lNONMMUG038718', 'lNONMMUG039825', 'lNONMMUG041948', 'lNONMMUG042190', 'lNONMMUG043393', 'lNONMMUG043843', 'lNONMMUG044302', 'lNONMMUG045259', 'lENSMUSG00000085908', 'lENSMUSG00000103692', 'lENSMUSG00000106828', 'lENSMUSG00000107766', 'lGm13291', 'lSnord11', 'lSnord67']","[1.0, 0.0, 0.0, 0.0, 1.0, 1.0, 1.0, 0.0, 1.0, 1.0, 0.0, 1.0, 1.0, 1.0, 1.0, 1.0, 0.0, 1.0, 1.0, 0.0, 0.0, 0.0, 1.0, 0.0, 0.0, 0.0, 1.0, 1.0, 0.0, 0.0, 1.0, 0.0, 1.0, 0.0, 0.0, 1.0, 0.0, 0.0, 1.0, 0.0, 0.0, 0.0, 1.0, 0.0, 0.0, 1.0, 0.0, 0.0, 1.0, 0.0, 0.0, 1.0, 1.0, 1.0, 0.0, 0.0, 0.0, 1.0, 1.0, 0.0, 1.0, 1.0, 1.0, 1.0, 1.0, 1.0, 1.0, 0.0, 0.0, 1.0, 0.0, 0.0, 1.0, 0.0, 1.0, 0.0, 0.0, 1.0, 1.0, 1.0, 1.0, 0.0, 0.0, 0.0, 1.0, 0.0, 0.0]",['lNONMMUG009173'],[1.0],[1.0],[0.9994721718850081]
50,"['lNONMMUG000508', 'lNONMMUG002215', 'lNONMMUG002239', 'lNONMMUG009962', 'lNONMMUG013211', 'lNONMMUG017485', 'lNONMMUG017913', 'lNONMMUG020673', 'lNONMMUG023454', 'lNONMMUG026355', 'lNONMMUG029813', 'lNONMMUG030202', 'lNONMMUG033401', 'lNONMMUG034886', 'lNONMMUG038355', 'lNONMMUG039685', 'lNONMMUG041158', 'lNONMMUG041781', 'lNONMMUG045568', 'lNONMMUG045569', 'lNONMMUG045574', 'lENSMUSG00000044471', 'lENSMUSG00000075277', 'lENSMUSG00000078190', 'lENSMUSG00000078247', 'lENSMUSG00000085354', 'lENSMUSG00000085715', 'lENSMUSG00000085873', 'lENSMUSG00000086035', 'lENSMUSG00000086141', 'lENSMUSG00000090063', 'lENSMUSG00000097336', 'lENSMUSG00000097571', 'lENSMUSG00000097767', 'lENSMUSG00000098439', 'lENSMUSG00000101609', 'lENSMUSG00000106519', 'l9030622O22Rik', 'lDlx6os1', 'lDnm3os', 'lGas5', 'lGm12610', 'lMiat', 'lNeat1', 'lNONMMUG002771', 'lNONMMUG004366', 'lNONMMUG007120', 'lNONMMUG008199', 'lNONMMUG009173', 'lNONMMUG010099', 'lNONMMUG012984', 'lNONMMUG013851', 'lNONMMUG014034', 'lNONMMUG017321', 'lNONMMUG017372', 'lNONMMUG019692', 'lNONMMUG020560', 'lNONMMUG021010', 'lNONMMUG023106', 'lNONMMUG024809', 'lNONMMUG025805', 'lNONMMUG029789', 'lNONMMUG031524', 'lNONMMUG031860', 'lNONMMUG032531', 'lNONMMUG033434', 'lNONMMUG034060', 'lNONMMUG035589', 'lNONMMUG036314', 'lNONMMUG036495', 'lNONMMUG038170', 'lNONMMUG038692', 'lNONMMUG038718', 'lNONMMUG039825', 'lNONMMUG041948', 'lNONMMUG042190', 'lNONMMUG043393', 'lNONMMUG043843', 'lNONMMUG044302', 'lNONMMUG045259', 'lENSMUSG00000085908', 'lENSMUSG00000103692', 'lENSMUSG00000106828', 'lENSMUSG00000107766', 'lGm13291', 'lSnord11', 'lSnord67']","[1.0, 0.0, 0.0, 0.0, 1.0, 1.0, 1.0, 0.0, 1.0, 1.0, 0.0, 1.0, 1.0, 1.0, 1.0, 1.0, 0.0, 1.0, 1.0, 0.0, 0.0, 0.0, 1.0, 0.0, 0.0, 0.0, 1.0, 1.0, 0.0, 0.0, 1.0, 0.0, 1.0, 0.0, 0.0, 1.0, 0.0, 0.0, 1.0, 0.0, 0.0, 0.0, 1.0, 0.0, 0.0, 1.0, 0.0, 0.0, 1.0, 0.0, 0.0, 1.0, 1.0, 1.0, 0.0, 0.0, 0.0, 1.0, 1.0, 0.0, 1.0, 1.0, 1.0, 1.0, 1.0, 1.0, 1.0, 0.0, 0.0, 1.0, 0.0, 0.0, 1.0, 0.0, 1.0, 0.0, 0.0, 1.0, 1.0, 1.0, 1.0, 0.0, 0.0, 0.0, 1.0, 0.0, 0.0]",['lNONMMUG009235'],[1.0],[1.0],[0.9553141301973654]
51,"['lNONMMUG000508', 'lNONMMUG002215', 'lNONMMUG002239', 'lNONMMUG009962', 'lNONMMUG013211', 'lNONMMUG017485', 'lNONMMUG017913', 'lNONMMUG020673', 'lNONMMUG023454', 'lNONMMUG026355', 'lNONMMUG029813', 'lNONMMUG030202', 'lNONMMUG033401', 'lNONMMUG034886', 'lNONMMUG038355', 'lNONMMUG039685', 'lNONMMUG041158', 'lNONMMUG041781', 'lNONMMUG045568', 'lNONMMUG045569', 'lNONMMUG045574', 'lENSMUSG00000044471', 'lENSMUSG00000075277', 'lENSMUSG00000078190', 'lENSMUSG00000078247', 'lENSMUSG00000085354', 'lENSMUSG00000085715', 'lENSMUSG00000085873', 'lENSMUSG00000086035', 'lENSMUSG00000086141', 'lENSMUSG00000090063', 'lENSMUSG00000097336', 'lENSMUSG00000097571', 'lENSMUSG00000097767', 'lENSMUSG00000098439', 'lENSMUSG00000101609', 'lENSMUSG00000106519', 'l9030622O22Rik', 'lDlx6os1', 'lDnm3os', 'lGas5', 'lGm12610', 'lMiat', 'lNeat1', 'lNONMMUG002771', 'lNONMMUG004366', 'lNONMMUG007120', 'lNONMMUG008199', 'lNONMMUG009173', 'lNONMMUG009235', 'lNONMMUG012984', 'lNONMMUG013851', 'lNONMMUG014034', 'lNONMMUG017321', 'lNONMMUG017372', 'lNONMMUG019692', 'lNONMMUG020560', 'lNONMMUG021010', 'lNONMMUG023106', 'lNONMMUG024809', 'lNONMMUG025805', 'lNONMMUG029789', 'lNONMMUG031524', 'lNONMMUG031860', 'lNONMMUG032531', 'lNONMMUG033434', 'lNONMMUG034060', 'lNONMMUG035589', 'lNONMMUG036314', 'lNONMMUG036495', 'lNONMMUG038170', 'lNONMMUG038692', 'lNONMMUG038718', 'lNONMMUG039825', 'lNONMMUG041948', 'lNONMMUG042190', 'lNONMMUG043393', 'lNONMMUG043843', 'lNONMMUG044302', 'lNONMMUG045259', 'lENSMUSG00000085908', 'lENSMUSG00000103692', 'lENSMUSG00000106828', 'lENSMUSG00000107766', 'lGm13291', 'lSnord11', 'lSnord67']","[1.0, 0.0, 0.0, 0.0, 1.0, 1.0, 1.0, 0.0, 1.0, 1.0, 0.0, 1.0, 1.0, 1.0, 1.0, 1.0, 0.0, 1.0, 1.0, 0.0, 0.0, 0.0, 1.0, 0.0, 0.0, 0.0, 1.0, 1.0, 0.0, 0.0, 1.0, 0.0, 1.0, 0.0, 0.0, 1.0, 0.0, 0.0, 1.0, 0.0, 0.0, 0.0, 1.0, 0.0, 0.0, 1.0, 0.0, 0.0, 1.0, 1.0, 0.0, 1.0, 1.0, 1.0, 0.0, 0.0, 0.0, 1.0, 1.0, 0.0, 1.0, 1.0, 1.0, 1.0, 1.0, 1.0, 1.0, 0.0, 0.0, 1.0, 0.0, 0.0, 1.0, 0.0, 1.0, 0.0, 0.0, 1.0, 1.0, 1.0, 1.0, 0.0, 0.0, 0.0, 1.0, 0.0, 0.0]",['lNONMMUG010099'],[0.0],[0.0],[0.0002652508597478039]
52,"['lNONMMUG000508', 'lNONMMUG002215', 'lNONMMUG002239', 'lNONMMUG009962', 'lNONMMUG013211', 'lNONMMUG017485', 'lNONMMUG017913', 'lNONMMUG020673', 'lNONMMUG023454', 'lNONMMUG026355', 'lNONMMUG029813', 'lNONMMUG030202', 'lNONMMUG033401', 'lNONMMUG034886', 'lNONMMUG038355', 'lNONMMUG039685', 'lNONMMUG041158', 'lNONMMUG041781', 'lNONMMUG045568', 'lNONMMUG045569', 'lNONMMUG045574', 'lENSMUSG00000044471', 'lENSMUSG00000075277', 'lENSMUSG00000078190', 'lENSMUSG00000078247', 'lENSMUSG00000085354', 'lENSMUSG00000085715', 'lENSMUSG00000085873', 'lENSMUSG00000086035', 'lENSMUSG00000086141', 'lENSMUSG00000090063', 'lENSMUSG00000097336', 'lENSMUSG00000097571', 'lENSMUSG00000097767', 'lENSMUSG00000098439', 'lENSMUSG00000101609', 'lENSMUSG00000106519', 'l9030622O22Rik', 'lDlx6os1', 'lDnm3os', 'lGas5', 'lGm12610', 'lMiat', 'lNeat1', 'lNONMMUG002771', 'lNONMMUG004366', 'lNONMMUG007120', 'lNONMMUG008199', 'lNONMMUG009173', 'lNONMMUG009235', 'lNONMMUG010099', 'lNONMMUG013851', 'lNONMMUG014034', 'lNONMMUG017321', 'lNONMMUG017372', 'lNONMMUG019692', 'lNONMMUG020560', 'lNONMMUG021010', 'lNONMMUG023106', 'lNONMMUG024809', 'lNONMMUG025805', 'lNONMMUG029789', 'lNONMMUG031524', 'lNONMMUG031860', 'lNONMMUG032531', 'lNONMMUG033434', 'lNONMMUG034060', 'lNONMMUG035589', 'lNONMMUG036314', 'lNONMMUG036495', 'lNONMMUG038170', 'lNONMMUG038692', 'lNONMMUG038718', 'lNONMMUG039825', 'lNONMMUG041948', 'lNONMMUG042190', 'lNONMMUG043393', 'lNONMMUG043843', 'lNONMMUG044302', 'lNONMMUG045259', 'lENSMUSG00000085908', 'lENSMUSG00000103692', 'lENSMUSG00000106828', 'lENSMUSG00000107766', 'lGm13291', 'lSnord11', 'lSnord67']","[1.0, 0.0, 0.0, 0.0, 1.0, 1.0, 1.0, 0.0, 1.0, 1.0, 0.0, 1.0, 1.0, 1.0, 1.0, 1.0, 0.0, 1.0, 1.0, 0.0, 0.0, 0.0, 1.0, 0.0, 0.0, 0.0, 1.0, 1.0, 0.0, 0.0, 1.0, 0.0, 1.0, 0.0, 0.0, 1.0, 0.0, 0.0, 1.0, 0.0, 0.0, 0.0, 1.0, 0.0, 0.0, 1.0, 0.0, 0.0, 1.0, 1.0, 0.0, 1.0, 1.0, 1.0, 0.0, 0.0, 0.0, 1.0, 1.0, 0.0, 1.0, 1.0, 1.0, 1.0, 1.0, 1.0, 1.0, 0.0, 0.0, 1.0, 0.0, 0.0, 1.0, 0.0, 1.0, 0.0, 0.0, 1.0, 1.0, 1.0, 1.0, 0.0, 0.0, 0.0, 1.0, 0.0, 0.0]",['lNONMMUG012984'],[0.0],[0.0],[0.01612541427454059]
53,"['lNONMMUG000508', 'lNONMMUG002215', 'lNONMMUG002239', 'lNONMMUG009962', 'lNONMMUG013211', 'lNONMMUG017485', 'lNONMMUG017913', 'lNONMMUG020673', 'lNONMMUG023454', 'lNONMMUG026355', 'lNONMMUG029813', 'lNONMMUG030202', 'lNONMMUG033401', 'lNONMMUG034886', 'lNONMMUG038355', 'lNONMMUG039685', 'lNONMMUG041158', 'lNONMMUG041781', 'lNONMMUG045568', 'lNONMMUG045569', 'lNONMMUG045574', 'lENSMUSG00000044471', 'lENSMUSG00000075277', 'lENSMUSG00000078190', 'lENSMUSG00000078247', 'lENSMUSG00000085354', 'lENSMUSG00000085715', 'lENSMUSG00000085873', 'lENSMUSG00000086035', 'lENSMUSG00000086141', 'lENSMUSG00000090063', 'lENSMUSG00000097336', 'lENSMUSG00000097571', 'lENSMUSG00000097767', 'lENSMUSG00000098439', 'lENSMUSG00000101609', 'lENSMUSG00000106519', 'l9030622O22Rik', 'lDlx6os1', 'lDnm3os', 'lGas5', 'lGm12610', 'lMiat', 'lNeat1', 'lNONMMUG002771', 'lNONMMUG004366', 'lNONMMUG007120', 'lNONMMUG008199', 'lNONMMUG009173', 'lNONMMUG009235', 'lNONMMUG010099', 'lNONMMUG012984', 'lNONMMUG014034', 'lNONMMUG017321', 'lNONMMUG017372', 'lNONMMUG019692', 'lNONMMUG020560', 'lNONMMUG021010', 'lNONMMUG023106', 'lNONMMUG024809', 'lNONMMUG025805', 'lNONMMUG029789', 'lNONMMUG031524', 'lNONMMUG031860', 'lNONMMUG032531', 'lNONMMUG033434', 'lNONMMUG034060', 'lNONMMUG035589', 'lNONMMUG036314', 'lNONMMUG036495', 'lNONMMUG038170', 'lNONMMUG038692', 'lNONMMUG038718', 'lNONMMUG039825', 'lNONMMUG041948', 'lNONMMUG042190', 'lNONMMUG043393', 'lNONMMUG043843', 'lNONMMUG044302', 'lNONMMUG045259', 'lENSMUSG00000085908', 'lENSMUSG00000103692', 'lENSMUSG00000106828', 'lENSMUSG00000107766', 'lGm13291', 'lSnord11', 'lSnord67']","[1.0, 0.0, 0.0, 0.0, 1.0, 1.0, 1.0, 0.0, 1.0, 1.0, 0.0, 1.0, 1.0, 1.0, 1.0, 1.0, 0.0, 1.0, 1.0, 0.0, 0.0, 0.0, 1.0, 0.0, 0.0, 0.0, 1.0, 1.0, 0.0, 0.0, 1.0, 0.0, 1.0, 0.0, 0.0, 1.0, 0.0, 0.0, 1.0, 0.0, 0.0, 0.0, 1.0, 0.0, 0.0, 1.0, 0.0, 0.0, 1.0, 1.0, 0.0, 0.0, 1.0, 1.0, 0.0, 0.0, 0.0, 1.0, 1.0, 0.0, 1.0, 1.0, 1.0, 1.0, 1.0, 1.0, 1.0, 0.0, 0.0, 1.0, 0.0, 0.0, 1.0, 0.0, 1.0, 0.0, 0.0, 1.0, 1.0, 1.0, 1.0, 0.0, 0.0, 0.0, 1.0, 0.0, 0.0]",['lNONMMUG013851'],[1.0],[1.0],[0.986739660932825]
54,"['lNONMMUG000508', 'lNONMMUG002215', 'lNONMMUG002239', 'lNONMMUG009962', 'lNONMMUG013211', 'lNONMMUG017485', 'lNONMMUG017913', 'lNONMMUG020673', 'lNONMMUG023454', 'lNONMMUG026355', 'lNONMMUG029813', 'lNONMMUG030202', 'lNONMMUG033401', 'lNONMMUG034886', 'lNONMMUG038355', 'lNONMMUG039685', 'lNONMMUG041158', 'lNONMMUG041781', 'lNONMMUG045568', 'lNONMMUG045569', 'lNONMMUG045574', 'lENSMUSG00000044471', 'lENSMUSG00000075277', 'lENSMUSG00000078190', 'lENSMUSG00000078247', 'lENSMUSG00000085354', 'lENSMUSG00000085715', 'lENSMUSG00000085873', 'lENSMUSG00000086035', 'lENSMUSG00000086141', 'lENSMUSG00000090063', 'lENSMUSG00000097336', 'lENSMUSG00000097571', 'lENSMUSG00000097767', 'lENSMUSG00000098439', 'lENSMUSG00000101609', 'lENSMUSG00000106519', 'l9030622O22Rik', 'lDlx6os1', 'lDnm3os', 'lGas5', 'lGm12610', 'lMiat', 'lNeat1', 'lNONMMUG002771', 'lNONMMUG004366', 'lNONMMUG007120', 'lNONMMUG008199', 'lNONMMUG009173', 'lNONMMUG009235', 'lNONMMUG010099', 'lNONMMUG012984', 'lNONMMUG013851', 'lNONMMUG017321', 'lNONMMUG017372', 'lNONMMUG019692', 'lNONMMUG020560', 'lNONMMUG021010', 'lNONMMUG023106', 'lNONMMUG024809', 'lNONMMUG025805', 'lNONMMUG029789', 'lNONMMUG031524', 'lNONMMUG031860', 'lNONMMUG032531', 'lNONMMUG033434', 'lNONMMUG034060', 'lNONMMUG035589', 'lNONMMUG036314', 'lNONMMUG036495', 'lNONMMUG038170', 'lNONMMUG038692', 'lNONMMUG038718', 'lNONMMUG039825', 'lNONMMUG041948', 'lNONMMUG042190', 'lNONMMUG043393', 'lNONMMUG043843', 'lNONMMUG044302', 'lNONMMUG045259', 'lENSMUSG00000085908', 'lENSMUSG00000103692', 'lENSMUSG00000106828', 'lENSMUSG00000107766', 'lGm13291', 'lSnord11', 'lSnord67']","[1.0, 0.0, 0.0, 0.0, 1.0, 1.0, 1.0, 0.0, 1.0, 1.0, 0.0, 1.0, 1.0, 1.0, 1.0, 1.0, 0.0, 1.0, 1.0, 0.0, 0.0, 0.0, 1.0, 0.0, 0.0, 0.0, 1.0, 1.0, 0.0, 0.0, 1.0, 0.0, 1.0, 0.0, 0.0, 1.0, 0.0, 0.0, 1.0, 0.0, 0.0, 0.0, 1.0, 0.0, 0.0, 1.0, 0.0, 0.0, 1.0, 1.0, 0.0, 0.0, 1.0, 1.0, 0.0, 0.0, 0.0, 1.0, 1.0, 0.0, 1.0, 1.0, 1.0, 1.0, 1.0, 1.0, 1.0, 0.0, 0.0, 1.0, 0.0, 0.0, 1.0, 0.0, 1.0, 0.0, 0.0, 1.0, 1.0, 1.0, 1.0, 0.0, 0.0, 0.0, 1.0, 0.0, 0.0]",['lNONMMUG014034'],[1.0],[0.0],[0.021137760173609185]
55,"['lNONMMUG000508', 'lNONMMUG002215', 'lNONMMUG002239', 'lNONMMUG009962', 'lNONMMUG013211', 'lNONMMUG017485', 'lNONMMUG017913', 'lNONMMUG020673', 'lNONMMUG023454', 'lNONMMUG026355', 'lNONMMUG029813', 'lNONMMUG030202', 'lNONMMUG033401', 'lNONMMUG034886', 'lNONMMUG038355', 'lNONMMUG039685', 'lNONMMUG041158', 'lNONMMUG041781', 'lNONMMUG045568', 'lNONMMUG045569', 'lNONMMUG045574', 'lENSMUSG00000044471', 'lENSMUSG00000075277', 'lENSMUSG00000078190', 'lENSMUSG00000078247', 'lENSMUSG00000085354', 'lENSMUSG00000085715', 'lENSMUSG00000085873', 'lENSMUSG00000086035', 'lENSMUSG00000086141', 'lENSMUSG00000090063', 'lENSMUSG00000097336', 'lENSMUSG00000097571', 'lENSMUSG00000097767', 'lENSMUSG00000098439', 'lENSMUSG00000101609', 'lENSMUSG00000106519', 'l9030622O22Rik', 'lDlx6os1', 'lDnm3os', 'lGas5', 'lGm12610', 'lMiat', 'lNeat1', 'lNONMMUG002771', 'lNONMMUG004366', 'lNONMMUG007120', 'lNONMMUG008199', 'lNONMMUG009173', 'lNONMMUG009235', 'lNONMMUG010099', 'lNONMMUG012984', 'lNONMMUG013851', 'lNONMMUG014034', 'lNONMMUG017372', 'lNONMMUG019692', 'lNONMMUG020560', 'lNONMMUG021010', 'lNONMMUG023106', 'lNONMMUG024809', 'lNONMMUG025805', 'lNONMMUG029789', 'lNONMMUG031524', 'lNONMMUG031860', 'lNONMMUG032531', 'lNONMMUG033434', 'lNONMMUG034060', 'lNONMMUG035589', 'lNONMMUG036314', 'lNONMMUG036495', 'lNONMMUG038170', 'lNONMMUG038692', 'lNONMMUG038718', 'lNONMMUG039825', 'lNONMMUG041948', 'lNONMMUG042190', 'lNONMMUG043393', 'lNONMMUG043843', 'lNONMMUG044302', 'lNONMMUG045259', 'lENSMUSG00000085908', 'lENSMUSG00000103692', 'lENSMUSG00000106828', 'lENSMUSG00000107766', 'lGm13291', 'lSnord11', 'lSnord67']","[1.0, 0.0, 0.0, 0.0, 1.0, 1.0, 1.0, 0.0, 1.0, 1.0, 0.0, 1.0, 1.0, 1.0, 1.0, 1.0, 0.0, 1.0, 1.0, 0.0, 0.0, 0.0, 1.0, 0.0, 0.0, 0.0, 1.0, 1.0, 0.0, 0.0, 1.0, 0.0, 1.0, 0.0, 0.0, 1.0, 0.0, 0.0, 1.0, 0.0, 0.0, 0.0, 1.0, 0.0, 0.0, 1.0, 0.0, 0.0, 1.0, 1.0, 0.0, 0.0, 1.0, 1.0, 0.0, 0.0, 0.0, 1.0, 1.0, 0.0, 1.0, 1.0, 1.0, 1.0, 1.0, 1.0, 1.0, 0.0, 0.0, 1.0, 0.0, 0.0, 1.0, 0.0, 1.0, 0.0, 0.0, 1.0, 1.0, 1.0, 1.0, 0.0, 0.0, 0.0, 1.0, 0.0, 0.0]",['lNONMMUG017321'],[1.0],[0.0],[0.08373805729585784]
56,"['lNONMMUG000508', 'lNONMMUG002215', 'lNONMMUG002239', 'lNONMMUG009962', 'lNONMMUG013211', 'lNONMMUG017485', 'lNONMMUG017913', 'lNONMMUG020673', 'lNONMMUG023454', 'lNONMMUG026355', 'lNONMMUG029813', 'lNONMMUG030202', 'lNONMMUG033401', 'lNONMMUG034886', 'lNONMMUG038355', 'lNONMMUG039685', 'lNONMMUG041158', 'lNONMMUG041781', 'lNONMMUG045568', 'lNONMMUG045569', 'lNONMMUG045574', 'lENSMUSG00000044471', 'lENSMUSG00000075277', 'lENSMUSG00000078190', 'lENSMUSG00000078247', 'lENSMUSG00000085354', 'lENSMUSG00000085715', 'lENSMUSG00000085873', 'lENSMUSG00000086035', 'lENSMUSG00000086141', 'lENSMUSG00000090063', 'lENSMUSG00000097336', 'lENSMUSG00000097571', 'lENSMUSG00000097767', 'lENSMUSG00000098439', 'lENSMUSG00000101609', 'lENSMUSG00000106519', 'l9030622O22Rik', 'lDlx6os1', 'lDnm3os', 'lGas5', 'lGm12610', 'lMiat', 'lNeat1', 'lNONMMUG002771', 'lNONMMUG004366', 'lNONMMUG007120', 'lNONMMUG008199', 'lNONMMUG009173', 'lNONMMUG009235', 'lNONMMUG010099', 'lNONMMUG012984', 'lNONMMUG013851', 'lNONMMUG014034', 'lNONMMUG017321', 'lNONMMUG019692', 'lNONMMUG020560', 'lNONMMUG021010', 'lNONMMUG023106', 'lNONMMUG024809', 'lNONMMUG025805', 'lNONMMUG029789', 'lNONMMUG031524', 'lNONMMUG031860', 'lNONMMUG032531', 'lNONMMUG033434', 'lNONMMUG034060', 'lNONMMUG035589', 'lNONMMUG036314', 'lNONMMUG036495', 'lNONMMUG038170', 'lNONMMUG038692', 'lNONMMUG038718', 'lNONMMUG039825', 'lNONMMUG041948', 'lNONMMUG042190', 'lNONMMUG043393', 'lNONMMUG043843', 'lNONMMUG044302', 'lNONMMUG045259', 'lENSMUSG00000085908', 'lENSMUSG00000103692', 'lENSMUSG00000106828', 'lENSMUSG00000107766', 'lGm13291', 'lSnord11', 'lSnord67']","[1.0, 0.0, 0.0, 0.0, 1.0, 1.0, 1.0, 0.0, 1.0, 1.0, 0.0, 1.0, 1.0, 1.0, 1.0, 1.0, 0.0, 1.0, 1.0, 0.0, 0.0, 0.0, 1.0, 0.0, 0.0, 0.0, 1.0, 1.0, 0.0, 0.0, 1.0, 0.0, 1.0, 0.0, 0.0, 1.0, 0.0, 0.0, 1.0, 0.0, 0.0, 0.0, 1.0, 0.0, 0.0, 1.0, 0.0, 0.0, 1.0, 1.0, 0.0, 0.0, 1.0, 1.0, 1.0, 0.0, 0.0, 1.0, 1.0, 0.0, 1.0, 1.0, 1.0, 1.0, 1.0, 1.0, 1.0, 0.0, 0.0, 1.0, 0.0, 0.0, 1.0, 0.0, 1.0, 0.0, 0.0, 1.0, 1.0, 1.0, 1.0, 0.0, 0.0, 0.0, 1.0, 0.0, 0.0]",['lNONMMUG017372'],[0.0],[1.0],[0.9569278152957797]
57,"['lNONMMUG000508', 'lNONMMUG002215', 'lNONMMUG002239', 'lNONMMUG009962', 'lNONMMUG013211', 'lNONMMUG017485', 'lNONMMUG017913', 'lNONMMUG020673', 'lNONMMUG023454', 'lNONMMUG026355', 'lNONMMUG029813', 'lNONMMUG030202', 'lNONMMUG033401', 'lNONMMUG034886', 'lNONMMUG038355', 'lNONMMUG039685', 'lNONMMUG041158', 'lNONMMUG041781', 'lNONMMUG045568', 'lNONMMUG045569', 'lNONMMUG045574', 'lENSMUSG00000044471', 'lENSMUSG00000075277', 'lENSMUSG00000078190', 'lENSMUSG00000078247', 'lENSMUSG00000085354', 'lENSMUSG00000085715', 'lENSMUSG00000085873', 'lENSMUSG00000086035', 'lENSMUSG00000086141', 'lENSMUSG00000090063', 'lENSMUSG00000097336', 'lENSMUSG00000097571', 'lENSMUSG00000097767', 'lENSMUSG00000098439', 'lENSMUSG00000101609', 'lENSMUSG00000106519', 'l9030622O22Rik', 'lDlx6os1', 'lDnm3os', 'lGas5', 'lGm12610', 'lMiat', 'lNeat1', 'lNONMMUG002771', 'lNONMMUG004366', 'lNONMMUG007120', 'lNONMMUG008199', 'lNONMMUG009173', 'lNONMMUG009235', 'lNONMMUG010099', 'lNONMMUG012984', 'lNONMMUG013851', 'lNONMMUG014034', 'lNONMMUG017321', 'lNONMMUG017372', 'lNONMMUG020560', 'lNONMMUG021010', 'lNONMMUG023106', 'lNONMMUG024809', 'lNONMMUG025805', 'lNONMMUG029789', 'lNONMMUG031524', 'lNONMMUG031860', 'lNONMMUG032531', 'lNONMMUG033434', 'lNONMMUG034060', 'lNONMMUG035589', 'lNONMMUG036314', 'lNONMMUG036495', 'lNONMMUG038170', 'lNONMMUG038692', 'lNONMMUG038718', 'lNONMMUG039825', 'lNONMMUG041948', 'lNONMMUG042190', 'lNONMMUG043393', 'lNONMMUG043843', 'lNONMMUG044302', 'lNONMMUG045259', 'lENSMUSG00000085908', 'lENSMUSG00000103692', 'lENSMUSG00000106828', 'lENSMUSG00000107766', 'lGm13291', 'lSnord11', 'lSnord67']","[1.0, 0.0, 0.0, 0.0, 1.0, 1.0, 1.0, 0.0, 1.0, 1.0, 0.0, 1.0, 1.0, 1.0, 1.0, 1.0, 0.0, 1.0, 1.0, 0.0, 0.0, 0.0, 1.0, 0.0, 0.0, 0.0, 1.0, 1.0, 0.0, 0.0, 1.0, 0.0, 1.0, 0.0, 0.0, 1.0, 0.0, 0.0, 1.0, 0.0, 0.0, 0.0, 1.0, 0.0, 0.0, 1.0, 0.0, 0.0, 1.0, 1.0, 0.0, 0.0, 1.0, 1.0, 1.0, 0.0, 0.0, 1.0, 1.0, 0.0, 1.0, 1.0, 1.0, 1.0, 1.0, 1.0, 1.0, 0.0, 0.0, 1.0, 0.0, 0.0, 1.0, 0.0, 1.0, 0.0, 0.0, 1.0, 1.0, 1.0, 1.0, 0.0, 0.0, 0.0, 1.0, 0.0, 0.0]",['lNONMMUG019692'],[0.0],[1.0],[0.952975996551024]
58,"['lNONMMUG000508', 'lNONMMUG002215', 'lNONMMUG002239', 'lNONMMUG009962', 'lNONMMUG013211', 'lNONMMUG017485', 'lNONMMUG017913', 'lNONMMUG020673', 'lNONMMUG023454', 'lNONMMUG026355', 'lNONMMUG029813', 'lNONMMUG030202', 'lNONMMUG033401', 'lNONMMUG034886', 'lNONMMUG038355', 'lNONMMUG039685', 'lNONMMUG041158', 'lNONMMUG041781', 'lNONMMUG045568', 'lNONMMUG045569', 'lNONMMUG045574', 'lENSMUSG00000044471', 'lENSMUSG00000075277', 'lENSMUSG00000078190', 'lENSMUSG00000078247', 'lENSMUSG00000085354', 'lENSMUSG00000085715', 'lENSMUSG00000085873', 'lENSMUSG00000086035', 'lENSMUSG00000086141', 'lENSMUSG00000090063', 'lENSMUSG00000097336', 'lENSMUSG00000097571', 'lENSMUSG00000097767', 'lENSMUSG00000098439', 'lENSMUSG00000101609', 'lENSMUSG00000106519', 'l9030622O22Rik', 'lDlx6os1', 'lDnm3os', 'lGas5', 'lGm12610', 'lMiat', 'lNeat1', 'lNONMMUG002771', 'lNONMMUG004366', 'lNONMMUG007120', 'lNONMMUG008199', 'lNONMMUG009173', 'lNONMMUG009235', 'lNONMMUG010099', 'lNONMMUG012984', 'lNONMMUG013851', 'lNONMMUG014034', 'lNONMMUG017321', 'lNONMMUG017372', 'lNONMMUG019692', 'lNONMMUG021010', 'lNONMMUG023106', 'lNONMMUG024809', 'lNONMMUG025805', 'lNONMMUG029789', 'lNONMMUG031524', 'lNONMMUG031860', 'lNONMMUG032531', 'lNONMMUG033434', 'lNONMMUG034060', 'lNONMMUG035589', 'lNONMMUG036314', 'lNONMMUG036495', 'lNONMMUG038170', 'lNONMMUG038692', 'lNONMMUG038718', 'lNONMMUG039825', 'lNONMMUG041948', 'lNONMMUG042190', 'lNONMMUG043393', 'lNONMMUG043843', 'lNONMMUG044302', 'lNONMMUG045259', 'lENSMUSG00000085908', 'lENSMUSG00000103692', 'lENSMUSG00000106828', 'lENSMUSG00000107766', 'lGm13291', 'lSnord11', 'lSnord67']","[1.0, 0.0, 0.0, 0.0, 1.0, 1.0, 1.0, 0.0, 1.0, 1.0, 0.0, 1.0, 1.0, 1.0, 1.0, 1.0, 0.0, 1.0, 1.0, 0.0, 0.0, 0.0, 1.0, 0.0, 0.0, 0.0, 1.0, 1.0, 0.0, 0.0, 1.0, 0.0, 1.0, 0.0, 0.0, 1.0, 0.0, 0.0, 1.0, 0.0, 0.0, 0.0, 1.0, 0.0, 0.0, 1.0, 0.0, 0.0, 1.0, 1.0, 0.0, 0.0, 1.0, 1.0, 1.0, 0.0, 0.0, 1.0, 1.0, 0.0, 1.0, 1.0, 1.0, 1.0, 1.0, 1.0, 1.0, 0.0, 0.0, 1.0, 0.0, 0.0, 1.0, 0.0, 1.0, 0.0, 0.0, 1.0, 1.0, 1.0, 1.0, 0.0, 0.0, 0.0, 1.0, 0.0, 0.0]",['lNONMMUG020560'],[0.0],[0.0],[0.0005067254028012337]
59,"['lNONMMUG000508', 'lNONMMUG002215', 'lNONMMUG002239', 'lNONMMUG009962', 'lNONMMUG013211', 'lNONMMUG017485', 'lNONMMUG017913', 'lNONMMUG020673', 'lNONMMUG023454', 'lNONMMUG026355', 'lNONMMUG029813', 'lNONMMUG030202', 'lNONMMUG033401', 'lNONMMUG034886', 'lNONMMUG038355', 'lNONMMUG039685', 'lNONMMUG041158', 'lNONMMUG041781', 'lNONMMUG045568', 'lNONMMUG045569', 'lNONMMUG045574', 'lENSMUSG00000044471', 'lENSMUSG00000075277', 'lENSMUSG00000078190', 'lENSMUSG00000078247', 'lENSMUSG00000085354', 'lENSMUSG00000085715', 'lENSMUSG00000085873', 'lENSMUSG00000086035', 'lENSMUSG00000086141', 'lENSMUSG00000090063', 'lENSMUSG00000097336', 'lENSMUSG00000097571', 'lENSMUSG00000097767', 'lENSMUSG00000098439', 'lENSMUSG00000101609', 'lENSMUSG00000106519', 'l9030622O22Rik', 'lDlx6os1', 'lDnm3os', 'lGas5', 'lGm12610', 'lMiat', 'lNeat1', 'lNONMMUG002771', 'lNONMMUG004366', 'lNONMMUG007120', 'lNONMMUG008199', 'lNONMMUG009173', 'lNONMMUG009235', 'lNONMMUG010099', 'lNONMMUG012984', 'lNONMMUG013851', 'lNONMMUG014034', 'lNONMMUG017321', 'lNONMMUG017372', 'lNONMMUG019692', 'lNONMMUG020560', 'lNONMMUG023106', 'lNONMMUG024809', 'lNONMMUG025805', 'lNONMMUG029789', 'lNONMMUG031524', 'lNONMMUG031860', 'lNONMMUG032531', 'lNONMMUG033434', 'lNONMMUG034060', 'lNONMMUG035589', 'lNONMMUG036314', 'lNONMMUG036495', 'lNONMMUG038170', 'lNONMMUG038692', 'lNONMMUG038718', 'lNONMMUG039825', 'lNONMMUG041948', 'lNONMMUG042190', 'lNONMMUG043393', 'lNONMMUG043843', 'lNONMMUG044302', 'lNONMMUG045259', 'lENSMUSG00000085908', 'lENSMUSG00000103692', 'lENSMUSG00000106828', 'lENSMUSG00000107766', 'lGm13291', 'lSnord11', 'lSnord67']","[1.0, 0.0, 0.0, 0.0, 1.0, 1.0, 1.0, 0.0, 1.0, 1.0, 0.0, 1.0, 1.0, 1.0, 1.0, 1.0, 0.0, 1.0, 1.0, 0.0, 0.0, 0.0, 1.0, 0.0, 0.0, 0.0, 1.0, 1.0, 0.0, 0.0, 1.0, 0.0, 1.0, 0.0, 0.0, 1.0, 0.0, 0.0, 1.0, 0.0, 0.0, 0.0, 1.0, 0.0, 0.0, 1.0, 0.0, 0.0, 1.0, 1.0, 0.0, 0.0, 1.0, 1.0, 1.0, 0.0, 0.0, 0.0, 1.0, 0.0, 1.0, 1.0, 1.0, 1.0, 1.0, 1.0, 1.0, 0.0, 0.0, 1.0, 0.0, 0.0, 1.0, 0.0, 1.0, 0.0, 0.0, 1.0, 1.0, 1.0, 1.0, 0.0, 0.0, 0.0, 1.0, 0.0, 0.0]",['lNONMMUG021010'],[1.0],[1.0],[0.964101498995214]
60,"['lNONMMUG000508', 'lNONMMUG002215', 'lNONMMUG002239', 'lNONMMUG009962', 'lNONMMUG013211', 'lNONMMUG017485', 'lNONMMUG017913', 'lNONMMUG020673', 'lNONMMUG023454', 'lNONMMUG026355', 'lNONMMUG029813', 'lNONMMUG030202', 'lNONMMUG033401', 'lNONMMUG034886', 'lNONMMUG038355', 'lNONMMUG039685', 'lNONMMUG041158', 'lNONMMUG041781', 'lNONMMUG045568', 'lNONMMUG045569', 'lNONMMUG045574', 'lENSMUSG00000044471', 'lENSMUSG00000075277', 'lENSMUSG00000078190', 'lENSMUSG00000078247', 'lENSMUSG00000085354', 'lENSMUSG00000085715', 'lENSMUSG00000085873', 'lENSMUSG00000086035', 'lENSMUSG00000086141', 'lENSMUSG00000090063', 'lENSMUSG00000097336', 'lENSMUSG00000097571', 'lENSMUSG00000097767', 'lENSMUSG00000098439', 'lENSMUSG00000101609', 'lENSMUSG00000106519', 'l9030622O22Rik', 'lDlx6os1', 'lDnm3os', 'lGas5', 'lGm12610', 'lMiat', 'lNeat1', 'lNONMMUG002771', 'lNONMMUG004366', 'lNONMMUG007120', 'lNONMMUG008199', 'lNONMMUG009173', 'lNONMMUG009235', 'lNONMMUG010099', 'lNONMMUG012984', 'lNONMMUG013851', 'lNONMMUG014034', 'lNONMMUG017321', 'lNONMMUG017372', 'lNONMMUG019692', 'lNONMMUG020560', 'lNONMMUG021010', 'lNONMMUG024809', 'lNONMMUG025805', 'lNONMMUG029789', 'lNONMMUG031524', 'lNONMMUG031860', 'lNONMMUG032531', 'lNONMMUG033434', 'lNONMMUG034060', 'lNONMMUG035589', 'lNONMMUG036314', 'lNONMMUG036495', 'lNONMMUG038170', 'lNONMMUG038692', 'lNONMMUG038718', 'lNONMMUG039825', 'lNONMMUG041948', 'lNONMMUG042190', 'lNONMMUG043393', 'lNONMMUG043843', 'lNONMMUG044302', 'lNONMMUG045259', 'lENSMUSG00000085908', 'lENSMUSG00000103692', 'lENSMUSG00000106828', 'lENSMUSG00000107766', 'lGm13291', 'lSnord11', 'lSnord67']","[1.0, 0.0, 0.0, 0.0, 1.0, 1.0, 1.0, 0.0, 1.0, 1.0, 0.0, 1.0, 1.0, 1.0, 1.0, 1.0, 0.0, 1.0, 1.0, 0.0, 0.0, 0.0, 1.0, 0.0, 0.0, 0.0, 1.0, 1.0, 0.0, 0.0, 1.0, 0.0, 1.0, 0.0, 0.0, 1.0, 0.0, 0.0, 1.0, 0.0, 0.0, 0.0, 1.0, 0.0, 0.0, 1.0, 0.0, 0.0, 1.0, 1.0, 0.0, 0.0, 1.0, 1.0, 1.0, 0.0, 0.0, 0.0, 1.0, 0.0, 1.0, 1.0, 1.0, 1.0, 1.0, 1.0, 1.0, 0.0, 0.0, 1.0, 0.0, 0.0, 1.0, 0.0, 1.0, 0.0, 0.0, 1.0, 1.0, 1.0, 1.0, 0.0, 0.0, 0.0, 1.0, 0.0, 0.0]",['lNONMMUG023106'],[1.0],[1.0],[0.9999442817496121]
61,"['lNONMMUG000508', 'lNONMMUG002215', 'lNONMMUG002239', 'lNONMMUG009962', 'lNONMMUG013211', 'lNONMMUG017485', 'lNONMMUG017913', 'lNONMMUG020673', 'lNONMMUG023454', 'lNONMMUG026355', 'lNONMMUG029813', 'lNONMMUG030202', 'lNONMMUG033401', 'lNONMMUG034886', 'lNONMMUG038355', 'lNONMMUG039685', 'lNONMMUG041158', 'lNONMMUG041781', 'lNONMMUG045568', 'lNONMMUG045569', 'lNONMMUG045574', 'lENSMUSG00000044471', 'lENSMUSG00000075277', 'lENSMUSG00000078190', 'lENSMUSG00000078247', 'lENSMUSG00000085354', 'lENSMUSG00000085715', 'lENSMUSG00000085873', 'lENSMUSG00000086035', 'lENSMUSG00000086141', 'lENSMUSG00000090063', 'lENSMUSG00000097336', 'lENSMUSG00000097571', 'lENSMUSG00000097767', 'lENSMUSG00000098439', 'lENSMUSG00000101609', 'lENSMUSG00000106519', 'l9030622O22Rik', 'lDlx6os1', 'lDnm3os', 'lGas5', 'lGm12610', 'lMiat', 'lNeat1', 'lNONMMUG002771', 'lNONMMUG004366', 'lNONMMUG007120', 'lNONMMUG008199', 'lNONMMUG009173', 'lNONMMUG009235', 'lNONMMUG010099', 'lNONMMUG012984', 'lNONMMUG013851', 'lNONMMUG014034', 'lNONMMUG017321', 'lNONMMUG017372', 'lNONMMUG019692', 'lNONMMUG020560', 'lNONMMUG021010', 'lNONMMUG023106', 'lNONMMUG025805', 'lNONMMUG029789', 'lNONMMUG031524', 'lNONMMUG031860', 'lNONMMUG032531', 'lNONMMUG033434', 'lNONMMUG034060', 'lNONMMUG035589', 'lNONMMUG036314', 'lNONMMUG036495', 'lNONMMUG038170', 'lNONMMUG038692', 'lNONMMUG038718', 'lNONMMUG039825', 'lNONMMUG041948', 'lNONMMUG042190', 'lNONMMUG043393', 'lNONMMUG043843', 'lNONMMUG044302', 'lNONMMUG045259', 'lENSMUSG00000085908', 'lENSMUSG00000103692', 'lENSMUSG00000106828', 'lENSMUSG00000107766', 'lGm13291', 'lSnord11', 'lSnord67']","[1.0, 0.0, 0.0, 0.0, 1.0, 1.0, 1.0, 0.0, 1.0, 1.0, 0.0, 1.0, 1.0, 1.0, 1.0, 1.0, 0.0, 1.0, 1.0, 0.0, 0.0, 0.0, 1.0, 0.0, 0.0, 0.0, 1.0, 1.0, 0.0, 0.0, 1.0, 0.0, 1.0, 0.0, 0.0, 1.0, 0.0, 0.0, 1.0, 0.0, 0.0, 0.0, 1.0, 0.0, 0.0, 1.0, 0.0, 0.0, 1.0, 1.0, 0.0, 0.0, 1.0, 1.0, 1.0, 0.0, 0.0, 0.0, 1.0, 1.0, 1.0, 1.0, 1.0, 1.0, 1.0, 1.0, 1.0, 0.0, 0.0, 1.0, 0.0, 0.0, 1.0, 0.0, 1.0, 0.0, 0.0, 1.0, 1.0, 1.0, 1.0, 0.0, 0.0, 0.0, 1.0, 0.0, 0.0]",['lNONMMUG024809'],[0.0],[1.0],[0.7128128470025149]
62,"['lNONMMUG000508', 'lNONMMUG002215', 'lNONMMUG002239', 'lNONMMUG009962', 'lNONMMUG013211', 'lNONMMUG017485', 'lNONMMUG017913', 'lNONMMUG020673', 'lNONMMUG023454', 'lNONMMUG026355', 'lNONMMUG029813', 'lNONMMUG030202', 'lNONMMUG033401', 'lNONMMUG034886', 'lNONMMUG038355', 'lNONMMUG039685', 'lNONMMUG041158', 'lNONMMUG041781', 'lNONMMUG045568', 'lNONMMUG045569', 'lNONMMUG045574', 'lENSMUSG00000044471', 'lENSMUSG00000075277', 'lENSMUSG00000078190', 'lENSMUSG00000078247', 'lENSMUSG00000085354', 'lENSMUSG00000085715', 'lENSMUSG00000085873', 'lENSMUSG00000086035', 'lENSMUSG00000086141', 'lENSMUSG00000090063', 'lENSMUSG00000097336', 'lENSMUSG00000097571', 'lENSMUSG00000097767', 'lENSMUSG00000098439', 'lENSMUSG00000101609', 'lENSMUSG00000106519', 'l9030622O22Rik', 'lDlx6os1', 'lDnm3os', 'lGas5', 'lGm12610', 'lMiat', 'lNeat1', 'lNONMMUG002771', 'lNONMMUG004366', 'lNONMMUG007120', 'lNONMMUG008199', 'lNONMMUG009173', 'lNONMMUG009235', 'lNONMMUG010099', 'lNONMMUG012984', 'lNONMMUG013851', 'lNONMMUG014034', 'lNONMMUG017321', 'lNONMMUG017372', 'lNONMMUG019692', 'lNONMMUG020560', 'lNONMMUG021010', 'lNONMMUG023106', 'lNONMMUG024809', 'lNONMMUG029789', 'lNONMMUG031524', 'lNONMMUG031860', 'lNONMMUG032531', 'lNONMMUG033434', 'lNONMMUG034060', 'lNONMMUG035589', 'lNONMMUG036314', 'lNONMMUG036495', 'lNONMMUG038170', 'lNONMMUG038692', 'lNONMMUG038718', 'lNONMMUG039825', 'lNONMMUG041948', 'lNONMMUG042190', 'lNONMMUG043393', 'lNONMMUG043843', 'lNONMMUG044302', 'lNONMMUG045259', 'lENSMUSG00000085908', 'lENSMUSG00000103692', 'lENSMUSG00000106828', 'lENSMUSG00000107766', 'lGm13291', 'lSnord11', 'lSnord67']","[1.0, 0.0, 0.0, 0.0, 1.0, 1.0, 1.0, 0.0, 1.0, 1.0, 0.0, 1.0, 1.0, 1.0, 1.0, 1.0, 0.0, 1.0, 1.0, 0.0, 0.0, 0.0, 1.0, 0.0, 0.0, 0.0, 1.0, 1.0, 0.0, 0.0, 1.0, 0.0, 1.0, 0.0, 0.0, 1.0, 0.0, 0.0, 1.0, 0.0, 0.0, 0.0, 1.0, 0.0, 0.0, 1.0, 0.0, 0.0, 1.0, 1.0, 0.0, 0.0, 1.0, 1.0, 1.0, 0.0, 0.0, 0.0, 1.0, 1.0, 0.0, 1.0, 1.0, 1.0, 1.0, 1.0, 1.0, 0.0, 0.0, 1.0, 0.0, 0.0, 1.0, 0.0, 1.0, 0.0, 0.0, 1.0, 1.0, 1.0, 1.0, 0.0, 0.0, 0.0, 1.0, 0.0, 0.0]",['lNONMMUG025805'],[1.0],[0.0],[0.011851830394226364]
63,"['lNONMMUG000508', 'lNONMMUG002215', 'lNONMMUG002239', 'lNONMMUG009962', 'lNONMMUG013211', 'lNONMMUG017485', 'lNONMMUG017913', 'lNONMMUG020673', 'lNONMMUG023454', 'lNONMMUG026355', 'lNONMMUG029813', 'lNONMMUG030202', 'lNONMMUG033401', 'lNONMMUG034886', 'lNONMMUG038355', 'lNONMMUG039685', 'lNONMMUG041158', 'lNONMMUG041781', 'lNONMMUG045568', 'lNONMMUG045569', 'lNONMMUG045574', 'lENSMUSG00000044471', 'lENSMUSG00000075277', 'lENSMUSG00000078190', 'lENSMUSG00000078247', 'lENSMUSG00000085354', 'lENSMUSG00000085715', 'lENSMUSG00000085873', 'lENSMUSG00000086035', 'lENSMUSG00000086141', 'lENSMUSG00000090063', 'lENSMUSG00000097336', 'lENSMUSG00000097571', 'lENSMUSG00000097767', 'lENSMUSG00000098439', 'lENSMUSG00000101609', 'lENSMUSG00000106519', 'l9030622O22Rik', 'lDlx6os1', 'lDnm3os', 'lGas5', 'lGm12610', 'lMiat', 'lNeat1', 'lNONMMUG002771', 'lNONMMUG004366', 'lNONMMUG007120', 'lNONMMUG008199', 'lNONMMUG009173', 'lNONMMUG009235', 'lNONMMUG010099', 'lNONMMUG012984', 'lNONMMUG013851', 'lNONMMUG014034', 'lNONMMUG017321', 'lNONMMUG017372', 'lNONMMUG019692', 'lNONMMUG020560', 'lNONMMUG021010', 'lNONMMUG023106', 'lNONMMUG024809', 'lNONMMUG025805', 'lNONMMUG031524', 'lNONMMUG031860', 'lNONMMUG032531', 'lNONMMUG033434', 'lNONMMUG034060', 'lNONMMUG035589', 'lNONMMUG036314', 'lNONMMUG036495', 'lNONMMUG038170', 'lNONMMUG038692', 'lNONMMUG038718', 'lNONMMUG039825', 'lNONMMUG041948', 'lNONMMUG042190', 'lNONMMUG043393', 'lNONMMUG043843', 'lNONMMUG044302', 'lNONMMUG045259', 'lENSMUSG00000085908', 'lENSMUSG00000103692', 'lENSMUSG00000106828', 'lENSMUSG00000107766', 'lGm13291', 'lSnord11', 'lSnord67']","[1.0, 0.0, 0.0, 0.0, 1.0, 1.0, 1.0, 0.0, 1.0, 1.0, 0.0, 1.0, 1.0, 1.0, 1.0, 1.0, 0.0, 1.0, 1.0, 0.0, 0.0, 0.0, 1.0, 0.0, 0.0, 0.0, 1.0, 1.0, 0.0, 0.0, 1.0, 0.0, 1.0, 0.0, 0.0, 1.0, 0.0, 0.0, 1.0, 0.0, 0.0, 0.0, 1.0, 0.0, 0.0, 1.0, 0.0, 0.0, 1.0, 1.0, 0.0, 0.0, 1.0, 1.0, 1.0, 0.0, 0.0, 0.0, 1.0, 1.0, 0.0, 1.0, 1.0, 1.0, 1.0, 1.0, 1.0, 0.0, 0.0, 1.0, 0.0, 0.0, 1.0, 0.0, 1.0, 0.0, 0.0, 1.0, 1.0, 1.0, 1.0, 0.0, 0.0, 0.0, 1.0, 0.0, 0.0]",['lNONMMUG029789'],[1.0],[1.0],[0.5376190337012838]
64,"['lNONMMUG000508', 'lNONMMUG002215', 'lNONMMUG002239', 'lNONMMUG009962', 'lNONMMUG013211', 'lNONMMUG017485', 'lNONMMUG017913', 'lNONMMUG020673', 'lNONMMUG023454', 'lNONMMUG026355', 'lNONMMUG029813', 'lNONMMUG030202', 'lNONMMUG033401', 'lNONMMUG034886', 'lNONMMUG038355', 'lNONMMUG039685', 'lNONMMUG041158', 'lNONMMUG041781', 'lNONMMUG045568', 'lNONMMUG045569', 'lNONMMUG045574', 'lENSMUSG00000044471', 'lENSMUSG00000075277', 'lENSMUSG00000078190', 'lENSMUSG00000078247', 'lENSMUSG00000085354', 'lENSMUSG00000085715', 'lENSMUSG00000085873', 'lENSMUSG00000086035', 'lENSMUSG00000086141', 'lENSMUSG00000090063', 'lENSMUSG00000097336', 'lENSMUSG00000097571', 'lENSMUSG00000097767', 'lENSMUSG00000098439', 'lENSMUSG00000101609', 'lENSMUSG00000106519', 'l9030622O22Rik', 'lDlx6os1', 'lDnm3os', 'lGas5', 'lGm12610', 'lMiat', 'lNeat1', 'lNONMMUG002771', 'lNONMMUG004366', 'lNONMMUG007120', 'lNONMMUG008199', 'lNONMMUG009173', 'lNONMMUG009235', 'lNONMMUG010099', 'lNONMMUG012984', 'lNONMMUG013851', 'lNONMMUG014034', 'lNONMMUG017321', 'lNONMMUG017372', 'lNONMMUG019692', 'lNONMMUG020560', 'lNONMMUG021010', 'lNONMMUG023106', 'lNONMMUG024809', 'lNONMMUG025805', 'lNONMMUG029789', 'lNONMMUG031860', 'lNONMMUG032531', 'lNONMMUG033434', 'lNONMMUG034060', 'lNONMMUG035589', 'lNONMMUG036314', 'lNONMMUG036495', 'lNONMMUG038170', 'lNONMMUG038692', 'lNONMMUG038718', 'lNONMMUG039825', 'lNONMMUG041948', 'lNONMMUG042190', 'lNONMMUG043393', 'lNONMMUG043843', 'lNONMMUG044302', 'lNONMMUG045259', 'lENSMUSG00000085908', 'lENSMUSG00000103692', 'lENSMUSG00000106828', 'lENSMUSG00000107766', 'lGm13291', 'lSnord11', 'lSnord67']","[1.0, 0.0, 0.0, 0.0, 1.0, 1.0, 1.0, 0.0, 1.0, 1.0, 0.0, 1.0, 1.0, 1.0, 1.0, 1.0, 0.0, 1.0, 1.0, 0.0, 0.0, 0.0, 1.0, 0.0, 0.0, 0.0, 1.0, 1.0, 0.0, 0.0, 1.0, 0.0, 1.0, 0.0, 0.0, 1.0, 0.0, 0.0, 1.0, 0.0, 0.0, 0.0, 1.0, 0.0, 0.0, 1.0, 0.0, 0.0, 1.0, 1.0, 0.0, 0.0, 1.0, 1.0, 1.0, 0.0, 0.0, 0.0, 1.0, 1.0, 0.0, 1.0, 1.0, 1.0, 1.0, 1.0, 1.0, 0.0, 0.0, 1.0, 0.0, 0.0, 1.0, 0.0, 1.0, 0.0, 0.0, 1.0, 1.0, 1.0, 1.0, 0.0, 0.0, 0.0, 1.0, 0.0, 0.0]",['lNONMMUG031524'],[1.0],[0.0],[0.03748295276592975]
65,"['lNONMMUG000508', 'lNONMMUG002215', 'lNONMMUG002239', 'lNONMMUG009962', 'lNONMMUG013211', 'lNONMMUG017485', 'lNONMMUG017913', 'lNONMMUG020673', 'lNONMMUG023454', 'lNONMMUG026355', 'lNONMMUG029813', 'lNONMMUG030202', 'lNONMMUG033401', 'lNONMMUG034886', 'lNONMMUG038355', 'lNONMMUG039685', 'lNONMMUG041158', 'lNONMMUG041781', 'lNONMMUG045568', 'lNONMMUG045569', 'lNONMMUG045574', 'lENSMUSG00000044471', 'lENSMUSG00000075277', 'lENSMUSG00000078190', 'lENSMUSG00000078247', 'lENSMUSG00000085354', 'lENSMUSG00000085715', 'lENSMUSG00000085873', 'lENSMUSG00000086035', 'lENSMUSG00000086141', 'lENSMUSG00000090063', 'lENSMUSG00000097336', 'lENSMUSG00000097571', 'lENSMUSG00000097767', 'lENSMUSG00000098439', 'lENSMUSG00000101609', 'lENSMUSG00000106519', 'l9030622O22Rik', 'lDlx6os1', 'lDnm3os', 'lGas5', 'lGm12610', 'lMiat', 'lNeat1', 'lNONMMUG002771', 'lNONMMUG004366', 'lNONMMUG007120', 'lNONMMUG008199', 'lNONMMUG009173', 'lNONMMUG009235', 'lNONMMUG010099', 'lNONMMUG012984', 'lNONMMUG013851', 'lNONMMUG014034', 'lNONMMUG017321', 'lNONMMUG017372', 'lNONMMUG019692', 'lNONMMUG020560', 'lNONMMUG021010', 'lNONMMUG023106', 'lNONMMUG024809', 'lNONMMUG025805', 'lNONMMUG029789', 'lNONMMUG031524', 'lNONMMUG032531', 'lNONMMUG033434', 'lNONMMUG034060', 'lNONMMUG035589', 'lNONMMUG036314', 'lNONMMUG036495', 'lNONMMUG038170', 'lNONMMUG038692', 'lNONMMUG038718', 'lNONMMUG039825', 'lNONMMUG041948', 'lNONMMUG042190', 'lNONMMUG043393', 'lNONMMUG043843', 'lNONMMUG044302', 'lNONMMUG045259', 'lENSMUSG00000085908', 'lENSMUSG00000103692', 'lENSMUSG00000106828', 'lENSMUSG00000107766', 'lGm13291', 'lSnord11', 'lSnord67']","[1.0, 0.0, 0.0, 0.0, 1.0, 1.0, 1.0, 0.0, 1.0, 1.0, 0.0, 1.0, 1.0, 1.0, 1.0, 1.0, 0.0, 1.0, 1.0, 0.0, 0.0, 0.0, 1.0, 0.0, 0.0, 0.0, 1.0, 1.0, 0.0, 0.0, 1.0, 0.0, 1.0, 0.0, 0.0, 1.0, 0.0, 0.0, 1.0, 0.0, 0.0, 0.0, 1.0, 0.0, 0.0, 1.0, 0.0, 0.0, 1.0, 1.0, 0.0, 0.0, 1.0, 1.0, 1.0, 0.0, 0.0, 0.0, 1.0, 1.0, 0.0, 1.0, 1.0, 1.0, 1.0, 1.0, 1.0, 0.0, 0.0, 1.0, 0.0, 0.0, 1.0, 0.0, 1.0, 0.0, 0.0, 1.0, 1.0, 1.0, 1.0, 0.0, 0.0, 0.0, 1.0, 0.0, 0.0]",['lNONMMUG031860'],[1.0],[0.0],[0.0028424379749516387]
66,"['lNONMMUG000508', 'lNONMMUG002215', 'lNONMMUG002239', 'lNONMMUG009962', 'lNONMMUG013211', 'lNONMMUG017485', 'lNONMMUG017913', 'lNONMMUG020673', 'lNONMMUG023454', 'lNONMMUG026355', 'lNONMMUG029813', 'lNONMMUG030202', 'lNONMMUG033401', 'lNONMMUG034886', 'lNONMMUG038355', 'lNONMMUG039685', 'lNONMMUG041158', 'lNONMMUG041781', 'lNONMMUG045568', 'lNONMMUG045569', 'lNONMMUG045574', 'lENSMUSG00000044471', 'lENSMUSG00000075277', 'lENSMUSG00000078190', 'lENSMUSG00000078247', 'lENSMUSG00000085354', 'lENSMUSG00000085715', 'lENSMUSG00000085873', 'lENSMUSG00000086035', 'lENSMUSG00000086141', 'lENSMUSG00000090063', 'lENSMUSG00000097336', 'lENSMUSG00000097571', 'lENSMUSG00000097767', 'lENSMUSG00000098439', 'lENSMUSG00000101609', 'lENSMUSG00000106519', 'l9030622O22Rik', 'lDlx6os1', 'lDnm3os', 'lGas5', 'lGm12610', 'lMiat', 'lNeat1', 'lNONMMUG002771', 'lNONMMUG004366', 'lNONMMUG007120', 'lNONMMUG008199', 'lNONMMUG009173', 'lNONMMUG009235', 'lNONMMUG010099', 'lNONMMUG012984', 'lNONMMUG013851', 'lNONMMUG014034', 'lNONMMUG017321', 'lNONMMUG017372', 'lNONMMUG019692', 'lNONMMUG020560', 'lNONMMUG021010', 'lNONMMUG023106', 'lNONMMUG024809', 'lNONMMUG025805', 'lNONMMUG029789', 'lNONMMUG031524', 'lNONMMUG031860', 'lNONMMUG033434', 'lNONMMUG034060', 'lNONMMUG035589', 'lNONMMUG036314', 'lNONMMUG036495', 'lNONMMUG038170', 'lNONMMUG038692', 'lNONMMUG038718', 'lNONMMUG039825', 'lNONMMUG041948', 'lNONMMUG042190', 'lNONMMUG043393', 'lNONMMUG043843', 'lNONMMUG044302', 'lNONMMUG045259', 'lENSMUSG00000085908', 'lENSMUSG00000103692', 'lENSMUSG00000106828', 'lENSMUSG00000107766', 'lGm13291', 'lSnord11', 'lSnord67']","[1.0, 0.0, 0.0, 0.0, 1.0, 1.0, 1.0, 0.0, 1.0, 1.0, 0.0, 1.0, 1.0, 1.0, 1.0, 1.0, 0.0, 1.0, 1.0, 0.0, 0.0, 0.0, 1.0, 0.0, 0.0, 0.0, 1.0, 1.0, 0.0, 0.0, 1.0, 0.0, 1.0, 0.0, 0.0, 1.0, 0.0, 0.0, 1.0, 0.0, 0.0, 0.0, 1.0, 0.0, 0.0, 1.0, 0.0, 0.0, 1.0, 1.0, 0.0, 0.0, 1.0, 1.0, 1.0, 0.0, 0.0, 0.0, 1.0, 1.0, 0.0, 1.0, 1.0, 1.0, 1.0, 1.0, 1.0, 0.0, 0.0, 1.0, 0.0, 0.0, 1.0, 0.0, 1.0, 0.0, 0.0, 1.0, 1.0, 1.0, 1.0, 0.0, 0.0, 0.0, 1.0, 0.0, 0.0]",['lNONMMUG032531'],[1.0],[0.0],[8.541814929572786e-07]
67,"['lNONMMUG000508', 'lNONMMUG002215', 'lNONMMUG002239', 'lNONMMUG009962', 'lNONMMUG013211', 'lNONMMUG017485', 'lNONMMUG017913', 'lNONMMUG020673', 'lNONMMUG023454', 'lNONMMUG026355', 'lNONMMUG029813', 'lNONMMUG030202', 'lNONMMUG033401', 'lNONMMUG034886', 'lNONMMUG038355', 'lNONMMUG039685', 'lNONMMUG041158', 'lNONMMUG041781', 'lNONMMUG045568', 'lNONMMUG045569', 'lNONMMUG045574', 'lENSMUSG00000044471', 'lENSMUSG00000075277', 'lENSMUSG00000078190', 'lENSMUSG00000078247', 'lENSMUSG00000085354', 'lENSMUSG00000085715', 'lENSMUSG00000085873', 'lENSMUSG00000086035', 'lENSMUSG00000086141', 'lENSMUSG00000090063', 'lENSMUSG00000097336', 'lENSMUSG00000097571', 'lENSMUSG00000097767', 'lENSMUSG00000098439', 'lENSMUSG00000101609', 'lENSMUSG00000106519', 'l9030622O22Rik', 'lDlx6os1', 'lDnm3os', 'lGas5', 'lGm12610', 'lMiat', 'lNeat1', 'lNONMMUG002771', 'lNONMMUG004366', 'lNONMMUG007120', 'lNONMMUG008199', 'lNONMMUG009173', 'lNONMMUG009235', 'lNONMMUG010099', 'lNONMMUG012984', 'lNONMMUG013851', 'lNONMMUG014034', 'lNONMMUG017321', 'lNONMMUG017372', 'lNONMMUG019692', 'lNONMMUG020560', 'lNONMMUG021010', 'lNONMMUG023106', 'lNONMMUG024809', 'lNONMMUG025805', 'lNONMMUG029789', 'lNONMMUG031524', 'lNONMMUG031860', 'lNONMMUG032531', 'lNONMMUG034060', 'lNONMMUG035589', 'lNONMMUG036314', 'lNONMMUG036495', 'lNONMMUG038170', 'lNONMMUG038692', 'lNONMMUG038718', 'lNONMMUG039825', 'lNONMMUG041948', 'lNONMMUG042190', 'lNONMMUG043393', 'lNONMMUG043843', 'lNONMMUG044302', 'lNONMMUG045259', 'lENSMUSG00000085908', 'lENSMUSG00000103692', 'lENSMUSG00000106828', 'lENSMUSG00000107766', 'lGm13291', 'lSnord11', 'lSnord67']","[1.0, 0.0, 0.0, 0.0, 1.0, 1.0, 1.0, 0.0, 1.0, 1.0, 0.0, 1.0, 1.0, 1.0, 1.0, 1.0, 0.0, 1.0, 1.0, 0.0, 0.0, 0.0, 1.0, 0.0, 0.0, 0.0, 1.0, 1.0, 0.0, 0.0, 1.0, 0.0, 1.0, 0.0, 0.0, 1.0, 0.0, 0.0, 1.0, 0.0, 0.0, 0.0, 1.0, 0.0, 0.0, 1.0, 0.0, 0.0, 1.0, 1.0, 0.0, 0.0, 1.0, 1.0, 1.0, 0.0, 0.0, 0.0, 1.0, 1.0, 0.0, 1.0, 1.0, 1.0, 1.0, 1.0, 1.0, 0.0, 0.0, 1.0, 0.0, 0.0, 1.0, 0.0, 1.0, 0.0, 0.0, 1.0, 1.0, 1.0, 1.0, 0.0, 0.0, 0.0, 1.0, 0.0, 0.0]",['lNONMMUG033434'],[1.0],[0.0],[0.10041367884526123]
68,"['lNONMMUG000508', 'lNONMMUG002215', 'lNONMMUG002239', 'lNONMMUG009962', 'lNONMMUG013211', 'lNONMMUG017485', 'lNONMMUG017913', 'lNONMMUG020673', 'lNONMMUG023454', 'lNONMMUG026355', 'lNONMMUG029813', 'lNONMMUG030202', 'lNONMMUG033401', 'lNONMMUG034886', 'lNONMMUG038355', 'lNONMMUG039685', 'lNONMMUG041158', 'lNONMMUG041781', 'lNONMMUG045568', 'lNONMMUG045569', 'lNONMMUG045574', 'lENSMUSG00000044471', 'lENSMUSG00000075277', 'lENSMUSG00000078190', 'lENSMUSG00000078247', 'lENSMUSG00000085354', 'lENSMUSG00000085715', 'lENSMUSG00000085873', 'lENSMUSG00000086035', 'lENSMUSG00000086141', 'lENSMUSG00000090063', 'lENSMUSG00000097336', 'lENSMUSG00000097571', 'lENSMUSG00000097767', 'lENSMUSG00000098439', 'lENSMUSG00000101609', 'lENSMUSG00000106519', 'l9030622O22Rik', 'lDlx6os1', 'lDnm3os', 'lGas5', 'lGm12610', 'lMiat', 'lNeat1', 'lNONMMUG002771', 'lNONMMUG004366', 'lNONMMUG007120', 'lNONMMUG008199', 'lNONMMUG009173', 'lNONMMUG009235', 'lNONMMUG010099', 'lNONMMUG012984', 'lNONMMUG013851', 'lNONMMUG014034', 'lNONMMUG017321', 'lNONMMUG017372', 'lNONMMUG019692', 'lNONMMUG020560', 'lNONMMUG021010', 'lNONMMUG023106', 'lNONMMUG024809', 'lNONMMUG025805', 'lNONMMUG029789', 'lNONMMUG031524', 'lNONMMUG031860', 'lNONMMUG032531', 'lNONMMUG033434', 'lNONMMUG035589', 'lNONMMUG036314', 'lNONMMUG036495', 'lNONMMUG038170', 'lNONMMUG038692', 'lNONMMUG038718', 'lNONMMUG039825', 'lNONMMUG041948', 'lNONMMUG042190', 'lNONMMUG043393', 'lNONMMUG043843', 'lNONMMUG044302', 'lNONMMUG045259', 'lENSMUSG00000085908', 'lENSMUSG00000103692', 'lENSMUSG00000106828', 'lENSMUSG00000107766', 'lGm13291', 'lSnord11', 'lSnord67']","[1.0, 0.0, 0.0, 0.0, 1.0, 1.0, 1.0, 0.0, 1.0, 1.0, 0.0, 1.0, 1.0, 1.0, 1.0, 1.0, 0.0, 1.0, 1.0, 0.0, 0.0, 0.0, 1.0, 0.0, 0.0, 0.0, 1.0, 1.0, 0.0, 0.0, 1.0, 0.0, 1.0, 0.0, 0.0, 1.0, 0.0, 0.0, 1.0, 0.0, 0.0, 0.0, 1.0, 0.0, 0.0, 1.0, 0.0, 0.0, 1.0, 1.0, 0.0, 0.0, 1.0, 1.0, 1.0, 0.0, 0.0, 0.0, 1.0, 1.0, 0.0, 1.0, 1.0, 1.0, 1.0, 1.0, 1.0, 0.0, 0.0, 1.0, 0.0, 0.0, 1.0, 0.0, 1.0, 0.0, 0.0, 1.0, 1.0, 1.0, 1.0, 0.0, 0.0, 0.0, 1.0, 0.0, 0.0]",['lNONMMUG034060'],[1.0],[1.0],[0.9648929965553776]
69,"['lNONMMUG000508', 'lNONMMUG002215', 'lNONMMUG002239', 'lNONMMUG009962', 'lNONMMUG013211', 'lNONMMUG017485', 'lNONMMUG017913', 'lNONMMUG020673', 'lNONMMUG023454', 'lNONMMUG026355', 'lNONMMUG029813', 'lNONMMUG030202', 'lNONMMUG033401', 'lNONMMUG034886', 'lNONMMUG038355', 'lNONMMUG039685', 'lNONMMUG041158', 'lNONMMUG041781', 'lNONMMUG045568', 'lNONMMUG045569', 'lNONMMUG045574', 'lENSMUSG00000044471', 'lENSMUSG00000075277', 'lENSMUSG00000078190', 'lENSMUSG00000078247', 'lENSMUSG00000085354', 'lENSMUSG00000085715', 'lENSMUSG00000085873', 'lENSMUSG00000086035', 'lENSMUSG00000086141', 'lENSMUSG00000090063', 'lENSMUSG00000097336', 'lENSMUSG00000097571', 'lENSMUSG00000097767', 'lENSMUSG00000098439', 'lENSMUSG00000101609', 'lENSMUSG00000106519', 'l9030622O22Rik', 'lDlx6os1', 'lDnm3os', 'lGas5', 'lGm12610', 'lMiat', 'lNeat1', 'lNONMMUG002771', 'lNONMMUG004366', 'lNONMMUG007120', 'lNONMMUG008199', 'lNONMMUG009173', 'lNONMMUG009235', 'lNONMMUG010099', 'lNONMMUG012984', 'lNONMMUG013851', 'lNONMMUG014034', 'lNONMMUG017321', 'lNONMMUG017372', 'lNONMMUG019692', 'lNONMMUG020560', 'lNONMMUG021010', 'lNONMMUG023106', 'lNONMMUG024809', 'lNONMMUG025805', 'lNONMMUG029789', 'lNONMMUG031524', 'lNONMMUG031860', 'lNONMMUG032531', 'lNONMMUG033434', 'lNONMMUG034060', 'lNONMMUG036314', 'lNONMMUG036495', 'lNONMMUG038170', 'lNONMMUG038692', 'lNONMMUG038718', 'lNONMMUG039825', 'lNONMMUG041948', 'lNONMMUG042190', 'lNONMMUG043393', 'lNONMMUG043843', 'lNONMMUG044302', 'lNONMMUG045259', 'lENSMUSG00000085908', 'lENSMUSG00000103692', 'lENSMUSG00000106828', 'lENSMUSG00000107766', 'lGm13291', 'lSnord11', 'lSnord67']","[1.0, 0.0, 0.0, 0.0, 1.0, 1.0, 1.0, 0.0, 1.0, 1.0, 0.0, 1.0, 1.0, 1.0, 1.0, 1.0, 0.0, 1.0, 1.0, 0.0, 0.0, 0.0, 1.0, 0.0, 0.0, 0.0, 1.0, 1.0, 0.0, 0.0, 1.0, 0.0, 1.0, 0.0, 0.0, 1.0, 0.0, 0.0, 1.0, 0.0, 0.0, 0.0, 1.0, 0.0, 0.0, 1.0, 0.0, 0.0, 1.0, 1.0, 0.0, 0.0, 1.0, 1.0, 1.0, 0.0, 0.0, 0.0, 1.0, 1.0, 0.0, 1.0, 1.0, 1.0, 1.0, 1.0, 1.0, 1.0, 0.0, 1.0, 0.0, 0.0, 1.0, 0.0, 1.0, 0.0, 0.0, 1.0, 1.0, 1.0, 1.0, 0.0, 0.0, 0.0, 1.0, 0.0, 0.0]",['lNONMMUG035589'],[0.0],[1.0],[0.5090811400698525]
70,"['lNONMMUG000508', 'lNONMMUG002215', 'lNONMMUG002239', 'lNONMMUG009962', 'lNONMMUG013211', 'lNONMMUG017485', 'lNONMMUG017913', 'lNONMMUG020673', 'lNONMMUG023454', 'lNONMMUG026355', 'lNONMMUG029813', 'lNONMMUG030202', 'lNONMMUG033401', 'lNONMMUG034886', 'lNONMMUG038355', 'lNONMMUG039685', 'lNONMMUG041158', 'lNONMMUG041781', 'lNONMMUG045568', 'lNONMMUG045569', 'lNONMMUG045574', 'lENSMUSG00000044471', 'lENSMUSG00000075277', 'lENSMUSG00000078190', 'lENSMUSG00000078247', 'lENSMUSG00000085354', 'lENSMUSG00000085715', 'lENSMUSG00000085873', 'lENSMUSG00000086035', 'lENSMUSG00000086141', 'lENSMUSG00000090063', 'lENSMUSG00000097336', 'lENSMUSG00000097571', 'lENSMUSG00000097767', 'lENSMUSG00000098439', 'lENSMUSG00000101609', 'lENSMUSG00000106519', 'l9030622O22Rik', 'lDlx6os1', 'lDnm3os', 'lGas5', 'lGm12610', 'lMiat', 'lNeat1', 'lNONMMUG002771', 'lNONMMUG004366', 'lNONMMUG007120', 'lNONMMUG008199', 'lNONMMUG009173', 'lNONMMUG009235', 'lNONMMUG010099', 'lNONMMUG012984', 'lNONMMUG013851', 'lNONMMUG014034', 'lNONMMUG017321', 'lNONMMUG017372', 'lNONMMUG019692', 'lNONMMUG020560', 'lNONMMUG021010', 'lNONMMUG023106', 'lNONMMUG024809', 'lNONMMUG025805', 'lNONMMUG029789', 'lNONMMUG031524', 'lNONMMUG031860', 'lNONMMUG032531', 'lNONMMUG033434', 'lNONMMUG034060', 'lNONMMUG035589', 'lNONMMUG036495', 'lNONMMUG038170', 'lNONMMUG038692', 'lNONMMUG038718', 'lNONMMUG039825', 'lNONMMUG041948', 'lNONMMUG042190', 'lNONMMUG043393', 'lNONMMUG043843', 'lNONMMUG044302', 'lNONMMUG045259', 'lENSMUSG00000085908', 'lENSMUSG00000103692', 'lENSMUSG00000106828', 'lENSMUSG00000107766', 'lGm13291', 'lSnord11', 'lSnord67']","[1.0, 0.0, 0.0, 0.0, 1.0, 1.0, 1.0, 0.0, 1.0, 1.0, 0.0, 1.0, 1.0, 1.0, 1.0, 1.0, 0.0, 1.0, 1.0, 0.0, 0.0, 0.0, 1.0, 0.0, 0.0, 0.0, 1.0, 1.0, 0.0, 0.0, 1.0, 0.0, 1.0, 0.0, 0.0, 1.0, 0.0, 0.0, 1.0, 0.0, 0.0, 0.0, 1.0, 0.0, 0.0, 1.0, 0.0, 0.0, 1.0, 1.0, 0.0, 0.0, 1.0, 1.0, 1.0, 0.0, 0.0, 0.0, 1.0, 1.0, 0.0, 1.0, 1.0, 1.0, 1.0, 1.0, 1.0, 1.0, 0.0, 1.0, 0.0, 0.0, 1.0, 0.0, 1.0, 0.0, 0.0, 1.0, 1.0, 1.0, 1.0, 0.0, 0.0, 0.0, 1.0, 0.0, 0.0]",['lNONMMUG036314'],[0.0],[0.0],[6.232102294746628e-11]
71,"['lNONMMUG000508', 'lNONMMUG002215', 'lNONMMUG002239', 'lNONMMUG009962', 'lNONMMUG013211', 'lNONMMUG017485', 'lNONMMUG017913', 'lNONMMUG020673', 'lNONMMUG023454', 'lNONMMUG026355', 'lNONMMUG029813', 'lNONMMUG030202', 'lNONMMUG033401', 'lNONMMUG034886', 'lNONMMUG038355', 'lNONMMUG039685', 'lNONMMUG041158', 'lNONMMUG041781', 'lNONMMUG045568', 'lNONMMUG045569', 'lNONMMUG045574', 'lENSMUSG00000044471', 'lENSMUSG00000075277', 'lENSMUSG00000078190', 'lENSMUSG00000078247', 'lENSMUSG00000085354', 'lENSMUSG00000085715', 'lENSMUSG00000085873', 'lENSMUSG00000086035', 'lENSMUSG00000086141', 'lENSMUSG00000090063', 'lENSMUSG00000097336', 'lENSMUSG00000097571', 'lENSMUSG00000097767', 'lENSMUSG00000098439', 'lENSMUSG00000101609', 'lENSMUSG00000106519', 'l9030622O22Rik', 'lDlx6os1', 'lDnm3os', 'lGas5', 'lGm12610', 'lMiat', 'lNeat1', 'lNONMMUG002771', 'lNONMMUG004366', 'lNONMMUG007120', 'lNONMMUG008199', 'lNONMMUG009173', 'lNONMMUG009235', 'lNONMMUG010099', 'lNONMMUG012984', 'lNONMMUG013851', 'lNONMMUG014034', 'lNONMMUG017321', 'lNONMMUG017372', 'lNONMMUG019692', 'lNONMMUG020560', 'lNONMMUG021010', 'lNONMMUG023106', 'lNONMMUG024809', 'lNONMMUG025805', 'lNONMMUG029789', 'lNONMMUG031524', 'lNONMMUG031860', 'lNONMMUG032531', 'lNONMMUG033434', 'lNONMMUG034060', 'lNONMMUG035589', 'lNONMMUG036314', 'lNONMMUG038170', 'lNONMMUG038692', 'lNONMMUG038718', 'lNONMMUG039825', 'lNONMMUG041948', 'lNONMMUG042190', 'lNONMMUG043393', 'lNONMMUG043843', 'lNONMMUG044302', 'lNONMMUG045259', 'lENSMUSG00000085908', 'lENSMUSG00000103692', 'lENSMUSG00000106828', 'lENSMUSG00000107766', 'lGm13291', 'lSnord11', 'lSnord67']","[1.0, 0.0, 0.0, 0.0, 1.0, 1.0, 1.0, 0.0, 1.0, 1.0, 0.0, 1.0, 1.0, 1.0, 1.0, 1.0, 0.0, 1.0, 1.0, 0.0, 0.0, 0.0, 1.0, 0.0, 0.0, 0.0, 1.0, 1.0, 0.0, 0.0, 1.0, 0.0, 1.0, 0.0, 0.0, 1.0, 0.0, 0.0, 1.0, 0.0, 0.0, 0.0, 1.0, 0.0, 0.0, 1.0, 0.0, 0.0, 1.0, 1.0, 0.0, 0.0, 1.0, 1.0, 1.0, 0.0, 0.0, 0.0, 1.0, 1.0, 0.0, 1.0, 1.0, 1.0, 1.0, 1.0, 1.0, 1.0, 0.0, 0.0, 0.0, 0.0, 1.0, 0.0, 1.0, 0.0, 0.0, 1.0, 1.0, 1.0, 1.0, 0.0, 0.0, 0.0, 1.0, 0.0, 0.0]",['lNONMMUG036495'],[1.0],[0.0],[0.003361062514286083]
72,"['lNONMMUG000508', 'lNONMMUG002215', 'lNONMMUG002239', 'lNONMMUG009962', 'lNONMMUG013211', 'lNONMMUG017485', 'lNONMMUG017913', 'lNONMMUG020673', 'lNONMMUG023454', 'lNONMMUG026355', 'lNONMMUG029813', 'lNONMMUG030202', 'lNONMMUG033401', 'lNONMMUG034886', 'lNONMMUG038355', 'lNONMMUG039685', 'lNONMMUG041158', 'lNONMMUG041781', 'lNONMMUG045568', 'lNONMMUG045569', 'lNONMMUG045574', 'lENSMUSG00000044471', 'lENSMUSG00000075277', 'lENSMUSG00000078190', 'lENSMUSG00000078247', 'lENSMUSG00000085354', 'lENSMUSG00000085715', 'lENSMUSG00000085873', 'lENSMUSG00000086035', 'lENSMUSG00000086141', 'lENSMUSG00000090063', 'lENSMUSG00000097336', 'lENSMUSG00000097571', 'lENSMUSG00000097767', 'lENSMUSG00000098439', 'lENSMUSG00000101609', 'lENSMUSG00000106519', 'l9030622O22Rik', 'lDlx6os1', 'lDnm3os', 'lGas5', 'lGm12610', 'lMiat', 'lNeat1', 'lNONMMUG002771', 'lNONMMUG004366', 'lNONMMUG007120', 'lNONMMUG008199', 'lNONMMUG009173', 'lNONMMUG009235', 'lNONMMUG010099', 'lNONMMUG012984', 'lNONMMUG013851', 'lNONMMUG014034', 'lNONMMUG017321', 'lNONMMUG017372', 'lNONMMUG019692', 'lNONMMUG020560', 'lNONMMUG021010', 'lNONMMUG023106', 'lNONMMUG024809', 'lNONMMUG025805', 'lNONMMUG029789', 'lNONMMUG031524', 'lNONMMUG031860', 'lNONMMUG032531', 'lNONMMUG033434', 'lNONMMUG034060', 'lNONMMUG035589', 'lNONMMUG036314', 'lNONMMUG036495', 'lNONMMUG038692', 'lNONMMUG038718', 'lNONMMUG039825', 'lNONMMUG041948', 'lNONMMUG042190', 'lNONMMUG043393', 'lNONMMUG043843', 'lNONMMUG044302', 'lNONMMUG045259', 'lENSMUSG00000085908', 'lENSMUSG00000103692', 'lENSMUSG00000106828', 'lENSMUSG00000107766', 'lGm13291', 'lSnord11', 'lSnord67']","[1.0, 0.0, 0.0, 0.0, 1.0, 1.0, 1.0, 0.0, 1.0, 1.0, 0.0, 1.0, 1.0, 1.0, 1.0, 1.0, 0.0, 1.0, 1.0, 0.0, 0.0, 0.0, 1.0, 0.0, 0.0, 0.0, 1.0, 1.0, 0.0, 0.0, 1.0, 0.0, 1.0, 0.0, 0.0, 1.0, 0.0, 0.0, 1.0, 0.0, 0.0, 0.0, 1.0, 0.0, 0.0, 1.0, 0.0, 0.0, 1.0, 1.0, 0.0, 0.0, 1.0, 1.0, 1.0, 0.0, 0.0, 0.0, 1.0, 1.0, 0.0, 1.0, 1.0, 1.0, 1.0, 1.0, 1.0, 1.0, 0.0, 0.0, 1.0, 0.0, 1.0, 0.0, 1.0, 0.0, 0.0, 1.0, 1.0, 1.0, 1.0, 0.0, 0.0, 0.0, 1.0, 0.0, 0.0]",['lNONMMUG038170'],[0.0],[1.0],[0.9359675221656932]
73,"['lNONMMUG000508', 'lNONMMUG002215', 'lNONMMUG002239', 'lNONMMUG009962', 'lNONMMUG013211', 'lNONMMUG017485', 'lNONMMUG017913', 'lNONMMUG020673', 'lNONMMUG023454', 'lNONMMUG026355', 'lNONMMUG029813', 'lNONMMUG030202', 'lNONMMUG033401', 'lNONMMUG034886', 'lNONMMUG038355', 'lNONMMUG039685', 'lNONMMUG041158', 'lNONMMUG041781', 'lNONMMUG045568', 'lNONMMUG045569', 'lNONMMUG045574', 'lENSMUSG00000044471', 'lENSMUSG00000075277', 'lENSMUSG00000078190', 'lENSMUSG00000078247', 'lENSMUSG00000085354', 'lENSMUSG00000085715', 'lENSMUSG00000085873', 'lENSMUSG00000086035', 'lENSMUSG00000086141', 'lENSMUSG00000090063', 'lENSMUSG00000097336', 'lENSMUSG00000097571', 'lENSMUSG00000097767', 'lENSMUSG00000098439', 'lENSMUSG00000101609', 'lENSMUSG00000106519', 'l9030622O22Rik', 'lDlx6os1', 'lDnm3os', 'lGas5', 'lGm12610', 'lMiat', 'lNeat1', 'lNONMMUG002771', 'lNONMMUG004366', 'lNONMMUG007120', 'lNONMMUG008199', 'lNONMMUG009173', 'lNONMMUG009235', 'lNONMMUG010099', 'lNONMMUG012984', 'lNONMMUG013851', 'lNONMMUG014034', 'lNONMMUG017321', 'lNONMMUG017372', 'lNONMMUG019692', 'lNONMMUG020560', 'lNONMMUG021010', 'lNONMMUG023106', 'lNONMMUG024809', 'lNONMMUG025805', 'lNONMMUG029789', 'lNONMMUG031524', 'lNONMMUG031860', 'lNONMMUG032531', 'lNONMMUG033434', 'lNONMMUG034060', 'lNONMMUG035589', 'lNONMMUG036314', 'lNONMMUG036495', 'lNONMMUG038170', 'lNONMMUG038718', 'lNONMMUG039825', 'lNONMMUG041948', 'lNONMMUG042190', 'lNONMMUG043393', 'lNONMMUG043843', 'lNONMMUG044302', 'lNONMMUG045259', 'lENSMUSG00000085908', 'lENSMUSG00000103692', 'lENSMUSG00000106828', 'lENSMUSG00000107766', 'lGm13291', 'lSnord11', 'lSnord67']","[1.0, 0.0, 0.0, 0.0, 1.0, 1.0, 1.0, 0.0, 1.0, 1.0, 0.0, 1.0, 1.0, 1.0, 1.0, 1.0, 0.0, 1.0, 1.0, 0.0, 0.0, 0.0, 1.0, 0.0, 0.0, 0.0, 1.0, 1.0, 0.0, 0.0, 1.0, 0.0, 1.0, 0.0, 0.0, 1.0, 0.0, 0.0, 1.0, 0.0, 0.0, 0.0, 1.0, 0.0, 0.0, 1.0, 0.0, 0.0, 1.0, 1.0, 0.0, 0.0, 1.0, 1.0, 1.0, 0.0, 0.0, 0.0, 1.0, 1.0, 0.0, 1.0, 1.0, 1.0, 1.0, 1.0, 1.0, 1.0, 0.0, 0.0, 1.0, 0.0, 1.0, 0.0, 1.0, 0.0, 0.0, 1.0, 1.0, 1.0, 1.0, 0.0, 0.0, 0.0, 1.0, 0.0, 0.0]",['lNONMMUG038692'],[0.0],[1.0],[0.9874874128015991]
74,"['lNONMMUG000508', 'lNONMMUG002215', 'lNONMMUG002239', 'lNONMMUG009962', 'lNONMMUG013211', 'lNONMMUG017485', 'lNONMMUG017913', 'lNONMMUG020673', 'lNONMMUG023454', 'lNONMMUG026355', 'lNONMMUG029813', 'lNONMMUG030202', 'lNONMMUG033401', 'lNONMMUG034886', 'lNONMMUG038355', 'lNONMMUG039685', 'lNONMMUG041158', 'lNONMMUG041781', 'lNONMMUG045568', 'lNONMMUG045569', 'lNONMMUG045574', 'lENSMUSG00000044471', 'lENSMUSG00000075277', 'lENSMUSG00000078190', 'lENSMUSG00000078247', 'lENSMUSG00000085354', 'lENSMUSG00000085715', 'lENSMUSG00000085873', 'lENSMUSG00000086035', 'lENSMUSG00000086141', 'lENSMUSG00000090063', 'lENSMUSG00000097336', 'lENSMUSG00000097571', 'lENSMUSG00000097767', 'lENSMUSG00000098439', 'lENSMUSG00000101609', 'lENSMUSG00000106519', 'l9030622O22Rik', 'lDlx6os1', 'lDnm3os', 'lGas5', 'lGm12610', 'lMiat', 'lNeat1', 'lNONMMUG002771', 'lNONMMUG004366', 'lNONMMUG007120', 'lNONMMUG008199', 'lNONMMUG009173', 'lNONMMUG009235', 'lNONMMUG010099', 'lNONMMUG012984', 'lNONMMUG013851', 'lNONMMUG014034', 'lNONMMUG017321', 'lNONMMUG017372', 'lNONMMUG019692', 'lNONMMUG020560', 'lNONMMUG021010', 'lNONMMUG023106', 'lNONMMUG024809', 'lNONMMUG025805', 'lNONMMUG029789', 'lNONMMUG031524', 'lNONMMUG031860', 'lNONMMUG032531', 'lNONMMUG033434', 'lNONMMUG034060', 'lNONMMUG035589', 'lNONMMUG036314', 'lNONMMUG036495', 'lNONMMUG038170', 'lNONMMUG038692', 'lNONMMUG039825', 'lNONMMUG041948', 'lNONMMUG042190', 'lNONMMUG043393', 'lNONMMUG043843', 'lNONMMUG044302', 'lNONMMUG045259', 'lENSMUSG00000085908', 'lENSMUSG00000103692', 'lENSMUSG00000106828', 'lENSMUSG00000107766', 'lGm13291', 'lSnord11', 'lSnord67']","[1.0, 0.0, 0.0, 0.0, 1.0, 1.0, 1.0, 0.0, 1.0, 1.0, 0.0, 1.0, 1.0, 1.0, 1.0, 1.0, 0.0, 1.0, 1.0, 0.0, 0.0, 0.0, 1.0, 0.0, 0.0, 0.0, 1.0, 1.0, 0.0, 0.0, 1.0, 0.0, 1.0, 0.0, 0.0, 1.0, 0.0, 0.0, 1.0, 0.0, 0.0, 0.0, 1.0, 0.0, 0.0, 1.0, 0.0, 0.0, 1.0, 1.0, 0.0, 0.0, 1.0, 1.0, 1.0, 0.0, 0.0, 0.0, 1.0, 1.0, 0.0, 1.0, 1.0, 1.0, 1.0, 1.0, 1.0, 1.0, 0.0, 0.0, 1.0, 0.0, 0.0, 0.0, 1.0, 0.0, 0.0, 1.0, 1.0, 1.0, 1.0, 0.0, 0.0, 0.0, 1.0, 0.0, 0.0]",['lNONMMUG038718'],[1.0],[1.0],[0.9875269240778786]
75,"['lNONMMUG000508', 'lNONMMUG002215', 'lNONMMUG002239', 'lNONMMUG009962', 'lNONMMUG013211', 'lNONMMUG017485', 'lNONMMUG017913', 'lNONMMUG020673', 'lNONMMUG023454', 'lNONMMUG026355', 'lNONMMUG029813', 'lNONMMUG030202', 'lNONMMUG033401', 'lNONMMUG034886', 'lNONMMUG038355', 'lNONMMUG039685', 'lNONMMUG041158', 'lNONMMUG041781', 'lNONMMUG045568', 'lNONMMUG045569', 'lNONMMUG045574', 'lENSMUSG00000044471', 'lENSMUSG00000075277', 'lENSMUSG00000078190', 'lENSMUSG00000078247', 'lENSMUSG00000085354', 'lENSMUSG00000085715', 'lENSMUSG00000085873', 'lENSMUSG00000086035', 'lENSMUSG00000086141', 'lENSMUSG00000090063', 'lENSMUSG00000097336', 'lENSMUSG00000097571', 'lENSMUSG00000097767', 'lENSMUSG00000098439', 'lENSMUSG00000101609', 'lENSMUSG00000106519', 'l9030622O22Rik', 'lDlx6os1', 'lDnm3os', 'lGas5', 'lGm12610', 'lMiat', 'lNeat1', 'lNONMMUG002771', 'lNONMMUG004366', 'lNONMMUG007120', 'lNONMMUG008199', 'lNONMMUG009173', 'lNONMMUG009235', 'lNONMMUG010099', 'lNONMMUG012984', 'lNONMMUG013851', 'lNONMMUG014034', 'lNONMMUG017321', 'lNONMMUG017372', 'lNONMMUG019692', 'lNONMMUG020560', 'lNONMMUG021010', 'lNONMMUG023106', 'lNONMMUG024809', 'lNONMMUG025805', 'lNONMMUG029789', 'lNONMMUG031524', 'lNONMMUG031860', 'lNONMMUG032531', 'lNONMMUG033434', 'lNONMMUG034060', 'lNONMMUG035589', 'lNONMMUG036314', 'lNONMMUG036495', 'lNONMMUG038170', 'lNONMMUG038692', 'lNONMMUG038718', 'lNONMMUG041948', 'lNONMMUG042190', 'lNONMMUG043393', 'lNONMMUG043843', 'lNONMMUG044302', 'lNONMMUG045259', 'lENSMUSG00000085908', 'lENSMUSG00000103692', 'lENSMUSG00000106828', 'lENSMUSG00000107766', 'lGm13291', 'lSnord11', 'lSnord67']","[1.0, 0.0, 0.0, 0.0, 1.0, 1.0, 1.0, 0.0, 1.0, 1.0, 0.0, 1.0, 1.0, 1.0, 1.0, 1.0, 0.0, 1.0, 1.0, 0.0, 0.0, 0.0, 1.0, 0.0, 0.0, 0.0, 1.0, 1.0, 0.0, 0.0, 1.0, 0.0, 1.0, 0.0, 0.0, 1.0, 0.0, 0.0, 1.0, 0.0, 0.0, 0.0, 1.0, 0.0, 0.0, 1.0, 0.0, 0.0, 1.0, 1.0, 0.0, 0.0, 1.0, 1.0, 1.0, 0.0, 0.0, 0.0, 1.0, 1.0, 0.0, 1.0, 1.0, 1.0, 1.0, 1.0, 1.0, 1.0, 0.0, 0.0, 1.0, 0.0, 0.0, 1.0, 1.0, 0.0, 0.0, 1.0, 1.0, 1.0, 1.0, 0.0, 0.0, 0.0, 1.0, 0.0, 0.0]",['lNONMMUG039825'],[0.0],[1.0],[0.7334240762048447]
76,"['lNONMMUG000508', 'lNONMMUG002215', 'lNONMMUG002239', 'lNONMMUG009962', 'lNONMMUG013211', 'lNONMMUG017485', 'lNONMMUG017913', 'lNONMMUG020673', 'lNONMMUG023454', 'lNONMMUG026355', 'lNONMMUG029813', 'lNONMMUG030202', 'lNONMMUG033401', 'lNONMMUG034886', 'lNONMMUG038355', 'lNONMMUG039685', 'lNONMMUG041158', 'lNONMMUG041781', 'lNONMMUG045568', 'lNONMMUG045569', 'lNONMMUG045574', 'lENSMUSG00000044471', 'lENSMUSG00000075277', 'lENSMUSG00000078190', 'lENSMUSG00000078247', 'lENSMUSG00000085354', 'lENSMUSG00000085715', 'lENSMUSG00000085873', 'lENSMUSG00000086035', 'lENSMUSG00000086141', 'lENSMUSG00000090063', 'lENSMUSG00000097336', 'lENSMUSG00000097571', 'lENSMUSG00000097767', 'lENSMUSG00000098439', 'lENSMUSG00000101609', 'lENSMUSG00000106519', 'l9030622O22Rik', 'lDlx6os1', 'lDnm3os', 'lGas5', 'lGm12610', 'lMiat', 'lNeat1', 'lNONMMUG002771', 'lNONMMUG004366', 'lNONMMUG007120', 'lNONMMUG008199', 'lNONMMUG009173', 'lNONMMUG009235', 'lNONMMUG010099', 'lNONMMUG012984', 'lNONMMUG013851', 'lNONMMUG014034', 'lNONMMUG017321', 'lNONMMUG017372', 'lNONMMUG019692', 'lNONMMUG020560', 'lNONMMUG021010', 'lNONMMUG023106', 'lNONMMUG024809', 'lNONMMUG025805', 'lNONMMUG029789', 'lNONMMUG031524', 'lNONMMUG031860', 'lNONMMUG032531', 'lNONMMUG033434', 'lNONMMUG034060', 'lNONMMUG035589', 'lNONMMUG036314', 'lNONMMUG036495', 'lNONMMUG038170', 'lNONMMUG038692', 'lNONMMUG038718', 'lNONMMUG039825', 'lNONMMUG042190', 'lNONMMUG043393', 'lNONMMUG043843', 'lNONMMUG044302', 'lNONMMUG045259', 'lENSMUSG00000085908', 'lENSMUSG00000103692', 'lENSMUSG00000106828', 'lENSMUSG00000107766', 'lGm13291', 'lSnord11', 'lSnord67']","[1.0, 0.0, 0.0, 0.0, 1.0, 1.0, 1.0, 0.0, 1.0, 1.0, 0.0, 1.0, 1.0, 1.0, 1.0, 1.0, 0.0, 1.0, 1.0, 0.0, 0.0, 0.0, 1.0, 0.0, 0.0, 0.0, 1.0, 1.0, 0.0, 0.0, 1.0, 0.0, 1.0, 0.0, 0.0, 1.0, 0.0, 0.0, 1.0, 0.0, 0.0, 0.0, 1.0, 0.0, 0.0, 1.0, 0.0, 0.0, 1.0, 1.0, 0.0, 0.0, 1.0, 1.0, 1.0, 0.0, 0.0, 0.0, 1.0, 1.0, 0.0, 1.0, 1.0, 1.0, 1.0, 1.0, 1.0, 1.0, 0.0, 0.0, 1.0, 0.0, 0.0, 1.0, 0.0, 0.0, 0.0, 1.0, 1.0, 1.0, 1.0, 0.0, 0.0, 0.0, 1.0, 0.0, 0.0]",['lNONMMUG041948'],[1.0],[1.0],[0.9967226240230794]
77,"['lNONMMUG000508', 'lNONMMUG002215', 'lNONMMUG002239', 'lNONMMUG009962', 'lNONMMUG013211', 'lNONMMUG017485', 'lNONMMUG017913', 'lNONMMUG020673', 'lNONMMUG023454', 'lNONMMUG026355', 'lNONMMUG029813', 'lNONMMUG030202', 'lNONMMUG033401', 'lNONMMUG034886', 'lNONMMUG038355', 'lNONMMUG039685', 'lNONMMUG041158', 'lNONMMUG041781', 'lNONMMUG045568', 'lNONMMUG045569', 'lNONMMUG045574', 'lENSMUSG00000044471', 'lENSMUSG00000075277', 'lENSMUSG00000078190', 'lENSMUSG00000078247', 'lENSMUSG00000085354', 'lENSMUSG00000085715', 'lENSMUSG00000085873', 'lENSMUSG00000086035', 'lENSMUSG00000086141', 'lENSMUSG00000090063', 'lENSMUSG00000097336', 'lENSMUSG00000097571', 'lENSMUSG00000097767', 'lENSMUSG00000098439', 'lENSMUSG00000101609', 'lENSMUSG00000106519', 'l9030622O22Rik', 'lDlx6os1', 'lDnm3os', 'lGas5', 'lGm12610', 'lMiat', 'lNeat1', 'lNONMMUG002771', 'lNONMMUG004366', 'lNONMMUG007120', 'lNONMMUG008199', 'lNONMMUG009173', 'lNONMMUG009235', 'lNONMMUG010099', 'lNONMMUG012984', 'lNONMMUG013851', 'lNONMMUG014034', 'lNONMMUG017321', 'lNONMMUG017372', 'lNONMMUG019692', 'lNONMMUG020560', 'lNONMMUG021010', 'lNONMMUG023106', 'lNONMMUG024809', 'lNONMMUG025805', 'lNONMMUG029789', 'lNONMMUG031524', 'lNONMMUG031860', 'lNONMMUG032531', 'lNONMMUG033434', 'lNONMMUG034060', 'lNONMMUG035589', 'lNONMMUG036314', 'lNONMMUG036495', 'lNONMMUG038170', 'lNONMMUG038692', 'lNONMMUG038718', 'lNONMMUG039825', 'lNONMMUG041948', 'lNONMMUG043393', 'lNONMMUG043843', 'lNONMMUG044302', 'lNONMMUG045259', 'lENSMUSG00000085908', 'lENSMUSG00000103692', 'lENSMUSG00000106828', 'lENSMUSG00000107766', 'lGm13291', 'lSnord11', 'lSnord67']","[1.0, 0.0, 0.0, 0.0, 1.0, 1.0, 1.0, 0.0, 1.0, 1.0, 0.0, 1.0, 1.0, 1.0, 1.0, 1.0, 0.0, 1.0, 1.0, 0.0, 0.0, 0.0, 1.0, 0.0, 0.0, 0.0, 1.0, 1.0, 0.0, 0.0, 1.0, 0.0, 1.0, 0.0, 0.0, 1.0, 0.0, 0.0, 1.0, 0.0, 0.0, 0.0, 1.0, 0.0, 0.0, 1.0, 0.0, 0.0, 1.0, 1.0, 0.0, 0.0, 1.0, 1.0, 1.0, 0.0, 0.0, 0.0, 1.0, 1.0, 0.0, 1.0, 1.0, 1.0, 1.0, 1.0, 1.0, 1.0, 0.0, 0.0, 1.0, 0.0, 0.0, 1.0, 0.0, 1.0, 0.0, 1.0, 1.0, 1.0, 1.0, 0.0, 0.0, 0.0, 1.0, 0.0, 0.0]",['lNONMMUG042190'],[0.0],[0.0],[0.48432928884879195]
78,"['lNONMMUG000508', 'lNONMMUG002215', 'lNONMMUG002239', 'lNONMMUG009962', 'lNONMMUG013211', 'lNONMMUG017485', 'lNONMMUG017913', 'lNONMMUG020673', 'lNONMMUG023454', 'lNONMMUG026355', 'lNONMMUG029813', 'lNONMMUG030202', 'lNONMMUG033401', 'lNONMMUG034886', 'lNONMMUG038355', 'lNONMMUG039685', 'lNONMMUG041158', 'lNONMMUG041781', 'lNONMMUG045568', 'lNONMMUG045569', 'lNONMMUG045574', 'lENSMUSG00000044471', 'lENSMUSG00000075277', 'lENSMUSG00000078190', 'lENSMUSG00000078247', 'lENSMUSG00000085354', 'lENSMUSG00000085715', 'lENSMUSG00000085873', 'lENSMUSG00000086035', 'lENSMUSG00000086141', 'lENSMUSG00000090063', 'lENSMUSG00000097336', 'lENSMUSG00000097571', 'lENSMUSG00000097767', 'lENSMUSG00000098439', 'lENSMUSG00000101609', 'lENSMUSG00000106519', 'l9030622O22Rik', 'lDlx6os1', 'lDnm3os', 'lGas5', 'lGm12610', 'lMiat', 'lNeat1', 'lNONMMUG002771', 'lNONMMUG004366', 'lNONMMUG007120', 'lNONMMUG008199', 'lNONMMUG009173', 'lNONMMUG009235', 'lNONMMUG010099', 'lNONMMUG012984', 'lNONMMUG013851', 'lNONMMUG014034', 'lNONMMUG017321', 'lNONMMUG017372', 'lNONMMUG019692', 'lNONMMUG020560', 'lNONMMUG021010', 'lNONMMUG023106', 'lNONMMUG024809', 'lNONMMUG025805', 'lNONMMUG029789', 'lNONMMUG031524', 'lNONMMUG031860', 'lNONMMUG032531', 'lNONMMUG033434', 'lNONMMUG034060', 'lNONMMUG035589', 'lNONMMUG036314', 'lNONMMUG036495', 'lNONMMUG038170', 'lNONMMUG038692', 'lNONMMUG038718', 'lNONMMUG039825', 'lNONMMUG041948', 'lNONMMUG042190', 'lNONMMUG043843', 'lNONMMUG044302', 'lNONMMUG045259', 'lENSMUSG00000085908', 'lENSMUSG00000103692', 'lENSMUSG00000106828', 'lENSMUSG00000107766', 'lGm13291', 'lSnord11', 'lSnord67']","[1.0, 0.0, 0.0, 0.0, 1.0, 1.0, 1.0, 0.0, 1.0, 1.0, 0.0, 1.0, 1.0, 1.0, 1.0, 1.0, 0.0, 1.0, 1.0, 0.0, 0.0, 0.0, 1.0, 0.0, 0.0, 0.0, 1.0, 1.0, 0.0, 0.0, 1.0, 0.0, 1.0, 0.0, 0.0, 1.0, 0.0, 0.0, 1.0, 0.0, 0.0, 0.0, 1.0, 0.0, 0.0, 1.0, 0.0, 0.0, 1.0, 1.0, 0.0, 0.0, 1.0, 1.0, 1.0, 0.0, 0.0, 0.0, 1.0, 1.0, 0.0, 1.0, 1.0, 1.0, 1.0, 1.0, 1.0, 1.0, 0.0, 0.0, 1.0, 0.0, 0.0, 1.0, 0.0, 1.0, 0.0, 1.0, 1.0, 1.0, 1.0, 0.0, 0.0, 0.0, 1.0, 0.0, 0.0]",['lNONMMUG043393'],[0.0],[1.0],[0.8969118405045741]
79,"['lNONMMUG000508', 'lNONMMUG002215', 'lNONMMUG002239', 'lNONMMUG009962', 'lNONMMUG013211', 'lNONMMUG017485', 'lNONMMUG017913', 'lNONMMUG020673', 'lNONMMUG023454', 'lNONMMUG026355', 'lNONMMUG029813', 'lNONMMUG030202', 'lNONMMUG033401', 'lNONMMUG034886', 'lNONMMUG038355', 'lNONMMUG039685', 'lNONMMUG041158', 'lNONMMUG041781', 'lNONMMUG045568', 'lNONMMUG045569', 'lNONMMUG045574', 'lENSMUSG00000044471', 'lENSMUSG00000075277', 'lENSMUSG00000078190', 'lENSMUSG00000078247', 'lENSMUSG00000085354', 'lENSMUSG00000085715', 'lENSMUSG00000085873', 'lENSMUSG00000086035', 'lENSMUSG00000086141', 'lENSMUSG00000090063', 'lENSMUSG00000097336', 'lENSMUSG00000097571', 'lENSMUSG00000097767', 'lENSMUSG00000098439', 'lENSMUSG00000101609', 'lENSMUSG00000106519', 'l9030622O22Rik', 'lDlx6os1', 'lDnm3os', 'lGas5', 'lGm12610', 'lMiat', 'lNeat1', 'lNONMMUG002771', 'lNONMMUG004366', 'lNONMMUG007120', 'lNONMMUG008199', 'lNONMMUG009173', 'lNONMMUG009235', 'lNONMMUG010099', 'lNONMMUG012984', 'lNONMMUG013851', 'lNONMMUG014034', 'lNONMMUG017321', 'lNONMMUG017372', 'lNONMMUG019692', 'lNONMMUG020560', 'lNONMMUG021010', 'lNONMMUG023106', 'lNONMMUG024809', 'lNONMMUG025805', 'lNONMMUG029789', 'lNONMMUG031524', 'lNONMMUG031860', 'lNONMMUG032531', 'lNONMMUG033434', 'lNONMMUG034060', 'lNONMMUG035589', 'lNONMMUG036314', 'lNONMMUG036495', 'lNONMMUG038170', 'lNONMMUG038692', 'lNONMMUG038718', 'lNONMMUG039825', 'lNONMMUG041948', 'lNONMMUG042190', 'lNONMMUG043393', 'lNONMMUG044302', 'lNONMMUG045259', 'lENSMUSG00000085908', 'lENSMUSG00000103692', 'lENSMUSG00000106828', 'lENSMUSG00000107766', 'lGm13291', 'lSnord11', 'lSnord67']","[1.0, 0.0, 0.0, 0.0, 1.0, 1.0, 1.0, 0.0, 1.0, 1.0, 0.0, 1.0, 1.0, 1.0, 1.0, 1.0, 0.0, 1.0, 1.0, 0.0, 0.0, 0.0, 1.0, 0.0, 0.0, 0.0, 1.0, 1.0, 0.0, 0.0, 1.0, 0.0, 1.0, 0.0, 0.0, 1.0, 0.0, 0.0, 1.0, 0.0, 0.0, 0.0, 1.0, 0.0, 0.0, 1.0, 0.0, 0.0, 1.0, 1.0, 0.0, 0.0, 1.0, 1.0, 1.0, 0.0, 0.0, 0.0, 1.0, 1.0, 0.0, 1.0, 1.0, 1.0, 1.0, 1.0, 1.0, 1.0, 0.0, 0.0, 1.0, 0.0, 0.0, 1.0, 0.0, 1.0, 0.0, 0.0, 1.0, 1.0, 1.0, 0.0, 0.0, 0.0, 1.0, 0.0, 0.0]",['lNONMMUG043843'],[1.0],[1.0],[0.8970559050037383]
80,"['lNONMMUG000508', 'lNONMMUG002215', 'lNONMMUG002239', 'lNONMMUG009962', 'lNONMMUG013211', 'lNONMMUG017485', 'lNONMMUG017913', 'lNONMMUG020673', 'lNONMMUG023454', 'lNONMMUG026355', 'lNONMMUG029813', 'lNONMMUG030202', 'lNONMMUG033401', 'lNONMMUG034886', 'lNONMMUG038355', 'lNONMMUG039685', 'lNONMMUG041158', 'lNONMMUG041781', 'lNONMMUG045568', 'lNONMMUG045569', 'lNONMMUG045574', 'lENSMUSG00000044471', 'lENSMUSG00000075277', 'lENSMUSG00000078190', 'lENSMUSG00000078247', 'lENSMUSG00000085354', 'lENSMUSG00000085715', 'lENSMUSG00000085873', 'lENSMUSG00000086035', 'lENSMUSG00000086141', 'lENSMUSG00000090063', 'lENSMUSG00000097336', 'lENSMUSG00000097571', 'lENSMUSG00000097767', 'lENSMUSG00000098439', 'lENSMUSG00000101609', 'lENSMUSG00000106519', 'l9030622O22Rik', 'lDlx6os1', 'lDnm3os', 'lGas5', 'lGm12610', 'lMiat', 'lNeat1', 'lNONMMUG002771', 'lNONMMUG004366', 'lNONMMUG007120', 'lNONMMUG008199', 'lNONMMUG009173', 'lNONMMUG009235', 'lNONMMUG010099', 'lNONMMUG012984', 'lNONMMUG013851', 'lNONMMUG014034', 'lNONMMUG017321', 'lNONMMUG017372', 'lNONMMUG019692', 'lNONMMUG020560', 'lNONMMUG021010', 'lNONMMUG023106', 'lNONMMUG024809', 'lNONMMUG025805', 'lNONMMUG029789', 'lNONMMUG031524', 'lNONMMUG031860', 'lNONMMUG032531', 'lNONMMUG033434', 'lNONMMUG034060', 'lNONMMUG035589', 'lNONMMUG036314', 'lNONMMUG036495', 'lNONMMUG038170', 'lNONMMUG038692', 'lNONMMUG038718', 'lNONMMUG039825', 'lNONMMUG041948', 'lNONMMUG042190', 'lNONMMUG043393', 'lNONMMUG043843', 'lNONMMUG045259', 'lENSMUSG00000085908', 'lENSMUSG00000103692', 'lENSMUSG00000106828', 'lENSMUSG00000107766', 'lGm13291', 'lSnord11', 'lSnord67']","[1.0, 0.0, 0.0, 0.0, 1.0, 1.0, 1.0, 0.0, 1.0, 1.0, 0.0, 1.0, 1.0, 1.0, 1.0, 1.0, 0.0, 1.0, 1.0, 0.0, 0.0, 0.0, 1.0, 0.0, 0.0, 0.0, 1.0, 1.0, 0.0, 0.0, 1.0, 0.0, 1.0, 0.0, 0.0, 1.0, 0.0, 0.0, 1.0, 0.0, 0.0, 0.0, 1.0, 0.0, 0.0, 1.0, 0.0, 0.0, 1.0, 1.0, 0.0, 0.0, 1.0, 1.0, 1.0, 0.0, 0.0, 0.0, 1.0, 1.0, 0.0, 1.0, 1.0, 1.0, 1.0, 1.0, 1.0, 1.0, 0.0, 0.0, 1.0, 0.0, 0.0, 1.0, 0.0, 1.0, 0.0, 0.0, 1.0, 1.0, 1.0, 0.0, 0.0, 0.0, 1.0, 0.0, 0.0]",['lNONMMUG044302'],[1.0],[1.0],[0.9999709835315851]
81,"['lNONMMUG000508', 'lNONMMUG002215', 'lNONMMUG002239', 'lNONMMUG009962', 'lNONMMUG013211', 'lNONMMUG017485', 'lNONMMUG017913', 'lNONMMUG020673', 'lNONMMUG023454', 'lNONMMUG026355', 'lNONMMUG029813', 'lNONMMUG030202', 'lNONMMUG033401', 'lNONMMUG034886', 'lNONMMUG038355', 'lNONMMUG039685', 'lNONMMUG041158', 'lNONMMUG041781', 'lNONMMUG045568', 'lNONMMUG045569', 'lNONMMUG045574', 'lENSMUSG00000044471', 'lENSMUSG00000075277', 'lENSMUSG00000078190', 'lENSMUSG00000078247', 'lENSMUSG00000085354', 'lENSMUSG00000085715', 'lENSMUSG00000085873', 'lENSMUSG00000086035', 'lENSMUSG00000086141', 'lENSMUSG00000090063', 'lENSMUSG00000097336', 'lENSMUSG00000097571', 'lENSMUSG00000097767', 'lENSMUSG00000098439', 'lENSMUSG00000101609', 'lENSMUSG00000106519', 'l9030622O22Rik', 'lDlx6os1', 'lDnm3os', 'lGas5', 'lGm12610', 'lMiat', 'lNeat1', 'lNONMMUG002771', 'lNONMMUG004366', 'lNONMMUG007120', 'lNONMMUG008199', 'lNONMMUG009173', 'lNONMMUG009235', 'lNONMMUG010099', 'lNONMMUG012984', 'lNONMMUG013851', 'lNONMMUG014034', 'lNONMMUG017321', 'lNONMMUG017372', 'lNONMMUG019692', 'lNONMMUG020560', 'lNONMMUG021010', 'lNONMMUG023106', 'lNONMMUG024809', 'lNONMMUG025805', 'lNONMMUG029789', 'lNONMMUG031524', 'lNONMMUG031860', 'lNONMMUG032531', 'lNONMMUG033434', 'lNONMMUG034060', 'lNONMMUG035589', 'lNONMMUG036314', 'lNONMMUG036495', 'lNONMMUG038170', 'lNONMMUG038692', 'lNONMMUG038718', 'lNONMMUG039825', 'lNONMMUG041948', 'lNONMMUG042190', 'lNONMMUG043393', 'lNONMMUG043843', 'lNONMMUG044302', 'lENSMUSG00000085908', 'lENSMUSG00000103692', 'lENSMUSG00000106828', 'lENSMUSG00000107766', 'lGm13291', 'lSnord11', 'lSnord67']","[1.0, 0.0, 0.0, 0.0, 1.0, 1.0, 1.0, 0.0, 1.0, 1.0, 0.0, 1.0, 1.0, 1.0, 1.0, 1.0, 0.0, 1.0, 1.0, 0.0, 0.0, 0.0, 1.0, 0.0, 0.0, 0.0, 1.0, 1.0, 0.0, 0.0, 1.0, 0.0, 1.0, 0.0, 0.0, 1.0, 0.0, 0.0, 1.0, 0.0, 0.0, 0.0, 1.0, 0.0, 0.0, 1.0, 0.0, 0.0, 1.0, 1.0, 0.0, 0.0, 1.0, 1.0, 1.0, 0.0, 0.0, 0.0, 1.0, 1.0, 0.0, 1.0, 1.0, 1.0, 1.0, 1.0, 1.0, 1.0, 0.0, 0.0, 1.0, 0.0, 0.0, 1.0, 0.0, 1.0, 0.0, 0.0, 1.0, 1.0, 1.0, 0.0, 0.0, 0.0, 1.0, 0.0, 0.0]",['lNONMMUG045259'],[1.0],[1.0],[0.9997283053730119]
82,"['lNONMMUG000508', 'lNONMMUG002215', 'lNONMMUG002239', 'lNONMMUG009962', 'lNONMMUG013211', 'lNONMMUG017485', 'lNONMMUG017913', 'lNONMMUG020673', 'lNONMMUG023454', 'lNONMMUG026355', 'lNONMMUG029813', 'lNONMMUG030202', 'lNONMMUG033401', 'lNONMMUG034886', 'lNONMMUG038355', 'lNONMMUG039685', 'lNONMMUG041158', 'lNONMMUG041781', 'lNONMMUG045568', 'lNONMMUG045569', 'lNONMMUG045574', 'lENSMUSG00000044471', 'lENSMUSG00000075277', 'lENSMUSG00000078190', 'lENSMUSG00000078247', 'lENSMUSG00000085354', 'lENSMUSG00000085715', 'lENSMUSG00000085873', 'lENSMUSG00000086035', 'lENSMUSG00000086141', 'lENSMUSG00000090063', 'lENSMUSG00000097336', 'lENSMUSG00000097571', 'lENSMUSG00000097767', 'lENSMUSG00000098439', 'lENSMUSG00000101609', 'lENSMUSG00000106519', 'l9030622O22Rik', 'lDlx6os1', 'lDnm3os', 'lGas5', 'lGm12610', 'lMiat', 'lNeat1', 'lNONMMUG002771', 'lNONMMUG004366', 'lNONMMUG007120', 'lNONMMUG008199', 'lNONMMUG009173', 'lNONMMUG009235', 'lNONMMUG010099', 'lNONMMUG012984', 'lNONMMUG013851', 'lNONMMUG014034', 'lNONMMUG017321', 'lNONMMUG017372', 'lNONMMUG019692', 'lNONMMUG020560', 'lNONMMUG021010', 'lNONMMUG023106', 'lNONMMUG024809', 'lNONMMUG025805', 'lNONMMUG029789', 'lNONMMUG031524', 'lNONMMUG031860', 'lNONMMUG032531', 'lNONMMUG033434', 'lNONMMUG034060', 'lNONMMUG035589', 'lNONMMUG036314', 'lNONMMUG036495', 'lNONMMUG038170', 'lNONMMUG038692', 'lNONMMUG038718', 'lNONMMUG039825', 'lNONMMUG041948', 'lNONMMUG042190', 'lNONMMUG043393', 'lNONMMUG043843', 'lNONMMUG044302', 'lNONMMUG045259', 'lENSMUSG00000103692', 'lENSMUSG00000106828', 'lENSMUSG00000107766', 'lGm13291', 'lSnord11', 'lSnord67']","[1.0, 0.0, 0.0, 0.0, 1.0, 1.0, 1.0, 0.0, 1.0, 1.0, 0.0, 1.0, 1.0, 1.0, 1.0, 1.0, 0.0, 1.0, 1.0, 0.0, 0.0, 0.0, 1.0, 0.0, 0.0, 0.0, 1.0, 1.0, 0.0, 0.0, 1.0, 0.0, 1.0, 0.0, 0.0, 1.0, 0.0, 0.0, 1.0, 0.0, 0.0, 0.0, 1.0, 0.0, 0.0, 1.0, 0.0, 0.0, 1.0, 1.0, 0.0, 0.0, 1.0, 1.0, 1.0, 0.0, 0.0, 0.0, 1.0, 1.0, 0.0, 1.0, 1.0, 1.0, 1.0, 1.0, 1.0, 1.0, 0.0, 0.0, 1.0, 0.0, 0.0, 1.0, 0.0, 1.0, 0.0, 0.0, 1.0, 1.0, 1.0, 0.0, 0.0, 0.0, 1.0, 0.0, 0.0]",['lENSMUSG00000085908'],[1.0],[1.0],[0.8579691485425571]
83,"['lNONMMUG000508', 'lNONMMUG002215', 'lNONMMUG002239', 'lNONMMUG009962', 'lNONMMUG013211', 'lNONMMUG017485', 'lNONMMUG017913', 'lNONMMUG020673', 'lNONMMUG023454', 'lNONMMUG026355', 'lNONMMUG029813', 'lNONMMUG030202', 'lNONMMUG033401', 'lNONMMUG034886', 'lNONMMUG038355', 'lNONMMUG039685', 'lNONMMUG041158', 'lNONMMUG041781', 'lNONMMUG045568', 'lNONMMUG045569', 'lNONMMUG045574', 'lENSMUSG00000044471', 'lENSMUSG00000075277', 'lENSMUSG00000078190', 'lENSMUSG00000078247', 'lENSMUSG00000085354', 'lENSMUSG00000085715', 'lENSMUSG00000085873', 'lENSMUSG00000086035', 'lENSMUSG00000086141', 'lENSMUSG00000090063', 'lENSMUSG00000097336', 'lENSMUSG00000097571', 'lENSMUSG00000097767', 'lENSMUSG00000098439', 'lENSMUSG00000101609', 'lENSMUSG00000106519', 'l9030622O22Rik', 'lDlx6os1', 'lDnm3os', 'lGas5', 'lGm12610', 'lMiat', 'lNeat1', 'lNONMMUG002771', 'lNONMMUG004366', 'lNONMMUG007120', 'lNONMMUG008199', 'lNONMMUG009173', 'lNONMMUG009235', 'lNONMMUG010099', 'lNONMMUG012984', 'lNONMMUG013851', 'lNONMMUG014034', 'lNONMMUG017321', 'lNONMMUG017372', 'lNONMMUG019692', 'lNONMMUG020560', 'lNONMMUG021010', 'lNONMMUG023106', 'lNONMMUG024809', 'lNONMMUG025805', 'lNONMMUG029789', 'lNONMMUG031524', 'lNONMMUG031860', 'lNONMMUG032531', 'lNONMMUG033434', 'lNONMMUG034060', 'lNONMMUG035589', 'lNONMMUG036314', 'lNONMMUG036495', 'lNONMMUG038170', 'lNONMMUG038692', 'lNONMMUG038718', 'lNONMMUG039825', 'lNONMMUG041948', 'lNONMMUG042190', 'lNONMMUG043393', 'lNONMMUG043843', 'lNONMMUG044302', 'lNONMMUG045259', 'lENSMUSG00000085908', 'lENSMUSG00000106828', 'lENSMUSG00000107766', 'lGm13291', 'lSnord11', 'lSnord67']","[1.0, 0.0, 0.0, 0.0, 1.0, 1.0, 1.0, 0.0, 1.0, 1.0, 0.0, 1.0, 1.0, 1.0, 1.0, 1.0, 0.0, 1.0, 1.0, 0.0, 0.0, 0.0, 1.0, 0.0, 0.0, 0.0, 1.0, 1.0, 0.0, 0.0, 1.0, 0.0, 1.0, 0.0, 0.0, 1.0, 0.0, 0.0, 1.0, 0.0, 0.0, 0.0, 1.0, 0.0, 0.0, 1.0, 0.0, 0.0, 1.0, 1.0, 0.0, 0.0, 1.0, 1.0, 1.0, 0.0, 0.0, 0.0, 1.0, 1.0, 0.0, 1.0, 1.0, 1.0, 1.0, 1.0, 1.0, 1.0, 0.0, 0.0, 1.0, 0.0, 0.0, 1.0, 0.0, 1.0, 0.0, 0.0, 1.0, 1.0, 1.0, 1.0, 0.0, 0.0, 1.0, 0.0, 0.0]",['lENSMUSG00000103692'],[0.0],[0.0],[0.005644613339965522]
84,"['lNONMMUG000508', 'lNONMMUG002215', 'lNONMMUG002239', 'lNONMMUG009962', 'lNONMMUG013211', 'lNONMMUG017485', 'lNONMMUG017913', 'lNONMMUG020673', 'lNONMMUG023454', 'lNONMMUG026355', 'lNONMMUG029813', 'lNONMMUG030202', 'lNONMMUG033401', 'lNONMMUG034886', 'lNONMMUG038355', 'lNONMMUG039685', 'lNONMMUG041158', 'lNONMMUG041781', 'lNONMMUG045568', 'lNONMMUG045569', 'lNONMMUG045574', 'lENSMUSG00000044471', 'lENSMUSG00000075277', 'lENSMUSG00000078190', 'lENSMUSG00000078247', 'lENSMUSG00000085354', 'lENSMUSG00000085715', 'lENSMUSG00000085873', 'lENSMUSG00000086035', 'lENSMUSG00000086141', 'lENSMUSG00000090063', 'lENSMUSG00000097336', 'lENSMUSG00000097571', 'lENSMUSG00000097767', 'lENSMUSG00000098439', 'lENSMUSG00000101609', 'lENSMUSG00000106519', 'l9030622O22Rik', 'lDlx6os1', 'lDnm3os', 'lGas5', 'lGm12610', 'lMiat', 'lNeat1', 'lNONMMUG002771', 'lNONMMUG004366', 'lNONMMUG007120', 'lNONMMUG008199', 'lNONMMUG009173', 'lNONMMUG009235', 'lNONMMUG010099', 'lNONMMUG012984', 'lNONMMUG013851', 'lNONMMUG014034', 'lNONMMUG017321', 'lNONMMUG017372', 'lNONMMUG019692', 'lNONMMUG020560', 'lNONMMUG021010', 'lNONMMUG023106', 'lNONMMUG024809', 'lNONMMUG025805', 'lNONMMUG029789', 'lNONMMUG031524', 'lNONMMUG031860', 'lNONMMUG032531', 'lNONMMUG033434', 'lNONMMUG034060', 'lNONMMUG035589', 'lNONMMUG036314', 'lNONMMUG036495', 'lNONMMUG038170', 'lNONMMUG038692', 'lNONMMUG038718', 'lNONMMUG039825', 'lNONMMUG041948', 'lNONMMUG042190', 'lNONMMUG043393', 'lNONMMUG043843', 'lNONMMUG044302', 'lNONMMUG045259', 'lENSMUSG00000085908', 'lENSMUSG00000103692', 'lENSMUSG00000107766', 'lGm13291', 'lSnord11', 'lSnord67']","[1.0, 0.0, 0.0, 0.0, 1.0, 1.0, 1.0, 0.0, 1.0, 1.0, 0.0, 1.0, 1.0, 1.0, 1.0, 1.0, 0.0, 1.0, 1.0, 0.0, 0.0, 0.0, 1.0, 0.0, 0.0, 0.0, 1.0, 1.0, 0.0, 0.0, 1.0, 0.0, 1.0, 0.0, 0.0, 1.0, 0.0, 0.0, 1.0, 0.0, 0.0, 0.0, 1.0, 0.0, 0.0, 1.0, 0.0, 0.0, 1.0, 1.0, 0.0, 0.0, 1.0, 1.0, 1.0, 0.0, 0.0, 0.0, 1.0, 1.0, 0.0, 1.0, 1.0, 1.0, 1.0, 1.0, 1.0, 1.0, 0.0, 0.0, 1.0, 0.0, 0.0, 1.0, 0.0, 1.0, 0.0, 0.0, 1.0, 1.0, 1.0, 1.0, 0.0, 0.0, 1.0, 0.0, 0.0]",['lENSMUSG00000106828'],[0.0],[0.0],[0.025677038132139125]
85,"['lNONMMUG000508', 'lNONMMUG002215', 'lNONMMUG002239', 'lNONMMUG009962', 'lNONMMUG013211', 'lNONMMUG017485', 'lNONMMUG017913', 'lNONMMUG020673', 'lNONMMUG023454', 'lNONMMUG026355', 'lNONMMUG029813', 'lNONMMUG030202', 'lNONMMUG033401', 'lNONMMUG034886', 'lNONMMUG038355', 'lNONMMUG039685', 'lNONMMUG041158', 'lNONMMUG041781', 'lNONMMUG045568', 'lNONMMUG045569', 'lNONMMUG045574', 'lENSMUSG00000044471', 'lENSMUSG00000075277', 'lENSMUSG00000078190', 'lENSMUSG00000078247', 'lENSMUSG00000085354', 'lENSMUSG00000085715', 'lENSMUSG00000085873', 'lENSMUSG00000086035', 'lENSMUSG00000086141', 'lENSMUSG00000090063', 'lENSMUSG00000097336', 'lENSMUSG00000097571', 'lENSMUSG00000097767', 'lENSMUSG00000098439', 'lENSMUSG00000101609', 'lENSMUSG00000106519', 'l9030622O22Rik', 'lDlx6os1', 'lDnm3os', 'lGas5', 'lGm12610', 'lMiat', 'lNeat1', 'lNONMMUG002771', 'lNONMMUG004366', 'lNONMMUG007120', 'lNONMMUG008199', 'lNONMMUG009173', 'lNONMMUG009235', 'lNONMMUG010099', 'lNONMMUG012984', 'lNONMMUG013851', 'lNONMMUG014034', 'lNONMMUG017321', 'lNONMMUG017372', 'lNONMMUG019692', 'lNONMMUG020560', 'lNONMMUG021010', 'lNONMMUG023106', 'lNONMMUG024809', 'lNONMMUG025805', 'lNONMMUG029789', 'lNONMMUG031524', 'lNONMMUG031860', 'lNONMMUG032531', 'lNONMMUG033434', 'lNONMMUG034060', 'lNONMMUG035589', 'lNONMMUG036314', 'lNONMMUG036495', 'lNONMMUG038170', 'lNONMMUG038692', 'lNONMMUG038718', 'lNONMMUG039825', 'lNONMMUG041948', 'lNONMMUG042190', 'lNONMMUG043393', 'lNONMMUG043843', 'lNONMMUG044302', 'lNONMMUG045259', 'lENSMUSG00000085908', 'lENSMUSG00000103692', 'lENSMUSG00000106828', 'lGm13291', 'lSnord11', 'lSnord67']","[1.0, 0.0, 0.0, 0.0, 1.0, 1.0, 1.0, 0.0, 1.0, 1.0, 0.0, 1.0, 1.0, 1.0, 1.0, 1.0, 0.0, 1.0, 1.0, 0.0, 0.0, 0.0, 1.0, 0.0, 0.0, 0.0, 1.0, 1.0, 0.0, 0.0, 1.0, 0.0, 1.0, 0.0, 0.0, 1.0, 0.0, 0.0, 1.0, 0.0, 0.0, 0.0, 1.0, 0.0, 0.0, 1.0, 0.0, 0.0, 1.0, 1.0, 0.0, 0.0, 1.0, 1.0, 1.0, 0.0, 0.0, 0.0, 1.0, 1.0, 0.0, 1.0, 1.0, 1.0, 1.0, 1.0, 1.0, 1.0, 0.0, 0.0, 1.0, 0.0, 0.0, 1.0, 0.0, 1.0, 0.0, 0.0, 1.0, 1.0, 1.0, 1.0, 0.0, 0.0, 1.0, 0.0, 0.0]",['lENSMUSG00000107766'],[0.0],[0.0],[0.0015150104578922224]
86,"['lNONMMUG000508', 'lNONMMUG002215', 'lNONMMUG002239', 'lNONMMUG009962', 'lNONMMUG013211', 'lNONMMUG017485', 'lNONMMUG017913', 'lNONMMUG020673', 'lNONMMUG023454', 'lNONMMUG026355', 'lNONMMUG029813', 'lNONMMUG030202', 'lNONMMUG033401', 'lNONMMUG034886', 'lNONMMUG038355', 'lNONMMUG039685', 'lNONMMUG041158', 'lNONMMUG041781', 'lNONMMUG045568', 'lNONMMUG045569', 'lNONMMUG045574', 'lENSMUSG00000044471', 'lENSMUSG00000075277', 'lENSMUSG00000078190', 'lENSMUSG00000078247', 'lENSMUSG00000085354', 'lENSMUSG00000085715', 'lENSMUSG00000085873', 'lENSMUSG00000086035', 'lENSMUSG00000086141', 'lENSMUSG00000090063', 'lENSMUSG00000097336', 'lENSMUSG00000097571', 'lENSMUSG00000097767', 'lENSMUSG00000098439', 'lENSMUSG00000101609', 'lENSMUSG00000106519', 'l9030622O22Rik', 'lDlx6os1', 'lDnm3os', 'lGas5', 'lGm12610', 'lMiat', 'lNeat1', 'lNONMMUG002771', 'lNONMMUG004366', 'lNONMMUG007120', 'lNONMMUG008199', 'lNONMMUG009173', 'lNONMMUG009235', 'lNONMMUG010099', 'lNONMMUG012984', 'lNONMMUG013851', 'lNONMMUG014034', 'lNONMMUG017321', 'lNONMMUG017372', 'lNONMMUG019692', 'lNONMMUG020560', 'lNONMMUG021010', 'lNONMMUG023106', 'lNONMMUG024809', 'lNONMMUG025805', 'lNONMMUG029789', 'lNONMMUG031524', 'lNONMMUG031860', 'lNONMMUG032531', 'lNONMMUG033434', 'lNONMMUG034060', 'lNONMMUG035589', 'lNONMMUG036314', 'lNONMMUG036495', 'lNONMMUG038170', 'lNONMMUG038692', 'lNONMMUG038718', 'lNONMMUG039825', 'lNONMMUG041948', 'lNONMMUG042190', 'lNONMMUG043393', 'lNONMMUG043843', 'lNONMMUG044302', 'lNONMMUG045259', 'lENSMUSG00000085908', 'lENSMUSG00000103692', 'lENSMUSG00000106828', 'lENSMUSG00000107766', 'lSnord11', 'lSnord67']","[1.0, 0.0, 0.0, 0.0, 1.0, 1.0, 1.0, 0.0, 1.0, 1.0, 0.0, 1.0, 1.0, 1.0, 1.0, 1.0, 0.0, 1.0, 1.0, 0.0, 0.0, 0.0, 1.0, 0.0, 0.0, 0.0, 1.0, 1.0, 0.0, 0.0, 1.0, 0.0, 1.0, 0.0, 0.0, 1.0, 0.0, 0.0, 1.0, 0.0, 0.0, 0.0, 1.0, 0.0, 0.0, 1.0, 0.0, 0.0, 1.0, 1.0, 0.0, 0.0, 1.0, 1.0, 1.0, 0.0, 0.0, 0.0, 1.0, 1.0, 0.0, 1.0, 1.0, 1.0, 1.0, 1.0, 1.0, 1.0, 0.0, 0.0, 1.0, 0.0, 0.0, 1.0, 0.0, 1.0, 0.0, 0.0, 1.0, 1.0, 1.0, 1.0, 0.0, 0.0, 0.0, 0.0, 0.0]",['lGm13291'],[1.0],[0.0],[1.0836954208129998e-06]
87,"['lNONMMUG000508', 'lNONMMUG002215', 'lNONMMUG002239', 'lNONMMUG009962', 'lNONMMUG013211', 'lNONMMUG017485', 'lNONMMUG017913', 'lNONMMUG020673', 'lNONMMUG023454', 'lNONMMUG026355', 'lNONMMUG029813', 'lNONMMUG030202', 'lNONMMUG033401', 'lNONMMUG034886', 'lNONMMUG038355', 'lNONMMUG039685', 'lNONMMUG041158', 'lNONMMUG041781', 'lNONMMUG045568', 'lNONMMUG045569', 'lNONMMUG045574', 'lENSMUSG00000044471', 'lENSMUSG00000075277', 'lENSMUSG00000078190', 'lENSMUSG00000078247', 'lENSMUSG00000085354', 'lENSMUSG00000085715', 'lENSMUSG00000085873', 'lENSMUSG00000086035', 'lENSMUSG00000086141', 'lENSMUSG00000090063', 'lENSMUSG00000097336', 'lENSMUSG00000097571', 'lENSMUSG00000097767', 'lENSMUSG00000098439', 'lENSMUSG00000101609', 'lENSMUSG00000106519', 'l9030622O22Rik', 'lDlx6os1', 'lDnm3os', 'lGas5', 'lGm12610', 'lMiat', 'lNeat1', 'lNONMMUG002771', 'lNONMMUG004366', 'lNONMMUG007120', 'lNONMMUG008199', 'lNONMMUG009173', 'lNONMMUG009235', 'lNONMMUG010099', 'lNONMMUG012984', 'lNONMMUG013851', 'lNONMMUG014034', 'lNONMMUG017321', 'lNONMMUG017372', 'lNONMMUG019692', 'lNONMMUG020560', 'lNONMMUG021010', 'lNONMMUG023106', 'lNONMMUG024809', 'lNONMMUG025805', 'lNONMMUG029789', 'lNONMMUG031524', 'lNONMMUG031860', 'lNONMMUG032531', 'lNONMMUG033434', 'lNONMMUG034060', 'lNONMMUG035589', 'lNONMMUG036314', 'lNONMMUG036495', 'lNONMMUG038170', 'lNONMMUG038692', 'lNONMMUG038718', 'lNONMMUG039825', 'lNONMMUG041948', 'lNONMMUG042190', 'lNONMMUG043393', 'lNONMMUG043843', 'lNONMMUG044302', 'lNONMMUG045259', 'lENSMUSG00000085908', 'lENSMUSG00000103692', 'lENSMUSG00000106828', 'lENSMUSG00000107766', 'lGm13291', 'lSnord67']","[1.0, 0.0, 0.0, 0.0, 1.0, 1.0, 1.0, 0.0, 1.0, 1.0, 0.0, 1.0, 1.0, 1.0, 1.0, 1.0, 0.0, 1.0, 1.0, 0.0, 0.0, 0.0, 1.0, 0.0, 0.0, 0.0, 1.0, 1.0, 0.0, 0.0, 1.0, 0.0, 1.0, 0.0, 0.0, 1.0, 0.0, 0.0, 1.0, 0.0, 0.0, 0.0, 1.0, 0.0, 0.0, 1.0, 0.0, 0.0, 1.0, 1.0, 0.0, 0.0, 1.0, 1.0, 1.0, 0.0, 0.0, 0.0, 1.0, 1.0, 0.0, 1.0, 1.0, 1.0, 1.0, 1.0, 1.0, 1.0, 0.0, 0.0, 1.0, 0.0, 0.0, 1.0, 0.0, 1.0, 0.0, 0.0, 1.0, 1.0, 1.0, 1.0, 0.0, 0.0, 0.0, 1.0, 0.0]",['lSnord11'],[0.0],[0.0],[0.100491052670065]
88,"['lNONMMUG000508', 'lNONMMUG002215', 'lNONMMUG002239', 'lNONMMUG009962', 'lNONMMUG013211', 'lNONMMUG017485', 'lNONMMUG017913', 'lNONMMUG020673', 'lNONMMUG023454', 'lNONMMUG026355', 'lNONMMUG029813', 'lNONMMUG030202', 'lNONMMUG033401', 'lNONMMUG034886', 'lNONMMUG038355', 'lNONMMUG039685', 'lNONMMUG041158', 'lNONMMUG041781', 'lNONMMUG045568', 'lNONMMUG045569', 'lNONMMUG045574', 'lENSMUSG00000044471', 'lENSMUSG00000075277', 'lENSMUSG00000078190', 'lENSMUSG00000078247', 'lENSMUSG00000085354', 'lENSMUSG00000085715', 'lENSMUSG00000085873', 'lENSMUSG00000086035', 'lENSMUSG00000086141', 'lENSMUSG00000090063', 'lENSMUSG00000097336', 'lENSMUSG00000097571', 'lENSMUSG00000097767', 'lENSMUSG00000098439', 'lENSMUSG00000101609', 'lENSMUSG00000106519', 'l9030622O22Rik', 'lDlx6os1', 'lDnm3os', 'lGas5', 'lGm12610', 'lMiat', 'lNeat1', 'lNONMMUG002771', 'lNONMMUG004366', 'lNONMMUG007120', 'lNONMMUG008199', 'lNONMMUG009173', 'lNONMMUG009235', 'lNONMMUG010099', 'lNONMMUG012984', 'lNONMMUG013851', 'lNONMMUG014034', 'lNONMMUG017321', 'lNONMMUG017372', 'lNONMMUG019692', 'lNONMMUG020560', 'lNONMMUG021010', 'lNONMMUG023106', 'lNONMMUG024809', 'lNONMMUG025805', 'lNONMMUG029789', 'lNONMMUG031524', 'lNONMMUG031860', 'lNONMMUG032531', 'lNONMMUG033434', 'lNONMMUG034060', 'lNONMMUG035589', 'lNONMMUG036314', 'lNONMMUG036495', 'lNONMMUG038170', 'lNONMMUG038692', 'lNONMMUG038718', 'lNONMMUG039825', 'lNONMMUG041948', 'lNONMMUG042190', 'lNONMMUG043393', 'lNONMMUG043843', 'lNONMMUG044302', 'lNONMMUG045259', 'lENSMUSG00000085908', 'lENSMUSG00000103692', 'lENSMUSG00000106828', 'lENSMUSG00000107766', 'lGm13291', 'lSnord11']","[1.0, 0.0, 0.0, 0.0, 1.0, 1.0, 1.0, 0.0, 1.0, 1.0, 0.0, 1.0, 1.0, 1.0, 1.0, 1.0, 0.0, 1.0, 1.0, 0.0, 0.0, 0.0, 1.0, 0.0, 0.0, 0.0, 1.0, 1.0, 0.0, 0.0, 1.0, 0.0, 1.0, 0.0, 0.0, 1.0, 0.0, 0.0, 1.0, 0.0, 0.0, 0.0, 1.0, 0.0, 0.0, 1.0, 0.0, 0.0, 1.0, 1.0, 0.0, 0.0, 1.0, 1.0, 1.0, 0.0, 0.0, 0.0, 1.0, 1.0, 0.0, 1.0, 1.0, 1.0, 1.0, 1.0, 1.0, 1.0, 0.0, 0.0, 1.0, 0.0, 0.0, 1.0, 0.0, 1.0, 0.0, 0.0, 1.0, 1.0, 1.0, 1.0, 0.0, 0.0, 0.0, 1.0, 0.0]",['lSnord67'],[0.0],[1.0],[0.7659818797848958]
