Fold,Train_IDs,Train_Labels,Test_IDs,Test_Labels,Predictions,Decision_Scores
1,"['lNONMMUG002215', 'lNONMMUG002239', 'lNONMMUG009962', 'lNONMMUG013211', 'lNONMMUG017485', 'lNONMMUG017913', 'lNONMMUG020673', 'lNONMMUG023454', 'lNONMMUG026355', 'lNONMMUG029813', 'lNONMMUG030202', 'lNONMMUG033401', 'lNONMMUG034886', 'lNONMMUG038355', 'lNONMMUG039685', 'lNONMMUG041158', 'lNONMMUG041781', 'lNONMMUG045568', 'lNONMMUG045569', 'lNONMMUG045574', 'lENSMUSG00000044471', 'lENSMUSG00000075277', 'lENSMUSG00000078190', 'lENSMUSG00000078247', 'lENSMUSG00000085354', 'lENSMUSG00000085715', 'lENSMUSG00000085873', 'lENSMUSG00000086035', 'lENSMUSG00000086141', 'lENSMUSG00000090063', 'lENSMUSG00000097336', 'lENSMUSG00000097571', 'lENSMUSG00000097767', 'lENSMUSG00000098439', 'lENSMUSG00000101609', 'lENSMUSG00000106519', 'l9030622O22Rik', 'lDlx6os1', 'lDnm3os', 'lGas5', 'lGm12610', 'lMiat', 'lNeat1', 'lNONMMUG002771', 'lNONMMUG004366', 'lNONMMUG007120', 'lNONMMUG008199', 'lNONMMUG009173', 'lNONMMUG009235', 'lNONMMUG010099', 'lNONMMUG012984', 'lNONMMUG013851', 'lNONMMUG014034', 'lNONMMUG017321', 'lNONMMUG017372', 'lNONMMUG019692', 'lNONMMUG020560', 'lNONMMUG021010', 'lNONMMUG023106', 'lNONMMUG024809', 'lNONMMUG025805', 'lNONMMUG029789', 'lNONMMUG031524', 'lNONMMUG031860', 'lNONMMUG032531', 'lNONMMUG033434', 'lNONMMUG034060', 'lNONMMUG035589', 'lNONMMUG036314', 'lNONMMUG036495', 'lNONMMUG038170', 'lNONMMUG038692', 'lNONMMUG038718', 'lNONMMUG039825', 'lNONMMUG041948', 'lNONMMUG042190', 'lNONMMUG043393', 'lNONMMUG043843', 'lNONMMUG044302', 'lNONMMUG045259', 'lENSMUSG00000085908', 'lENSMUSG00000103692', 'lENSMUSG00000106828', 'lENSMUSG00000107766', 'lGm13291', 'lSnord11', 'lSnord67']","[0.0, 1.0, 1.0, 1.0, 0.0, 1.0, 1.0, 0.0, 0.0, 1.0, 0.0, 1.0, 1.0, 0.0, 1.0, 0.0, 1.0, 1.0, 1.0, 0.0, 1.0, 0.0, 0.0, 0.0, 1.0, 0.0, 0.0, 1.0, 0.0, 1.0, 1.0, 1.0, 1.0, 0.0, 1.0, 1.0, 1.0, 1.0, 1.0, 1.0, 0.0, 1.0, 0.0, 0.0, 0.0, 1.0, 1.0, 0.0, 0.0, 1.0, 0.0, 1.0, 0.0, 0.0, 0.0, 0.0, 1.0, 0.0, 1.0, 1.0, 0.0, 0.0, 0.0, 1.0, 1.0, 0.0, 0.0, 0.0, 1.0, 0.0, 0.0, 1.0, 0.0, 0.0, 0.0, 0.0, 1.0, 1.0, 0.0, 1.0, 0.0, 1.0, 0.0, 1.0, 1.0, 0.0, 1.0]",['lNONMMUG000508'],[0.0],[0],[-0.1848816983876717]
2,"['lNONMMUG000508', 'lNONMMUG002239', 'lNONMMUG009962', 'lNONMMUG013211', 'lNONMMUG017485', 'lNONMMUG017913', 'lNONMMUG020673', 'lNONMMUG023454', 'lNONMMUG026355', 'lNONMMUG029813', 'lNONMMUG030202', 'lNONMMUG033401', 'lNONMMUG034886', 'lNONMMUG038355', 'lNONMMUG039685', 'lNONMMUG041158', 'lNONMMUG041781', 'lNONMMUG045568', 'lNONMMUG045569', 'lNONMMUG045574', 'lENSMUSG00000044471', 'lENSMUSG00000075277', 'lENSMUSG00000078190', 'lENSMUSG00000078247', 'lENSMUSG00000085354', 'lENSMUSG00000085715', 'lENSMUSG00000085873', 'lENSMUSG00000086035', 'lENSMUSG00000086141', 'lENSMUSG00000090063', 'lENSMUSG00000097336', 'lENSMUSG00000097571', 'lENSMUSG00000097767', 'lENSMUSG00000098439', 'lENSMUSG00000101609', 'lENSMUSG00000106519', 'l9030622O22Rik', 'lDlx6os1', 'lDnm3os', 'lGas5', 'lGm12610', 'lMiat', 'lNeat1', 'lNONMMUG002771', 'lNONMMUG004366', 'lNONMMUG007120', 'lNONMMUG008199', 'lNONMMUG009173', 'lNONMMUG009235', 'lNONMMUG010099', 'lNONMMUG012984', 'lNONMMUG013851', 'lNONMMUG014034', 'lNONMMUG017321', 'lNONMMUG017372', 'lNONMMUG019692', 'lNONMMUG020560', 'lNONMMUG021010', 'lNONMMUG023106', 'lNONMMUG024809', 'lNONMMUG025805', 'lNONMMUG029789', 'lNONMMUG031524', 'lNONMMUG031860', 'lNONMMUG032531', 'lNONMMUG033434', 'lNONMMUG034060', 'lNONMMUG035589', 'lNONMMUG036314', 'lNONMMUG036495', 'lNONMMUG038170', 'lNONMMUG038692', 'lNONMMUG038718', 'lNONMMUG039825', 'lNONMMUG041948', 'lNONMMUG042190', 'lNONMMUG043393', 'lNONMMUG043843', 'lNONMMUG044302', 'lNONMMUG045259', 'lENSMUSG00000085908', 'lENSMUSG00000103692', 'lENSMUSG00000106828', 'lENSMUSG00000107766', 'lGm13291', 'lSnord11', 'lSnord67']","[0.0, 1.0, 1.0, 1.0, 0.0, 1.0, 1.0, 0.0, 0.0, 1.0, 0.0, 1.0, 1.0, 0.0, 1.0, 0.0, 1.0, 1.0, 1.0, 0.0, 1.0, 0.0, 0.0, 0.0, 1.0, 0.0, 0.0, 1.0, 0.0, 1.0, 1.0, 1.0, 1.0, 0.0, 1.0, 1.0, 1.0, 1.0, 1.0, 1.0, 0.0, 1.0, 0.0, 0.0, 0.0, 1.0, 1.0, 0.0, 0.0, 1.0, 0.0, 1.0, 0.0, 0.0, 0.0, 0.0, 1.0, 0.0, 1.0, 1.0, 0.0, 0.0, 0.0, 1.0, 1.0, 0.0, 0.0, 0.0, 1.0, 0.0, 0.0, 1.0, 0.0, 0.0, 0.0, 0.0, 1.0, 1.0, 0.0, 1.0, 0.0, 1.0, 0.0, 1.0, 1.0, 0.0, 1.0]",['lNONMMUG002215'],[0.0],[1],[0.24803989287363298]
3,"['lNONMMUG000508', 'lNONMMUG002215', 'lNONMMUG009962', 'lNONMMUG013211', 'lNONMMUG017485', 'lNONMMUG017913', 'lNONMMUG020673', 'lNONMMUG023454', 'lNONMMUG026355', 'lNONMMUG029813', 'lNONMMUG030202', 'lNONMMUG033401', 'lNONMMUG034886', 'lNONMMUG038355', 'lNONMMUG039685', 'lNONMMUG041158', 'lNONMMUG041781', 'lNONMMUG045568', 'lNONMMUG045569', 'lNONMMUG045574', 'lENSMUSG00000044471', 'lENSMUSG00000075277', 'lENSMUSG00000078190', 'lENSMUSG00000078247', 'lENSMUSG00000085354', 'lENSMUSG00000085715', 'lENSMUSG00000085873', 'lENSMUSG00000086035', 'lENSMUSG00000086141', 'lENSMUSG00000090063', 'lENSMUSG00000097336', 'lENSMUSG00000097571', 'lENSMUSG00000097767', 'lENSMUSG00000098439', 'lENSMUSG00000101609', 'lENSMUSG00000106519', 'l9030622O22Rik', 'lDlx6os1', 'lDnm3os', 'lGas5', 'lGm12610', 'lMiat', 'lNeat1', 'lNONMMUG002771', 'lNONMMUG004366', 'lNONMMUG007120', 'lNONMMUG008199', 'lNONMMUG009173', 'lNONMMUG009235', 'lNONMMUG010099', 'lNONMMUG012984', 'lNONMMUG013851', 'lNONMMUG014034', 'lNONMMUG017321', 'lNONMMUG017372', 'lNONMMUG019692', 'lNONMMUG020560', 'lNONMMUG021010', 'lNONMMUG023106', 'lNONMMUG024809', 'lNONMMUG025805', 'lNONMMUG029789', 'lNONMMUG031524', 'lNONMMUG031860', 'lNONMMUG032531', 'lNONMMUG033434', 'lNONMMUG034060', 'lNONMMUG035589', 'lNONMMUG036314', 'lNONMMUG036495', 'lNONMMUG038170', 'lNONMMUG038692', 'lNONMMUG038718', 'lNONMMUG039825', 'lNONMMUG041948', 'lNONMMUG042190', 'lNONMMUG043393', 'lNONMMUG043843', 'lNONMMUG044302', 'lNONMMUG045259', 'lENSMUSG00000085908', 'lENSMUSG00000103692', 'lENSMUSG00000106828', 'lENSMUSG00000107766', 'lGm13291', 'lSnord11', 'lSnord67']","[0.0, 0.0, 1.0, 1.0, 0.0, 1.0, 1.0, 0.0, 0.0, 1.0, 0.0, 1.0, 1.0, 0.0, 1.0, 0.0, 1.0, 1.0, 1.0, 0.0, 1.0, 0.0, 0.0, 0.0, 1.0, 0.0, 0.0, 1.0, 0.0, 1.0, 1.0, 1.0, 1.0, 0.0, 1.0, 1.0, 1.0, 1.0, 1.0, 1.0, 0.0, 1.0, 0.0, 0.0, 0.0, 1.0, 1.0, 0.0, 0.0, 1.0, 0.0, 1.0, 0.0, 0.0, 0.0, 0.0, 1.0, 0.0, 1.0, 1.0, 0.0, 0.0, 0.0, 1.0, 1.0, 0.0, 0.0, 0.0, 1.0, 0.0, 0.0, 1.0, 0.0, 0.0, 0.0, 0.0, 1.0, 1.0, 0.0, 1.0, 0.0, 1.0, 0.0, 1.0, 1.0, 0.0, 1.0]",['lNONMMUG002239'],[1.0],[0],[-0.17703192560806508]
4,"['lNONMMUG000508', 'lNONMMUG002215', 'lNONMMUG002239', 'lNONMMUG013211', 'lNONMMUG017485', 'lNONMMUG017913', 'lNONMMUG020673', 'lNONMMUG023454', 'lNONMMUG026355', 'lNONMMUG029813', 'lNONMMUG030202', 'lNONMMUG033401', 'lNONMMUG034886', 'lNONMMUG038355', 'lNONMMUG039685', 'lNONMMUG041158', 'lNONMMUG041781', 'lNONMMUG045568', 'lNONMMUG045569', 'lNONMMUG045574', 'lENSMUSG00000044471', 'lENSMUSG00000075277', 'lENSMUSG00000078190', 'lENSMUSG00000078247', 'lENSMUSG00000085354', 'lENSMUSG00000085715', 'lENSMUSG00000085873', 'lENSMUSG00000086035', 'lENSMUSG00000086141', 'lENSMUSG00000090063', 'lENSMUSG00000097336', 'lENSMUSG00000097571', 'lENSMUSG00000097767', 'lENSMUSG00000098439', 'lENSMUSG00000101609', 'lENSMUSG00000106519', 'l9030622O22Rik', 'lDlx6os1', 'lDnm3os', 'lGas5', 'lGm12610', 'lMiat', 'lNeat1', 'lNONMMUG002771', 'lNONMMUG004366', 'lNONMMUG007120', 'lNONMMUG008199', 'lNONMMUG009173', 'lNONMMUG009235', 'lNONMMUG010099', 'lNONMMUG012984', 'lNONMMUG013851', 'lNONMMUG014034', 'lNONMMUG017321', 'lNONMMUG017372', 'lNONMMUG019692', 'lNONMMUG020560', 'lNONMMUG021010', 'lNONMMUG023106', 'lNONMMUG024809', 'lNONMMUG025805', 'lNONMMUG029789', 'lNONMMUG031524', 'lNONMMUG031860', 'lNONMMUG032531', 'lNONMMUG033434', 'lNONMMUG034060', 'lNONMMUG035589', 'lNONMMUG036314', 'lNONMMUG036495', 'lNONMMUG038170', 'lNONMMUG038692', 'lNONMMUG038718', 'lNONMMUG039825', 'lNONMMUG041948', 'lNONMMUG042190', 'lNONMMUG043393', 'lNONMMUG043843', 'lNONMMUG044302', 'lNONMMUG045259', 'lENSMUSG00000085908', 'lENSMUSG00000103692', 'lENSMUSG00000106828', 'lENSMUSG00000107766', 'lGm13291', 'lSnord11', 'lSnord67']","[0.0, 0.0, 1.0, 1.0, 0.0, 1.0, 1.0, 0.0, 0.0, 1.0, 0.0, 1.0, 1.0, 0.0, 1.0, 0.0, 1.0, 1.0, 1.0, 0.0, 1.0, 0.0, 0.0, 0.0, 1.0, 0.0, 0.0, 1.0, 0.0, 1.0, 1.0, 1.0, 1.0, 0.0, 1.0, 1.0, 1.0, 1.0, 1.0, 1.0, 0.0, 1.0, 0.0, 0.0, 0.0, 1.0, 1.0, 0.0, 0.0, 1.0, 0.0, 1.0, 0.0, 0.0, 0.0, 0.0, 1.0, 0.0, 1.0, 1.0, 0.0, 0.0, 0.0, 1.0, 1.0, 0.0, 0.0, 0.0, 1.0, 0.0, 0.0, 1.0, 0.0, 0.0, 0.0, 0.0, 1.0, 1.0, 0.0, 1.0, 0.0, 1.0, 0.0, 1.0, 1.0, 0.0, 1.0]",['lNONMMUG009962'],[1.0],[0],[-0.36949638643274735]
5,"['lNONMMUG000508', 'lNONMMUG002215', 'lNONMMUG002239', 'lNONMMUG009962', 'lNONMMUG017485', 'lNONMMUG017913', 'lNONMMUG020673', 'lNONMMUG023454', 'lNONMMUG026355', 'lNONMMUG029813', 'lNONMMUG030202', 'lNONMMUG033401', 'lNONMMUG034886', 'lNONMMUG038355', 'lNONMMUG039685', 'lNONMMUG041158', 'lNONMMUG041781', 'lNONMMUG045568', 'lNONMMUG045569', 'lNONMMUG045574', 'lENSMUSG00000044471', 'lENSMUSG00000075277', 'lENSMUSG00000078190', 'lENSMUSG00000078247', 'lENSMUSG00000085354', 'lENSMUSG00000085715', 'lENSMUSG00000085873', 'lENSMUSG00000086035', 'lENSMUSG00000086141', 'lENSMUSG00000090063', 'lENSMUSG00000097336', 'lENSMUSG00000097571', 'lENSMUSG00000097767', 'lENSMUSG00000098439', 'lENSMUSG00000101609', 'lENSMUSG00000106519', 'l9030622O22Rik', 'lDlx6os1', 'lDnm3os', 'lGas5', 'lGm12610', 'lMiat', 'lNeat1', 'lNONMMUG002771', 'lNONMMUG004366', 'lNONMMUG007120', 'lNONMMUG008199', 'lNONMMUG009173', 'lNONMMUG009235', 'lNONMMUG010099', 'lNONMMUG012984', 'lNONMMUG013851', 'lNONMMUG014034', 'lNONMMUG017321', 'lNONMMUG017372', 'lNONMMUG019692', 'lNONMMUG020560', 'lNONMMUG021010', 'lNONMMUG023106', 'lNONMMUG024809', 'lNONMMUG025805', 'lNONMMUG029789', 'lNONMMUG031524', 'lNONMMUG031860', 'lNONMMUG032531', 'lNONMMUG033434', 'lNONMMUG034060', 'lNONMMUG035589', 'lNONMMUG036314', 'lNONMMUG036495', 'lNONMMUG038170', 'lNONMMUG038692', 'lNONMMUG038718', 'lNONMMUG039825', 'lNONMMUG041948', 'lNONMMUG042190', 'lNONMMUG043393', 'lNONMMUG043843', 'lNONMMUG044302', 'lNONMMUG045259', 'lENSMUSG00000085908', 'lENSMUSG00000103692', 'lENSMUSG00000106828', 'lENSMUSG00000107766', 'lGm13291', 'lSnord11', 'lSnord67']","[0.0, 0.0, 1.0, 1.0, 0.0, 1.0, 1.0, 0.0, 0.0, 1.0, 0.0, 1.0, 1.0, 0.0, 1.0, 0.0, 1.0, 1.0, 1.0, 0.0, 1.0, 0.0, 0.0, 0.0, 1.0, 0.0, 0.0, 1.0, 0.0, 1.0, 1.0, 1.0, 1.0, 0.0, 1.0, 1.0, 1.0, 1.0, 1.0, 1.0, 0.0, 1.0, 0.0, 0.0, 0.0, 1.0, 1.0, 0.0, 0.0, 1.0, 0.0, 1.0, 0.0, 0.0, 0.0, 0.0, 1.0, 0.0, 1.0, 1.0, 0.0, 0.0, 0.0, 1.0, 1.0, 0.0, 0.0, 0.0, 1.0, 0.0, 0.0, 1.0, 0.0, 0.0, 0.0, 0.0, 1.0, 1.0, 0.0, 1.0, 0.0, 1.0, 0.0, 1.0, 1.0, 0.0, 1.0]",['lNONMMUG013211'],[1.0],[1],[0.1515468546152856]
6,"['lNONMMUG000508', 'lNONMMUG002215', 'lNONMMUG002239', 'lNONMMUG009962', 'lNONMMUG013211', 'lNONMMUG017913', 'lNONMMUG020673', 'lNONMMUG023454', 'lNONMMUG026355', 'lNONMMUG029813', 'lNONMMUG030202', 'lNONMMUG033401', 'lNONMMUG034886', 'lNONMMUG038355', 'lNONMMUG039685', 'lNONMMUG041158', 'lNONMMUG041781', 'lNONMMUG045568', 'lNONMMUG045569', 'lNONMMUG045574', 'lENSMUSG00000044471', 'lENSMUSG00000075277', 'lENSMUSG00000078190', 'lENSMUSG00000078247', 'lENSMUSG00000085354', 'lENSMUSG00000085715', 'lENSMUSG00000085873', 'lENSMUSG00000086035', 'lENSMUSG00000086141', 'lENSMUSG00000090063', 'lENSMUSG00000097336', 'lENSMUSG00000097571', 'lENSMUSG00000097767', 'lENSMUSG00000098439', 'lENSMUSG00000101609', 'lENSMUSG00000106519', 'l9030622O22Rik', 'lDlx6os1', 'lDnm3os', 'lGas5', 'lGm12610', 'lMiat', 'lNeat1', 'lNONMMUG002771', 'lNONMMUG004366', 'lNONMMUG007120', 'lNONMMUG008199', 'lNONMMUG009173', 'lNONMMUG009235', 'lNONMMUG010099', 'lNONMMUG012984', 'lNONMMUG013851', 'lNONMMUG014034', 'lNONMMUG017321', 'lNONMMUG017372', 'lNONMMUG019692', 'lNONMMUG020560', 'lNONMMUG021010', 'lNONMMUG023106', 'lNONMMUG024809', 'lNONMMUG025805', 'lNONMMUG029789', 'lNONMMUG031524', 'lNONMMUG031860', 'lNONMMUG032531', 'lNONMMUG033434', 'lNONMMUG034060', 'lNONMMUG035589', 'lNONMMUG036314', 'lNONMMUG036495', 'lNONMMUG038170', 'lNONMMUG038692', 'lNONMMUG038718', 'lNONMMUG039825', 'lNONMMUG041948', 'lNONMMUG042190', 'lNONMMUG043393', 'lNONMMUG043843', 'lNONMMUG044302', 'lNONMMUG045259', 'lENSMUSG00000085908', 'lENSMUSG00000103692', 'lENSMUSG00000106828', 'lENSMUSG00000107766', 'lGm13291', 'lSnord11', 'lSnord67']","[0.0, 0.0, 1.0, 1.0, 1.0, 1.0, 1.0, 0.0, 0.0, 1.0, 0.0, 1.0, 1.0, 0.0, 1.0, 0.0, 1.0, 1.0, 1.0, 0.0, 1.0, 0.0, 0.0, 0.0, 1.0, 0.0, 0.0, 1.0, 0.0, 1.0, 1.0, 1.0, 1.0, 0.0, 1.0, 1.0, 1.0, 1.0, 1.0, 1.0, 0.0, 1.0, 0.0, 0.0, 0.0, 1.0, 1.0, 0.0, 0.0, 1.0, 0.0, 1.0, 0.0, 0.0, 0.0, 0.0, 1.0, 0.0, 1.0, 1.0, 0.0, 0.0, 0.0, 1.0, 1.0, 0.0, 0.0, 0.0, 1.0, 0.0, 0.0, 1.0, 0.0, 0.0, 0.0, 0.0, 1.0, 1.0, 0.0, 1.0, 0.0, 1.0, 0.0, 1.0, 1.0, 0.0, 1.0]",['lNONMMUG017485'],[0.0],[1],[0.061677977605863354]
7,"['lNONMMUG000508', 'lNONMMUG002215', 'lNONMMUG002239', 'lNONMMUG009962', 'lNONMMUG013211', 'lNONMMUG017485', 'lNONMMUG020673', 'lNONMMUG023454', 'lNONMMUG026355', 'lNONMMUG029813', 'lNONMMUG030202', 'lNONMMUG033401', 'lNONMMUG034886', 'lNONMMUG038355', 'lNONMMUG039685', 'lNONMMUG041158', 'lNONMMUG041781', 'lNONMMUG045568', 'lNONMMUG045569', 'lNONMMUG045574', 'lENSMUSG00000044471', 'lENSMUSG00000075277', 'lENSMUSG00000078190', 'lENSMUSG00000078247', 'lENSMUSG00000085354', 'lENSMUSG00000085715', 'lENSMUSG00000085873', 'lENSMUSG00000086035', 'lENSMUSG00000086141', 'lENSMUSG00000090063', 'lENSMUSG00000097336', 'lENSMUSG00000097571', 'lENSMUSG00000097767', 'lENSMUSG00000098439', 'lENSMUSG00000101609', 'lENSMUSG00000106519', 'l9030622O22Rik', 'lDlx6os1', 'lDnm3os', 'lGas5', 'lGm12610', 'lMiat', 'lNeat1', 'lNONMMUG002771', 'lNONMMUG004366', 'lNONMMUG007120', 'lNONMMUG008199', 'lNONMMUG009173', 'lNONMMUG009235', 'lNONMMUG010099', 'lNONMMUG012984', 'lNONMMUG013851', 'lNONMMUG014034', 'lNONMMUG017321', 'lNONMMUG017372', 'lNONMMUG019692', 'lNONMMUG020560', 'lNONMMUG021010', 'lNONMMUG023106', 'lNONMMUG024809', 'lNONMMUG025805', 'lNONMMUG029789', 'lNONMMUG031524', 'lNONMMUG031860', 'lNONMMUG032531', 'lNONMMUG033434', 'lNONMMUG034060', 'lNONMMUG035589', 'lNONMMUG036314', 'lNONMMUG036495', 'lNONMMUG038170', 'lNONMMUG038692', 'lNONMMUG038718', 'lNONMMUG039825', 'lNONMMUG041948', 'lNONMMUG042190', 'lNONMMUG043393', 'lNONMMUG043843', 'lNONMMUG044302', 'lNONMMUG045259', 'lENSMUSG00000085908', 'lENSMUSG00000103692', 'lENSMUSG00000106828', 'lENSMUSG00000107766', 'lGm13291', 'lSnord11', 'lSnord67']","[0.0, 0.0, 1.0, 1.0, 1.0, 0.0, 1.0, 0.0, 0.0, 1.0, 0.0, 1.0, 1.0, 0.0, 1.0, 0.0, 1.0, 1.0, 1.0, 0.0, 1.0, 0.0, 0.0, 0.0, 1.0, 0.0, 0.0, 1.0, 0.0, 1.0, 1.0, 1.0, 1.0, 0.0, 1.0, 1.0, 1.0, 1.0, 1.0, 1.0, 0.0, 1.0, 0.0, 0.0, 0.0, 1.0, 1.0, 0.0, 0.0, 1.0, 0.0, 1.0, 0.0, 0.0, 0.0, 0.0, 1.0, 0.0, 1.0, 1.0, 0.0, 0.0, 0.0, 1.0, 1.0, 0.0, 0.0, 0.0, 1.0, 0.0, 0.0, 1.0, 0.0, 0.0, 0.0, 0.0, 1.0, 1.0, 0.0, 1.0, 0.0, 1.0, 0.0, 1.0, 1.0, 0.0, 1.0]",['lNONMMUG017913'],[1.0],[0],[-0.5434778791710697]
8,"['lNONMMUG000508', 'lNONMMUG002215', 'lNONMMUG002239', 'lNONMMUG009962', 'lNONMMUG013211', 'lNONMMUG017485', 'lNONMMUG017913', 'lNONMMUG023454', 'lNONMMUG026355', 'lNONMMUG029813', 'lNONMMUG030202', 'lNONMMUG033401', 'lNONMMUG034886', 'lNONMMUG038355', 'lNONMMUG039685', 'lNONMMUG041158', 'lNONMMUG041781', 'lNONMMUG045568', 'lNONMMUG045569', 'lNONMMUG045574', 'lENSMUSG00000044471', 'lENSMUSG00000075277', 'lENSMUSG00000078190', 'lENSMUSG00000078247', 'lENSMUSG00000085354', 'lENSMUSG00000085715', 'lENSMUSG00000085873', 'lENSMUSG00000086035', 'lENSMUSG00000086141', 'lENSMUSG00000090063', 'lENSMUSG00000097336', 'lENSMUSG00000097571', 'lENSMUSG00000097767', 'lENSMUSG00000098439', 'lENSMUSG00000101609', 'lENSMUSG00000106519', 'l9030622O22Rik', 'lDlx6os1', 'lDnm3os', 'lGas5', 'lGm12610', 'lMiat', 'lNeat1', 'lNONMMUG002771', 'lNONMMUG004366', 'lNONMMUG007120', 'lNONMMUG008199', 'lNONMMUG009173', 'lNONMMUG009235', 'lNONMMUG010099', 'lNONMMUG012984', 'lNONMMUG013851', 'lNONMMUG014034', 'lNONMMUG017321', 'lNONMMUG017372', 'lNONMMUG019692', 'lNONMMUG020560', 'lNONMMUG021010', 'lNONMMUG023106', 'lNONMMUG024809', 'lNONMMUG025805', 'lNONMMUG029789', 'lNONMMUG031524', 'lNONMMUG031860', 'lNONMMUG032531', 'lNONMMUG033434', 'lNONMMUG034060', 'lNONMMUG035589', 'lNONMMUG036314', 'lNONMMUG036495', 'lNONMMUG038170', 'lNONMMUG038692', 'lNONMMUG038718', 'lNONMMUG039825', 'lNONMMUG041948', 'lNONMMUG042190', 'lNONMMUG043393', 'lNONMMUG043843', 'lNONMMUG044302', 'lNONMMUG045259', 'lENSMUSG00000085908', 'lENSMUSG00000103692', 'lENSMUSG00000106828', 'lENSMUSG00000107766', 'lGm13291', 'lSnord11', 'lSnord67']","[0.0, 0.0, 1.0, 1.0, 1.0, 0.0, 1.0, 0.0, 0.0, 1.0, 0.0, 1.0, 1.0, 0.0, 1.0, 0.0, 1.0, 1.0, 1.0, 0.0, 1.0, 0.0, 0.0, 0.0, 1.0, 0.0, 0.0, 1.0, 0.0, 1.0, 1.0, 1.0, 1.0, 0.0, 1.0, 1.0, 1.0, 1.0, 1.0, 1.0, 0.0, 1.0, 0.0, 0.0, 0.0, 1.0, 1.0, 0.0, 0.0, 1.0, 0.0, 1.0, 0.0, 0.0, 0.0, 0.0, 1.0, 0.0, 1.0, 1.0, 0.0, 0.0, 0.0, 1.0, 1.0, 0.0, 0.0, 0.0, 1.0, 0.0, 0.0, 1.0, 0.0, 0.0, 0.0, 0.0, 1.0, 1.0, 0.0, 1.0, 0.0, 1.0, 0.0, 1.0, 1.0, 0.0, 1.0]",['lNONMMUG020673'],[1.0],[1],[0.6683533874870534]
9,"['lNONMMUG000508', 'lNONMMUG002215', 'lNONMMUG002239', 'lNONMMUG009962', 'lNONMMUG013211', 'lNONMMUG017485', 'lNONMMUG017913', 'lNONMMUG020673', 'lNONMMUG026355', 'lNONMMUG029813', 'lNONMMUG030202', 'lNONMMUG033401', 'lNONMMUG034886', 'lNONMMUG038355', 'lNONMMUG039685', 'lNONMMUG041158', 'lNONMMUG041781', 'lNONMMUG045568', 'lNONMMUG045569', 'lNONMMUG045574', 'lENSMUSG00000044471', 'lENSMUSG00000075277', 'lENSMUSG00000078190', 'lENSMUSG00000078247', 'lENSMUSG00000085354', 'lENSMUSG00000085715', 'lENSMUSG00000085873', 'lENSMUSG00000086035', 'lENSMUSG00000086141', 'lENSMUSG00000090063', 'lENSMUSG00000097336', 'lENSMUSG00000097571', 'lENSMUSG00000097767', 'lENSMUSG00000098439', 'lENSMUSG00000101609', 'lENSMUSG00000106519', 'l9030622O22Rik', 'lDlx6os1', 'lDnm3os', 'lGas5', 'lGm12610', 'lMiat', 'lNeat1', 'lNONMMUG002771', 'lNONMMUG004366', 'lNONMMUG007120', 'lNONMMUG008199', 'lNONMMUG009173', 'lNONMMUG009235', 'lNONMMUG010099', 'lNONMMUG012984', 'lNONMMUG013851', 'lNONMMUG014034', 'lNONMMUG017321', 'lNONMMUG017372', 'lNONMMUG019692', 'lNONMMUG020560', 'lNONMMUG021010', 'lNONMMUG023106', 'lNONMMUG024809', 'lNONMMUG025805', 'lNONMMUG029789', 'lNONMMUG031524', 'lNONMMUG031860', 'lNONMMUG032531', 'lNONMMUG033434', 'lNONMMUG034060', 'lNONMMUG035589', 'lNONMMUG036314', 'lNONMMUG036495', 'lNONMMUG038170', 'lNONMMUG038692', 'lNONMMUG038718', 'lNONMMUG039825', 'lNONMMUG041948', 'lNONMMUG042190', 'lNONMMUG043393', 'lNONMMUG043843', 'lNONMMUG044302', 'lNONMMUG045259', 'lENSMUSG00000085908', 'lENSMUSG00000103692', 'lENSMUSG00000106828', 'lENSMUSG00000107766', 'lGm13291', 'lSnord11', 'lSnord67']","[0.0, 0.0, 1.0, 1.0, 1.0, 0.0, 1.0, 1.0, 0.0, 1.0, 0.0, 1.0, 1.0, 0.0, 1.0, 0.0, 1.0, 1.0, 1.0, 0.0, 1.0, 0.0, 0.0, 0.0, 1.0, 0.0, 0.0, 1.0, 0.0, 1.0, 1.0, 1.0, 1.0, 0.0, 1.0, 1.0, 1.0, 1.0, 1.0, 1.0, 0.0, 1.0, 0.0, 0.0, 0.0, 1.0, 1.0, 0.0, 0.0, 1.0, 0.0, 1.0, 0.0, 0.0, 0.0, 0.0, 1.0, 0.0, 1.0, 1.0, 0.0, 0.0, 0.0, 1.0, 1.0, 0.0, 0.0, 0.0, 1.0, 0.0, 0.0, 1.0, 0.0, 0.0, 0.0, 0.0, 1.0, 1.0, 0.0, 1.0, 0.0, 1.0, 0.0, 1.0, 1.0, 0.0, 1.0]",['lNONMMUG023454'],[0.0],[1],[1.4126456164568957]
10,"['lNONMMUG000508', 'lNONMMUG002215', 'lNONMMUG002239', 'lNONMMUG009962', 'lNONMMUG013211', 'lNONMMUG017485', 'lNONMMUG017913', 'lNONMMUG020673', 'lNONMMUG023454', 'lNONMMUG029813', 'lNONMMUG030202', 'lNONMMUG033401', 'lNONMMUG034886', 'lNONMMUG038355', 'lNONMMUG039685', 'lNONMMUG041158', 'lNONMMUG041781', 'lNONMMUG045568', 'lNONMMUG045569', 'lNONMMUG045574', 'lENSMUSG00000044471', 'lENSMUSG00000075277', 'lENSMUSG00000078190', 'lENSMUSG00000078247', 'lENSMUSG00000085354', 'lENSMUSG00000085715', 'lENSMUSG00000085873', 'lENSMUSG00000086035', 'lENSMUSG00000086141', 'lENSMUSG00000090063', 'lENSMUSG00000097336', 'lENSMUSG00000097571', 'lENSMUSG00000097767', 'lENSMUSG00000098439', 'lENSMUSG00000101609', 'lENSMUSG00000106519', 'l9030622O22Rik', 'lDlx6os1', 'lDnm3os', 'lGas5', 'lGm12610', 'lMiat', 'lNeat1', 'lNONMMUG002771', 'lNONMMUG004366', 'lNONMMUG007120', 'lNONMMUG008199', 'lNONMMUG009173', 'lNONMMUG009235', 'lNONMMUG010099', 'lNONMMUG012984', 'lNONMMUG013851', 'lNONMMUG014034', 'lNONMMUG017321', 'lNONMMUG017372', 'lNONMMUG019692', 'lNONMMUG020560', 'lNONMMUG021010', 'lNONMMUG023106', 'lNONMMUG024809', 'lNONMMUG025805', 'lNONMMUG029789', 'lNONMMUG031524', 'lNONMMUG031860', 'lNONMMUG032531', 'lNONMMUG033434', 'lNONMMUG034060', 'lNONMMUG035589', 'lNONMMUG036314', 'lNONMMUG036495', 'lNONMMUG038170', 'lNONMMUG038692', 'lNONMMUG038718', 'lNONMMUG039825', 'lNONMMUG041948', 'lNONMMUG042190', 'lNONMMUG043393', 'lNONMMUG043843', 'lNONMMUG044302', 'lNONMMUG045259', 'lENSMUSG00000085908', 'lENSMUSG00000103692', 'lENSMUSG00000106828', 'lENSMUSG00000107766', 'lGm13291', 'lSnord11', 'lSnord67']","[0.0, 0.0, 1.0, 1.0, 1.0, 0.0, 1.0, 1.0, 0.0, 1.0, 0.0, 1.0, 1.0, 0.0, 1.0, 0.0, 1.0, 1.0, 1.0, 0.0, 1.0, 0.0, 0.0, 0.0, 1.0, 0.0, 0.0, 1.0, 0.0, 1.0, 1.0, 1.0, 1.0, 0.0, 1.0, 1.0, 1.0, 1.0, 1.0, 1.0, 0.0, 1.0, 0.0, 0.0, 0.0, 1.0, 1.0, 0.0, 0.0, 1.0, 0.0, 1.0, 0.0, 0.0, 0.0, 0.0, 1.0, 0.0, 1.0, 1.0, 0.0, 0.0, 0.0, 1.0, 1.0, 0.0, 0.0, 0.0, 1.0, 0.0, 0.0, 1.0, 0.0, 0.0, 0.0, 0.0, 1.0, 1.0, 0.0, 1.0, 0.0, 1.0, 0.0, 1.0, 1.0, 0.0, 1.0]",['lNONMMUG026355'],[0.0],[0],[-0.480171215996682]
11,"['lNONMMUG000508', 'lNONMMUG002215', 'lNONMMUG002239', 'lNONMMUG009962', 'lNONMMUG013211', 'lNONMMUG017485', 'lNONMMUG017913', 'lNONMMUG020673', 'lNONMMUG023454', 'lNONMMUG026355', 'lNONMMUG030202', 'lNONMMUG033401', 'lNONMMUG034886', 'lNONMMUG038355', 'lNONMMUG039685', 'lNONMMUG041158', 'lNONMMUG041781', 'lNONMMUG045568', 'lNONMMUG045569', 'lNONMMUG045574', 'lENSMUSG00000044471', 'lENSMUSG00000075277', 'lENSMUSG00000078190', 'lENSMUSG00000078247', 'lENSMUSG00000085354', 'lENSMUSG00000085715', 'lENSMUSG00000085873', 'lENSMUSG00000086035', 'lENSMUSG00000086141', 'lENSMUSG00000090063', 'lENSMUSG00000097336', 'lENSMUSG00000097571', 'lENSMUSG00000097767', 'lENSMUSG00000098439', 'lENSMUSG00000101609', 'lENSMUSG00000106519', 'l9030622O22Rik', 'lDlx6os1', 'lDnm3os', 'lGas5', 'lGm12610', 'lMiat', 'lNeat1', 'lNONMMUG002771', 'lNONMMUG004366', 'lNONMMUG007120', 'lNONMMUG008199', 'lNONMMUG009173', 'lNONMMUG009235', 'lNONMMUG010099', 'lNONMMUG012984', 'lNONMMUG013851', 'lNONMMUG014034', 'lNONMMUG017321', 'lNONMMUG017372', 'lNONMMUG019692', 'lNONMMUG020560', 'lNONMMUG021010', 'lNONMMUG023106', 'lNONMMUG024809', 'lNONMMUG025805', 'lNONMMUG029789', 'lNONMMUG031524', 'lNONMMUG031860', 'lNONMMUG032531', 'lNONMMUG033434', 'lNONMMUG034060', 'lNONMMUG035589', 'lNONMMUG036314', 'lNONMMUG036495', 'lNONMMUG038170', 'lNONMMUG038692', 'lNONMMUG038718', 'lNONMMUG039825', 'lNONMMUG041948', 'lNONMMUG042190', 'lNONMMUG043393', 'lNONMMUG043843', 'lNONMMUG044302', 'lNONMMUG045259', 'lENSMUSG00000085908', 'lENSMUSG00000103692', 'lENSMUSG00000106828', 'lENSMUSG00000107766', 'lGm13291', 'lSnord11', 'lSnord67']","[0.0, 0.0, 1.0, 1.0, 1.0, 0.0, 1.0, 1.0, 0.0, 0.0, 0.0, 1.0, 1.0, 0.0, 1.0, 0.0, 1.0, 1.0, 1.0, 0.0, 1.0, 0.0, 0.0, 0.0, 1.0, 0.0, 0.0, 1.0, 0.0, 1.0, 1.0, 1.0, 1.0, 0.0, 1.0, 1.0, 1.0, 1.0, 1.0, 1.0, 0.0, 1.0, 0.0, 0.0, 0.0, 1.0, 1.0, 0.0, 0.0, 1.0, 0.0, 1.0, 0.0, 0.0, 0.0, 0.0, 1.0, 0.0, 1.0, 1.0, 0.0, 0.0, 0.0, 1.0, 1.0, 0.0, 0.0, 0.0, 1.0, 0.0, 0.0, 1.0, 0.0, 0.0, 0.0, 0.0, 1.0, 1.0, 0.0, 1.0, 0.0, 1.0, 0.0, 1.0, 1.0, 0.0, 1.0]",['lNONMMUG029813'],[1.0],[1],[0.33599125329556884]
12,"['lNONMMUG000508', 'lNONMMUG002215', 'lNONMMUG002239', 'lNONMMUG009962', 'lNONMMUG013211', 'lNONMMUG017485', 'lNONMMUG017913', 'lNONMMUG020673', 'lNONMMUG023454', 'lNONMMUG026355', 'lNONMMUG029813', 'lNONMMUG033401', 'lNONMMUG034886', 'lNONMMUG038355', 'lNONMMUG039685', 'lNONMMUG041158', 'lNONMMUG041781', 'lNONMMUG045568', 'lNONMMUG045569', 'lNONMMUG045574', 'lENSMUSG00000044471', 'lENSMUSG00000075277', 'lENSMUSG00000078190', 'lENSMUSG00000078247', 'lENSMUSG00000085354', 'lENSMUSG00000085715', 'lENSMUSG00000085873', 'lENSMUSG00000086035', 'lENSMUSG00000086141', 'lENSMUSG00000090063', 'lENSMUSG00000097336', 'lENSMUSG00000097571', 'lENSMUSG00000097767', 'lENSMUSG00000098439', 'lENSMUSG00000101609', 'lENSMUSG00000106519', 'l9030622O22Rik', 'lDlx6os1', 'lDnm3os', 'lGas5', 'lGm12610', 'lMiat', 'lNeat1', 'lNONMMUG002771', 'lNONMMUG004366', 'lNONMMUG007120', 'lNONMMUG008199', 'lNONMMUG009173', 'lNONMMUG009235', 'lNONMMUG010099', 'lNONMMUG012984', 'lNONMMUG013851', 'lNONMMUG014034', 'lNONMMUG017321', 'lNONMMUG017372', 'lNONMMUG019692', 'lNONMMUG020560', 'lNONMMUG021010', 'lNONMMUG023106', 'lNONMMUG024809', 'lNONMMUG025805', 'lNONMMUG029789', 'lNONMMUG031524', 'lNONMMUG031860', 'lNONMMUG032531', 'lNONMMUG033434', 'lNONMMUG034060', 'lNONMMUG035589', 'lNONMMUG036314', 'lNONMMUG036495', 'lNONMMUG038170', 'lNONMMUG038692', 'lNONMMUG038718', 'lNONMMUG039825', 'lNONMMUG041948', 'lNONMMUG042190', 'lNONMMUG043393', 'lNONMMUG043843', 'lNONMMUG044302', 'lNONMMUG045259', 'lENSMUSG00000085908', 'lENSMUSG00000103692', 'lENSMUSG00000106828', 'lENSMUSG00000107766', 'lGm13291', 'lSnord11', 'lSnord67']","[0.0, 0.0, 1.0, 1.0, 1.0, 0.0, 1.0, 1.0, 0.0, 0.0, 1.0, 1.0, 1.0, 0.0, 1.0, 0.0, 1.0, 1.0, 1.0, 0.0, 1.0, 0.0, 0.0, 0.0, 1.0, 0.0, 0.0, 1.0, 0.0, 1.0, 1.0, 1.0, 1.0, 0.0, 1.0, 1.0, 1.0, 1.0, 1.0, 1.0, 0.0, 1.0, 0.0, 0.0, 0.0, 1.0, 1.0, 0.0, 0.0, 1.0, 0.0, 1.0, 0.0, 0.0, 0.0, 0.0, 1.0, 0.0, 1.0, 1.0, 0.0, 0.0, 0.0, 1.0, 1.0, 0.0, 0.0, 0.0, 1.0, 0.0, 0.0, 1.0, 0.0, 0.0, 0.0, 0.0, 1.0, 1.0, 0.0, 1.0, 0.0, 1.0, 0.0, 1.0, 1.0, 0.0, 1.0]",['lNONMMUG030202'],[0.0],[1],[0.48820004283953333]
13,"['lNONMMUG000508', 'lNONMMUG002215', 'lNONMMUG002239', 'lNONMMUG009962', 'lNONMMUG013211', 'lNONMMUG017485', 'lNONMMUG017913', 'lNONMMUG020673', 'lNONMMUG023454', 'lNONMMUG026355', 'lNONMMUG029813', 'lNONMMUG030202', 'lNONMMUG034886', 'lNONMMUG038355', 'lNONMMUG039685', 'lNONMMUG041158', 'lNONMMUG041781', 'lNONMMUG045568', 'lNONMMUG045569', 'lNONMMUG045574', 'lENSMUSG00000044471', 'lENSMUSG00000075277', 'lENSMUSG00000078190', 'lENSMUSG00000078247', 'lENSMUSG00000085354', 'lENSMUSG00000085715', 'lENSMUSG00000085873', 'lENSMUSG00000086035', 'lENSMUSG00000086141', 'lENSMUSG00000090063', 'lENSMUSG00000097336', 'lENSMUSG00000097571', 'lENSMUSG00000097767', 'lENSMUSG00000098439', 'lENSMUSG00000101609', 'lENSMUSG00000106519', 'l9030622O22Rik', 'lDlx6os1', 'lDnm3os', 'lGas5', 'lGm12610', 'lMiat', 'lNeat1', 'lNONMMUG002771', 'lNONMMUG004366', 'lNONMMUG007120', 'lNONMMUG008199', 'lNONMMUG009173', 'lNONMMUG009235', 'lNONMMUG010099', 'lNONMMUG012984', 'lNONMMUG013851', 'lNONMMUG014034', 'lNONMMUG017321', 'lNONMMUG017372', 'lNONMMUG019692', 'lNONMMUG020560', 'lNONMMUG021010', 'lNONMMUG023106', 'lNONMMUG024809', 'lNONMMUG025805', 'lNONMMUG029789', 'lNONMMUG031524', 'lNONMMUG031860', 'lNONMMUG032531', 'lNONMMUG033434', 'lNONMMUG034060', 'lNONMMUG035589', 'lNONMMUG036314', 'lNONMMUG036495', 'lNONMMUG038170', 'lNONMMUG038692', 'lNONMMUG038718', 'lNONMMUG039825', 'lNONMMUG041948', 'lNONMMUG042190', 'lNONMMUG043393', 'lNONMMUG043843', 'lNONMMUG044302', 'lNONMMUG045259', 'lENSMUSG00000085908', 'lENSMUSG00000103692', 'lENSMUSG00000106828', 'lENSMUSG00000107766', 'lGm13291', 'lSnord11', 'lSnord67']","[0.0, 0.0, 1.0, 1.0, 1.0, 0.0, 1.0, 1.0, 0.0, 0.0, 1.0, 0.0, 1.0, 0.0, 1.0, 0.0, 1.0, 1.0, 1.0, 0.0, 1.0, 0.0, 0.0, 0.0, 1.0, 0.0, 0.0, 1.0, 0.0, 1.0, 1.0, 1.0, 1.0, 0.0, 1.0, 1.0, 1.0, 1.0, 1.0, 1.0, 0.0, 1.0, 0.0, 0.0, 0.0, 1.0, 1.0, 0.0, 0.0, 1.0, 0.0, 1.0, 0.0, 0.0, 0.0, 0.0, 1.0, 0.0, 1.0, 1.0, 0.0, 0.0, 0.0, 1.0, 1.0, 0.0, 0.0, 0.0, 1.0, 0.0, 0.0, 1.0, 0.0, 0.0, 0.0, 0.0, 1.0, 1.0, 0.0, 1.0, 0.0, 1.0, 0.0, 1.0, 1.0, 0.0, 1.0]",['lNONMMUG033401'],[1.0],[0],[-0.2162301629201882]
14,"['lNONMMUG000508', 'lNONMMUG002215', 'lNONMMUG002239', 'lNONMMUG009962', 'lNONMMUG013211', 'lNONMMUG017485', 'lNONMMUG017913', 'lNONMMUG020673', 'lNONMMUG023454', 'lNONMMUG026355', 'lNONMMUG029813', 'lNONMMUG030202', 'lNONMMUG033401', 'lNONMMUG038355', 'lNONMMUG039685', 'lNONMMUG041158', 'lNONMMUG041781', 'lNONMMUG045568', 'lNONMMUG045569', 'lNONMMUG045574', 'lENSMUSG00000044471', 'lENSMUSG00000075277', 'lENSMUSG00000078190', 'lENSMUSG00000078247', 'lENSMUSG00000085354', 'lENSMUSG00000085715', 'lENSMUSG00000085873', 'lENSMUSG00000086035', 'lENSMUSG00000086141', 'lENSMUSG00000090063', 'lENSMUSG00000097336', 'lENSMUSG00000097571', 'lENSMUSG00000097767', 'lENSMUSG00000098439', 'lENSMUSG00000101609', 'lENSMUSG00000106519', 'l9030622O22Rik', 'lDlx6os1', 'lDnm3os', 'lGas5', 'lGm12610', 'lMiat', 'lNeat1', 'lNONMMUG002771', 'lNONMMUG004366', 'lNONMMUG007120', 'lNONMMUG008199', 'lNONMMUG009173', 'lNONMMUG009235', 'lNONMMUG010099', 'lNONMMUG012984', 'lNONMMUG013851', 'lNONMMUG014034', 'lNONMMUG017321', 'lNONMMUG017372', 'lNONMMUG019692', 'lNONMMUG020560', 'lNONMMUG021010', 'lNONMMUG023106', 'lNONMMUG024809', 'lNONMMUG025805', 'lNONMMUG029789', 'lNONMMUG031524', 'lNONMMUG031860', 'lNONMMUG032531', 'lNONMMUG033434', 'lNONMMUG034060', 'lNONMMUG035589', 'lNONMMUG036314', 'lNONMMUG036495', 'lNONMMUG038170', 'lNONMMUG038692', 'lNONMMUG038718', 'lNONMMUG039825', 'lNONMMUG041948', 'lNONMMUG042190', 'lNONMMUG043393', 'lNONMMUG043843', 'lNONMMUG044302', 'lNONMMUG045259', 'lENSMUSG00000085908', 'lENSMUSG00000103692', 'lENSMUSG00000106828', 'lENSMUSG00000107766', 'lGm13291', 'lSnord11', 'lSnord67']","[0.0, 0.0, 1.0, 1.0, 1.0, 0.0, 1.0, 1.0, 0.0, 0.0, 1.0, 0.0, 1.0, 0.0, 1.0, 0.0, 1.0, 1.0, 1.0, 0.0, 1.0, 0.0, 0.0, 0.0, 1.0, 0.0, 0.0, 1.0, 0.0, 1.0, 1.0, 1.0, 1.0, 0.0, 1.0, 1.0, 1.0, 1.0, 1.0, 1.0, 0.0, 1.0, 0.0, 0.0, 0.0, 1.0, 1.0, 0.0, 0.0, 1.0, 0.0, 1.0, 0.0, 0.0, 0.0, 0.0, 1.0, 0.0, 1.0, 1.0, 0.0, 0.0, 0.0, 1.0, 1.0, 0.0, 0.0, 0.0, 1.0, 0.0, 0.0, 1.0, 0.0, 0.0, 0.0, 0.0, 1.0, 1.0, 0.0, 1.0, 0.0, 1.0, 0.0, 1.0, 1.0, 0.0, 1.0]",['lNONMMUG034886'],[1.0],[0],[-1.247852472164518]
15,"['lNONMMUG000508', 'lNONMMUG002215', 'lNONMMUG002239', 'lNONMMUG009962', 'lNONMMUG013211', 'lNONMMUG017485', 'lNONMMUG017913', 'lNONMMUG020673', 'lNONMMUG023454', 'lNONMMUG026355', 'lNONMMUG029813', 'lNONMMUG030202', 'lNONMMUG033401', 'lNONMMUG034886', 'lNONMMUG039685', 'lNONMMUG041158', 'lNONMMUG041781', 'lNONMMUG045568', 'lNONMMUG045569', 'lNONMMUG045574', 'lENSMUSG00000044471', 'lENSMUSG00000075277', 'lENSMUSG00000078190', 'lENSMUSG00000078247', 'lENSMUSG00000085354', 'lENSMUSG00000085715', 'lENSMUSG00000085873', 'lENSMUSG00000086035', 'lENSMUSG00000086141', 'lENSMUSG00000090063', 'lENSMUSG00000097336', 'lENSMUSG00000097571', 'lENSMUSG00000097767', 'lENSMUSG00000098439', 'lENSMUSG00000101609', 'lENSMUSG00000106519', 'l9030622O22Rik', 'lDlx6os1', 'lDnm3os', 'lGas5', 'lGm12610', 'lMiat', 'lNeat1', 'lNONMMUG002771', 'lNONMMUG004366', 'lNONMMUG007120', 'lNONMMUG008199', 'lNONMMUG009173', 'lNONMMUG009235', 'lNONMMUG010099', 'lNONMMUG012984', 'lNONMMUG013851', 'lNONMMUG014034', 'lNONMMUG017321', 'lNONMMUG017372', 'lNONMMUG019692', 'lNONMMUG020560', 'lNONMMUG021010', 'lNONMMUG023106', 'lNONMMUG024809', 'lNONMMUG025805', 'lNONMMUG029789', 'lNONMMUG031524', 'lNONMMUG031860', 'lNONMMUG032531', 'lNONMMUG033434', 'lNONMMUG034060', 'lNONMMUG035589', 'lNONMMUG036314', 'lNONMMUG036495', 'lNONMMUG038170', 'lNONMMUG038692', 'lNONMMUG038718', 'lNONMMUG039825', 'lNONMMUG041948', 'lNONMMUG042190', 'lNONMMUG043393', 'lNONMMUG043843', 'lNONMMUG044302', 'lNONMMUG045259', 'lENSMUSG00000085908', 'lENSMUSG00000103692', 'lENSMUSG00000106828', 'lENSMUSG00000107766', 'lGm13291', 'lSnord11', 'lSnord67']","[0.0, 0.0, 1.0, 1.0, 1.0, 0.0, 1.0, 1.0, 0.0, 0.0, 1.0, 0.0, 1.0, 1.0, 1.0, 0.0, 1.0, 1.0, 1.0, 0.0, 1.0, 0.0, 0.0, 0.0, 1.0, 0.0, 0.0, 1.0, 0.0, 1.0, 1.0, 1.0, 1.0, 0.0, 1.0, 1.0, 1.0, 1.0, 1.0, 1.0, 0.0, 1.0, 0.0, 0.0, 0.0, 1.0, 1.0, 0.0, 0.0, 1.0, 0.0, 1.0, 0.0, 0.0, 0.0, 0.0, 1.0, 0.0, 1.0, 1.0, 0.0, 0.0, 0.0, 1.0, 1.0, 0.0, 0.0, 0.0, 1.0, 0.0, 0.0, 1.0, 0.0, 0.0, 0.0, 0.0, 1.0, 1.0, 0.0, 1.0, 0.0, 1.0, 0.0, 1.0, 1.0, 0.0, 1.0]",['lNONMMUG038355'],[0.0],[1],[0.30308804014808216]
16,"['lNONMMUG000508', 'lNONMMUG002215', 'lNONMMUG002239', 'lNONMMUG009962', 'lNONMMUG013211', 'lNONMMUG017485', 'lNONMMUG017913', 'lNONMMUG020673', 'lNONMMUG023454', 'lNONMMUG026355', 'lNONMMUG029813', 'lNONMMUG030202', 'lNONMMUG033401', 'lNONMMUG034886', 'lNONMMUG038355', 'lNONMMUG041158', 'lNONMMUG041781', 'lNONMMUG045568', 'lNONMMUG045569', 'lNONMMUG045574', 'lENSMUSG00000044471', 'lENSMUSG00000075277', 'lENSMUSG00000078190', 'lENSMUSG00000078247', 'lENSMUSG00000085354', 'lENSMUSG00000085715', 'lENSMUSG00000085873', 'lENSMUSG00000086035', 'lENSMUSG00000086141', 'lENSMUSG00000090063', 'lENSMUSG00000097336', 'lENSMUSG00000097571', 'lENSMUSG00000097767', 'lENSMUSG00000098439', 'lENSMUSG00000101609', 'lENSMUSG00000106519', 'l9030622O22Rik', 'lDlx6os1', 'lDnm3os', 'lGas5', 'lGm12610', 'lMiat', 'lNeat1', 'lNONMMUG002771', 'lNONMMUG004366', 'lNONMMUG007120', 'lNONMMUG008199', 'lNONMMUG009173', 'lNONMMUG009235', 'lNONMMUG010099', 'lNONMMUG012984', 'lNONMMUG013851', 'lNONMMUG014034', 'lNONMMUG017321', 'lNONMMUG017372', 'lNONMMUG019692', 'lNONMMUG020560', 'lNONMMUG021010', 'lNONMMUG023106', 'lNONMMUG024809', 'lNONMMUG025805', 'lNONMMUG029789', 'lNONMMUG031524', 'lNONMMUG031860', 'lNONMMUG032531', 'lNONMMUG033434', 'lNONMMUG034060', 'lNONMMUG035589', 'lNONMMUG036314', 'lNONMMUG036495', 'lNONMMUG038170', 'lNONMMUG038692', 'lNONMMUG038718', 'lNONMMUG039825', 'lNONMMUG041948', 'lNONMMUG042190', 'lNONMMUG043393', 'lNONMMUG043843', 'lNONMMUG044302', 'lNONMMUG045259', 'lENSMUSG00000085908', 'lENSMUSG00000103692', 'lENSMUSG00000106828', 'lENSMUSG00000107766', 'lGm13291', 'lSnord11', 'lSnord67']","[0.0, 0.0, 1.0, 1.0, 1.0, 0.0, 1.0, 1.0, 0.0, 0.0, 1.0, 0.0, 1.0, 1.0, 0.0, 0.0, 1.0, 1.0, 1.0, 0.0, 1.0, 0.0, 0.0, 0.0, 1.0, 0.0, 0.0, 1.0, 0.0, 1.0, 1.0, 1.0, 1.0, 0.0, 1.0, 1.0, 1.0, 1.0, 1.0, 1.0, 0.0, 1.0, 0.0, 0.0, 0.0, 1.0, 1.0, 0.0, 0.0, 1.0, 0.0, 1.0, 0.0, 0.0, 0.0, 0.0, 1.0, 0.0, 1.0, 1.0, 0.0, 0.0, 0.0, 1.0, 1.0, 0.0, 0.0, 0.0, 1.0, 0.0, 0.0, 1.0, 0.0, 0.0, 0.0, 0.0, 1.0, 1.0, 0.0, 1.0, 0.0, 1.0, 0.0, 1.0, 1.0, 0.0, 1.0]",['lNONMMUG039685'],[1.0],[1],[0.3697805085833113]
17,"['lNONMMUG000508', 'lNONMMUG002215', 'lNONMMUG002239', 'lNONMMUG009962', 'lNONMMUG013211', 'lNONMMUG017485', 'lNONMMUG017913', 'lNONMMUG020673', 'lNONMMUG023454', 'lNONMMUG026355', 'lNONMMUG029813', 'lNONMMUG030202', 'lNONMMUG033401', 'lNONMMUG034886', 'lNONMMUG038355', 'lNONMMUG039685', 'lNONMMUG041781', 'lNONMMUG045568', 'lNONMMUG045569', 'lNONMMUG045574', 'lENSMUSG00000044471', 'lENSMUSG00000075277', 'lENSMUSG00000078190', 'lENSMUSG00000078247', 'lENSMUSG00000085354', 'lENSMUSG00000085715', 'lENSMUSG00000085873', 'lENSMUSG00000086035', 'lENSMUSG00000086141', 'lENSMUSG00000090063', 'lENSMUSG00000097336', 'lENSMUSG00000097571', 'lENSMUSG00000097767', 'lENSMUSG00000098439', 'lENSMUSG00000101609', 'lENSMUSG00000106519', 'l9030622O22Rik', 'lDlx6os1', 'lDnm3os', 'lGas5', 'lGm12610', 'lMiat', 'lNeat1', 'lNONMMUG002771', 'lNONMMUG004366', 'lNONMMUG007120', 'lNONMMUG008199', 'lNONMMUG009173', 'lNONMMUG009235', 'lNONMMUG010099', 'lNONMMUG012984', 'lNONMMUG013851', 'lNONMMUG014034', 'lNONMMUG017321', 'lNONMMUG017372', 'lNONMMUG019692', 'lNONMMUG020560', 'lNONMMUG021010', 'lNONMMUG023106', 'lNONMMUG024809', 'lNONMMUG025805', 'lNONMMUG029789', 'lNONMMUG031524', 'lNONMMUG031860', 'lNONMMUG032531', 'lNONMMUG033434', 'lNONMMUG034060', 'lNONMMUG035589', 'lNONMMUG036314', 'lNONMMUG036495', 'lNONMMUG038170', 'lNONMMUG038692', 'lNONMMUG038718', 'lNONMMUG039825', 'lNONMMUG041948', 'lNONMMUG042190', 'lNONMMUG043393', 'lNONMMUG043843', 'lNONMMUG044302', 'lNONMMUG045259', 'lENSMUSG00000085908', 'lENSMUSG00000103692', 'lENSMUSG00000106828', 'lENSMUSG00000107766', 'lGm13291', 'lSnord11', 'lSnord67']","[0.0, 0.0, 1.0, 1.0, 1.0, 0.0, 1.0, 1.0, 0.0, 0.0, 1.0, 0.0, 1.0, 1.0, 0.0, 1.0, 1.0, 1.0, 1.0, 0.0, 1.0, 0.0, 0.0, 0.0, 1.0, 0.0, 0.0, 1.0, 0.0, 1.0, 1.0, 1.0, 1.0, 0.0, 1.0, 1.0, 1.0, 1.0, 1.0, 1.0, 0.0, 1.0, 0.0, 0.0, 0.0, 1.0, 1.0, 0.0, 0.0, 1.0, 0.0, 1.0, 0.0, 0.0, 0.0, 0.0, 1.0, 0.0, 1.0, 1.0, 0.0, 0.0, 0.0, 1.0, 1.0, 0.0, 0.0, 0.0, 1.0, 0.0, 0.0, 1.0, 0.0, 0.0, 0.0, 0.0, 1.0, 1.0, 0.0, 1.0, 0.0, 1.0, 0.0, 1.0, 1.0, 0.0, 1.0]",['lNONMMUG041158'],[0.0],[0],[-0.20649581614503554]
18,"['lNONMMUG000508', 'lNONMMUG002215', 'lNONMMUG002239', 'lNONMMUG009962', 'lNONMMUG013211', 'lNONMMUG017485', 'lNONMMUG017913', 'lNONMMUG020673', 'lNONMMUG023454', 'lNONMMUG026355', 'lNONMMUG029813', 'lNONMMUG030202', 'lNONMMUG033401', 'lNONMMUG034886', 'lNONMMUG038355', 'lNONMMUG039685', 'lNONMMUG041158', 'lNONMMUG045568', 'lNONMMUG045569', 'lNONMMUG045574', 'lENSMUSG00000044471', 'lENSMUSG00000075277', 'lENSMUSG00000078190', 'lENSMUSG00000078247', 'lENSMUSG00000085354', 'lENSMUSG00000085715', 'lENSMUSG00000085873', 'lENSMUSG00000086035', 'lENSMUSG00000086141', 'lENSMUSG00000090063', 'lENSMUSG00000097336', 'lENSMUSG00000097571', 'lENSMUSG00000097767', 'lENSMUSG00000098439', 'lENSMUSG00000101609', 'lENSMUSG00000106519', 'l9030622O22Rik', 'lDlx6os1', 'lDnm3os', 'lGas5', 'lGm12610', 'lMiat', 'lNeat1', 'lNONMMUG002771', 'lNONMMUG004366', 'lNONMMUG007120', 'lNONMMUG008199', 'lNONMMUG009173', 'lNONMMUG009235', 'lNONMMUG010099', 'lNONMMUG012984', 'lNONMMUG013851', 'lNONMMUG014034', 'lNONMMUG017321', 'lNONMMUG017372', 'lNONMMUG019692', 'lNONMMUG020560', 'lNONMMUG021010', 'lNONMMUG023106', 'lNONMMUG024809', 'lNONMMUG025805', 'lNONMMUG029789', 'lNONMMUG031524', 'lNONMMUG031860', 'lNONMMUG032531', 'lNONMMUG033434', 'lNONMMUG034060', 'lNONMMUG035589', 'lNONMMUG036314', 'lNONMMUG036495', 'lNONMMUG038170', 'lNONMMUG038692', 'lNONMMUG038718', 'lNONMMUG039825', 'lNONMMUG041948', 'lNONMMUG042190', 'lNONMMUG043393', 'lNONMMUG043843', 'lNONMMUG044302', 'lNONMMUG045259', 'lENSMUSG00000085908', 'lENSMUSG00000103692', 'lENSMUSG00000106828', 'lENSMUSG00000107766', 'lGm13291', 'lSnord11', 'lSnord67']","[0.0, 0.0, 1.0, 1.0, 1.0, 0.0, 1.0, 1.0, 0.0, 0.0, 1.0, 0.0, 1.0, 1.0, 0.0, 1.0, 0.0, 1.0, 1.0, 0.0, 1.0, 0.0, 0.0, 0.0, 1.0, 0.0, 0.0, 1.0, 0.0, 1.0, 1.0, 1.0, 1.0, 0.0, 1.0, 1.0, 1.0, 1.0, 1.0, 1.0, 0.0, 1.0, 0.0, 0.0, 0.0, 1.0, 1.0, 0.0, 0.0, 1.0, 0.0, 1.0, 0.0, 0.0, 0.0, 0.0, 1.0, 0.0, 1.0, 1.0, 0.0, 0.0, 0.0, 1.0, 1.0, 0.0, 0.0, 0.0, 1.0, 0.0, 0.0, 1.0, 0.0, 0.0, 0.0, 0.0, 1.0, 1.0, 0.0, 1.0, 0.0, 1.0, 0.0, 1.0, 1.0, 0.0, 1.0]",['lNONMMUG041781'],[1.0],[1],[0.4584534718457736]
19,"['lNONMMUG000508', 'lNONMMUG002215', 'lNONMMUG002239', 'lNONMMUG009962', 'lNONMMUG013211', 'lNONMMUG017485', 'lNONMMUG017913', 'lNONMMUG020673', 'lNONMMUG023454', 'lNONMMUG026355', 'lNONMMUG029813', 'lNONMMUG030202', 'lNONMMUG033401', 'lNONMMUG034886', 'lNONMMUG038355', 'lNONMMUG039685', 'lNONMMUG041158', 'lNONMMUG041781', 'lNONMMUG045569', 'lNONMMUG045574', 'lENSMUSG00000044471', 'lENSMUSG00000075277', 'lENSMUSG00000078190', 'lENSMUSG00000078247', 'lENSMUSG00000085354', 'lENSMUSG00000085715', 'lENSMUSG00000085873', 'lENSMUSG00000086035', 'lENSMUSG00000086141', 'lENSMUSG00000090063', 'lENSMUSG00000097336', 'lENSMUSG00000097571', 'lENSMUSG00000097767', 'lENSMUSG00000098439', 'lENSMUSG00000101609', 'lENSMUSG00000106519', 'l9030622O22Rik', 'lDlx6os1', 'lDnm3os', 'lGas5', 'lGm12610', 'lMiat', 'lNeat1', 'lNONMMUG002771', 'lNONMMUG004366', 'lNONMMUG007120', 'lNONMMUG008199', 'lNONMMUG009173', 'lNONMMUG009235', 'lNONMMUG010099', 'lNONMMUG012984', 'lNONMMUG013851', 'lNONMMUG014034', 'lNONMMUG017321', 'lNONMMUG017372', 'lNONMMUG019692', 'lNONMMUG020560', 'lNONMMUG021010', 'lNONMMUG023106', 'lNONMMUG024809', 'lNONMMUG025805', 'lNONMMUG029789', 'lNONMMUG031524', 'lNONMMUG031860', 'lNONMMUG032531', 'lNONMMUG033434', 'lNONMMUG034060', 'lNONMMUG035589', 'lNONMMUG036314', 'lNONMMUG036495', 'lNONMMUG038170', 'lNONMMUG038692', 'lNONMMUG038718', 'lNONMMUG039825', 'lNONMMUG041948', 'lNONMMUG042190', 'lNONMMUG043393', 'lNONMMUG043843', 'lNONMMUG044302', 'lNONMMUG045259', 'lENSMUSG00000085908', 'lENSMUSG00000103692', 'lENSMUSG00000106828', 'lENSMUSG00000107766', 'lGm13291', 'lSnord11', 'lSnord67']","[0.0, 0.0, 1.0, 1.0, 1.0, 0.0, 1.0, 1.0, 0.0, 0.0, 1.0, 0.0, 1.0, 1.0, 0.0, 1.0, 0.0, 1.0, 1.0, 0.0, 1.0, 0.0, 0.0, 0.0, 1.0, 0.0, 0.0, 1.0, 0.0, 1.0, 1.0, 1.0, 1.0, 0.0, 1.0, 1.0, 1.0, 1.0, 1.0, 1.0, 0.0, 1.0, 0.0, 0.0, 0.0, 1.0, 1.0, 0.0, 0.0, 1.0, 0.0, 1.0, 0.0, 0.0, 0.0, 0.0, 1.0, 0.0, 1.0, 1.0, 0.0, 0.0, 0.0, 1.0, 1.0, 0.0, 0.0, 0.0, 1.0, 0.0, 0.0, 1.0, 0.0, 0.0, 0.0, 0.0, 1.0, 1.0, 0.0, 1.0, 0.0, 1.0, 0.0, 1.0, 1.0, 0.0, 1.0]",['lNONMMUG045568'],[1.0],[0],[-0.005433277319350671]
20,"['lNONMMUG000508', 'lNONMMUG002215', 'lNONMMUG002239', 'lNONMMUG009962', 'lNONMMUG013211', 'lNONMMUG017485', 'lNONMMUG017913', 'lNONMMUG020673', 'lNONMMUG023454', 'lNONMMUG026355', 'lNONMMUG029813', 'lNONMMUG030202', 'lNONMMUG033401', 'lNONMMUG034886', 'lNONMMUG038355', 'lNONMMUG039685', 'lNONMMUG041158', 'lNONMMUG041781', 'lNONMMUG045568', 'lNONMMUG045574', 'lENSMUSG00000044471', 'lENSMUSG00000075277', 'lENSMUSG00000078190', 'lENSMUSG00000078247', 'lENSMUSG00000085354', 'lENSMUSG00000085715', 'lENSMUSG00000085873', 'lENSMUSG00000086035', 'lENSMUSG00000086141', 'lENSMUSG00000090063', 'lENSMUSG00000097336', 'lENSMUSG00000097571', 'lENSMUSG00000097767', 'lENSMUSG00000098439', 'lENSMUSG00000101609', 'lENSMUSG00000106519', 'l9030622O22Rik', 'lDlx6os1', 'lDnm3os', 'lGas5', 'lGm12610', 'lMiat', 'lNeat1', 'lNONMMUG002771', 'lNONMMUG004366', 'lNONMMUG007120', 'lNONMMUG008199', 'lNONMMUG009173', 'lNONMMUG009235', 'lNONMMUG010099', 'lNONMMUG012984', 'lNONMMUG013851', 'lNONMMUG014034', 'lNONMMUG017321', 'lNONMMUG017372', 'lNONMMUG019692', 'lNONMMUG020560', 'lNONMMUG021010', 'lNONMMUG023106', 'lNONMMUG024809', 'lNONMMUG025805', 'lNONMMUG029789', 'lNONMMUG031524', 'lNONMMUG031860', 'lNONMMUG032531', 'lNONMMUG033434', 'lNONMMUG034060', 'lNONMMUG035589', 'lNONMMUG036314', 'lNONMMUG036495', 'lNONMMUG038170', 'lNONMMUG038692', 'lNONMMUG038718', 'lNONMMUG039825', 'lNONMMUG041948', 'lNONMMUG042190', 'lNONMMUG043393', 'lNONMMUG043843', 'lNONMMUG044302', 'lNONMMUG045259', 'lENSMUSG00000085908', 'lENSMUSG00000103692', 'lENSMUSG00000106828', 'lENSMUSG00000107766', 'lGm13291', 'lSnord11', 'lSnord67']","[0.0, 0.0, 1.0, 1.0, 1.0, 0.0, 1.0, 1.0, 0.0, 0.0, 1.0, 0.0, 1.0, 1.0, 0.0, 1.0, 0.0, 1.0, 1.0, 0.0, 1.0, 0.0, 0.0, 0.0, 1.0, 0.0, 0.0, 1.0, 0.0, 1.0, 1.0, 1.0, 1.0, 0.0, 1.0, 1.0, 1.0, 1.0, 1.0, 1.0, 0.0, 1.0, 0.0, 0.0, 0.0, 1.0, 1.0, 0.0, 0.0, 1.0, 0.0, 1.0, 0.0, 0.0, 0.0, 0.0, 1.0, 0.0, 1.0, 1.0, 0.0, 0.0, 0.0, 1.0, 1.0, 0.0, 0.0, 0.0, 1.0, 0.0, 0.0, 1.0, 0.0, 0.0, 0.0, 0.0, 1.0, 1.0, 0.0, 1.0, 0.0, 1.0, 0.0, 1.0, 1.0, 0.0, 1.0]",['lNONMMUG045569'],[1.0],[0],[-0.02458342108383843]
21,"['lNONMMUG000508', 'lNONMMUG002215', 'lNONMMUG002239', 'lNONMMUG009962', 'lNONMMUG013211', 'lNONMMUG017485', 'lNONMMUG017913', 'lNONMMUG020673', 'lNONMMUG023454', 'lNONMMUG026355', 'lNONMMUG029813', 'lNONMMUG030202', 'lNONMMUG033401', 'lNONMMUG034886', 'lNONMMUG038355', 'lNONMMUG039685', 'lNONMMUG041158', 'lNONMMUG041781', 'lNONMMUG045568', 'lNONMMUG045569', 'lENSMUSG00000044471', 'lENSMUSG00000075277', 'lENSMUSG00000078190', 'lENSMUSG00000078247', 'lENSMUSG00000085354', 'lENSMUSG00000085715', 'lENSMUSG00000085873', 'lENSMUSG00000086035', 'lENSMUSG00000086141', 'lENSMUSG00000090063', 'lENSMUSG00000097336', 'lENSMUSG00000097571', 'lENSMUSG00000097767', 'lENSMUSG00000098439', 'lENSMUSG00000101609', 'lENSMUSG00000106519', 'l9030622O22Rik', 'lDlx6os1', 'lDnm3os', 'lGas5', 'lGm12610', 'lMiat', 'lNeat1', 'lNONMMUG002771', 'lNONMMUG004366', 'lNONMMUG007120', 'lNONMMUG008199', 'lNONMMUG009173', 'lNONMMUG009235', 'lNONMMUG010099', 'lNONMMUG012984', 'lNONMMUG013851', 'lNONMMUG014034', 'lNONMMUG017321', 'lNONMMUG017372', 'lNONMMUG019692', 'lNONMMUG020560', 'lNONMMUG021010', 'lNONMMUG023106', 'lNONMMUG024809', 'lNONMMUG025805', 'lNONMMUG029789', 'lNONMMUG031524', 'lNONMMUG031860', 'lNONMMUG032531', 'lNONMMUG033434', 'lNONMMUG034060', 'lNONMMUG035589', 'lNONMMUG036314', 'lNONMMUG036495', 'lNONMMUG038170', 'lNONMMUG038692', 'lNONMMUG038718', 'lNONMMUG039825', 'lNONMMUG041948', 'lNONMMUG042190', 'lNONMMUG043393', 'lNONMMUG043843', 'lNONMMUG044302', 'lNONMMUG045259', 'lENSMUSG00000085908', 'lENSMUSG00000103692', 'lENSMUSG00000106828', 'lENSMUSG00000107766', 'lGm13291', 'lSnord11', 'lSnord67']","[0.0, 0.0, 1.0, 1.0, 1.0, 0.0, 1.0, 1.0, 0.0, 0.0, 1.0, 0.0, 1.0, 1.0, 0.0, 1.0, 0.0, 1.0, 1.0, 1.0, 1.0, 0.0, 0.0, 0.0, 1.0, 0.0, 0.0, 1.0, 0.0, 1.0, 1.0, 1.0, 1.0, 0.0, 1.0, 1.0, 1.0, 1.0, 1.0, 1.0, 0.0, 1.0, 0.0, 0.0, 0.0, 1.0, 1.0, 0.0, 0.0, 1.0, 0.0, 1.0, 0.0, 0.0, 0.0, 0.0, 1.0, 0.0, 1.0, 1.0, 0.0, 0.0, 0.0, 1.0, 1.0, 0.0, 0.0, 0.0, 1.0, 0.0, 0.0, 1.0, 0.0, 0.0, 0.0, 0.0, 1.0, 1.0, 0.0, 1.0, 0.0, 1.0, 0.0, 1.0, 1.0, 0.0, 1.0]",['lNONMMUG045574'],[0.0],[0],[-0.6486542979354397]
22,"['lNONMMUG000508', 'lNONMMUG002215', 'lNONMMUG002239', 'lNONMMUG009962', 'lNONMMUG013211', 'lNONMMUG017485', 'lNONMMUG017913', 'lNONMMUG020673', 'lNONMMUG023454', 'lNONMMUG026355', 'lNONMMUG029813', 'lNONMMUG030202', 'lNONMMUG033401', 'lNONMMUG034886', 'lNONMMUG038355', 'lNONMMUG039685', 'lNONMMUG041158', 'lNONMMUG041781', 'lNONMMUG045568', 'lNONMMUG045569', 'lNONMMUG045574', 'lENSMUSG00000075277', 'lENSMUSG00000078190', 'lENSMUSG00000078247', 'lENSMUSG00000085354', 'lENSMUSG00000085715', 'lENSMUSG00000085873', 'lENSMUSG00000086035', 'lENSMUSG00000086141', 'lENSMUSG00000090063', 'lENSMUSG00000097336', 'lENSMUSG00000097571', 'lENSMUSG00000097767', 'lENSMUSG00000098439', 'lENSMUSG00000101609', 'lENSMUSG00000106519', 'l9030622O22Rik', 'lDlx6os1', 'lDnm3os', 'lGas5', 'lGm12610', 'lMiat', 'lNeat1', 'lNONMMUG002771', 'lNONMMUG004366', 'lNONMMUG007120', 'lNONMMUG008199', 'lNONMMUG009173', 'lNONMMUG009235', 'lNONMMUG010099', 'lNONMMUG012984', 'lNONMMUG013851', 'lNONMMUG014034', 'lNONMMUG017321', 'lNONMMUG017372', 'lNONMMUG019692', 'lNONMMUG020560', 'lNONMMUG021010', 'lNONMMUG023106', 'lNONMMUG024809', 'lNONMMUG025805', 'lNONMMUG029789', 'lNONMMUG031524', 'lNONMMUG031860', 'lNONMMUG032531', 'lNONMMUG033434', 'lNONMMUG034060', 'lNONMMUG035589', 'lNONMMUG036314', 'lNONMMUG036495', 'lNONMMUG038170', 'lNONMMUG038692', 'lNONMMUG038718', 'lNONMMUG039825', 'lNONMMUG041948', 'lNONMMUG042190', 'lNONMMUG043393', 'lNONMMUG043843', 'lNONMMUG044302', 'lNONMMUG045259', 'lENSMUSG00000085908', 'lENSMUSG00000103692', 'lENSMUSG00000106828', 'lENSMUSG00000107766', 'lGm13291', 'lSnord11', 'lSnord67']","[0.0, 0.0, 1.0, 1.0, 1.0, 0.0, 1.0, 1.0, 0.0, 0.0, 1.0, 0.0, 1.0, 1.0, 0.0, 1.0, 0.0, 1.0, 1.0, 1.0, 0.0, 0.0, 0.0, 0.0, 1.0, 0.0, 0.0, 1.0, 0.0, 1.0, 1.0, 1.0, 1.0, 0.0, 1.0, 1.0, 1.0, 1.0, 1.0, 1.0, 0.0, 1.0, 0.0, 0.0, 0.0, 1.0, 1.0, 0.0, 0.0, 1.0, 0.0, 1.0, 0.0, 0.0, 0.0, 0.0, 1.0, 0.0, 1.0, 1.0, 0.0, 0.0, 0.0, 1.0, 1.0, 0.0, 0.0, 0.0, 1.0, 0.0, 0.0, 1.0, 0.0, 0.0, 0.0, 0.0, 1.0, 1.0, 0.0, 1.0, 0.0, 1.0, 0.0, 1.0, 1.0, 0.0, 1.0]",['lENSMUSG00000044471'],[1.0],[1],[0.8079088878428862]
23,"['lNONMMUG000508', 'lNONMMUG002215', 'lNONMMUG002239', 'lNONMMUG009962', 'lNONMMUG013211', 'lNONMMUG017485', 'lNONMMUG017913', 'lNONMMUG020673', 'lNONMMUG023454', 'lNONMMUG026355', 'lNONMMUG029813', 'lNONMMUG030202', 'lNONMMUG033401', 'lNONMMUG034886', 'lNONMMUG038355', 'lNONMMUG039685', 'lNONMMUG041158', 'lNONMMUG041781', 'lNONMMUG045568', 'lNONMMUG045569', 'lNONMMUG045574', 'lENSMUSG00000044471', 'lENSMUSG00000078190', 'lENSMUSG00000078247', 'lENSMUSG00000085354', 'lENSMUSG00000085715', 'lENSMUSG00000085873', 'lENSMUSG00000086035', 'lENSMUSG00000086141', 'lENSMUSG00000090063', 'lENSMUSG00000097336', 'lENSMUSG00000097571', 'lENSMUSG00000097767', 'lENSMUSG00000098439', 'lENSMUSG00000101609', 'lENSMUSG00000106519', 'l9030622O22Rik', 'lDlx6os1', 'lDnm3os', 'lGas5', 'lGm12610', 'lMiat', 'lNeat1', 'lNONMMUG002771', 'lNONMMUG004366', 'lNONMMUG007120', 'lNONMMUG008199', 'lNONMMUG009173', 'lNONMMUG009235', 'lNONMMUG010099', 'lNONMMUG012984', 'lNONMMUG013851', 'lNONMMUG014034', 'lNONMMUG017321', 'lNONMMUG017372', 'lNONMMUG019692', 'lNONMMUG020560', 'lNONMMUG021010', 'lNONMMUG023106', 'lNONMMUG024809', 'lNONMMUG025805', 'lNONMMUG029789', 'lNONMMUG031524', 'lNONMMUG031860', 'lNONMMUG032531', 'lNONMMUG033434', 'lNONMMUG034060', 'lNONMMUG035589', 'lNONMMUG036314', 'lNONMMUG036495', 'lNONMMUG038170', 'lNONMMUG038692', 'lNONMMUG038718', 'lNONMMUG039825', 'lNONMMUG041948', 'lNONMMUG042190', 'lNONMMUG043393', 'lNONMMUG043843', 'lNONMMUG044302', 'lNONMMUG045259', 'lENSMUSG00000085908', 'lENSMUSG00000103692', 'lENSMUSG00000106828', 'lENSMUSG00000107766', 'lGm13291', 'lSnord11', 'lSnord67']","[0.0, 0.0, 1.0, 1.0, 1.0, 0.0, 1.0, 1.0, 0.0, 0.0, 1.0, 0.0, 1.0, 1.0, 0.0, 1.0, 0.0, 1.0, 1.0, 1.0, 0.0, 1.0, 0.0, 0.0, 1.0, 0.0, 0.0, 1.0, 0.0, 1.0, 1.0, 1.0, 1.0, 0.0, 1.0, 1.0, 1.0, 1.0, 1.0, 1.0, 0.0, 1.0, 0.0, 0.0, 0.0, 1.0, 1.0, 0.0, 0.0, 1.0, 0.0, 1.0, 0.0, 0.0, 0.0, 0.0, 1.0, 0.0, 1.0, 1.0, 0.0, 0.0, 0.0, 1.0, 1.0, 0.0, 0.0, 0.0, 1.0, 0.0, 0.0, 1.0, 0.0, 0.0, 0.0, 0.0, 1.0, 1.0, 0.0, 1.0, 0.0, 1.0, 0.0, 1.0, 1.0, 0.0, 1.0]",['lENSMUSG00000075277'],[0.0],[1],[0.6880679805989924]
24,"['lNONMMUG000508', 'lNONMMUG002215', 'lNONMMUG002239', 'lNONMMUG009962', 'lNONMMUG013211', 'lNONMMUG017485', 'lNONMMUG017913', 'lNONMMUG020673', 'lNONMMUG023454', 'lNONMMUG026355', 'lNONMMUG029813', 'lNONMMUG030202', 'lNONMMUG033401', 'lNONMMUG034886', 'lNONMMUG038355', 'lNONMMUG039685', 'lNONMMUG041158', 'lNONMMUG041781', 'lNONMMUG045568', 'lNONMMUG045569', 'lNONMMUG045574', 'lENSMUSG00000044471', 'lENSMUSG00000075277', 'lENSMUSG00000078247', 'lENSMUSG00000085354', 'lENSMUSG00000085715', 'lENSMUSG00000085873', 'lENSMUSG00000086035', 'lENSMUSG00000086141', 'lENSMUSG00000090063', 'lENSMUSG00000097336', 'lENSMUSG00000097571', 'lENSMUSG00000097767', 'lENSMUSG00000098439', 'lENSMUSG00000101609', 'lENSMUSG00000106519', 'l9030622O22Rik', 'lDlx6os1', 'lDnm3os', 'lGas5', 'lGm12610', 'lMiat', 'lNeat1', 'lNONMMUG002771', 'lNONMMUG004366', 'lNONMMUG007120', 'lNONMMUG008199', 'lNONMMUG009173', 'lNONMMUG009235', 'lNONMMUG010099', 'lNONMMUG012984', 'lNONMMUG013851', 'lNONMMUG014034', 'lNONMMUG017321', 'lNONMMUG017372', 'lNONMMUG019692', 'lNONMMUG020560', 'lNONMMUG021010', 'lNONMMUG023106', 'lNONMMUG024809', 'lNONMMUG025805', 'lNONMMUG029789', 'lNONMMUG031524', 'lNONMMUG031860', 'lNONMMUG032531', 'lNONMMUG033434', 'lNONMMUG034060', 'lNONMMUG035589', 'lNONMMUG036314', 'lNONMMUG036495', 'lNONMMUG038170', 'lNONMMUG038692', 'lNONMMUG038718', 'lNONMMUG039825', 'lNONMMUG041948', 'lNONMMUG042190', 'lNONMMUG043393', 'lNONMMUG043843', 'lNONMMUG044302', 'lNONMMUG045259', 'lENSMUSG00000085908', 'lENSMUSG00000103692', 'lENSMUSG00000106828', 'lENSMUSG00000107766', 'lGm13291', 'lSnord11', 'lSnord67']","[0.0, 0.0, 1.0, 1.0, 1.0, 0.0, 1.0, 1.0, 0.0, 0.0, 1.0, 0.0, 1.0, 1.0, 0.0, 1.0, 0.0, 1.0, 1.0, 1.0, 0.0, 1.0, 0.0, 0.0, 1.0, 0.0, 0.0, 1.0, 0.0, 1.0, 1.0, 1.0, 1.0, 0.0, 1.0, 1.0, 1.0, 1.0, 1.0, 1.0, 0.0, 1.0, 0.0, 0.0, 0.0, 1.0, 1.0, 0.0, 0.0, 1.0, 0.0, 1.0, 0.0, 0.0, 0.0, 0.0, 1.0, 0.0, 1.0, 1.0, 0.0, 0.0, 0.0, 1.0, 1.0, 0.0, 0.0, 0.0, 1.0, 0.0, 0.0, 1.0, 0.0, 0.0, 0.0, 0.0, 1.0, 1.0, 0.0, 1.0, 0.0, 1.0, 0.0, 1.0, 1.0, 0.0, 1.0]",['lENSMUSG00000078190'],[0.0],[1],[0.339085967918866]
25,"['lNONMMUG000508', 'lNONMMUG002215', 'lNONMMUG002239', 'lNONMMUG009962', 'lNONMMUG013211', 'lNONMMUG017485', 'lNONMMUG017913', 'lNONMMUG020673', 'lNONMMUG023454', 'lNONMMUG026355', 'lNONMMUG029813', 'lNONMMUG030202', 'lNONMMUG033401', 'lNONMMUG034886', 'lNONMMUG038355', 'lNONMMUG039685', 'lNONMMUG041158', 'lNONMMUG041781', 'lNONMMUG045568', 'lNONMMUG045569', 'lNONMMUG045574', 'lENSMUSG00000044471', 'lENSMUSG00000075277', 'lENSMUSG00000078190', 'lENSMUSG00000085354', 'lENSMUSG00000085715', 'lENSMUSG00000085873', 'lENSMUSG00000086035', 'lENSMUSG00000086141', 'lENSMUSG00000090063', 'lENSMUSG00000097336', 'lENSMUSG00000097571', 'lENSMUSG00000097767', 'lENSMUSG00000098439', 'lENSMUSG00000101609', 'lENSMUSG00000106519', 'l9030622O22Rik', 'lDlx6os1', 'lDnm3os', 'lGas5', 'lGm12610', 'lMiat', 'lNeat1', 'lNONMMUG002771', 'lNONMMUG004366', 'lNONMMUG007120', 'lNONMMUG008199', 'lNONMMUG009173', 'lNONMMUG009235', 'lNONMMUG010099', 'lNONMMUG012984', 'lNONMMUG013851', 'lNONMMUG014034', 'lNONMMUG017321', 'lNONMMUG017372', 'lNONMMUG019692', 'lNONMMUG020560', 'lNONMMUG021010', 'lNONMMUG023106', 'lNONMMUG024809', 'lNONMMUG025805', 'lNONMMUG029789', 'lNONMMUG031524', 'lNONMMUG031860', 'lNONMMUG032531', 'lNONMMUG033434', 'lNONMMUG034060', 'lNONMMUG035589', 'lNONMMUG036314', 'lNONMMUG036495', 'lNONMMUG038170', 'lNONMMUG038692', 'lNONMMUG038718', 'lNONMMUG039825', 'lNONMMUG041948', 'lNONMMUG042190', 'lNONMMUG043393', 'lNONMMUG043843', 'lNONMMUG044302', 'lNONMMUG045259', 'lENSMUSG00000085908', 'lENSMUSG00000103692', 'lENSMUSG00000106828', 'lENSMUSG00000107766', 'lGm13291', 'lSnord11', 'lSnord67']","[0.0, 0.0, 1.0, 1.0, 1.0, 0.0, 1.0, 1.0, 0.0, 0.0, 1.0, 0.0, 1.0, 1.0, 0.0, 1.0, 0.0, 1.0, 1.0, 1.0, 0.0, 1.0, 0.0, 0.0, 1.0, 0.0, 0.0, 1.0, 0.0, 1.0, 1.0, 1.0, 1.0, 0.0, 1.0, 1.0, 1.0, 1.0, 1.0, 1.0, 0.0, 1.0, 0.0, 0.0, 0.0, 1.0, 1.0, 0.0, 0.0, 1.0, 0.0, 1.0, 0.0, 0.0, 0.0, 0.0, 1.0, 0.0, 1.0, 1.0, 0.0, 0.0, 0.0, 1.0, 1.0, 0.0, 0.0, 0.0, 1.0, 0.0, 0.0, 1.0, 0.0, 0.0, 0.0, 0.0, 1.0, 1.0, 0.0, 1.0, 0.0, 1.0, 0.0, 1.0, 1.0, 0.0, 1.0]",['lENSMUSG00000078247'],[0.0],[1],[1.2566548622196791]
26,"['lNONMMUG000508', 'lNONMMUG002215', 'lNONMMUG002239', 'lNONMMUG009962', 'lNONMMUG013211', 'lNONMMUG017485', 'lNONMMUG017913', 'lNONMMUG020673', 'lNONMMUG023454', 'lNONMMUG026355', 'lNONMMUG029813', 'lNONMMUG030202', 'lNONMMUG033401', 'lNONMMUG034886', 'lNONMMUG038355', 'lNONMMUG039685', 'lNONMMUG041158', 'lNONMMUG041781', 'lNONMMUG045568', 'lNONMMUG045569', 'lNONMMUG045574', 'lENSMUSG00000044471', 'lENSMUSG00000075277', 'lENSMUSG00000078190', 'lENSMUSG00000078247', 'lENSMUSG00000085715', 'lENSMUSG00000085873', 'lENSMUSG00000086035', 'lENSMUSG00000086141', 'lENSMUSG00000090063', 'lENSMUSG00000097336', 'lENSMUSG00000097571', 'lENSMUSG00000097767', 'lENSMUSG00000098439', 'lENSMUSG00000101609', 'lENSMUSG00000106519', 'l9030622O22Rik', 'lDlx6os1', 'lDnm3os', 'lGas5', 'lGm12610', 'lMiat', 'lNeat1', 'lNONMMUG002771', 'lNONMMUG004366', 'lNONMMUG007120', 'lNONMMUG008199', 'lNONMMUG009173', 'lNONMMUG009235', 'lNONMMUG010099', 'lNONMMUG012984', 'lNONMMUG013851', 'lNONMMUG014034', 'lNONMMUG017321', 'lNONMMUG017372', 'lNONMMUG019692', 'lNONMMUG020560', 'lNONMMUG021010', 'lNONMMUG023106', 'lNONMMUG024809', 'lNONMMUG025805', 'lNONMMUG029789', 'lNONMMUG031524', 'lNONMMUG031860', 'lNONMMUG032531', 'lNONMMUG033434', 'lNONMMUG034060', 'lNONMMUG035589', 'lNONMMUG036314', 'lNONMMUG036495', 'lNONMMUG038170', 'lNONMMUG038692', 'lNONMMUG038718', 'lNONMMUG039825', 'lNONMMUG041948', 'lNONMMUG042190', 'lNONMMUG043393', 'lNONMMUG043843', 'lNONMMUG044302', 'lNONMMUG045259', 'lENSMUSG00000085908', 'lENSMUSG00000103692', 'lENSMUSG00000106828', 'lENSMUSG00000107766', 'lGm13291', 'lSnord11', 'lSnord67']","[0.0, 0.0, 1.0, 1.0, 1.0, 0.0, 1.0, 1.0, 0.0, 0.0, 1.0, 0.0, 1.0, 1.0, 0.0, 1.0, 0.0, 1.0, 1.0, 1.0, 0.0, 1.0, 0.0, 0.0, 0.0, 0.0, 0.0, 1.0, 0.0, 1.0, 1.0, 1.0, 1.0, 0.0, 1.0, 1.0, 1.0, 1.0, 1.0, 1.0, 0.0, 1.0, 0.0, 0.0, 0.0, 1.0, 1.0, 0.0, 0.0, 1.0, 0.0, 1.0, 0.0, 0.0, 0.0, 0.0, 1.0, 0.0, 1.0, 1.0, 0.0, 0.0, 0.0, 1.0, 1.0, 0.0, 0.0, 0.0, 1.0, 0.0, 0.0, 1.0, 0.0, 0.0, 0.0, 0.0, 1.0, 1.0, 0.0, 1.0, 0.0, 1.0, 0.0, 1.0, 1.0, 0.0, 1.0]",['lENSMUSG00000085354'],[1.0],[0],[-0.2444713981442067]
27,"['lNONMMUG000508', 'lNONMMUG002215', 'lNONMMUG002239', 'lNONMMUG009962', 'lNONMMUG013211', 'lNONMMUG017485', 'lNONMMUG017913', 'lNONMMUG020673', 'lNONMMUG023454', 'lNONMMUG026355', 'lNONMMUG029813', 'lNONMMUG030202', 'lNONMMUG033401', 'lNONMMUG034886', 'lNONMMUG038355', 'lNONMMUG039685', 'lNONMMUG041158', 'lNONMMUG041781', 'lNONMMUG045568', 'lNONMMUG045569', 'lNONMMUG045574', 'lENSMUSG00000044471', 'lENSMUSG00000075277', 'lENSMUSG00000078190', 'lENSMUSG00000078247', 'lENSMUSG00000085354', 'lENSMUSG00000085873', 'lENSMUSG00000086035', 'lENSMUSG00000086141', 'lENSMUSG00000090063', 'lENSMUSG00000097336', 'lENSMUSG00000097571', 'lENSMUSG00000097767', 'lENSMUSG00000098439', 'lENSMUSG00000101609', 'lENSMUSG00000106519', 'l9030622O22Rik', 'lDlx6os1', 'lDnm3os', 'lGas5', 'lGm12610', 'lMiat', 'lNeat1', 'lNONMMUG002771', 'lNONMMUG004366', 'lNONMMUG007120', 'lNONMMUG008199', 'lNONMMUG009173', 'lNONMMUG009235', 'lNONMMUG010099', 'lNONMMUG012984', 'lNONMMUG013851', 'lNONMMUG014034', 'lNONMMUG017321', 'lNONMMUG017372', 'lNONMMUG019692', 'lNONMMUG020560', 'lNONMMUG021010', 'lNONMMUG023106', 'lNONMMUG024809', 'lNONMMUG025805', 'lNONMMUG029789', 'lNONMMUG031524', 'lNONMMUG031860', 'lNONMMUG032531', 'lNONMMUG033434', 'lNONMMUG034060', 'lNONMMUG035589', 'lNONMMUG036314', 'lNONMMUG036495', 'lNONMMUG038170', 'lNONMMUG038692', 'lNONMMUG038718', 'lNONMMUG039825', 'lNONMMUG041948', 'lNONMMUG042190', 'lNONMMUG043393', 'lNONMMUG043843', 'lNONMMUG044302', 'lNONMMUG045259', 'lENSMUSG00000085908', 'lENSMUSG00000103692', 'lENSMUSG00000106828', 'lENSMUSG00000107766', 'lGm13291', 'lSnord11', 'lSnord67']","[0.0, 0.0, 1.0, 1.0, 1.0, 0.0, 1.0, 1.0, 0.0, 0.0, 1.0, 0.0, 1.0, 1.0, 0.0, 1.0, 0.0, 1.0, 1.0, 1.0, 0.0, 1.0, 0.0, 0.0, 0.0, 1.0, 0.0, 1.0, 0.0, 1.0, 1.0, 1.0, 1.0, 0.0, 1.0, 1.0, 1.0, 1.0, 1.0, 1.0, 0.0, 1.0, 0.0, 0.0, 0.0, 1.0, 1.0, 0.0, 0.0, 1.0, 0.0, 1.0, 0.0, 0.0, 0.0, 0.0, 1.0, 0.0, 1.0, 1.0, 0.0, 0.0, 0.0, 1.0, 1.0, 0.0, 0.0, 0.0, 1.0, 0.0, 0.0, 1.0, 0.0, 0.0, 0.0, 0.0, 1.0, 1.0, 0.0, 1.0, 0.0, 1.0, 0.0, 1.0, 1.0, 0.0, 1.0]",['lENSMUSG00000085715'],[0.0],[1],[0.8272184679273644]
28,"['lNONMMUG000508', 'lNONMMUG002215', 'lNONMMUG002239', 'lNONMMUG009962', 'lNONMMUG013211', 'lNONMMUG017485', 'lNONMMUG017913', 'lNONMMUG020673', 'lNONMMUG023454', 'lNONMMUG026355', 'lNONMMUG029813', 'lNONMMUG030202', 'lNONMMUG033401', 'lNONMMUG034886', 'lNONMMUG038355', 'lNONMMUG039685', 'lNONMMUG041158', 'lNONMMUG041781', 'lNONMMUG045568', 'lNONMMUG045569', 'lNONMMUG045574', 'lENSMUSG00000044471', 'lENSMUSG00000075277', 'lENSMUSG00000078190', 'lENSMUSG00000078247', 'lENSMUSG00000085354', 'lENSMUSG00000085715', 'lENSMUSG00000086035', 'lENSMUSG00000086141', 'lENSMUSG00000090063', 'lENSMUSG00000097336', 'lENSMUSG00000097571', 'lENSMUSG00000097767', 'lENSMUSG00000098439', 'lENSMUSG00000101609', 'lENSMUSG00000106519', 'l9030622O22Rik', 'lDlx6os1', 'lDnm3os', 'lGas5', 'lGm12610', 'lMiat', 'lNeat1', 'lNONMMUG002771', 'lNONMMUG004366', 'lNONMMUG007120', 'lNONMMUG008199', 'lNONMMUG009173', 'lNONMMUG009235', 'lNONMMUG010099', 'lNONMMUG012984', 'lNONMMUG013851', 'lNONMMUG014034', 'lNONMMUG017321', 'lNONMMUG017372', 'lNONMMUG019692', 'lNONMMUG020560', 'lNONMMUG021010', 'lNONMMUG023106', 'lNONMMUG024809', 'lNONMMUG025805', 'lNONMMUG029789', 'lNONMMUG031524', 'lNONMMUG031860', 'lNONMMUG032531', 'lNONMMUG033434', 'lNONMMUG034060', 'lNONMMUG035589', 'lNONMMUG036314', 'lNONMMUG036495', 'lNONMMUG038170', 'lNONMMUG038692', 'lNONMMUG038718', 'lNONMMUG039825', 'lNONMMUG041948', 'lNONMMUG042190', 'lNONMMUG043393', 'lNONMMUG043843', 'lNONMMUG044302', 'lNONMMUG045259', 'lENSMUSG00000085908', 'lENSMUSG00000103692', 'lENSMUSG00000106828', 'lENSMUSG00000107766', 'lGm13291', 'lSnord11', 'lSnord67']","[0.0, 0.0, 1.0, 1.0, 1.0, 0.0, 1.0, 1.0, 0.0, 0.0, 1.0, 0.0, 1.0, 1.0, 0.0, 1.0, 0.0, 1.0, 1.0, 1.0, 0.0, 1.0, 0.0, 0.0, 0.0, 1.0, 0.0, 1.0, 0.0, 1.0, 1.0, 1.0, 1.0, 0.0, 1.0, 1.0, 1.0, 1.0, 1.0, 1.0, 0.0, 1.0, 0.0, 0.0, 0.0, 1.0, 1.0, 0.0, 0.0, 1.0, 0.0, 1.0, 0.0, 0.0, 0.0, 0.0, 1.0, 0.0, 1.0, 1.0, 0.0, 0.0, 0.0, 1.0, 1.0, 0.0, 0.0, 0.0, 1.0, 0.0, 0.0, 1.0, 0.0, 0.0, 0.0, 0.0, 1.0, 1.0, 0.0, 1.0, 0.0, 1.0, 0.0, 1.0, 1.0, 0.0, 1.0]",['lENSMUSG00000085873'],[0.0],[1],[0.04484214038168133]
29,"['lNONMMUG000508', 'lNONMMUG002215', 'lNONMMUG002239', 'lNONMMUG009962', 'lNONMMUG013211', 'lNONMMUG017485', 'lNONMMUG017913', 'lNONMMUG020673', 'lNONMMUG023454', 'lNONMMUG026355', 'lNONMMUG029813', 'lNONMMUG030202', 'lNONMMUG033401', 'lNONMMUG034886', 'lNONMMUG038355', 'lNONMMUG039685', 'lNONMMUG041158', 'lNONMMUG041781', 'lNONMMUG045568', 'lNONMMUG045569', 'lNONMMUG045574', 'lENSMUSG00000044471', 'lENSMUSG00000075277', 'lENSMUSG00000078190', 'lENSMUSG00000078247', 'lENSMUSG00000085354', 'lENSMUSG00000085715', 'lENSMUSG00000085873', 'lENSMUSG00000086141', 'lENSMUSG00000090063', 'lENSMUSG00000097336', 'lENSMUSG00000097571', 'lENSMUSG00000097767', 'lENSMUSG00000098439', 'lENSMUSG00000101609', 'lENSMUSG00000106519', 'l9030622O22Rik', 'lDlx6os1', 'lDnm3os', 'lGas5', 'lGm12610', 'lMiat', 'lNeat1', 'lNONMMUG002771', 'lNONMMUG004366', 'lNONMMUG007120', 'lNONMMUG008199', 'lNONMMUG009173', 'lNONMMUG009235', 'lNONMMUG010099', 'lNONMMUG012984', 'lNONMMUG013851', 'lNONMMUG014034', 'lNONMMUG017321', 'lNONMMUG017372', 'lNONMMUG019692', 'lNONMMUG020560', 'lNONMMUG021010', 'lNONMMUG023106', 'lNONMMUG024809', 'lNONMMUG025805', 'lNONMMUG029789', 'lNONMMUG031524', 'lNONMMUG031860', 'lNONMMUG032531', 'lNONMMUG033434', 'lNONMMUG034060', 'lNONMMUG035589', 'lNONMMUG036314', 'lNONMMUG036495', 'lNONMMUG038170', 'lNONMMUG038692', 'lNONMMUG038718', 'lNONMMUG039825', 'lNONMMUG041948', 'lNONMMUG042190', 'lNONMMUG043393', 'lNONMMUG043843', 'lNONMMUG044302', 'lNONMMUG045259', 'lENSMUSG00000085908', 'lENSMUSG00000103692', 'lENSMUSG00000106828', 'lENSMUSG00000107766', 'lGm13291', 'lSnord11', 'lSnord67']","[0.0, 0.0, 1.0, 1.0, 1.0, 0.0, 1.0, 1.0, 0.0, 0.0, 1.0, 0.0, 1.0, 1.0, 0.0, 1.0, 0.0, 1.0, 1.0, 1.0, 0.0, 1.0, 0.0, 0.0, 0.0, 1.0, 0.0, 0.0, 0.0, 1.0, 1.0, 1.0, 1.0, 0.0, 1.0, 1.0, 1.0, 1.0, 1.0, 1.0, 0.0, 1.0, 0.0, 0.0, 0.0, 1.0, 1.0, 0.0, 0.0, 1.0, 0.0, 1.0, 0.0, 0.0, 0.0, 0.0, 1.0, 0.0, 1.0, 1.0, 0.0, 0.0, 0.0, 1.0, 1.0, 0.0, 0.0, 0.0, 1.0, 0.0, 0.0, 1.0, 0.0, 0.0, 0.0, 0.0, 1.0, 1.0, 0.0, 1.0, 0.0, 1.0, 0.0, 1.0, 1.0, 0.0, 1.0]",['lENSMUSG00000086035'],[1.0],[0],[-0.22893026853292275]
30,"['lNONMMUG000508', 'lNONMMUG002215', 'lNONMMUG002239', 'lNONMMUG009962', 'lNONMMUG013211', 'lNONMMUG017485', 'lNONMMUG017913', 'lNONMMUG020673', 'lNONMMUG023454', 'lNONMMUG026355', 'lNONMMUG029813', 'lNONMMUG030202', 'lNONMMUG033401', 'lNONMMUG034886', 'lNONMMUG038355', 'lNONMMUG039685', 'lNONMMUG041158', 'lNONMMUG041781', 'lNONMMUG045568', 'lNONMMUG045569', 'lNONMMUG045574', 'lENSMUSG00000044471', 'lENSMUSG00000075277', 'lENSMUSG00000078190', 'lENSMUSG00000078247', 'lENSMUSG00000085354', 'lENSMUSG00000085715', 'lENSMUSG00000085873', 'lENSMUSG00000086035', 'lENSMUSG00000090063', 'lENSMUSG00000097336', 'lENSMUSG00000097571', 'lENSMUSG00000097767', 'lENSMUSG00000098439', 'lENSMUSG00000101609', 'lENSMUSG00000106519', 'l9030622O22Rik', 'lDlx6os1', 'lDnm3os', 'lGas5', 'lGm12610', 'lMiat', 'lNeat1', 'lNONMMUG002771', 'lNONMMUG004366', 'lNONMMUG007120', 'lNONMMUG008199', 'lNONMMUG009173', 'lNONMMUG009235', 'lNONMMUG010099', 'lNONMMUG012984', 'lNONMMUG013851', 'lNONMMUG014034', 'lNONMMUG017321', 'lNONMMUG017372', 'lNONMMUG019692', 'lNONMMUG020560', 'lNONMMUG021010', 'lNONMMUG023106', 'lNONMMUG024809', 'lNONMMUG025805', 'lNONMMUG029789', 'lNONMMUG031524', 'lNONMMUG031860', 'lNONMMUG032531', 'lNONMMUG033434', 'lNONMMUG034060', 'lNONMMUG035589', 'lNONMMUG036314', 'lNONMMUG036495', 'lNONMMUG038170', 'lNONMMUG038692', 'lNONMMUG038718', 'lNONMMUG039825', 'lNONMMUG041948', 'lNONMMUG042190', 'lNONMMUG043393', 'lNONMMUG043843', 'lNONMMUG044302', 'lNONMMUG045259', 'lENSMUSG00000085908', 'lENSMUSG00000103692', 'lENSMUSG00000106828', 'lENSMUSG00000107766', 'lGm13291', 'lSnord11', 'lSnord67']","[0.0, 0.0, 1.0, 1.0, 1.0, 0.0, 1.0, 1.0, 0.0, 0.0, 1.0, 0.0, 1.0, 1.0, 0.0, 1.0, 0.0, 1.0, 1.0, 1.0, 0.0, 1.0, 0.0, 0.0, 0.0, 1.0, 0.0, 0.0, 1.0, 1.0, 1.0, 1.0, 1.0, 0.0, 1.0, 1.0, 1.0, 1.0, 1.0, 1.0, 0.0, 1.0, 0.0, 0.0, 0.0, 1.0, 1.0, 0.0, 0.0, 1.0, 0.0, 1.0, 0.0, 0.0, 0.0, 0.0, 1.0, 0.0, 1.0, 1.0, 0.0, 0.0, 0.0, 1.0, 1.0, 0.0, 0.0, 0.0, 1.0, 0.0, 0.0, 1.0, 0.0, 0.0, 0.0, 0.0, 1.0, 1.0, 0.0, 1.0, 0.0, 1.0, 0.0, 1.0, 1.0, 0.0, 1.0]",['lENSMUSG00000086141'],[0.0],[1],[1.1439956654910308]
31,"['lNONMMUG000508', 'lNONMMUG002215', 'lNONMMUG002239', 'lNONMMUG009962', 'lNONMMUG013211', 'lNONMMUG017485', 'lNONMMUG017913', 'lNONMMUG020673', 'lNONMMUG023454', 'lNONMMUG026355', 'lNONMMUG029813', 'lNONMMUG030202', 'lNONMMUG033401', 'lNONMMUG034886', 'lNONMMUG038355', 'lNONMMUG039685', 'lNONMMUG041158', 'lNONMMUG041781', 'lNONMMUG045568', 'lNONMMUG045569', 'lNONMMUG045574', 'lENSMUSG00000044471', 'lENSMUSG00000075277', 'lENSMUSG00000078190', 'lENSMUSG00000078247', 'lENSMUSG00000085354', 'lENSMUSG00000085715', 'lENSMUSG00000085873', 'lENSMUSG00000086035', 'lENSMUSG00000086141', 'lENSMUSG00000097336', 'lENSMUSG00000097571', 'lENSMUSG00000097767', 'lENSMUSG00000098439', 'lENSMUSG00000101609', 'lENSMUSG00000106519', 'l9030622O22Rik', 'lDlx6os1', 'lDnm3os', 'lGas5', 'lGm12610', 'lMiat', 'lNeat1', 'lNONMMUG002771', 'lNONMMUG004366', 'lNONMMUG007120', 'lNONMMUG008199', 'lNONMMUG009173', 'lNONMMUG009235', 'lNONMMUG010099', 'lNONMMUG012984', 'lNONMMUG013851', 'lNONMMUG014034', 'lNONMMUG017321', 'lNONMMUG017372', 'lNONMMUG019692', 'lNONMMUG020560', 'lNONMMUG021010', 'lNONMMUG023106', 'lNONMMUG024809', 'lNONMMUG025805', 'lNONMMUG029789', 'lNONMMUG031524', 'lNONMMUG031860', 'lNONMMUG032531', 'lNONMMUG033434', 'lNONMMUG034060', 'lNONMMUG035589', 'lNONMMUG036314', 'lNONMMUG036495', 'lNONMMUG038170', 'lNONMMUG038692', 'lNONMMUG038718', 'lNONMMUG039825', 'lNONMMUG041948', 'lNONMMUG042190', 'lNONMMUG043393', 'lNONMMUG043843', 'lNONMMUG044302', 'lNONMMUG045259', 'lENSMUSG00000085908', 'lENSMUSG00000103692', 'lENSMUSG00000106828', 'lENSMUSG00000107766', 'lGm13291', 'lSnord11', 'lSnord67']","[0.0, 0.0, 1.0, 1.0, 1.0, 0.0, 1.0, 1.0, 0.0, 0.0, 1.0, 0.0, 1.0, 1.0, 0.0, 1.0, 0.0, 1.0, 1.0, 1.0, 0.0, 1.0, 0.0, 0.0, 0.0, 1.0, 0.0, 0.0, 1.0, 0.0, 1.0, 1.0, 1.0, 0.0, 1.0, 1.0, 1.0, 1.0, 1.0, 1.0, 0.0, 1.0, 0.0, 0.0, 0.0, 1.0, 1.0, 0.0, 0.0, 1.0, 0.0, 1.0, 0.0, 0.0, 0.0, 0.0, 1.0, 0.0, 1.0, 1.0, 0.0, 0.0, 0.0, 1.0, 1.0, 0.0, 0.0, 0.0, 1.0, 0.0, 0.0, 1.0, 0.0, 0.0, 0.0, 0.0, 1.0, 1.0, 0.0, 1.0, 0.0, 1.0, 0.0, 1.0, 1.0, 0.0, 1.0]",['lENSMUSG00000090063'],[1.0],[1],[0.5113969645458768]
32,"['lNONMMUG000508', 'lNONMMUG002215', 'lNONMMUG002239', 'lNONMMUG009962', 'lNONMMUG013211', 'lNONMMUG017485', 'lNONMMUG017913', 'lNONMMUG020673', 'lNONMMUG023454', 'lNONMMUG026355', 'lNONMMUG029813', 'lNONMMUG030202', 'lNONMMUG033401', 'lNONMMUG034886', 'lNONMMUG038355', 'lNONMMUG039685', 'lNONMMUG041158', 'lNONMMUG041781', 'lNONMMUG045568', 'lNONMMUG045569', 'lNONMMUG045574', 'lENSMUSG00000044471', 'lENSMUSG00000075277', 'lENSMUSG00000078190', 'lENSMUSG00000078247', 'lENSMUSG00000085354', 'lENSMUSG00000085715', 'lENSMUSG00000085873', 'lENSMUSG00000086035', 'lENSMUSG00000086141', 'lENSMUSG00000090063', 'lENSMUSG00000097571', 'lENSMUSG00000097767', 'lENSMUSG00000098439', 'lENSMUSG00000101609', 'lENSMUSG00000106519', 'l9030622O22Rik', 'lDlx6os1', 'lDnm3os', 'lGas5', 'lGm12610', 'lMiat', 'lNeat1', 'lNONMMUG002771', 'lNONMMUG004366', 'lNONMMUG007120', 'lNONMMUG008199', 'lNONMMUG009173', 'lNONMMUG009235', 'lNONMMUG010099', 'lNONMMUG012984', 'lNONMMUG013851', 'lNONMMUG014034', 'lNONMMUG017321', 'lNONMMUG017372', 'lNONMMUG019692', 'lNONMMUG020560', 'lNONMMUG021010', 'lNONMMUG023106', 'lNONMMUG024809', 'lNONMMUG025805', 'lNONMMUG029789', 'lNONMMUG031524', 'lNONMMUG031860', 'lNONMMUG032531', 'lNONMMUG033434', 'lNONMMUG034060', 'lNONMMUG035589', 'lNONMMUG036314', 'lNONMMUG036495', 'lNONMMUG038170', 'lNONMMUG038692', 'lNONMMUG038718', 'lNONMMUG039825', 'lNONMMUG041948', 'lNONMMUG042190', 'lNONMMUG043393', 'lNONMMUG043843', 'lNONMMUG044302', 'lNONMMUG045259', 'lENSMUSG00000085908', 'lENSMUSG00000103692', 'lENSMUSG00000106828', 'lENSMUSG00000107766', 'lGm13291', 'lSnord11', 'lSnord67']","[0.0, 0.0, 1.0, 1.0, 1.0, 0.0, 1.0, 1.0, 0.0, 0.0, 1.0, 0.0, 1.0, 1.0, 0.0, 1.0, 0.0, 1.0, 1.0, 1.0, 0.0, 1.0, 0.0, 0.0, 0.0, 1.0, 0.0, 0.0, 1.0, 0.0, 1.0, 1.0, 1.0, 0.0, 1.0, 1.0, 1.0, 1.0, 1.0, 1.0, 0.0, 1.0, 0.0, 0.0, 0.0, 1.0, 1.0, 0.0, 0.0, 1.0, 0.0, 1.0, 0.0, 0.0, 0.0, 0.0, 1.0, 0.0, 1.0, 1.0, 0.0, 0.0, 0.0, 1.0, 1.0, 0.0, 0.0, 0.0, 1.0, 0.0, 0.0, 1.0, 0.0, 0.0, 0.0, 0.0, 1.0, 1.0, 0.0, 1.0, 0.0, 1.0, 0.0, 1.0, 1.0, 0.0, 1.0]",['lENSMUSG00000097336'],[1.0],[0],[-0.06214070652580317]
33,"['lNONMMUG000508', 'lNONMMUG002215', 'lNONMMUG002239', 'lNONMMUG009962', 'lNONMMUG013211', 'lNONMMUG017485', 'lNONMMUG017913', 'lNONMMUG020673', 'lNONMMUG023454', 'lNONMMUG026355', 'lNONMMUG029813', 'lNONMMUG030202', 'lNONMMUG033401', 'lNONMMUG034886', 'lNONMMUG038355', 'lNONMMUG039685', 'lNONMMUG041158', 'lNONMMUG041781', 'lNONMMUG045568', 'lNONMMUG045569', 'lNONMMUG045574', 'lENSMUSG00000044471', 'lENSMUSG00000075277', 'lENSMUSG00000078190', 'lENSMUSG00000078247', 'lENSMUSG00000085354', 'lENSMUSG00000085715', 'lENSMUSG00000085873', 'lENSMUSG00000086035', 'lENSMUSG00000086141', 'lENSMUSG00000090063', 'lENSMUSG00000097336', 'lENSMUSG00000097767', 'lENSMUSG00000098439', 'lENSMUSG00000101609', 'lENSMUSG00000106519', 'l9030622O22Rik', 'lDlx6os1', 'lDnm3os', 'lGas5', 'lGm12610', 'lMiat', 'lNeat1', 'lNONMMUG002771', 'lNONMMUG004366', 'lNONMMUG007120', 'lNONMMUG008199', 'lNONMMUG009173', 'lNONMMUG009235', 'lNONMMUG010099', 'lNONMMUG012984', 'lNONMMUG013851', 'lNONMMUG014034', 'lNONMMUG017321', 'lNONMMUG017372', 'lNONMMUG019692', 'lNONMMUG020560', 'lNONMMUG021010', 'lNONMMUG023106', 'lNONMMUG024809', 'lNONMMUG025805', 'lNONMMUG029789', 'lNONMMUG031524', 'lNONMMUG031860', 'lNONMMUG032531', 'lNONMMUG033434', 'lNONMMUG034060', 'lNONMMUG035589', 'lNONMMUG036314', 'lNONMMUG036495', 'lNONMMUG038170', 'lNONMMUG038692', 'lNONMMUG038718', 'lNONMMUG039825', 'lNONMMUG041948', 'lNONMMUG042190', 'lNONMMUG043393', 'lNONMMUG043843', 'lNONMMUG044302', 'lNONMMUG045259', 'lENSMUSG00000085908', 'lENSMUSG00000103692', 'lENSMUSG00000106828', 'lENSMUSG00000107766', 'lGm13291', 'lSnord11', 'lSnord67']","[0.0, 0.0, 1.0, 1.0, 1.0, 0.0, 1.0, 1.0, 0.0, 0.0, 1.0, 0.0, 1.0, 1.0, 0.0, 1.0, 0.0, 1.0, 1.0, 1.0, 0.0, 1.0, 0.0, 0.0, 0.0, 1.0, 0.0, 0.0, 1.0, 0.0, 1.0, 1.0, 1.0, 0.0, 1.0, 1.0, 1.0, 1.0, 1.0, 1.0, 0.0, 1.0, 0.0, 0.0, 0.0, 1.0, 1.0, 0.0, 0.0, 1.0, 0.0, 1.0, 0.0, 0.0, 0.0, 0.0, 1.0, 0.0, 1.0, 1.0, 0.0, 0.0, 0.0, 1.0, 1.0, 0.0, 0.0, 0.0, 1.0, 0.0, 0.0, 1.0, 0.0, 0.0, 0.0, 0.0, 1.0, 1.0, 0.0, 1.0, 0.0, 1.0, 0.0, 1.0, 1.0, 0.0, 1.0]",['lENSMUSG00000097571'],[1.0],[0],[-0.9220544112449535]
34,"['lNONMMUG000508', 'lNONMMUG002215', 'lNONMMUG002239', 'lNONMMUG009962', 'lNONMMUG013211', 'lNONMMUG017485', 'lNONMMUG017913', 'lNONMMUG020673', 'lNONMMUG023454', 'lNONMMUG026355', 'lNONMMUG029813', 'lNONMMUG030202', 'lNONMMUG033401', 'lNONMMUG034886', 'lNONMMUG038355', 'lNONMMUG039685', 'lNONMMUG041158', 'lNONMMUG041781', 'lNONMMUG045568', 'lNONMMUG045569', 'lNONMMUG045574', 'lENSMUSG00000044471', 'lENSMUSG00000075277', 'lENSMUSG00000078190', 'lENSMUSG00000078247', 'lENSMUSG00000085354', 'lENSMUSG00000085715', 'lENSMUSG00000085873', 'lENSMUSG00000086035', 'lENSMUSG00000086141', 'lENSMUSG00000090063', 'lENSMUSG00000097336', 'lENSMUSG00000097571', 'lENSMUSG00000098439', 'lENSMUSG00000101609', 'lENSMUSG00000106519', 'l9030622O22Rik', 'lDlx6os1', 'lDnm3os', 'lGas5', 'lGm12610', 'lMiat', 'lNeat1', 'lNONMMUG002771', 'lNONMMUG004366', 'lNONMMUG007120', 'lNONMMUG008199', 'lNONMMUG009173', 'lNONMMUG009235', 'lNONMMUG010099', 'lNONMMUG012984', 'lNONMMUG013851', 'lNONMMUG014034', 'lNONMMUG017321', 'lNONMMUG017372', 'lNONMMUG019692', 'lNONMMUG020560', 'lNONMMUG021010', 'lNONMMUG023106', 'lNONMMUG024809', 'lNONMMUG025805', 'lNONMMUG029789', 'lNONMMUG031524', 'lNONMMUG031860', 'lNONMMUG032531', 'lNONMMUG033434', 'lNONMMUG034060', 'lNONMMUG035589', 'lNONMMUG036314', 'lNONMMUG036495', 'lNONMMUG038170', 'lNONMMUG038692', 'lNONMMUG038718', 'lNONMMUG039825', 'lNONMMUG041948', 'lNONMMUG042190', 'lNONMMUG043393', 'lNONMMUG043843', 'lNONMMUG044302', 'lNONMMUG045259', 'lENSMUSG00000085908', 'lENSMUSG00000103692', 'lENSMUSG00000106828', 'lENSMUSG00000107766', 'lGm13291', 'lSnord11', 'lSnord67']","[0.0, 0.0, 1.0, 1.0, 1.0, 0.0, 1.0, 1.0, 0.0, 0.0, 1.0, 0.0, 1.0, 1.0, 0.0, 1.0, 0.0, 1.0, 1.0, 1.0, 0.0, 1.0, 0.0, 0.0, 0.0, 1.0, 0.0, 0.0, 1.0, 0.0, 1.0, 1.0, 1.0, 0.0, 1.0, 1.0, 1.0, 1.0, 1.0, 1.0, 0.0, 1.0, 0.0, 0.0, 0.0, 1.0, 1.0, 0.0, 0.0, 1.0, 0.0, 1.0, 0.0, 0.0, 0.0, 0.0, 1.0, 0.0, 1.0, 1.0, 0.0, 0.0, 0.0, 1.0, 1.0, 0.0, 0.0, 0.0, 1.0, 0.0, 0.0, 1.0, 0.0, 0.0, 0.0, 0.0, 1.0, 1.0, 0.0, 1.0, 0.0, 1.0, 0.0, 1.0, 1.0, 0.0, 1.0]",['lENSMUSG00000097767'],[1.0],[0],[-0.23195750086539507]
35,"['lNONMMUG000508', 'lNONMMUG002215', 'lNONMMUG002239', 'lNONMMUG009962', 'lNONMMUG013211', 'lNONMMUG017485', 'lNONMMUG017913', 'lNONMMUG020673', 'lNONMMUG023454', 'lNONMMUG026355', 'lNONMMUG029813', 'lNONMMUG030202', 'lNONMMUG033401', 'lNONMMUG034886', 'lNONMMUG038355', 'lNONMMUG039685', 'lNONMMUG041158', 'lNONMMUG041781', 'lNONMMUG045568', 'lNONMMUG045569', 'lNONMMUG045574', 'lENSMUSG00000044471', 'lENSMUSG00000075277', 'lENSMUSG00000078190', 'lENSMUSG00000078247', 'lENSMUSG00000085354', 'lENSMUSG00000085715', 'lENSMUSG00000085873', 'lENSMUSG00000086035', 'lENSMUSG00000086141', 'lENSMUSG00000090063', 'lENSMUSG00000097336', 'lENSMUSG00000097571', 'lENSMUSG00000097767', 'lENSMUSG00000101609', 'lENSMUSG00000106519', 'l9030622O22Rik', 'lDlx6os1', 'lDnm3os', 'lGas5', 'lGm12610', 'lMiat', 'lNeat1', 'lNONMMUG002771', 'lNONMMUG004366', 'lNONMMUG007120', 'lNONMMUG008199', 'lNONMMUG009173', 'lNONMMUG009235', 'lNONMMUG010099', 'lNONMMUG012984', 'lNONMMUG013851', 'lNONMMUG014034', 'lNONMMUG017321', 'lNONMMUG017372', 'lNONMMUG019692', 'lNONMMUG020560', 'lNONMMUG021010', 'lNONMMUG023106', 'lNONMMUG024809', 'lNONMMUG025805', 'lNONMMUG029789', 'lNONMMUG031524', 'lNONMMUG031860', 'lNONMMUG032531', 'lNONMMUG033434', 'lNONMMUG034060', 'lNONMMUG035589', 'lNONMMUG036314', 'lNONMMUG036495', 'lNONMMUG038170', 'lNONMMUG038692', 'lNONMMUG038718', 'lNONMMUG039825', 'lNONMMUG041948', 'lNONMMUG042190', 'lNONMMUG043393', 'lNONMMUG043843', 'lNONMMUG044302', 'lNONMMUG045259', 'lENSMUSG00000085908', 'lENSMUSG00000103692', 'lENSMUSG00000106828', 'lENSMUSG00000107766', 'lGm13291', 'lSnord11', 'lSnord67']","[0.0, 0.0, 1.0, 1.0, 1.0, 0.0, 1.0, 1.0, 0.0, 0.0, 1.0, 0.0, 1.0, 1.0, 0.0, 1.0, 0.0, 1.0, 1.0, 1.0, 0.0, 1.0, 0.0, 0.0, 0.0, 1.0, 0.0, 0.0, 1.0, 0.0, 1.0, 1.0, 1.0, 1.0, 1.0, 1.0, 1.0, 1.0, 1.0, 1.0, 0.0, 1.0, 0.0, 0.0, 0.0, 1.0, 1.0, 0.0, 0.0, 1.0, 0.0, 1.0, 0.0, 0.0, 0.0, 0.0, 1.0, 0.0, 1.0, 1.0, 0.0, 0.0, 0.0, 1.0, 1.0, 0.0, 0.0, 0.0, 1.0, 0.0, 0.0, 1.0, 0.0, 0.0, 0.0, 0.0, 1.0, 1.0, 0.0, 1.0, 0.0, 1.0, 0.0, 1.0, 1.0, 0.0, 1.0]",['lENSMUSG00000098439'],[0.0],[1],[0.2615484455812394]
36,"['lNONMMUG000508', 'lNONMMUG002215', 'lNONMMUG002239', 'lNONMMUG009962', 'lNONMMUG013211', 'lNONMMUG017485', 'lNONMMUG017913', 'lNONMMUG020673', 'lNONMMUG023454', 'lNONMMUG026355', 'lNONMMUG029813', 'lNONMMUG030202', 'lNONMMUG033401', 'lNONMMUG034886', 'lNONMMUG038355', 'lNONMMUG039685', 'lNONMMUG041158', 'lNONMMUG041781', 'lNONMMUG045568', 'lNONMMUG045569', 'lNONMMUG045574', 'lENSMUSG00000044471', 'lENSMUSG00000075277', 'lENSMUSG00000078190', 'lENSMUSG00000078247', 'lENSMUSG00000085354', 'lENSMUSG00000085715', 'lENSMUSG00000085873', 'lENSMUSG00000086035', 'lENSMUSG00000086141', 'lENSMUSG00000090063', 'lENSMUSG00000097336', 'lENSMUSG00000097571', 'lENSMUSG00000097767', 'lENSMUSG00000098439', 'lENSMUSG00000106519', 'l9030622O22Rik', 'lDlx6os1', 'lDnm3os', 'lGas5', 'lGm12610', 'lMiat', 'lNeat1', 'lNONMMUG002771', 'lNONMMUG004366', 'lNONMMUG007120', 'lNONMMUG008199', 'lNONMMUG009173', 'lNONMMUG009235', 'lNONMMUG010099', 'lNONMMUG012984', 'lNONMMUG013851', 'lNONMMUG014034', 'lNONMMUG017321', 'lNONMMUG017372', 'lNONMMUG019692', 'lNONMMUG020560', 'lNONMMUG021010', 'lNONMMUG023106', 'lNONMMUG024809', 'lNONMMUG025805', 'lNONMMUG029789', 'lNONMMUG031524', 'lNONMMUG031860', 'lNONMMUG032531', 'lNONMMUG033434', 'lNONMMUG034060', 'lNONMMUG035589', 'lNONMMUG036314', 'lNONMMUG036495', 'lNONMMUG038170', 'lNONMMUG038692', 'lNONMMUG038718', 'lNONMMUG039825', 'lNONMMUG041948', 'lNONMMUG042190', 'lNONMMUG043393', 'lNONMMUG043843', 'lNONMMUG044302', 'lNONMMUG045259', 'lENSMUSG00000085908', 'lENSMUSG00000103692', 'lENSMUSG00000106828', 'lENSMUSG00000107766', 'lGm13291', 'lSnord11', 'lSnord67']","[0.0, 0.0, 1.0, 1.0, 1.0, 0.0, 1.0, 1.0, 0.0, 0.0, 1.0, 0.0, 1.0, 1.0, 0.0, 1.0, 0.0, 1.0, 1.0, 1.0, 0.0, 1.0, 0.0, 0.0, 0.0, 1.0, 0.0, 0.0, 1.0, 0.0, 1.0, 1.0, 1.0, 1.0, 0.0, 1.0, 1.0, 1.0, 1.0, 1.0, 0.0, 1.0, 0.0, 0.0, 0.0, 1.0, 1.0, 0.0, 0.0, 1.0, 0.0, 1.0, 0.0, 0.0, 0.0, 0.0, 1.0, 0.0, 1.0, 1.0, 0.0, 0.0, 0.0, 1.0, 1.0, 0.0, 0.0, 0.0, 1.0, 0.0, 0.0, 1.0, 0.0, 0.0, 0.0, 0.0, 1.0, 1.0, 0.0, 1.0, 0.0, 1.0, 0.0, 1.0, 1.0, 0.0, 1.0]",['lENSMUSG00000101609'],[1.0],[1],[0.6063192205428956]
37,"['lNONMMUG000508', 'lNONMMUG002215', 'lNONMMUG002239', 'lNONMMUG009962', 'lNONMMUG013211', 'lNONMMUG017485', 'lNONMMUG017913', 'lNONMMUG020673', 'lNONMMUG023454', 'lNONMMUG026355', 'lNONMMUG029813', 'lNONMMUG030202', 'lNONMMUG033401', 'lNONMMUG034886', 'lNONMMUG038355', 'lNONMMUG039685', 'lNONMMUG041158', 'lNONMMUG041781', 'lNONMMUG045568', 'lNONMMUG045569', 'lNONMMUG045574', 'lENSMUSG00000044471', 'lENSMUSG00000075277', 'lENSMUSG00000078190', 'lENSMUSG00000078247', 'lENSMUSG00000085354', 'lENSMUSG00000085715', 'lENSMUSG00000085873', 'lENSMUSG00000086035', 'lENSMUSG00000086141', 'lENSMUSG00000090063', 'lENSMUSG00000097336', 'lENSMUSG00000097571', 'lENSMUSG00000097767', 'lENSMUSG00000098439', 'lENSMUSG00000101609', 'l9030622O22Rik', 'lDlx6os1', 'lDnm3os', 'lGas5', 'lGm12610', 'lMiat', 'lNeat1', 'lNONMMUG002771', 'lNONMMUG004366', 'lNONMMUG007120', 'lNONMMUG008199', 'lNONMMUG009173', 'lNONMMUG009235', 'lNONMMUG010099', 'lNONMMUG012984', 'lNONMMUG013851', 'lNONMMUG014034', 'lNONMMUG017321', 'lNONMMUG017372', 'lNONMMUG019692', 'lNONMMUG020560', 'lNONMMUG021010', 'lNONMMUG023106', 'lNONMMUG024809', 'lNONMMUG025805', 'lNONMMUG029789', 'lNONMMUG031524', 'lNONMMUG031860', 'lNONMMUG032531', 'lNONMMUG033434', 'lNONMMUG034060', 'lNONMMUG035589', 'lNONMMUG036314', 'lNONMMUG036495', 'lNONMMUG038170', 'lNONMMUG038692', 'lNONMMUG038718', 'lNONMMUG039825', 'lNONMMUG041948', 'lNONMMUG042190', 'lNONMMUG043393', 'lNONMMUG043843', 'lNONMMUG044302', 'lNONMMUG045259', 'lENSMUSG00000085908', 'lENSMUSG00000103692', 'lENSMUSG00000106828', 'lENSMUSG00000107766', 'lGm13291', 'lSnord11', 'lSnord67']","[0.0, 0.0, 1.0, 1.0, 1.0, 0.0, 1.0, 1.0, 0.0, 0.0, 1.0, 0.0, 1.0, 1.0, 0.0, 1.0, 0.0, 1.0, 1.0, 1.0, 0.0, 1.0, 0.0, 0.0, 0.0, 1.0, 0.0, 0.0, 1.0, 0.0, 1.0, 1.0, 1.0, 1.0, 0.0, 1.0, 1.0, 1.0, 1.0, 1.0, 0.0, 1.0, 0.0, 0.0, 0.0, 1.0, 1.0, 0.0, 0.0, 1.0, 0.0, 1.0, 0.0, 0.0, 0.0, 0.0, 1.0, 0.0, 1.0, 1.0, 0.0, 0.0, 0.0, 1.0, 1.0, 0.0, 0.0, 0.0, 1.0, 0.0, 0.0, 1.0, 0.0, 0.0, 0.0, 0.0, 1.0, 1.0, 0.0, 1.0, 0.0, 1.0, 0.0, 1.0, 1.0, 0.0, 1.0]",['lENSMUSG00000106519'],[1.0],[1],[0.03665797619550287]
38,"['lNONMMUG000508', 'lNONMMUG002215', 'lNONMMUG002239', 'lNONMMUG009962', 'lNONMMUG013211', 'lNONMMUG017485', 'lNONMMUG017913', 'lNONMMUG020673', 'lNONMMUG023454', 'lNONMMUG026355', 'lNONMMUG029813', 'lNONMMUG030202', 'lNONMMUG033401', 'lNONMMUG034886', 'lNONMMUG038355', 'lNONMMUG039685', 'lNONMMUG041158', 'lNONMMUG041781', 'lNONMMUG045568', 'lNONMMUG045569', 'lNONMMUG045574', 'lENSMUSG00000044471', 'lENSMUSG00000075277', 'lENSMUSG00000078190', 'lENSMUSG00000078247', 'lENSMUSG00000085354', 'lENSMUSG00000085715', 'lENSMUSG00000085873', 'lENSMUSG00000086035', 'lENSMUSG00000086141', 'lENSMUSG00000090063', 'lENSMUSG00000097336', 'lENSMUSG00000097571', 'lENSMUSG00000097767', 'lENSMUSG00000098439', 'lENSMUSG00000101609', 'lENSMUSG00000106519', 'lDlx6os1', 'lDnm3os', 'lGas5', 'lGm12610', 'lMiat', 'lNeat1', 'lNONMMUG002771', 'lNONMMUG004366', 'lNONMMUG007120', 'lNONMMUG008199', 'lNONMMUG009173', 'lNONMMUG009235', 'lNONMMUG010099', 'lNONMMUG012984', 'lNONMMUG013851', 'lNONMMUG014034', 'lNONMMUG017321', 'lNONMMUG017372', 'lNONMMUG019692', 'lNONMMUG020560', 'lNONMMUG021010', 'lNONMMUG023106', 'lNONMMUG024809', 'lNONMMUG025805', 'lNONMMUG029789', 'lNONMMUG031524', 'lNONMMUG031860', 'lNONMMUG032531', 'lNONMMUG033434', 'lNONMMUG034060', 'lNONMMUG035589', 'lNONMMUG036314', 'lNONMMUG036495', 'lNONMMUG038170', 'lNONMMUG038692', 'lNONMMUG038718', 'lNONMMUG039825', 'lNONMMUG041948', 'lNONMMUG042190', 'lNONMMUG043393', 'lNONMMUG043843', 'lNONMMUG044302', 'lNONMMUG045259', 'lENSMUSG00000085908', 'lENSMUSG00000103692', 'lENSMUSG00000106828', 'lENSMUSG00000107766', 'lGm13291', 'lSnord11', 'lSnord67']","[0.0, 0.0, 1.0, 1.0, 1.0, 0.0, 1.0, 1.0, 0.0, 0.0, 1.0, 0.0, 1.0, 1.0, 0.0, 1.0, 0.0, 1.0, 1.0, 1.0, 0.0, 1.0, 0.0, 0.0, 0.0, 1.0, 0.0, 0.0, 1.0, 0.0, 1.0, 1.0, 1.0, 1.0, 0.0, 1.0, 1.0, 1.0, 1.0, 1.0, 0.0, 1.0, 0.0, 0.0, 0.0, 1.0, 1.0, 0.0, 0.0, 1.0, 0.0, 1.0, 0.0, 0.0, 0.0, 0.0, 1.0, 0.0, 1.0, 1.0, 0.0, 0.0, 0.0, 1.0, 1.0, 0.0, 0.0, 0.0, 1.0, 0.0, 0.0, 1.0, 0.0, 0.0, 0.0, 0.0, 1.0, 1.0, 0.0, 1.0, 0.0, 1.0, 0.0, 1.0, 1.0, 0.0, 1.0]",['l9030622O22Rik'],[1.0],[0],[-0.3842343167848289]
39,"['lNONMMUG000508', 'lNONMMUG002215', 'lNONMMUG002239', 'lNONMMUG009962', 'lNONMMUG013211', 'lNONMMUG017485', 'lNONMMUG017913', 'lNONMMUG020673', 'lNONMMUG023454', 'lNONMMUG026355', 'lNONMMUG029813', 'lNONMMUG030202', 'lNONMMUG033401', 'lNONMMUG034886', 'lNONMMUG038355', 'lNONMMUG039685', 'lNONMMUG041158', 'lNONMMUG041781', 'lNONMMUG045568', 'lNONMMUG045569', 'lNONMMUG045574', 'lENSMUSG00000044471', 'lENSMUSG00000075277', 'lENSMUSG00000078190', 'lENSMUSG00000078247', 'lENSMUSG00000085354', 'lENSMUSG00000085715', 'lENSMUSG00000085873', 'lENSMUSG00000086035', 'lENSMUSG00000086141', 'lENSMUSG00000090063', 'lENSMUSG00000097336', 'lENSMUSG00000097571', 'lENSMUSG00000097767', 'lENSMUSG00000098439', 'lENSMUSG00000101609', 'lENSMUSG00000106519', 'l9030622O22Rik', 'lDnm3os', 'lGas5', 'lGm12610', 'lMiat', 'lNeat1', 'lNONMMUG002771', 'lNONMMUG004366', 'lNONMMUG007120', 'lNONMMUG008199', 'lNONMMUG009173', 'lNONMMUG009235', 'lNONMMUG010099', 'lNONMMUG012984', 'lNONMMUG013851', 'lNONMMUG014034', 'lNONMMUG017321', 'lNONMMUG017372', 'lNONMMUG019692', 'lNONMMUG020560', 'lNONMMUG021010', 'lNONMMUG023106', 'lNONMMUG024809', 'lNONMMUG025805', 'lNONMMUG029789', 'lNONMMUG031524', 'lNONMMUG031860', 'lNONMMUG032531', 'lNONMMUG033434', 'lNONMMUG034060', 'lNONMMUG035589', 'lNONMMUG036314', 'lNONMMUG036495', 'lNONMMUG038170', 'lNONMMUG038692', 'lNONMMUG038718', 'lNONMMUG039825', 'lNONMMUG041948', 'lNONMMUG042190', 'lNONMMUG043393', 'lNONMMUG043843', 'lNONMMUG044302', 'lNONMMUG045259', 'lENSMUSG00000085908', 'lENSMUSG00000103692', 'lENSMUSG00000106828', 'lENSMUSG00000107766', 'lGm13291', 'lSnord11', 'lSnord67']","[0.0, 0.0, 1.0, 1.0, 1.0, 0.0, 1.0, 1.0, 0.0, 0.0, 1.0, 0.0, 1.0, 1.0, 0.0, 1.0, 0.0, 1.0, 1.0, 1.0, 0.0, 1.0, 0.0, 0.0, 0.0, 1.0, 0.0, 0.0, 1.0, 0.0, 1.0, 1.0, 1.0, 1.0, 0.0, 1.0, 1.0, 1.0, 1.0, 1.0, 0.0, 1.0, 0.0, 0.0, 0.0, 1.0, 1.0, 0.0, 0.0, 1.0, 0.0, 1.0, 0.0, 0.0, 0.0, 0.0, 1.0, 0.0, 1.0, 1.0, 0.0, 0.0, 0.0, 1.0, 1.0, 0.0, 0.0, 0.0, 1.0, 0.0, 0.0, 1.0, 0.0, 0.0, 0.0, 0.0, 1.0, 1.0, 0.0, 1.0, 0.0, 1.0, 0.0, 1.0, 1.0, 0.0, 1.0]",['lDlx6os1'],[1.0],[1],[0.6018126307042742]
40,"['lNONMMUG000508', 'lNONMMUG002215', 'lNONMMUG002239', 'lNONMMUG009962', 'lNONMMUG013211', 'lNONMMUG017485', 'lNONMMUG017913', 'lNONMMUG020673', 'lNONMMUG023454', 'lNONMMUG026355', 'lNONMMUG029813', 'lNONMMUG030202', 'lNONMMUG033401', 'lNONMMUG034886', 'lNONMMUG038355', 'lNONMMUG039685', 'lNONMMUG041158', 'lNONMMUG041781', 'lNONMMUG045568', 'lNONMMUG045569', 'lNONMMUG045574', 'lENSMUSG00000044471', 'lENSMUSG00000075277', 'lENSMUSG00000078190', 'lENSMUSG00000078247', 'lENSMUSG00000085354', 'lENSMUSG00000085715', 'lENSMUSG00000085873', 'lENSMUSG00000086035', 'lENSMUSG00000086141', 'lENSMUSG00000090063', 'lENSMUSG00000097336', 'lENSMUSG00000097571', 'lENSMUSG00000097767', 'lENSMUSG00000098439', 'lENSMUSG00000101609', 'lENSMUSG00000106519', 'l9030622O22Rik', 'lDlx6os1', 'lGas5', 'lGm12610', 'lMiat', 'lNeat1', 'lNONMMUG002771', 'lNONMMUG004366', 'lNONMMUG007120', 'lNONMMUG008199', 'lNONMMUG009173', 'lNONMMUG009235', 'lNONMMUG010099', 'lNONMMUG012984', 'lNONMMUG013851', 'lNONMMUG014034', 'lNONMMUG017321', 'lNONMMUG017372', 'lNONMMUG019692', 'lNONMMUG020560', 'lNONMMUG021010', 'lNONMMUG023106', 'lNONMMUG024809', 'lNONMMUG025805', 'lNONMMUG029789', 'lNONMMUG031524', 'lNONMMUG031860', 'lNONMMUG032531', 'lNONMMUG033434', 'lNONMMUG034060', 'lNONMMUG035589', 'lNONMMUG036314', 'lNONMMUG036495', 'lNONMMUG038170', 'lNONMMUG038692', 'lNONMMUG038718', 'lNONMMUG039825', 'lNONMMUG041948', 'lNONMMUG042190', 'lNONMMUG043393', 'lNONMMUG043843', 'lNONMMUG044302', 'lNONMMUG045259', 'lENSMUSG00000085908', 'lENSMUSG00000103692', 'lENSMUSG00000106828', 'lENSMUSG00000107766', 'lGm13291', 'lSnord11', 'lSnord67']","[0.0, 0.0, 1.0, 1.0, 1.0, 0.0, 1.0, 1.0, 0.0, 0.0, 1.0, 0.0, 1.0, 1.0, 0.0, 1.0, 0.0, 1.0, 1.0, 1.0, 0.0, 1.0, 0.0, 0.0, 0.0, 1.0, 0.0, 0.0, 1.0, 0.0, 1.0, 1.0, 1.0, 1.0, 0.0, 1.0, 1.0, 1.0, 1.0, 1.0, 0.0, 1.0, 0.0, 0.0, 0.0, 1.0, 1.0, 0.0, 0.0, 1.0, 0.0, 1.0, 0.0, 0.0, 0.0, 0.0, 1.0, 0.0, 1.0, 1.0, 0.0, 0.0, 0.0, 1.0, 1.0, 0.0, 0.0, 0.0, 1.0, 0.0, 0.0, 1.0, 0.0, 0.0, 0.0, 0.0, 1.0, 1.0, 0.0, 1.0, 0.0, 1.0, 0.0, 1.0, 1.0, 0.0, 1.0]",['lDnm3os'],[1.0],[1],[0.3641504216958528]
41,"['lNONMMUG000508', 'lNONMMUG002215', 'lNONMMUG002239', 'lNONMMUG009962', 'lNONMMUG013211', 'lNONMMUG017485', 'lNONMMUG017913', 'lNONMMUG020673', 'lNONMMUG023454', 'lNONMMUG026355', 'lNONMMUG029813', 'lNONMMUG030202', 'lNONMMUG033401', 'lNONMMUG034886', 'lNONMMUG038355', 'lNONMMUG039685', 'lNONMMUG041158', 'lNONMMUG041781', 'lNONMMUG045568', 'lNONMMUG045569', 'lNONMMUG045574', 'lENSMUSG00000044471', 'lENSMUSG00000075277', 'lENSMUSG00000078190', 'lENSMUSG00000078247', 'lENSMUSG00000085354', 'lENSMUSG00000085715', 'lENSMUSG00000085873', 'lENSMUSG00000086035', 'lENSMUSG00000086141', 'lENSMUSG00000090063', 'lENSMUSG00000097336', 'lENSMUSG00000097571', 'lENSMUSG00000097767', 'lENSMUSG00000098439', 'lENSMUSG00000101609', 'lENSMUSG00000106519', 'l9030622O22Rik', 'lDlx6os1', 'lDnm3os', 'lGm12610', 'lMiat', 'lNeat1', 'lNONMMUG002771', 'lNONMMUG004366', 'lNONMMUG007120', 'lNONMMUG008199', 'lNONMMUG009173', 'lNONMMUG009235', 'lNONMMUG010099', 'lNONMMUG012984', 'lNONMMUG013851', 'lNONMMUG014034', 'lNONMMUG017321', 'lNONMMUG017372', 'lNONMMUG019692', 'lNONMMUG020560', 'lNONMMUG021010', 'lNONMMUG023106', 'lNONMMUG024809', 'lNONMMUG025805', 'lNONMMUG029789', 'lNONMMUG031524', 'lNONMMUG031860', 'lNONMMUG032531', 'lNONMMUG033434', 'lNONMMUG034060', 'lNONMMUG035589', 'lNONMMUG036314', 'lNONMMUG036495', 'lNONMMUG038170', 'lNONMMUG038692', 'lNONMMUG038718', 'lNONMMUG039825', 'lNONMMUG041948', 'lNONMMUG042190', 'lNONMMUG043393', 'lNONMMUG043843', 'lNONMMUG044302', 'lNONMMUG045259', 'lENSMUSG00000085908', 'lENSMUSG00000103692', 'lENSMUSG00000106828', 'lENSMUSG00000107766', 'lGm13291', 'lSnord11', 'lSnord67']","[0.0, 0.0, 1.0, 1.0, 1.0, 0.0, 1.0, 1.0, 0.0, 0.0, 1.0, 0.0, 1.0, 1.0, 0.0, 1.0, 0.0, 1.0, 1.0, 1.0, 0.0, 1.0, 0.0, 0.0, 0.0, 1.0, 0.0, 0.0, 1.0, 0.0, 1.0, 1.0, 1.0, 1.0, 0.0, 1.0, 1.0, 1.0, 1.0, 1.0, 0.0, 1.0, 0.0, 0.0, 0.0, 1.0, 1.0, 0.0, 0.0, 1.0, 0.0, 1.0, 0.0, 0.0, 0.0, 0.0, 1.0, 0.0, 1.0, 1.0, 0.0, 0.0, 0.0, 1.0, 1.0, 0.0, 0.0, 0.0, 1.0, 0.0, 0.0, 1.0, 0.0, 0.0, 0.0, 0.0, 1.0, 1.0, 0.0, 1.0, 0.0, 1.0, 0.0, 1.0, 1.0, 0.0, 1.0]",['lGas5'],[1.0],[1],[0.814700861507153]
42,"['lNONMMUG000508', 'lNONMMUG002215', 'lNONMMUG002239', 'lNONMMUG009962', 'lNONMMUG013211', 'lNONMMUG017485', 'lNONMMUG017913', 'lNONMMUG020673', 'lNONMMUG023454', 'lNONMMUG026355', 'lNONMMUG029813', 'lNONMMUG030202', 'lNONMMUG033401', 'lNONMMUG034886', 'lNONMMUG038355', 'lNONMMUG039685', 'lNONMMUG041158', 'lNONMMUG041781', 'lNONMMUG045568', 'lNONMMUG045569', 'lNONMMUG045574', 'lENSMUSG00000044471', 'lENSMUSG00000075277', 'lENSMUSG00000078190', 'lENSMUSG00000078247', 'lENSMUSG00000085354', 'lENSMUSG00000085715', 'lENSMUSG00000085873', 'lENSMUSG00000086035', 'lENSMUSG00000086141', 'lENSMUSG00000090063', 'lENSMUSG00000097336', 'lENSMUSG00000097571', 'lENSMUSG00000097767', 'lENSMUSG00000098439', 'lENSMUSG00000101609', 'lENSMUSG00000106519', 'l9030622O22Rik', 'lDlx6os1', 'lDnm3os', 'lGas5', 'lMiat', 'lNeat1', 'lNONMMUG002771', 'lNONMMUG004366', 'lNONMMUG007120', 'lNONMMUG008199', 'lNONMMUG009173', 'lNONMMUG009235', 'lNONMMUG010099', 'lNONMMUG012984', 'lNONMMUG013851', 'lNONMMUG014034', 'lNONMMUG017321', 'lNONMMUG017372', 'lNONMMUG019692', 'lNONMMUG020560', 'lNONMMUG021010', 'lNONMMUG023106', 'lNONMMUG024809', 'lNONMMUG025805', 'lNONMMUG029789', 'lNONMMUG031524', 'lNONMMUG031860', 'lNONMMUG032531', 'lNONMMUG033434', 'lNONMMUG034060', 'lNONMMUG035589', 'lNONMMUG036314', 'lNONMMUG036495', 'lNONMMUG038170', 'lNONMMUG038692', 'lNONMMUG038718', 'lNONMMUG039825', 'lNONMMUG041948', 'lNONMMUG042190', 'lNONMMUG043393', 'lNONMMUG043843', 'lNONMMUG044302', 'lNONMMUG045259', 'lENSMUSG00000085908', 'lENSMUSG00000103692', 'lENSMUSG00000106828', 'lENSMUSG00000107766', 'lGm13291', 'lSnord11', 'lSnord67']","[0.0, 0.0, 1.0, 1.0, 1.0, 0.0, 1.0, 1.0, 0.0, 0.0, 1.0, 0.0, 1.0, 1.0, 0.0, 1.0, 0.0, 1.0, 1.0, 1.0, 0.0, 1.0, 0.0, 0.0, 0.0, 1.0, 0.0, 0.0, 1.0, 0.0, 1.0, 1.0, 1.0, 1.0, 0.0, 1.0, 1.0, 1.0, 1.0, 1.0, 1.0, 1.0, 0.0, 0.0, 0.0, 1.0, 1.0, 0.0, 0.0, 1.0, 0.0, 1.0, 0.0, 0.0, 0.0, 0.0, 1.0, 0.0, 1.0, 1.0, 0.0, 0.0, 0.0, 1.0, 1.0, 0.0, 0.0, 0.0, 1.0, 0.0, 0.0, 1.0, 0.0, 0.0, 0.0, 0.0, 1.0, 1.0, 0.0, 1.0, 0.0, 1.0, 0.0, 1.0, 1.0, 0.0, 1.0]",['lGm12610'],[0.0],[1],[0.04363072941953594]
43,"['lNONMMUG000508', 'lNONMMUG002215', 'lNONMMUG002239', 'lNONMMUG009962', 'lNONMMUG013211', 'lNONMMUG017485', 'lNONMMUG017913', 'lNONMMUG020673', 'lNONMMUG023454', 'lNONMMUG026355', 'lNONMMUG029813', 'lNONMMUG030202', 'lNONMMUG033401', 'lNONMMUG034886', 'lNONMMUG038355', 'lNONMMUG039685', 'lNONMMUG041158', 'lNONMMUG041781', 'lNONMMUG045568', 'lNONMMUG045569', 'lNONMMUG045574', 'lENSMUSG00000044471', 'lENSMUSG00000075277', 'lENSMUSG00000078190', 'lENSMUSG00000078247', 'lENSMUSG00000085354', 'lENSMUSG00000085715', 'lENSMUSG00000085873', 'lENSMUSG00000086035', 'lENSMUSG00000086141', 'lENSMUSG00000090063', 'lENSMUSG00000097336', 'lENSMUSG00000097571', 'lENSMUSG00000097767', 'lENSMUSG00000098439', 'lENSMUSG00000101609', 'lENSMUSG00000106519', 'l9030622O22Rik', 'lDlx6os1', 'lDnm3os', 'lGas5', 'lGm12610', 'lNeat1', 'lNONMMUG002771', 'lNONMMUG004366', 'lNONMMUG007120', 'lNONMMUG008199', 'lNONMMUG009173', 'lNONMMUG009235', 'lNONMMUG010099', 'lNONMMUG012984', 'lNONMMUG013851', 'lNONMMUG014034', 'lNONMMUG017321', 'lNONMMUG017372', 'lNONMMUG019692', 'lNONMMUG020560', 'lNONMMUG021010', 'lNONMMUG023106', 'lNONMMUG024809', 'lNONMMUG025805', 'lNONMMUG029789', 'lNONMMUG031524', 'lNONMMUG031860', 'lNONMMUG032531', 'lNONMMUG033434', 'lNONMMUG034060', 'lNONMMUG035589', 'lNONMMUG036314', 'lNONMMUG036495', 'lNONMMUG038170', 'lNONMMUG038692', 'lNONMMUG038718', 'lNONMMUG039825', 'lNONMMUG041948', 'lNONMMUG042190', 'lNONMMUG043393', 'lNONMMUG043843', 'lNONMMUG044302', 'lNONMMUG045259', 'lENSMUSG00000085908', 'lENSMUSG00000103692', 'lENSMUSG00000106828', 'lENSMUSG00000107766', 'lGm13291', 'lSnord11', 'lSnord67']","[0.0, 0.0, 1.0, 1.0, 1.0, 0.0, 1.0, 1.0, 0.0, 0.0, 1.0, 0.0, 1.0, 1.0, 0.0, 1.0, 0.0, 1.0, 1.0, 1.0, 0.0, 1.0, 0.0, 0.0, 0.0, 1.0, 0.0, 0.0, 1.0, 0.0, 1.0, 1.0, 1.0, 1.0, 0.0, 1.0, 1.0, 1.0, 1.0, 1.0, 1.0, 0.0, 0.0, 0.0, 0.0, 1.0, 1.0, 0.0, 0.0, 1.0, 0.0, 1.0, 0.0, 0.0, 0.0, 0.0, 1.0, 0.0, 1.0, 1.0, 0.0, 0.0, 0.0, 1.0, 1.0, 0.0, 0.0, 0.0, 1.0, 0.0, 0.0, 1.0, 0.0, 0.0, 0.0, 0.0, 1.0, 1.0, 0.0, 1.0, 0.0, 1.0, 0.0, 1.0, 1.0, 0.0, 1.0]",['lMiat'],[1.0],[1],[0.08427078235214913]
44,"['lNONMMUG000508', 'lNONMMUG002215', 'lNONMMUG002239', 'lNONMMUG009962', 'lNONMMUG013211', 'lNONMMUG017485', 'lNONMMUG017913', 'lNONMMUG020673', 'lNONMMUG023454', 'lNONMMUG026355', 'lNONMMUG029813', 'lNONMMUG030202', 'lNONMMUG033401', 'lNONMMUG034886', 'lNONMMUG038355', 'lNONMMUG039685', 'lNONMMUG041158', 'lNONMMUG041781', 'lNONMMUG045568', 'lNONMMUG045569', 'lNONMMUG045574', 'lENSMUSG00000044471', 'lENSMUSG00000075277', 'lENSMUSG00000078190', 'lENSMUSG00000078247', 'lENSMUSG00000085354', 'lENSMUSG00000085715', 'lENSMUSG00000085873', 'lENSMUSG00000086035', 'lENSMUSG00000086141', 'lENSMUSG00000090063', 'lENSMUSG00000097336', 'lENSMUSG00000097571', 'lENSMUSG00000097767', 'lENSMUSG00000098439', 'lENSMUSG00000101609', 'lENSMUSG00000106519', 'l9030622O22Rik', 'lDlx6os1', 'lDnm3os', 'lGas5', 'lGm12610', 'lMiat', 'lNONMMUG002771', 'lNONMMUG004366', 'lNONMMUG007120', 'lNONMMUG008199', 'lNONMMUG009173', 'lNONMMUG009235', 'lNONMMUG010099', 'lNONMMUG012984', 'lNONMMUG013851', 'lNONMMUG014034', 'lNONMMUG017321', 'lNONMMUG017372', 'lNONMMUG019692', 'lNONMMUG020560', 'lNONMMUG021010', 'lNONMMUG023106', 'lNONMMUG024809', 'lNONMMUG025805', 'lNONMMUG029789', 'lNONMMUG031524', 'lNONMMUG031860', 'lNONMMUG032531', 'lNONMMUG033434', 'lNONMMUG034060', 'lNONMMUG035589', 'lNONMMUG036314', 'lNONMMUG036495', 'lNONMMUG038170', 'lNONMMUG038692', 'lNONMMUG038718', 'lNONMMUG039825', 'lNONMMUG041948', 'lNONMMUG042190', 'lNONMMUG043393', 'lNONMMUG043843', 'lNONMMUG044302', 'lNONMMUG045259', 'lENSMUSG00000085908', 'lENSMUSG00000103692', 'lENSMUSG00000106828', 'lENSMUSG00000107766', 'lGm13291', 'lSnord11', 'lSnord67']","[0.0, 0.0, 1.0, 1.0, 1.0, 0.0, 1.0, 1.0, 0.0, 0.0, 1.0, 0.0, 1.0, 1.0, 0.0, 1.0, 0.0, 1.0, 1.0, 1.0, 0.0, 1.0, 0.0, 0.0, 0.0, 1.0, 0.0, 0.0, 1.0, 0.0, 1.0, 1.0, 1.0, 1.0, 0.0, 1.0, 1.0, 1.0, 1.0, 1.0, 1.0, 0.0, 1.0, 0.0, 0.0, 1.0, 1.0, 0.0, 0.0, 1.0, 0.0, 1.0, 0.0, 0.0, 0.0, 0.0, 1.0, 0.0, 1.0, 1.0, 0.0, 0.0, 0.0, 1.0, 1.0, 0.0, 0.0, 0.0, 1.0, 0.0, 0.0, 1.0, 0.0, 0.0, 0.0, 0.0, 1.0, 1.0, 0.0, 1.0, 0.0, 1.0, 0.0, 1.0, 1.0, 0.0, 1.0]",['lNeat1'],[0.0],[1],[0.6325886881583931]
45,"['lNONMMUG000508', 'lNONMMUG002215', 'lNONMMUG002239', 'lNONMMUG009962', 'lNONMMUG013211', 'lNONMMUG017485', 'lNONMMUG017913', 'lNONMMUG020673', 'lNONMMUG023454', 'lNONMMUG026355', 'lNONMMUG029813', 'lNONMMUG030202', 'lNONMMUG033401', 'lNONMMUG034886', 'lNONMMUG038355', 'lNONMMUG039685', 'lNONMMUG041158', 'lNONMMUG041781', 'lNONMMUG045568', 'lNONMMUG045569', 'lNONMMUG045574', 'lENSMUSG00000044471', 'lENSMUSG00000075277', 'lENSMUSG00000078190', 'lENSMUSG00000078247', 'lENSMUSG00000085354', 'lENSMUSG00000085715', 'lENSMUSG00000085873', 'lENSMUSG00000086035', 'lENSMUSG00000086141', 'lENSMUSG00000090063', 'lENSMUSG00000097336', 'lENSMUSG00000097571', 'lENSMUSG00000097767', 'lENSMUSG00000098439', 'lENSMUSG00000101609', 'lENSMUSG00000106519', 'l9030622O22Rik', 'lDlx6os1', 'lDnm3os', 'lGas5', 'lGm12610', 'lMiat', 'lNeat1', 'lNONMMUG004366', 'lNONMMUG007120', 'lNONMMUG008199', 'lNONMMUG009173', 'lNONMMUG009235', 'lNONMMUG010099', 'lNONMMUG012984', 'lNONMMUG013851', 'lNONMMUG014034', 'lNONMMUG017321', 'lNONMMUG017372', 'lNONMMUG019692', 'lNONMMUG020560', 'lNONMMUG021010', 'lNONMMUG023106', 'lNONMMUG024809', 'lNONMMUG025805', 'lNONMMUG029789', 'lNONMMUG031524', 'lNONMMUG031860', 'lNONMMUG032531', 'lNONMMUG033434', 'lNONMMUG034060', 'lNONMMUG035589', 'lNONMMUG036314', 'lNONMMUG036495', 'lNONMMUG038170', 'lNONMMUG038692', 'lNONMMUG038718', 'lNONMMUG039825', 'lNONMMUG041948', 'lNONMMUG042190', 'lNONMMUG043393', 'lNONMMUG043843', 'lNONMMUG044302', 'lNONMMUG045259', 'lENSMUSG00000085908', 'lENSMUSG00000103692', 'lENSMUSG00000106828', 'lENSMUSG00000107766', 'lGm13291', 'lSnord11', 'lSnord67']","[0.0, 0.0, 1.0, 1.0, 1.0, 0.0, 1.0, 1.0, 0.0, 0.0, 1.0, 0.0, 1.0, 1.0, 0.0, 1.0, 0.0, 1.0, 1.0, 1.0, 0.0, 1.0, 0.0, 0.0, 0.0, 1.0, 0.0, 0.0, 1.0, 0.0, 1.0, 1.0, 1.0, 1.0, 0.0, 1.0, 1.0, 1.0, 1.0, 1.0, 1.0, 0.0, 1.0, 0.0, 0.0, 1.0, 1.0, 0.0, 0.0, 1.0, 0.0, 1.0, 0.0, 0.0, 0.0, 0.0, 1.0, 0.0, 1.0, 1.0, 0.0, 0.0, 0.0, 1.0, 1.0, 0.0, 0.0, 0.0, 1.0, 0.0, 0.0, 1.0, 0.0, 0.0, 0.0, 0.0, 1.0, 1.0, 0.0, 1.0, 0.0, 1.0, 0.0, 1.0, 1.0, 0.0, 1.0]",['lNONMMUG002771'],[0.0],[0],[-0.1814777895421535]
46,"['lNONMMUG000508', 'lNONMMUG002215', 'lNONMMUG002239', 'lNONMMUG009962', 'lNONMMUG013211', 'lNONMMUG017485', 'lNONMMUG017913', 'lNONMMUG020673', 'lNONMMUG023454', 'lNONMMUG026355', 'lNONMMUG029813', 'lNONMMUG030202', 'lNONMMUG033401', 'lNONMMUG034886', 'lNONMMUG038355', 'lNONMMUG039685', 'lNONMMUG041158', 'lNONMMUG041781', 'lNONMMUG045568', 'lNONMMUG045569', 'lNONMMUG045574', 'lENSMUSG00000044471', 'lENSMUSG00000075277', 'lENSMUSG00000078190', 'lENSMUSG00000078247', 'lENSMUSG00000085354', 'lENSMUSG00000085715', 'lENSMUSG00000085873', 'lENSMUSG00000086035', 'lENSMUSG00000086141', 'lENSMUSG00000090063', 'lENSMUSG00000097336', 'lENSMUSG00000097571', 'lENSMUSG00000097767', 'lENSMUSG00000098439', 'lENSMUSG00000101609', 'lENSMUSG00000106519', 'l9030622O22Rik', 'lDlx6os1', 'lDnm3os', 'lGas5', 'lGm12610', 'lMiat', 'lNeat1', 'lNONMMUG002771', 'lNONMMUG007120', 'lNONMMUG008199', 'lNONMMUG009173', 'lNONMMUG009235', 'lNONMMUG010099', 'lNONMMUG012984', 'lNONMMUG013851', 'lNONMMUG014034', 'lNONMMUG017321', 'lNONMMUG017372', 'lNONMMUG019692', 'lNONMMUG020560', 'lNONMMUG021010', 'lNONMMUG023106', 'lNONMMUG024809', 'lNONMMUG025805', 'lNONMMUG029789', 'lNONMMUG031524', 'lNONMMUG031860', 'lNONMMUG032531', 'lNONMMUG033434', 'lNONMMUG034060', 'lNONMMUG035589', 'lNONMMUG036314', 'lNONMMUG036495', 'lNONMMUG038170', 'lNONMMUG038692', 'lNONMMUG038718', 'lNONMMUG039825', 'lNONMMUG041948', 'lNONMMUG042190', 'lNONMMUG043393', 'lNONMMUG043843', 'lNONMMUG044302', 'lNONMMUG045259', 'lENSMUSG00000085908', 'lENSMUSG00000103692', 'lENSMUSG00000106828', 'lENSMUSG00000107766', 'lGm13291', 'lSnord11', 'lSnord67']","[0.0, 0.0, 1.0, 1.0, 1.0, 0.0, 1.0, 1.0, 0.0, 0.0, 1.0, 0.0, 1.0, 1.0, 0.0, 1.0, 0.0, 1.0, 1.0, 1.0, 0.0, 1.0, 0.0, 0.0, 0.0, 1.0, 0.0, 0.0, 1.0, 0.0, 1.0, 1.0, 1.0, 1.0, 0.0, 1.0, 1.0, 1.0, 1.0, 1.0, 1.0, 0.0, 1.0, 0.0, 0.0, 1.0, 1.0, 0.0, 0.0, 1.0, 0.0, 1.0, 0.0, 0.0, 0.0, 0.0, 1.0, 0.0, 1.0, 1.0, 0.0, 0.0, 0.0, 1.0, 1.0, 0.0, 0.0, 0.0, 1.0, 0.0, 0.0, 1.0, 0.0, 0.0, 0.0, 0.0, 1.0, 1.0, 0.0, 1.0, 0.0, 1.0, 0.0, 1.0, 1.0, 0.0, 1.0]",['lNONMMUG004366'],[0.0],[1],[0.006072194607091519]
47,"['lNONMMUG000508', 'lNONMMUG002215', 'lNONMMUG002239', 'lNONMMUG009962', 'lNONMMUG013211', 'lNONMMUG017485', 'lNONMMUG017913', 'lNONMMUG020673', 'lNONMMUG023454', 'lNONMMUG026355', 'lNONMMUG029813', 'lNONMMUG030202', 'lNONMMUG033401', 'lNONMMUG034886', 'lNONMMUG038355', 'lNONMMUG039685', 'lNONMMUG041158', 'lNONMMUG041781', 'lNONMMUG045568', 'lNONMMUG045569', 'lNONMMUG045574', 'lENSMUSG00000044471', 'lENSMUSG00000075277', 'lENSMUSG00000078190', 'lENSMUSG00000078247', 'lENSMUSG00000085354', 'lENSMUSG00000085715', 'lENSMUSG00000085873', 'lENSMUSG00000086035', 'lENSMUSG00000086141', 'lENSMUSG00000090063', 'lENSMUSG00000097336', 'lENSMUSG00000097571', 'lENSMUSG00000097767', 'lENSMUSG00000098439', 'lENSMUSG00000101609', 'lENSMUSG00000106519', 'l9030622O22Rik', 'lDlx6os1', 'lDnm3os', 'lGas5', 'lGm12610', 'lMiat', 'lNeat1', 'lNONMMUG002771', 'lNONMMUG004366', 'lNONMMUG008199', 'lNONMMUG009173', 'lNONMMUG009235', 'lNONMMUG010099', 'lNONMMUG012984', 'lNONMMUG013851', 'lNONMMUG014034', 'lNONMMUG017321', 'lNONMMUG017372', 'lNONMMUG019692', 'lNONMMUG020560', 'lNONMMUG021010', 'lNONMMUG023106', 'lNONMMUG024809', 'lNONMMUG025805', 'lNONMMUG029789', 'lNONMMUG031524', 'lNONMMUG031860', 'lNONMMUG032531', 'lNONMMUG033434', 'lNONMMUG034060', 'lNONMMUG035589', 'lNONMMUG036314', 'lNONMMUG036495', 'lNONMMUG038170', 'lNONMMUG038692', 'lNONMMUG038718', 'lNONMMUG039825', 'lNONMMUG041948', 'lNONMMUG042190', 'lNONMMUG043393', 'lNONMMUG043843', 'lNONMMUG044302', 'lNONMMUG045259', 'lENSMUSG00000085908', 'lENSMUSG00000103692', 'lENSMUSG00000106828', 'lENSMUSG00000107766', 'lGm13291', 'lSnord11', 'lSnord67']","[0.0, 0.0, 1.0, 1.0, 1.0, 0.0, 1.0, 1.0, 0.0, 0.0, 1.0, 0.0, 1.0, 1.0, 0.0, 1.0, 0.0, 1.0, 1.0, 1.0, 0.0, 1.0, 0.0, 0.0, 0.0, 1.0, 0.0, 0.0, 1.0, 0.0, 1.0, 1.0, 1.0, 1.0, 0.0, 1.0, 1.0, 1.0, 1.0, 1.0, 1.0, 0.0, 1.0, 0.0, 0.0, 0.0, 1.0, 0.0, 0.0, 1.0, 0.0, 1.0, 0.0, 0.0, 0.0, 0.0, 1.0, 0.0, 1.0, 1.0, 0.0, 0.0, 0.0, 1.0, 1.0, 0.0, 0.0, 0.0, 1.0, 0.0, 0.0, 1.0, 0.0, 0.0, 0.0, 0.0, 1.0, 1.0, 0.0, 1.0, 0.0, 1.0, 0.0, 1.0, 1.0, 0.0, 1.0]",['lNONMMUG007120'],[1.0],[0],[-0.314486746501199]
48,"['lNONMMUG000508', 'lNONMMUG002215', 'lNONMMUG002239', 'lNONMMUG009962', 'lNONMMUG013211', 'lNONMMUG017485', 'lNONMMUG017913', 'lNONMMUG020673', 'lNONMMUG023454', 'lNONMMUG026355', 'lNONMMUG029813', 'lNONMMUG030202', 'lNONMMUG033401', 'lNONMMUG034886', 'lNONMMUG038355', 'lNONMMUG039685', 'lNONMMUG041158', 'lNONMMUG041781', 'lNONMMUG045568', 'lNONMMUG045569', 'lNONMMUG045574', 'lENSMUSG00000044471', 'lENSMUSG00000075277', 'lENSMUSG00000078190', 'lENSMUSG00000078247', 'lENSMUSG00000085354', 'lENSMUSG00000085715', 'lENSMUSG00000085873', 'lENSMUSG00000086035', 'lENSMUSG00000086141', 'lENSMUSG00000090063', 'lENSMUSG00000097336', 'lENSMUSG00000097571', 'lENSMUSG00000097767', 'lENSMUSG00000098439', 'lENSMUSG00000101609', 'lENSMUSG00000106519', 'l9030622O22Rik', 'lDlx6os1', 'lDnm3os', 'lGas5', 'lGm12610', 'lMiat', 'lNeat1', 'lNONMMUG002771', 'lNONMMUG004366', 'lNONMMUG007120', 'lNONMMUG009173', 'lNONMMUG009235', 'lNONMMUG010099', 'lNONMMUG012984', 'lNONMMUG013851', 'lNONMMUG014034', 'lNONMMUG017321', 'lNONMMUG017372', 'lNONMMUG019692', 'lNONMMUG020560', 'lNONMMUG021010', 'lNONMMUG023106', 'lNONMMUG024809', 'lNONMMUG025805', 'lNONMMUG029789', 'lNONMMUG031524', 'lNONMMUG031860', 'lNONMMUG032531', 'lNONMMUG033434', 'lNONMMUG034060', 'lNONMMUG035589', 'lNONMMUG036314', 'lNONMMUG036495', 'lNONMMUG038170', 'lNONMMUG038692', 'lNONMMUG038718', 'lNONMMUG039825', 'lNONMMUG041948', 'lNONMMUG042190', 'lNONMMUG043393', 'lNONMMUG043843', 'lNONMMUG044302', 'lNONMMUG045259', 'lENSMUSG00000085908', 'lENSMUSG00000103692', 'lENSMUSG00000106828', 'lENSMUSG00000107766', 'lGm13291', 'lSnord11', 'lSnord67']","[0.0, 0.0, 1.0, 1.0, 1.0, 0.0, 1.0, 1.0, 0.0, 0.0, 1.0, 0.0, 1.0, 1.0, 0.0, 1.0, 0.0, 1.0, 1.0, 1.0, 0.0, 1.0, 0.0, 0.0, 0.0, 1.0, 0.0, 0.0, 1.0, 0.0, 1.0, 1.0, 1.0, 1.0, 0.0, 1.0, 1.0, 1.0, 1.0, 1.0, 1.0, 0.0, 1.0, 0.0, 0.0, 0.0, 1.0, 0.0, 0.0, 1.0, 0.0, 1.0, 0.0, 0.0, 0.0, 0.0, 1.0, 0.0, 1.0, 1.0, 0.0, 0.0, 0.0, 1.0, 1.0, 0.0, 0.0, 0.0, 1.0, 0.0, 0.0, 1.0, 0.0, 0.0, 0.0, 0.0, 1.0, 1.0, 0.0, 1.0, 0.0, 1.0, 0.0, 1.0, 1.0, 0.0, 1.0]",['lNONMMUG008199'],[1.0],[1],[0.03803777313396378]
49,"['lNONMMUG000508', 'lNONMMUG002215', 'lNONMMUG002239', 'lNONMMUG009962', 'lNONMMUG013211', 'lNONMMUG017485', 'lNONMMUG017913', 'lNONMMUG020673', 'lNONMMUG023454', 'lNONMMUG026355', 'lNONMMUG029813', 'lNONMMUG030202', 'lNONMMUG033401', 'lNONMMUG034886', 'lNONMMUG038355', 'lNONMMUG039685', 'lNONMMUG041158', 'lNONMMUG041781', 'lNONMMUG045568', 'lNONMMUG045569', 'lNONMMUG045574', 'lENSMUSG00000044471', 'lENSMUSG00000075277', 'lENSMUSG00000078190', 'lENSMUSG00000078247', 'lENSMUSG00000085354', 'lENSMUSG00000085715', 'lENSMUSG00000085873', 'lENSMUSG00000086035', 'lENSMUSG00000086141', 'lENSMUSG00000090063', 'lENSMUSG00000097336', 'lENSMUSG00000097571', 'lENSMUSG00000097767', 'lENSMUSG00000098439', 'lENSMUSG00000101609', 'lENSMUSG00000106519', 'l9030622O22Rik', 'lDlx6os1', 'lDnm3os', 'lGas5', 'lGm12610', 'lMiat', 'lNeat1', 'lNONMMUG002771', 'lNONMMUG004366', 'lNONMMUG007120', 'lNONMMUG008199', 'lNONMMUG009235', 'lNONMMUG010099', 'lNONMMUG012984', 'lNONMMUG013851', 'lNONMMUG014034', 'lNONMMUG017321', 'lNONMMUG017372', 'lNONMMUG019692', 'lNONMMUG020560', 'lNONMMUG021010', 'lNONMMUG023106', 'lNONMMUG024809', 'lNONMMUG025805', 'lNONMMUG029789', 'lNONMMUG031524', 'lNONMMUG031860', 'lNONMMUG032531', 'lNONMMUG033434', 'lNONMMUG034060', 'lNONMMUG035589', 'lNONMMUG036314', 'lNONMMUG036495', 'lNONMMUG038170', 'lNONMMUG038692', 'lNONMMUG038718', 'lNONMMUG039825', 'lNONMMUG041948', 'lNONMMUG042190', 'lNONMMUG043393', 'lNONMMUG043843', 'lNONMMUG044302', 'lNONMMUG045259', 'lENSMUSG00000085908', 'lENSMUSG00000103692', 'lENSMUSG00000106828', 'lENSMUSG00000107766', 'lGm13291', 'lSnord11', 'lSnord67']","[0.0, 0.0, 1.0, 1.0, 1.0, 0.0, 1.0, 1.0, 0.0, 0.0, 1.0, 0.0, 1.0, 1.0, 0.0, 1.0, 0.0, 1.0, 1.0, 1.0, 0.0, 1.0, 0.0, 0.0, 0.0, 1.0, 0.0, 0.0, 1.0, 0.0, 1.0, 1.0, 1.0, 1.0, 0.0, 1.0, 1.0, 1.0, 1.0, 1.0, 1.0, 0.0, 1.0, 0.0, 0.0, 0.0, 1.0, 1.0, 0.0, 1.0, 0.0, 1.0, 0.0, 0.0, 0.0, 0.0, 1.0, 0.0, 1.0, 1.0, 0.0, 0.0, 0.0, 1.0, 1.0, 0.0, 0.0, 0.0, 1.0, 0.0, 0.0, 1.0, 0.0, 0.0, 0.0, 0.0, 1.0, 1.0, 0.0, 1.0, 0.0, 1.0, 0.0, 1.0, 1.0, 0.0, 1.0]",['lNONMMUG009173'],[0.0],[1],[0.05784861209016351]
50,"['lNONMMUG000508', 'lNONMMUG002215', 'lNONMMUG002239', 'lNONMMUG009962', 'lNONMMUG013211', 'lNONMMUG017485', 'lNONMMUG017913', 'lNONMMUG020673', 'lNONMMUG023454', 'lNONMMUG026355', 'lNONMMUG029813', 'lNONMMUG030202', 'lNONMMUG033401', 'lNONMMUG034886', 'lNONMMUG038355', 'lNONMMUG039685', 'lNONMMUG041158', 'lNONMMUG041781', 'lNONMMUG045568', 'lNONMMUG045569', 'lNONMMUG045574', 'lENSMUSG00000044471', 'lENSMUSG00000075277', 'lENSMUSG00000078190', 'lENSMUSG00000078247', 'lENSMUSG00000085354', 'lENSMUSG00000085715', 'lENSMUSG00000085873', 'lENSMUSG00000086035', 'lENSMUSG00000086141', 'lENSMUSG00000090063', 'lENSMUSG00000097336', 'lENSMUSG00000097571', 'lENSMUSG00000097767', 'lENSMUSG00000098439', 'lENSMUSG00000101609', 'lENSMUSG00000106519', 'l9030622O22Rik', 'lDlx6os1', 'lDnm3os', 'lGas5', 'lGm12610', 'lMiat', 'lNeat1', 'lNONMMUG002771', 'lNONMMUG004366', 'lNONMMUG007120', 'lNONMMUG008199', 'lNONMMUG009173', 'lNONMMUG010099', 'lNONMMUG012984', 'lNONMMUG013851', 'lNONMMUG014034', 'lNONMMUG017321', 'lNONMMUG017372', 'lNONMMUG019692', 'lNONMMUG020560', 'lNONMMUG021010', 'lNONMMUG023106', 'lNONMMUG024809', 'lNONMMUG025805', 'lNONMMUG029789', 'lNONMMUG031524', 'lNONMMUG031860', 'lNONMMUG032531', 'lNONMMUG033434', 'lNONMMUG034060', 'lNONMMUG035589', 'lNONMMUG036314', 'lNONMMUG036495', 'lNONMMUG038170', 'lNONMMUG038692', 'lNONMMUG038718', 'lNONMMUG039825', 'lNONMMUG041948', 'lNONMMUG042190', 'lNONMMUG043393', 'lNONMMUG043843', 'lNONMMUG044302', 'lNONMMUG045259', 'lENSMUSG00000085908', 'lENSMUSG00000103692', 'lENSMUSG00000106828', 'lENSMUSG00000107766', 'lGm13291', 'lSnord11', 'lSnord67']","[0.0, 0.0, 1.0, 1.0, 1.0, 0.0, 1.0, 1.0, 0.0, 0.0, 1.0, 0.0, 1.0, 1.0, 0.0, 1.0, 0.0, 1.0, 1.0, 1.0, 0.0, 1.0, 0.0, 0.0, 0.0, 1.0, 0.0, 0.0, 1.0, 0.0, 1.0, 1.0, 1.0, 1.0, 0.0, 1.0, 1.0, 1.0, 1.0, 1.0, 1.0, 0.0, 1.0, 0.0, 0.0, 0.0, 1.0, 1.0, 0.0, 1.0, 0.0, 1.0, 0.0, 0.0, 0.0, 0.0, 1.0, 0.0, 1.0, 1.0, 0.0, 0.0, 0.0, 1.0, 1.0, 0.0, 0.0, 0.0, 1.0, 0.0, 0.0, 1.0, 0.0, 0.0, 0.0, 0.0, 1.0, 1.0, 0.0, 1.0, 0.0, 1.0, 0.0, 1.0, 1.0, 0.0, 1.0]",['lNONMMUG009235'],[0.0],[0],[-1.7746335604436598]
51,"['lNONMMUG000508', 'lNONMMUG002215', 'lNONMMUG002239', 'lNONMMUG009962', 'lNONMMUG013211', 'lNONMMUG017485', 'lNONMMUG017913', 'lNONMMUG020673', 'lNONMMUG023454', 'lNONMMUG026355', 'lNONMMUG029813', 'lNONMMUG030202', 'lNONMMUG033401', 'lNONMMUG034886', 'lNONMMUG038355', 'lNONMMUG039685', 'lNONMMUG041158', 'lNONMMUG041781', 'lNONMMUG045568', 'lNONMMUG045569', 'lNONMMUG045574', 'lENSMUSG00000044471', 'lENSMUSG00000075277', 'lENSMUSG00000078190', 'lENSMUSG00000078247', 'lENSMUSG00000085354', 'lENSMUSG00000085715', 'lENSMUSG00000085873', 'lENSMUSG00000086035', 'lENSMUSG00000086141', 'lENSMUSG00000090063', 'lENSMUSG00000097336', 'lENSMUSG00000097571', 'lENSMUSG00000097767', 'lENSMUSG00000098439', 'lENSMUSG00000101609', 'lENSMUSG00000106519', 'l9030622O22Rik', 'lDlx6os1', 'lDnm3os', 'lGas5', 'lGm12610', 'lMiat', 'lNeat1', 'lNONMMUG002771', 'lNONMMUG004366', 'lNONMMUG007120', 'lNONMMUG008199', 'lNONMMUG009173', 'lNONMMUG009235', 'lNONMMUG012984', 'lNONMMUG013851', 'lNONMMUG014034', 'lNONMMUG017321', 'lNONMMUG017372', 'lNONMMUG019692', 'lNONMMUG020560', 'lNONMMUG021010', 'lNONMMUG023106', 'lNONMMUG024809', 'lNONMMUG025805', 'lNONMMUG029789', 'lNONMMUG031524', 'lNONMMUG031860', 'lNONMMUG032531', 'lNONMMUG033434', 'lNONMMUG034060', 'lNONMMUG035589', 'lNONMMUG036314', 'lNONMMUG036495', 'lNONMMUG038170', 'lNONMMUG038692', 'lNONMMUG038718', 'lNONMMUG039825', 'lNONMMUG041948', 'lNONMMUG042190', 'lNONMMUG043393', 'lNONMMUG043843', 'lNONMMUG044302', 'lNONMMUG045259', 'lENSMUSG00000085908', 'lENSMUSG00000103692', 'lENSMUSG00000106828', 'lENSMUSG00000107766', 'lGm13291', 'lSnord11', 'lSnord67']","[0.0, 0.0, 1.0, 1.0, 1.0, 0.0, 1.0, 1.0, 0.0, 0.0, 1.0, 0.0, 1.0, 1.0, 0.0, 1.0, 0.0, 1.0, 1.0, 1.0, 0.0, 1.0, 0.0, 0.0, 0.0, 1.0, 0.0, 0.0, 1.0, 0.0, 1.0, 1.0, 1.0, 1.0, 0.0, 1.0, 1.0, 1.0, 1.0, 1.0, 1.0, 0.0, 1.0, 0.0, 0.0, 0.0, 1.0, 1.0, 0.0, 0.0, 0.0, 1.0, 0.0, 0.0, 0.0, 0.0, 1.0, 0.0, 1.0, 1.0, 0.0, 0.0, 0.0, 1.0, 1.0, 0.0, 0.0, 0.0, 1.0, 0.0, 0.0, 1.0, 0.0, 0.0, 0.0, 0.0, 1.0, 1.0, 0.0, 1.0, 0.0, 1.0, 0.0, 1.0, 1.0, 0.0, 1.0]",['lNONMMUG010099'],[1.0],[1],[0.648960347443955]
52,"['lNONMMUG000508', 'lNONMMUG002215', 'lNONMMUG002239', 'lNONMMUG009962', 'lNONMMUG013211', 'lNONMMUG017485', 'lNONMMUG017913', 'lNONMMUG020673', 'lNONMMUG023454', 'lNONMMUG026355', 'lNONMMUG029813', 'lNONMMUG030202', 'lNONMMUG033401', 'lNONMMUG034886', 'lNONMMUG038355', 'lNONMMUG039685', 'lNONMMUG041158', 'lNONMMUG041781', 'lNONMMUG045568', 'lNONMMUG045569', 'lNONMMUG045574', 'lENSMUSG00000044471', 'lENSMUSG00000075277', 'lENSMUSG00000078190', 'lENSMUSG00000078247', 'lENSMUSG00000085354', 'lENSMUSG00000085715', 'lENSMUSG00000085873', 'lENSMUSG00000086035', 'lENSMUSG00000086141', 'lENSMUSG00000090063', 'lENSMUSG00000097336', 'lENSMUSG00000097571', 'lENSMUSG00000097767', 'lENSMUSG00000098439', 'lENSMUSG00000101609', 'lENSMUSG00000106519', 'l9030622O22Rik', 'lDlx6os1', 'lDnm3os', 'lGas5', 'lGm12610', 'lMiat', 'lNeat1', 'lNONMMUG002771', 'lNONMMUG004366', 'lNONMMUG007120', 'lNONMMUG008199', 'lNONMMUG009173', 'lNONMMUG009235', 'lNONMMUG010099', 'lNONMMUG013851', 'lNONMMUG014034', 'lNONMMUG017321', 'lNONMMUG017372', 'lNONMMUG019692', 'lNONMMUG020560', 'lNONMMUG021010', 'lNONMMUG023106', 'lNONMMUG024809', 'lNONMMUG025805', 'lNONMMUG029789', 'lNONMMUG031524', 'lNONMMUG031860', 'lNONMMUG032531', 'lNONMMUG033434', 'lNONMMUG034060', 'lNONMMUG035589', 'lNONMMUG036314', 'lNONMMUG036495', 'lNONMMUG038170', 'lNONMMUG038692', 'lNONMMUG038718', 'lNONMMUG039825', 'lNONMMUG041948', 'lNONMMUG042190', 'lNONMMUG043393', 'lNONMMUG043843', 'lNONMMUG044302', 'lNONMMUG045259', 'lENSMUSG00000085908', 'lENSMUSG00000103692', 'lENSMUSG00000106828', 'lENSMUSG00000107766', 'lGm13291', 'lSnord11', 'lSnord67']","[0.0, 0.0, 1.0, 1.0, 1.0, 0.0, 1.0, 1.0, 0.0, 0.0, 1.0, 0.0, 1.0, 1.0, 0.0, 1.0, 0.0, 1.0, 1.0, 1.0, 0.0, 1.0, 0.0, 0.0, 0.0, 1.0, 0.0, 0.0, 1.0, 0.0, 1.0, 1.0, 1.0, 1.0, 0.0, 1.0, 1.0, 1.0, 1.0, 1.0, 1.0, 0.0, 1.0, 0.0, 0.0, 0.0, 1.0, 1.0, 0.0, 0.0, 1.0, 1.0, 0.0, 0.0, 0.0, 0.0, 1.0, 0.0, 1.0, 1.0, 0.0, 0.0, 0.0, 1.0, 1.0, 0.0, 0.0, 0.0, 1.0, 0.0, 0.0, 1.0, 0.0, 0.0, 0.0, 0.0, 1.0, 1.0, 0.0, 1.0, 0.0, 1.0, 0.0, 1.0, 1.0, 0.0, 1.0]",['lNONMMUG012984'],[0.0],[0],[-0.46133918239426175]
53,"['lNONMMUG000508', 'lNONMMUG002215', 'lNONMMUG002239', 'lNONMMUG009962', 'lNONMMUG013211', 'lNONMMUG017485', 'lNONMMUG017913', 'lNONMMUG020673', 'lNONMMUG023454', 'lNONMMUG026355', 'lNONMMUG029813', 'lNONMMUG030202', 'lNONMMUG033401', 'lNONMMUG034886', 'lNONMMUG038355', 'lNONMMUG039685', 'lNONMMUG041158', 'lNONMMUG041781', 'lNONMMUG045568', 'lNONMMUG045569', 'lNONMMUG045574', 'lENSMUSG00000044471', 'lENSMUSG00000075277', 'lENSMUSG00000078190', 'lENSMUSG00000078247', 'lENSMUSG00000085354', 'lENSMUSG00000085715', 'lENSMUSG00000085873', 'lENSMUSG00000086035', 'lENSMUSG00000086141', 'lENSMUSG00000090063', 'lENSMUSG00000097336', 'lENSMUSG00000097571', 'lENSMUSG00000097767', 'lENSMUSG00000098439', 'lENSMUSG00000101609', 'lENSMUSG00000106519', 'l9030622O22Rik', 'lDlx6os1', 'lDnm3os', 'lGas5', 'lGm12610', 'lMiat', 'lNeat1', 'lNONMMUG002771', 'lNONMMUG004366', 'lNONMMUG007120', 'lNONMMUG008199', 'lNONMMUG009173', 'lNONMMUG009235', 'lNONMMUG010099', 'lNONMMUG012984', 'lNONMMUG014034', 'lNONMMUG017321', 'lNONMMUG017372', 'lNONMMUG019692', 'lNONMMUG020560', 'lNONMMUG021010', 'lNONMMUG023106', 'lNONMMUG024809', 'lNONMMUG025805', 'lNONMMUG029789', 'lNONMMUG031524', 'lNONMMUG031860', 'lNONMMUG032531', 'lNONMMUG033434', 'lNONMMUG034060', 'lNONMMUG035589', 'lNONMMUG036314', 'lNONMMUG036495', 'lNONMMUG038170', 'lNONMMUG038692', 'lNONMMUG038718', 'lNONMMUG039825', 'lNONMMUG041948', 'lNONMMUG042190', 'lNONMMUG043393', 'lNONMMUG043843', 'lNONMMUG044302', 'lNONMMUG045259', 'lENSMUSG00000085908', 'lENSMUSG00000103692', 'lENSMUSG00000106828', 'lENSMUSG00000107766', 'lGm13291', 'lSnord11', 'lSnord67']","[0.0, 0.0, 1.0, 1.0, 1.0, 0.0, 1.0, 1.0, 0.0, 0.0, 1.0, 0.0, 1.0, 1.0, 0.0, 1.0, 0.0, 1.0, 1.0, 1.0, 0.0, 1.0, 0.0, 0.0, 0.0, 1.0, 0.0, 0.0, 1.0, 0.0, 1.0, 1.0, 1.0, 1.0, 0.0, 1.0, 1.0, 1.0, 1.0, 1.0, 1.0, 0.0, 1.0, 0.0, 0.0, 0.0, 1.0, 1.0, 0.0, 0.0, 1.0, 0.0, 0.0, 0.0, 0.0, 0.0, 1.0, 0.0, 1.0, 1.0, 0.0, 0.0, 0.0, 1.0, 1.0, 0.0, 0.0, 0.0, 1.0, 0.0, 0.0, 1.0, 0.0, 0.0, 0.0, 0.0, 1.0, 1.0, 0.0, 1.0, 0.0, 1.0, 0.0, 1.0, 1.0, 0.0, 1.0]",['lNONMMUG013851'],[1.0],[0],[-0.34213808960613923]
54,"['lNONMMUG000508', 'lNONMMUG002215', 'lNONMMUG002239', 'lNONMMUG009962', 'lNONMMUG013211', 'lNONMMUG017485', 'lNONMMUG017913', 'lNONMMUG020673', 'lNONMMUG023454', 'lNONMMUG026355', 'lNONMMUG029813', 'lNONMMUG030202', 'lNONMMUG033401', 'lNONMMUG034886', 'lNONMMUG038355', 'lNONMMUG039685', 'lNONMMUG041158', 'lNONMMUG041781', 'lNONMMUG045568', 'lNONMMUG045569', 'lNONMMUG045574', 'lENSMUSG00000044471', 'lENSMUSG00000075277', 'lENSMUSG00000078190', 'lENSMUSG00000078247', 'lENSMUSG00000085354', 'lENSMUSG00000085715', 'lENSMUSG00000085873', 'lENSMUSG00000086035', 'lENSMUSG00000086141', 'lENSMUSG00000090063', 'lENSMUSG00000097336', 'lENSMUSG00000097571', 'lENSMUSG00000097767', 'lENSMUSG00000098439', 'lENSMUSG00000101609', 'lENSMUSG00000106519', 'l9030622O22Rik', 'lDlx6os1', 'lDnm3os', 'lGas5', 'lGm12610', 'lMiat', 'lNeat1', 'lNONMMUG002771', 'lNONMMUG004366', 'lNONMMUG007120', 'lNONMMUG008199', 'lNONMMUG009173', 'lNONMMUG009235', 'lNONMMUG010099', 'lNONMMUG012984', 'lNONMMUG013851', 'lNONMMUG017321', 'lNONMMUG017372', 'lNONMMUG019692', 'lNONMMUG020560', 'lNONMMUG021010', 'lNONMMUG023106', 'lNONMMUG024809', 'lNONMMUG025805', 'lNONMMUG029789', 'lNONMMUG031524', 'lNONMMUG031860', 'lNONMMUG032531', 'lNONMMUG033434', 'lNONMMUG034060', 'lNONMMUG035589', 'lNONMMUG036314', 'lNONMMUG036495', 'lNONMMUG038170', 'lNONMMUG038692', 'lNONMMUG038718', 'lNONMMUG039825', 'lNONMMUG041948', 'lNONMMUG042190', 'lNONMMUG043393', 'lNONMMUG043843', 'lNONMMUG044302', 'lNONMMUG045259', 'lENSMUSG00000085908', 'lENSMUSG00000103692', 'lENSMUSG00000106828', 'lENSMUSG00000107766', 'lGm13291', 'lSnord11', 'lSnord67']","[0.0, 0.0, 1.0, 1.0, 1.0, 0.0, 1.0, 1.0, 0.0, 0.0, 1.0, 0.0, 1.0, 1.0, 0.0, 1.0, 0.0, 1.0, 1.0, 1.0, 0.0, 1.0, 0.0, 0.0, 0.0, 1.0, 0.0, 0.0, 1.0, 0.0, 1.0, 1.0, 1.0, 1.0, 0.0, 1.0, 1.0, 1.0, 1.0, 1.0, 1.0, 0.0, 1.0, 0.0, 0.0, 0.0, 1.0, 1.0, 0.0, 0.0, 1.0, 0.0, 1.0, 0.0, 0.0, 0.0, 1.0, 0.0, 1.0, 1.0, 0.0, 0.0, 0.0, 1.0, 1.0, 0.0, 0.0, 0.0, 1.0, 0.0, 0.0, 1.0, 0.0, 0.0, 0.0, 0.0, 1.0, 1.0, 0.0, 1.0, 0.0, 1.0, 0.0, 1.0, 1.0, 0.0, 1.0]",['lNONMMUG014034'],[0.0],[1],[0.2113879067124892]
55,"['lNONMMUG000508', 'lNONMMUG002215', 'lNONMMUG002239', 'lNONMMUG009962', 'lNONMMUG013211', 'lNONMMUG017485', 'lNONMMUG017913', 'lNONMMUG020673', 'lNONMMUG023454', 'lNONMMUG026355', 'lNONMMUG029813', 'lNONMMUG030202', 'lNONMMUG033401', 'lNONMMUG034886', 'lNONMMUG038355', 'lNONMMUG039685', 'lNONMMUG041158', 'lNONMMUG041781', 'lNONMMUG045568', 'lNONMMUG045569', 'lNONMMUG045574', 'lENSMUSG00000044471', 'lENSMUSG00000075277', 'lENSMUSG00000078190', 'lENSMUSG00000078247', 'lENSMUSG00000085354', 'lENSMUSG00000085715', 'lENSMUSG00000085873', 'lENSMUSG00000086035', 'lENSMUSG00000086141', 'lENSMUSG00000090063', 'lENSMUSG00000097336', 'lENSMUSG00000097571', 'lENSMUSG00000097767', 'lENSMUSG00000098439', 'lENSMUSG00000101609', 'lENSMUSG00000106519', 'l9030622O22Rik', 'lDlx6os1', 'lDnm3os', 'lGas5', 'lGm12610', 'lMiat', 'lNeat1', 'lNONMMUG002771', 'lNONMMUG004366', 'lNONMMUG007120', 'lNONMMUG008199', 'lNONMMUG009173', 'lNONMMUG009235', 'lNONMMUG010099', 'lNONMMUG012984', 'lNONMMUG013851', 'lNONMMUG014034', 'lNONMMUG017372', 'lNONMMUG019692', 'lNONMMUG020560', 'lNONMMUG021010', 'lNONMMUG023106', 'lNONMMUG024809', 'lNONMMUG025805', 'lNONMMUG029789', 'lNONMMUG031524', 'lNONMMUG031860', 'lNONMMUG032531', 'lNONMMUG033434', 'lNONMMUG034060', 'lNONMMUG035589', 'lNONMMUG036314', 'lNONMMUG036495', 'lNONMMUG038170', 'lNONMMUG038692', 'lNONMMUG038718', 'lNONMMUG039825', 'lNONMMUG041948', 'lNONMMUG042190', 'lNONMMUG043393', 'lNONMMUG043843', 'lNONMMUG044302', 'lNONMMUG045259', 'lENSMUSG00000085908', 'lENSMUSG00000103692', 'lENSMUSG00000106828', 'lENSMUSG00000107766', 'lGm13291', 'lSnord11', 'lSnord67']","[0.0, 0.0, 1.0, 1.0, 1.0, 0.0, 1.0, 1.0, 0.0, 0.0, 1.0, 0.0, 1.0, 1.0, 0.0, 1.0, 0.0, 1.0, 1.0, 1.0, 0.0, 1.0, 0.0, 0.0, 0.0, 1.0, 0.0, 0.0, 1.0, 0.0, 1.0, 1.0, 1.0, 1.0, 0.0, 1.0, 1.0, 1.0, 1.0, 1.0, 1.0, 0.0, 1.0, 0.0, 0.0, 0.0, 1.0, 1.0, 0.0, 0.0, 1.0, 0.0, 1.0, 0.0, 0.0, 0.0, 1.0, 0.0, 1.0, 1.0, 0.0, 0.0, 0.0, 1.0, 1.0, 0.0, 0.0, 0.0, 1.0, 0.0, 0.0, 1.0, 0.0, 0.0, 0.0, 0.0, 1.0, 1.0, 0.0, 1.0, 0.0, 1.0, 0.0, 1.0, 1.0, 0.0, 1.0]",['lNONMMUG017321'],[0.0],[1],[0.10875557051341628]
56,"['lNONMMUG000508', 'lNONMMUG002215', 'lNONMMUG002239', 'lNONMMUG009962', 'lNONMMUG013211', 'lNONMMUG017485', 'lNONMMUG017913', 'lNONMMUG020673', 'lNONMMUG023454', 'lNONMMUG026355', 'lNONMMUG029813', 'lNONMMUG030202', 'lNONMMUG033401', 'lNONMMUG034886', 'lNONMMUG038355', 'lNONMMUG039685', 'lNONMMUG041158', 'lNONMMUG041781', 'lNONMMUG045568', 'lNONMMUG045569', 'lNONMMUG045574', 'lENSMUSG00000044471', 'lENSMUSG00000075277', 'lENSMUSG00000078190', 'lENSMUSG00000078247', 'lENSMUSG00000085354', 'lENSMUSG00000085715', 'lENSMUSG00000085873', 'lENSMUSG00000086035', 'lENSMUSG00000086141', 'lENSMUSG00000090063', 'lENSMUSG00000097336', 'lENSMUSG00000097571', 'lENSMUSG00000097767', 'lENSMUSG00000098439', 'lENSMUSG00000101609', 'lENSMUSG00000106519', 'l9030622O22Rik', 'lDlx6os1', 'lDnm3os', 'lGas5', 'lGm12610', 'lMiat', 'lNeat1', 'lNONMMUG002771', 'lNONMMUG004366', 'lNONMMUG007120', 'lNONMMUG008199', 'lNONMMUG009173', 'lNONMMUG009235', 'lNONMMUG010099', 'lNONMMUG012984', 'lNONMMUG013851', 'lNONMMUG014034', 'lNONMMUG017321', 'lNONMMUG019692', 'lNONMMUG020560', 'lNONMMUG021010', 'lNONMMUG023106', 'lNONMMUG024809', 'lNONMMUG025805', 'lNONMMUG029789', 'lNONMMUG031524', 'lNONMMUG031860', 'lNONMMUG032531', 'lNONMMUG033434', 'lNONMMUG034060', 'lNONMMUG035589', 'lNONMMUG036314', 'lNONMMUG036495', 'lNONMMUG038170', 'lNONMMUG038692', 'lNONMMUG038718', 'lNONMMUG039825', 'lNONMMUG041948', 'lNONMMUG042190', 'lNONMMUG043393', 'lNONMMUG043843', 'lNONMMUG044302', 'lNONMMUG045259', 'lENSMUSG00000085908', 'lENSMUSG00000103692', 'lENSMUSG00000106828', 'lENSMUSG00000107766', 'lGm13291', 'lSnord11', 'lSnord67']","[0.0, 0.0, 1.0, 1.0, 1.0, 0.0, 1.0, 1.0, 0.0, 0.0, 1.0, 0.0, 1.0, 1.0, 0.0, 1.0, 0.0, 1.0, 1.0, 1.0, 0.0, 1.0, 0.0, 0.0, 0.0, 1.0, 0.0, 0.0, 1.0, 0.0, 1.0, 1.0, 1.0, 1.0, 0.0, 1.0, 1.0, 1.0, 1.0, 1.0, 1.0, 0.0, 1.0, 0.0, 0.0, 0.0, 1.0, 1.0, 0.0, 0.0, 1.0, 0.0, 1.0, 0.0, 0.0, 0.0, 1.0, 0.0, 1.0, 1.0, 0.0, 0.0, 0.0, 1.0, 1.0, 0.0, 0.0, 0.0, 1.0, 0.0, 0.0, 1.0, 0.0, 0.0, 0.0, 0.0, 1.0, 1.0, 0.0, 1.0, 0.0, 1.0, 0.0, 1.0, 1.0, 0.0, 1.0]",['lNONMMUG017372'],[0.0],[1],[0.149793041877246]
57,"['lNONMMUG000508', 'lNONMMUG002215', 'lNONMMUG002239', 'lNONMMUG009962', 'lNONMMUG013211', 'lNONMMUG017485', 'lNONMMUG017913', 'lNONMMUG020673', 'lNONMMUG023454', 'lNONMMUG026355', 'lNONMMUG029813', 'lNONMMUG030202', 'lNONMMUG033401', 'lNONMMUG034886', 'lNONMMUG038355', 'lNONMMUG039685', 'lNONMMUG041158', 'lNONMMUG041781', 'lNONMMUG045568', 'lNONMMUG045569', 'lNONMMUG045574', 'lENSMUSG00000044471', 'lENSMUSG00000075277', 'lENSMUSG00000078190', 'lENSMUSG00000078247', 'lENSMUSG00000085354', 'lENSMUSG00000085715', 'lENSMUSG00000085873', 'lENSMUSG00000086035', 'lENSMUSG00000086141', 'lENSMUSG00000090063', 'lENSMUSG00000097336', 'lENSMUSG00000097571', 'lENSMUSG00000097767', 'lENSMUSG00000098439', 'lENSMUSG00000101609', 'lENSMUSG00000106519', 'l9030622O22Rik', 'lDlx6os1', 'lDnm3os', 'lGas5', 'lGm12610', 'lMiat', 'lNeat1', 'lNONMMUG002771', 'lNONMMUG004366', 'lNONMMUG007120', 'lNONMMUG008199', 'lNONMMUG009173', 'lNONMMUG009235', 'lNONMMUG010099', 'lNONMMUG012984', 'lNONMMUG013851', 'lNONMMUG014034', 'lNONMMUG017321', 'lNONMMUG017372', 'lNONMMUG020560', 'lNONMMUG021010', 'lNONMMUG023106', 'lNONMMUG024809', 'lNONMMUG025805', 'lNONMMUG029789', 'lNONMMUG031524', 'lNONMMUG031860', 'lNONMMUG032531', 'lNONMMUG033434', 'lNONMMUG034060', 'lNONMMUG035589', 'lNONMMUG036314', 'lNONMMUG036495', 'lNONMMUG038170', 'lNONMMUG038692', 'lNONMMUG038718', 'lNONMMUG039825', 'lNONMMUG041948', 'lNONMMUG042190', 'lNONMMUG043393', 'lNONMMUG043843', 'lNONMMUG044302', 'lNONMMUG045259', 'lENSMUSG00000085908', 'lENSMUSG00000103692', 'lENSMUSG00000106828', 'lENSMUSG00000107766', 'lGm13291', 'lSnord11', 'lSnord67']","[0.0, 0.0, 1.0, 1.0, 1.0, 0.0, 1.0, 1.0, 0.0, 0.0, 1.0, 0.0, 1.0, 1.0, 0.0, 1.0, 0.0, 1.0, 1.0, 1.0, 0.0, 1.0, 0.0, 0.0, 0.0, 1.0, 0.0, 0.0, 1.0, 0.0, 1.0, 1.0, 1.0, 1.0, 0.0, 1.0, 1.0, 1.0, 1.0, 1.0, 1.0, 0.0, 1.0, 0.0, 0.0, 0.0, 1.0, 1.0, 0.0, 0.0, 1.0, 0.0, 1.0, 0.0, 0.0, 0.0, 1.0, 0.0, 1.0, 1.0, 0.0, 0.0, 0.0, 1.0, 1.0, 0.0, 0.0, 0.0, 1.0, 0.0, 0.0, 1.0, 0.0, 0.0, 0.0, 0.0, 1.0, 1.0, 0.0, 1.0, 0.0, 1.0, 0.0, 1.0, 1.0, 0.0, 1.0]",['lNONMMUG019692'],[0.0],[0],[-0.09009383908728685]
58,"['lNONMMUG000508', 'lNONMMUG002215', 'lNONMMUG002239', 'lNONMMUG009962', 'lNONMMUG013211', 'lNONMMUG017485', 'lNONMMUG017913', 'lNONMMUG020673', 'lNONMMUG023454', 'lNONMMUG026355', 'lNONMMUG029813', 'lNONMMUG030202', 'lNONMMUG033401', 'lNONMMUG034886', 'lNONMMUG038355', 'lNONMMUG039685', 'lNONMMUG041158', 'lNONMMUG041781', 'lNONMMUG045568', 'lNONMMUG045569', 'lNONMMUG045574', 'lENSMUSG00000044471', 'lENSMUSG00000075277', 'lENSMUSG00000078190', 'lENSMUSG00000078247', 'lENSMUSG00000085354', 'lENSMUSG00000085715', 'lENSMUSG00000085873', 'lENSMUSG00000086035', 'lENSMUSG00000086141', 'lENSMUSG00000090063', 'lENSMUSG00000097336', 'lENSMUSG00000097571', 'lENSMUSG00000097767', 'lENSMUSG00000098439', 'lENSMUSG00000101609', 'lENSMUSG00000106519', 'l9030622O22Rik', 'lDlx6os1', 'lDnm3os', 'lGas5', 'lGm12610', 'lMiat', 'lNeat1', 'lNONMMUG002771', 'lNONMMUG004366', 'lNONMMUG007120', 'lNONMMUG008199', 'lNONMMUG009173', 'lNONMMUG009235', 'lNONMMUG010099', 'lNONMMUG012984', 'lNONMMUG013851', 'lNONMMUG014034', 'lNONMMUG017321', 'lNONMMUG017372', 'lNONMMUG019692', 'lNONMMUG021010', 'lNONMMUG023106', 'lNONMMUG024809', 'lNONMMUG025805', 'lNONMMUG029789', 'lNONMMUG031524', 'lNONMMUG031860', 'lNONMMUG032531', 'lNONMMUG033434', 'lNONMMUG034060', 'lNONMMUG035589', 'lNONMMUG036314', 'lNONMMUG036495', 'lNONMMUG038170', 'lNONMMUG038692', 'lNONMMUG038718', 'lNONMMUG039825', 'lNONMMUG041948', 'lNONMMUG042190', 'lNONMMUG043393', 'lNONMMUG043843', 'lNONMMUG044302', 'lNONMMUG045259', 'lENSMUSG00000085908', 'lENSMUSG00000103692', 'lENSMUSG00000106828', 'lENSMUSG00000107766', 'lGm13291', 'lSnord11', 'lSnord67']","[0.0, 0.0, 1.0, 1.0, 1.0, 0.0, 1.0, 1.0, 0.0, 0.0, 1.0, 0.0, 1.0, 1.0, 0.0, 1.0, 0.0, 1.0, 1.0, 1.0, 0.0, 1.0, 0.0, 0.0, 0.0, 1.0, 0.0, 0.0, 1.0, 0.0, 1.0, 1.0, 1.0, 1.0, 0.0, 1.0, 1.0, 1.0, 1.0, 1.0, 1.0, 0.0, 1.0, 0.0, 0.0, 0.0, 1.0, 1.0, 0.0, 0.0, 1.0, 0.0, 1.0, 0.0, 0.0, 0.0, 0.0, 0.0, 1.0, 1.0, 0.0, 0.0, 0.0, 1.0, 1.0, 0.0, 0.0, 0.0, 1.0, 0.0, 0.0, 1.0, 0.0, 0.0, 0.0, 0.0, 1.0, 1.0, 0.0, 1.0, 0.0, 1.0, 0.0, 1.0, 1.0, 0.0, 1.0]",['lNONMMUG020560'],[1.0],[0],[-0.8482864570269639]
59,"['lNONMMUG000508', 'lNONMMUG002215', 'lNONMMUG002239', 'lNONMMUG009962', 'lNONMMUG013211', 'lNONMMUG017485', 'lNONMMUG017913', 'lNONMMUG020673', 'lNONMMUG023454', 'lNONMMUG026355', 'lNONMMUG029813', 'lNONMMUG030202', 'lNONMMUG033401', 'lNONMMUG034886', 'lNONMMUG038355', 'lNONMMUG039685', 'lNONMMUG041158', 'lNONMMUG041781', 'lNONMMUG045568', 'lNONMMUG045569', 'lNONMMUG045574', 'lENSMUSG00000044471', 'lENSMUSG00000075277', 'lENSMUSG00000078190', 'lENSMUSG00000078247', 'lENSMUSG00000085354', 'lENSMUSG00000085715', 'lENSMUSG00000085873', 'lENSMUSG00000086035', 'lENSMUSG00000086141', 'lENSMUSG00000090063', 'lENSMUSG00000097336', 'lENSMUSG00000097571', 'lENSMUSG00000097767', 'lENSMUSG00000098439', 'lENSMUSG00000101609', 'lENSMUSG00000106519', 'l9030622O22Rik', 'lDlx6os1', 'lDnm3os', 'lGas5', 'lGm12610', 'lMiat', 'lNeat1', 'lNONMMUG002771', 'lNONMMUG004366', 'lNONMMUG007120', 'lNONMMUG008199', 'lNONMMUG009173', 'lNONMMUG009235', 'lNONMMUG010099', 'lNONMMUG012984', 'lNONMMUG013851', 'lNONMMUG014034', 'lNONMMUG017321', 'lNONMMUG017372', 'lNONMMUG019692', 'lNONMMUG020560', 'lNONMMUG023106', 'lNONMMUG024809', 'lNONMMUG025805', 'lNONMMUG029789', 'lNONMMUG031524', 'lNONMMUG031860', 'lNONMMUG032531', 'lNONMMUG033434', 'lNONMMUG034060', 'lNONMMUG035589', 'lNONMMUG036314', 'lNONMMUG036495', 'lNONMMUG038170', 'lNONMMUG038692', 'lNONMMUG038718', 'lNONMMUG039825', 'lNONMMUG041948', 'lNONMMUG042190', 'lNONMMUG043393', 'lNONMMUG043843', 'lNONMMUG044302', 'lNONMMUG045259', 'lENSMUSG00000085908', 'lENSMUSG00000103692', 'lENSMUSG00000106828', 'lENSMUSG00000107766', 'lGm13291', 'lSnord11', 'lSnord67']","[0.0, 0.0, 1.0, 1.0, 1.0, 0.0, 1.0, 1.0, 0.0, 0.0, 1.0, 0.0, 1.0, 1.0, 0.0, 1.0, 0.0, 1.0, 1.0, 1.0, 0.0, 1.0, 0.0, 0.0, 0.0, 1.0, 0.0, 0.0, 1.0, 0.0, 1.0, 1.0, 1.0, 1.0, 0.0, 1.0, 1.0, 1.0, 1.0, 1.0, 1.0, 0.0, 1.0, 0.0, 0.0, 0.0, 1.0, 1.0, 0.0, 0.0, 1.0, 0.0, 1.0, 0.0, 0.0, 0.0, 0.0, 1.0, 1.0, 1.0, 0.0, 0.0, 0.0, 1.0, 1.0, 0.0, 0.0, 0.0, 1.0, 0.0, 0.0, 1.0, 0.0, 0.0, 0.0, 0.0, 1.0, 1.0, 0.0, 1.0, 0.0, 1.0, 0.0, 1.0, 1.0, 0.0, 1.0]",['lNONMMUG021010'],[0.0],[1],[0.21738113494931127]
60,"['lNONMMUG000508', 'lNONMMUG002215', 'lNONMMUG002239', 'lNONMMUG009962', 'lNONMMUG013211', 'lNONMMUG017485', 'lNONMMUG017913', 'lNONMMUG020673', 'lNONMMUG023454', 'lNONMMUG026355', 'lNONMMUG029813', 'lNONMMUG030202', 'lNONMMUG033401', 'lNONMMUG034886', 'lNONMMUG038355', 'lNONMMUG039685', 'lNONMMUG041158', 'lNONMMUG041781', 'lNONMMUG045568', 'lNONMMUG045569', 'lNONMMUG045574', 'lENSMUSG00000044471', 'lENSMUSG00000075277', 'lENSMUSG00000078190', 'lENSMUSG00000078247', 'lENSMUSG00000085354', 'lENSMUSG00000085715', 'lENSMUSG00000085873', 'lENSMUSG00000086035', 'lENSMUSG00000086141', 'lENSMUSG00000090063', 'lENSMUSG00000097336', 'lENSMUSG00000097571', 'lENSMUSG00000097767', 'lENSMUSG00000098439', 'lENSMUSG00000101609', 'lENSMUSG00000106519', 'l9030622O22Rik', 'lDlx6os1', 'lDnm3os', 'lGas5', 'lGm12610', 'lMiat', 'lNeat1', 'lNONMMUG002771', 'lNONMMUG004366', 'lNONMMUG007120', 'lNONMMUG008199', 'lNONMMUG009173', 'lNONMMUG009235', 'lNONMMUG010099', 'lNONMMUG012984', 'lNONMMUG013851', 'lNONMMUG014034', 'lNONMMUG017321', 'lNONMMUG017372', 'lNONMMUG019692', 'lNONMMUG020560', 'lNONMMUG021010', 'lNONMMUG024809', 'lNONMMUG025805', 'lNONMMUG029789', 'lNONMMUG031524', 'lNONMMUG031860', 'lNONMMUG032531', 'lNONMMUG033434', 'lNONMMUG034060', 'lNONMMUG035589', 'lNONMMUG036314', 'lNONMMUG036495', 'lNONMMUG038170', 'lNONMMUG038692', 'lNONMMUG038718', 'lNONMMUG039825', 'lNONMMUG041948', 'lNONMMUG042190', 'lNONMMUG043393', 'lNONMMUG043843', 'lNONMMUG044302', 'lNONMMUG045259', 'lENSMUSG00000085908', 'lENSMUSG00000103692', 'lENSMUSG00000106828', 'lENSMUSG00000107766', 'lGm13291', 'lSnord11', 'lSnord67']","[0.0, 0.0, 1.0, 1.0, 1.0, 0.0, 1.0, 1.0, 0.0, 0.0, 1.0, 0.0, 1.0, 1.0, 0.0, 1.0, 0.0, 1.0, 1.0, 1.0, 0.0, 1.0, 0.0, 0.0, 0.0, 1.0, 0.0, 0.0, 1.0, 0.0, 1.0, 1.0, 1.0, 1.0, 0.0, 1.0, 1.0, 1.0, 1.0, 1.0, 1.0, 0.0, 1.0, 0.0, 0.0, 0.0, 1.0, 1.0, 0.0, 0.0, 1.0, 0.0, 1.0, 0.0, 0.0, 0.0, 0.0, 1.0, 0.0, 1.0, 0.0, 0.0, 0.0, 1.0, 1.0, 0.0, 0.0, 0.0, 1.0, 0.0, 0.0, 1.0, 0.0, 0.0, 0.0, 0.0, 1.0, 1.0, 0.0, 1.0, 0.0, 1.0, 0.0, 1.0, 1.0, 0.0, 1.0]",['lNONMMUG023106'],[1.0],[0],[-0.2991554440206722]
61,"['lNONMMUG000508', 'lNONMMUG002215', 'lNONMMUG002239', 'lNONMMUG009962', 'lNONMMUG013211', 'lNONMMUG017485', 'lNONMMUG017913', 'lNONMMUG020673', 'lNONMMUG023454', 'lNONMMUG026355', 'lNONMMUG029813', 'lNONMMUG030202', 'lNONMMUG033401', 'lNONMMUG034886', 'lNONMMUG038355', 'lNONMMUG039685', 'lNONMMUG041158', 'lNONMMUG041781', 'lNONMMUG045568', 'lNONMMUG045569', 'lNONMMUG045574', 'lENSMUSG00000044471', 'lENSMUSG00000075277', 'lENSMUSG00000078190', 'lENSMUSG00000078247', 'lENSMUSG00000085354', 'lENSMUSG00000085715', 'lENSMUSG00000085873', 'lENSMUSG00000086035', 'lENSMUSG00000086141', 'lENSMUSG00000090063', 'lENSMUSG00000097336', 'lENSMUSG00000097571', 'lENSMUSG00000097767', 'lENSMUSG00000098439', 'lENSMUSG00000101609', 'lENSMUSG00000106519', 'l9030622O22Rik', 'lDlx6os1', 'lDnm3os', 'lGas5', 'lGm12610', 'lMiat', 'lNeat1', 'lNONMMUG002771', 'lNONMMUG004366', 'lNONMMUG007120', 'lNONMMUG008199', 'lNONMMUG009173', 'lNONMMUG009235', 'lNONMMUG010099', 'lNONMMUG012984', 'lNONMMUG013851', 'lNONMMUG014034', 'lNONMMUG017321', 'lNONMMUG017372', 'lNONMMUG019692', 'lNONMMUG020560', 'lNONMMUG021010', 'lNONMMUG023106', 'lNONMMUG025805', 'lNONMMUG029789', 'lNONMMUG031524', 'lNONMMUG031860', 'lNONMMUG032531', 'lNONMMUG033434', 'lNONMMUG034060', 'lNONMMUG035589', 'lNONMMUG036314', 'lNONMMUG036495', 'lNONMMUG038170', 'lNONMMUG038692', 'lNONMMUG038718', 'lNONMMUG039825', 'lNONMMUG041948', 'lNONMMUG042190', 'lNONMMUG043393', 'lNONMMUG043843', 'lNONMMUG044302', 'lNONMMUG045259', 'lENSMUSG00000085908', 'lENSMUSG00000103692', 'lENSMUSG00000106828', 'lENSMUSG00000107766', 'lGm13291', 'lSnord11', 'lSnord67']","[0.0, 0.0, 1.0, 1.0, 1.0, 0.0, 1.0, 1.0, 0.0, 0.0, 1.0, 0.0, 1.0, 1.0, 0.0, 1.0, 0.0, 1.0, 1.0, 1.0, 0.0, 1.0, 0.0, 0.0, 0.0, 1.0, 0.0, 0.0, 1.0, 0.0, 1.0, 1.0, 1.0, 1.0, 0.0, 1.0, 1.0, 1.0, 1.0, 1.0, 1.0, 0.0, 1.0, 0.0, 0.0, 0.0, 1.0, 1.0, 0.0, 0.0, 1.0, 0.0, 1.0, 0.0, 0.0, 0.0, 0.0, 1.0, 0.0, 1.0, 0.0, 0.0, 0.0, 1.0, 1.0, 0.0, 0.0, 0.0, 1.0, 0.0, 0.0, 1.0, 0.0, 0.0, 0.0, 0.0, 1.0, 1.0, 0.0, 1.0, 0.0, 1.0, 0.0, 1.0, 1.0, 0.0, 1.0]",['lNONMMUG024809'],[1.0],[0],[-0.31470834683147336]
62,"['lNONMMUG000508', 'lNONMMUG002215', 'lNONMMUG002239', 'lNONMMUG009962', 'lNONMMUG013211', 'lNONMMUG017485', 'lNONMMUG017913', 'lNONMMUG020673', 'lNONMMUG023454', 'lNONMMUG026355', 'lNONMMUG029813', 'lNONMMUG030202', 'lNONMMUG033401', 'lNONMMUG034886', 'lNONMMUG038355', 'lNONMMUG039685', 'lNONMMUG041158', 'lNONMMUG041781', 'lNONMMUG045568', 'lNONMMUG045569', 'lNONMMUG045574', 'lENSMUSG00000044471', 'lENSMUSG00000075277', 'lENSMUSG00000078190', 'lENSMUSG00000078247', 'lENSMUSG00000085354', 'lENSMUSG00000085715', 'lENSMUSG00000085873', 'lENSMUSG00000086035', 'lENSMUSG00000086141', 'lENSMUSG00000090063', 'lENSMUSG00000097336', 'lENSMUSG00000097571', 'lENSMUSG00000097767', 'lENSMUSG00000098439', 'lENSMUSG00000101609', 'lENSMUSG00000106519', 'l9030622O22Rik', 'lDlx6os1', 'lDnm3os', 'lGas5', 'lGm12610', 'lMiat', 'lNeat1', 'lNONMMUG002771', 'lNONMMUG004366', 'lNONMMUG007120', 'lNONMMUG008199', 'lNONMMUG009173', 'lNONMMUG009235', 'lNONMMUG010099', 'lNONMMUG012984', 'lNONMMUG013851', 'lNONMMUG014034', 'lNONMMUG017321', 'lNONMMUG017372', 'lNONMMUG019692', 'lNONMMUG020560', 'lNONMMUG021010', 'lNONMMUG023106', 'lNONMMUG024809', 'lNONMMUG029789', 'lNONMMUG031524', 'lNONMMUG031860', 'lNONMMUG032531', 'lNONMMUG033434', 'lNONMMUG034060', 'lNONMMUG035589', 'lNONMMUG036314', 'lNONMMUG036495', 'lNONMMUG038170', 'lNONMMUG038692', 'lNONMMUG038718', 'lNONMMUG039825', 'lNONMMUG041948', 'lNONMMUG042190', 'lNONMMUG043393', 'lNONMMUG043843', 'lNONMMUG044302', 'lNONMMUG045259', 'lENSMUSG00000085908', 'lENSMUSG00000103692', 'lENSMUSG00000106828', 'lENSMUSG00000107766', 'lGm13291', 'lSnord11', 'lSnord67']","[0.0, 0.0, 1.0, 1.0, 1.0, 0.0, 1.0, 1.0, 0.0, 0.0, 1.0, 0.0, 1.0, 1.0, 0.0, 1.0, 0.0, 1.0, 1.0, 1.0, 0.0, 1.0, 0.0, 0.0, 0.0, 1.0, 0.0, 0.0, 1.0, 0.0, 1.0, 1.0, 1.0, 1.0, 0.0, 1.0, 1.0, 1.0, 1.0, 1.0, 1.0, 0.0, 1.0, 0.0, 0.0, 0.0, 1.0, 1.0, 0.0, 0.0, 1.0, 0.0, 1.0, 0.0, 0.0, 0.0, 0.0, 1.0, 0.0, 1.0, 1.0, 0.0, 0.0, 1.0, 1.0, 0.0, 0.0, 0.0, 1.0, 0.0, 0.0, 1.0, 0.0, 0.0, 0.0, 0.0, 1.0, 1.0, 0.0, 1.0, 0.0, 1.0, 0.0, 1.0, 1.0, 0.0, 1.0]",['lNONMMUG025805'],[0.0],[1],[1.0734195629305998]
63,"['lNONMMUG000508', 'lNONMMUG002215', 'lNONMMUG002239', 'lNONMMUG009962', 'lNONMMUG013211', 'lNONMMUG017485', 'lNONMMUG017913', 'lNONMMUG020673', 'lNONMMUG023454', 'lNONMMUG026355', 'lNONMMUG029813', 'lNONMMUG030202', 'lNONMMUG033401', 'lNONMMUG034886', 'lNONMMUG038355', 'lNONMMUG039685', 'lNONMMUG041158', 'lNONMMUG041781', 'lNONMMUG045568', 'lNONMMUG045569', 'lNONMMUG045574', 'lENSMUSG00000044471', 'lENSMUSG00000075277', 'lENSMUSG00000078190', 'lENSMUSG00000078247', 'lENSMUSG00000085354', 'lENSMUSG00000085715', 'lENSMUSG00000085873', 'lENSMUSG00000086035', 'lENSMUSG00000086141', 'lENSMUSG00000090063', 'lENSMUSG00000097336', 'lENSMUSG00000097571', 'lENSMUSG00000097767', 'lENSMUSG00000098439', 'lENSMUSG00000101609', 'lENSMUSG00000106519', 'l9030622O22Rik', 'lDlx6os1', 'lDnm3os', 'lGas5', 'lGm12610', 'lMiat', 'lNeat1', 'lNONMMUG002771', 'lNONMMUG004366', 'lNONMMUG007120', 'lNONMMUG008199', 'lNONMMUG009173', 'lNONMMUG009235', 'lNONMMUG010099', 'lNONMMUG012984', 'lNONMMUG013851', 'lNONMMUG014034', 'lNONMMUG017321', 'lNONMMUG017372', 'lNONMMUG019692', 'lNONMMUG020560', 'lNONMMUG021010', 'lNONMMUG023106', 'lNONMMUG024809', 'lNONMMUG025805', 'lNONMMUG031524', 'lNONMMUG031860', 'lNONMMUG032531', 'lNONMMUG033434', 'lNONMMUG034060', 'lNONMMUG035589', 'lNONMMUG036314', 'lNONMMUG036495', 'lNONMMUG038170', 'lNONMMUG038692', 'lNONMMUG038718', 'lNONMMUG039825', 'lNONMMUG041948', 'lNONMMUG042190', 'lNONMMUG043393', 'lNONMMUG043843', 'lNONMMUG044302', 'lNONMMUG045259', 'lENSMUSG00000085908', 'lENSMUSG00000103692', 'lENSMUSG00000106828', 'lENSMUSG00000107766', 'lGm13291', 'lSnord11', 'lSnord67']","[0.0, 0.0, 1.0, 1.0, 1.0, 0.0, 1.0, 1.0, 0.0, 0.0, 1.0, 0.0, 1.0, 1.0, 0.0, 1.0, 0.0, 1.0, 1.0, 1.0, 0.0, 1.0, 0.0, 0.0, 0.0, 1.0, 0.0, 0.0, 1.0, 0.0, 1.0, 1.0, 1.0, 1.0, 0.0, 1.0, 1.0, 1.0, 1.0, 1.0, 1.0, 0.0, 1.0, 0.0, 0.0, 0.0, 1.0, 1.0, 0.0, 0.0, 1.0, 0.0, 1.0, 0.0, 0.0, 0.0, 0.0, 1.0, 0.0, 1.0, 1.0, 0.0, 0.0, 1.0, 1.0, 0.0, 0.0, 0.0, 1.0, 0.0, 0.0, 1.0, 0.0, 0.0, 0.0, 0.0, 1.0, 1.0, 0.0, 1.0, 0.0, 1.0, 0.0, 1.0, 1.0, 0.0, 1.0]",['lNONMMUG029789'],[0.0],[1],[0.43138618040066323]
64,"['lNONMMUG000508', 'lNONMMUG002215', 'lNONMMUG002239', 'lNONMMUG009962', 'lNONMMUG013211', 'lNONMMUG017485', 'lNONMMUG017913', 'lNONMMUG020673', 'lNONMMUG023454', 'lNONMMUG026355', 'lNONMMUG029813', 'lNONMMUG030202', 'lNONMMUG033401', 'lNONMMUG034886', 'lNONMMUG038355', 'lNONMMUG039685', 'lNONMMUG041158', 'lNONMMUG041781', 'lNONMMUG045568', 'lNONMMUG045569', 'lNONMMUG045574', 'lENSMUSG00000044471', 'lENSMUSG00000075277', 'lENSMUSG00000078190', 'lENSMUSG00000078247', 'lENSMUSG00000085354', 'lENSMUSG00000085715', 'lENSMUSG00000085873', 'lENSMUSG00000086035', 'lENSMUSG00000086141', 'lENSMUSG00000090063', 'lENSMUSG00000097336', 'lENSMUSG00000097571', 'lENSMUSG00000097767', 'lENSMUSG00000098439', 'lENSMUSG00000101609', 'lENSMUSG00000106519', 'l9030622O22Rik', 'lDlx6os1', 'lDnm3os', 'lGas5', 'lGm12610', 'lMiat', 'lNeat1', 'lNONMMUG002771', 'lNONMMUG004366', 'lNONMMUG007120', 'lNONMMUG008199', 'lNONMMUG009173', 'lNONMMUG009235', 'lNONMMUG010099', 'lNONMMUG012984', 'lNONMMUG013851', 'lNONMMUG014034', 'lNONMMUG017321', 'lNONMMUG017372', 'lNONMMUG019692', 'lNONMMUG020560', 'lNONMMUG021010', 'lNONMMUG023106', 'lNONMMUG024809', 'lNONMMUG025805', 'lNONMMUG029789', 'lNONMMUG031860', 'lNONMMUG032531', 'lNONMMUG033434', 'lNONMMUG034060', 'lNONMMUG035589', 'lNONMMUG036314', 'lNONMMUG036495', 'lNONMMUG038170', 'lNONMMUG038692', 'lNONMMUG038718', 'lNONMMUG039825', 'lNONMMUG041948', 'lNONMMUG042190', 'lNONMMUG043393', 'lNONMMUG043843', 'lNONMMUG044302', 'lNONMMUG045259', 'lENSMUSG00000085908', 'lENSMUSG00000103692', 'lENSMUSG00000106828', 'lENSMUSG00000107766', 'lGm13291', 'lSnord11', 'lSnord67']","[0.0, 0.0, 1.0, 1.0, 1.0, 0.0, 1.0, 1.0, 0.0, 0.0, 1.0, 0.0, 1.0, 1.0, 0.0, 1.0, 0.0, 1.0, 1.0, 1.0, 0.0, 1.0, 0.0, 0.0, 0.0, 1.0, 0.0, 0.0, 1.0, 0.0, 1.0, 1.0, 1.0, 1.0, 0.0, 1.0, 1.0, 1.0, 1.0, 1.0, 1.0, 0.0, 1.0, 0.0, 0.0, 0.0, 1.0, 1.0, 0.0, 0.0, 1.0, 0.0, 1.0, 0.0, 0.0, 0.0, 0.0, 1.0, 0.0, 1.0, 1.0, 0.0, 0.0, 1.0, 1.0, 0.0, 0.0, 0.0, 1.0, 0.0, 0.0, 1.0, 0.0, 0.0, 0.0, 0.0, 1.0, 1.0, 0.0, 1.0, 0.0, 1.0, 0.0, 1.0, 1.0, 0.0, 1.0]",['lNONMMUG031524'],[0.0],[0],[-0.23249349898750699]
65,"['lNONMMUG000508', 'lNONMMUG002215', 'lNONMMUG002239', 'lNONMMUG009962', 'lNONMMUG013211', 'lNONMMUG017485', 'lNONMMUG017913', 'lNONMMUG020673', 'lNONMMUG023454', 'lNONMMUG026355', 'lNONMMUG029813', 'lNONMMUG030202', 'lNONMMUG033401', 'lNONMMUG034886', 'lNONMMUG038355', 'lNONMMUG039685', 'lNONMMUG041158', 'lNONMMUG041781', 'lNONMMUG045568', 'lNONMMUG045569', 'lNONMMUG045574', 'lENSMUSG00000044471', 'lENSMUSG00000075277', 'lENSMUSG00000078190', 'lENSMUSG00000078247', 'lENSMUSG00000085354', 'lENSMUSG00000085715', 'lENSMUSG00000085873', 'lENSMUSG00000086035', 'lENSMUSG00000086141', 'lENSMUSG00000090063', 'lENSMUSG00000097336', 'lENSMUSG00000097571', 'lENSMUSG00000097767', 'lENSMUSG00000098439', 'lENSMUSG00000101609', 'lENSMUSG00000106519', 'l9030622O22Rik', 'lDlx6os1', 'lDnm3os', 'lGas5', 'lGm12610', 'lMiat', 'lNeat1', 'lNONMMUG002771', 'lNONMMUG004366', 'lNONMMUG007120', 'lNONMMUG008199', 'lNONMMUG009173', 'lNONMMUG009235', 'lNONMMUG010099', 'lNONMMUG012984', 'lNONMMUG013851', 'lNONMMUG014034', 'lNONMMUG017321', 'lNONMMUG017372', 'lNONMMUG019692', 'lNONMMUG020560', 'lNONMMUG021010', 'lNONMMUG023106', 'lNONMMUG024809', 'lNONMMUG025805', 'lNONMMUG029789', 'lNONMMUG031524', 'lNONMMUG032531', 'lNONMMUG033434', 'lNONMMUG034060', 'lNONMMUG035589', 'lNONMMUG036314', 'lNONMMUG036495', 'lNONMMUG038170', 'lNONMMUG038692', 'lNONMMUG038718', 'lNONMMUG039825', 'lNONMMUG041948', 'lNONMMUG042190', 'lNONMMUG043393', 'lNONMMUG043843', 'lNONMMUG044302', 'lNONMMUG045259', 'lENSMUSG00000085908', 'lENSMUSG00000103692', 'lENSMUSG00000106828', 'lENSMUSG00000107766', 'lGm13291', 'lSnord11', 'lSnord67']","[0.0, 0.0, 1.0, 1.0, 1.0, 0.0, 1.0, 1.0, 0.0, 0.0, 1.0, 0.0, 1.0, 1.0, 0.0, 1.0, 0.0, 1.0, 1.0, 1.0, 0.0, 1.0, 0.0, 0.0, 0.0, 1.0, 0.0, 0.0, 1.0, 0.0, 1.0, 1.0, 1.0, 1.0, 0.0, 1.0, 1.0, 1.0, 1.0, 1.0, 1.0, 0.0, 1.0, 0.0, 0.0, 0.0, 1.0, 1.0, 0.0, 0.0, 1.0, 0.0, 1.0, 0.0, 0.0, 0.0, 0.0, 1.0, 0.0, 1.0, 1.0, 0.0, 0.0, 0.0, 1.0, 0.0, 0.0, 0.0, 1.0, 0.0, 0.0, 1.0, 0.0, 0.0, 0.0, 0.0, 1.0, 1.0, 0.0, 1.0, 0.0, 1.0, 0.0, 1.0, 1.0, 0.0, 1.0]",['lNONMMUG031860'],[1.0],[0],[-0.46805220911521983]
66,"['lNONMMUG000508', 'lNONMMUG002215', 'lNONMMUG002239', 'lNONMMUG009962', 'lNONMMUG013211', 'lNONMMUG017485', 'lNONMMUG017913', 'lNONMMUG020673', 'lNONMMUG023454', 'lNONMMUG026355', 'lNONMMUG029813', 'lNONMMUG030202', 'lNONMMUG033401', 'lNONMMUG034886', 'lNONMMUG038355', 'lNONMMUG039685', 'lNONMMUG041158', 'lNONMMUG041781', 'lNONMMUG045568', 'lNONMMUG045569', 'lNONMMUG045574', 'lENSMUSG00000044471', 'lENSMUSG00000075277', 'lENSMUSG00000078190', 'lENSMUSG00000078247', 'lENSMUSG00000085354', 'lENSMUSG00000085715', 'lENSMUSG00000085873', 'lENSMUSG00000086035', 'lENSMUSG00000086141', 'lENSMUSG00000090063', 'lENSMUSG00000097336', 'lENSMUSG00000097571', 'lENSMUSG00000097767', 'lENSMUSG00000098439', 'lENSMUSG00000101609', 'lENSMUSG00000106519', 'l9030622O22Rik', 'lDlx6os1', 'lDnm3os', 'lGas5', 'lGm12610', 'lMiat', 'lNeat1', 'lNONMMUG002771', 'lNONMMUG004366', 'lNONMMUG007120', 'lNONMMUG008199', 'lNONMMUG009173', 'lNONMMUG009235', 'lNONMMUG010099', 'lNONMMUG012984', 'lNONMMUG013851', 'lNONMMUG014034', 'lNONMMUG017321', 'lNONMMUG017372', 'lNONMMUG019692', 'lNONMMUG020560', 'lNONMMUG021010', 'lNONMMUG023106', 'lNONMMUG024809', 'lNONMMUG025805', 'lNONMMUG029789', 'lNONMMUG031524', 'lNONMMUG031860', 'lNONMMUG033434', 'lNONMMUG034060', 'lNONMMUG035589', 'lNONMMUG036314', 'lNONMMUG036495', 'lNONMMUG038170', 'lNONMMUG038692', 'lNONMMUG038718', 'lNONMMUG039825', 'lNONMMUG041948', 'lNONMMUG042190', 'lNONMMUG043393', 'lNONMMUG043843', 'lNONMMUG044302', 'lNONMMUG045259', 'lENSMUSG00000085908', 'lENSMUSG00000103692', 'lENSMUSG00000106828', 'lENSMUSG00000107766', 'lGm13291', 'lSnord11', 'lSnord67']","[0.0, 0.0, 1.0, 1.0, 1.0, 0.0, 1.0, 1.0, 0.0, 0.0, 1.0, 0.0, 1.0, 1.0, 0.0, 1.0, 0.0, 1.0, 1.0, 1.0, 0.0, 1.0, 0.0, 0.0, 0.0, 1.0, 0.0, 0.0, 1.0, 0.0, 1.0, 1.0, 1.0, 1.0, 0.0, 1.0, 1.0, 1.0, 1.0, 1.0, 1.0, 0.0, 1.0, 0.0, 0.0, 0.0, 1.0, 1.0, 0.0, 0.0, 1.0, 0.0, 1.0, 0.0, 0.0, 0.0, 0.0, 1.0, 0.0, 1.0, 1.0, 0.0, 0.0, 0.0, 1.0, 0.0, 0.0, 0.0, 1.0, 0.0, 0.0, 1.0, 0.0, 0.0, 0.0, 0.0, 1.0, 1.0, 0.0, 1.0, 0.0, 1.0, 0.0, 1.0, 1.0, 0.0, 1.0]",['lNONMMUG032531'],[1.0],[0],[-0.9486830232560142]
67,"['lNONMMUG000508', 'lNONMMUG002215', 'lNONMMUG002239', 'lNONMMUG009962', 'lNONMMUG013211', 'lNONMMUG017485', 'lNONMMUG017913', 'lNONMMUG020673', 'lNONMMUG023454', 'lNONMMUG026355', 'lNONMMUG029813', 'lNONMMUG030202', 'lNONMMUG033401', 'lNONMMUG034886', 'lNONMMUG038355', 'lNONMMUG039685', 'lNONMMUG041158', 'lNONMMUG041781', 'lNONMMUG045568', 'lNONMMUG045569', 'lNONMMUG045574', 'lENSMUSG00000044471', 'lENSMUSG00000075277', 'lENSMUSG00000078190', 'lENSMUSG00000078247', 'lENSMUSG00000085354', 'lENSMUSG00000085715', 'lENSMUSG00000085873', 'lENSMUSG00000086035', 'lENSMUSG00000086141', 'lENSMUSG00000090063', 'lENSMUSG00000097336', 'lENSMUSG00000097571', 'lENSMUSG00000097767', 'lENSMUSG00000098439', 'lENSMUSG00000101609', 'lENSMUSG00000106519', 'l9030622O22Rik', 'lDlx6os1', 'lDnm3os', 'lGas5', 'lGm12610', 'lMiat', 'lNeat1', 'lNONMMUG002771', 'lNONMMUG004366', 'lNONMMUG007120', 'lNONMMUG008199', 'lNONMMUG009173', 'lNONMMUG009235', 'lNONMMUG010099', 'lNONMMUG012984', 'lNONMMUG013851', 'lNONMMUG014034', 'lNONMMUG017321', 'lNONMMUG017372', 'lNONMMUG019692', 'lNONMMUG020560', 'lNONMMUG021010', 'lNONMMUG023106', 'lNONMMUG024809', 'lNONMMUG025805', 'lNONMMUG029789', 'lNONMMUG031524', 'lNONMMUG031860', 'lNONMMUG032531', 'lNONMMUG034060', 'lNONMMUG035589', 'lNONMMUG036314', 'lNONMMUG036495', 'lNONMMUG038170', 'lNONMMUG038692', 'lNONMMUG038718', 'lNONMMUG039825', 'lNONMMUG041948', 'lNONMMUG042190', 'lNONMMUG043393', 'lNONMMUG043843', 'lNONMMUG044302', 'lNONMMUG045259', 'lENSMUSG00000085908', 'lENSMUSG00000103692', 'lENSMUSG00000106828', 'lENSMUSG00000107766', 'lGm13291', 'lSnord11', 'lSnord67']","[0.0, 0.0, 1.0, 1.0, 1.0, 0.0, 1.0, 1.0, 0.0, 0.0, 1.0, 0.0, 1.0, 1.0, 0.0, 1.0, 0.0, 1.0, 1.0, 1.0, 0.0, 1.0, 0.0, 0.0, 0.0, 1.0, 0.0, 0.0, 1.0, 0.0, 1.0, 1.0, 1.0, 1.0, 0.0, 1.0, 1.0, 1.0, 1.0, 1.0, 1.0, 0.0, 1.0, 0.0, 0.0, 0.0, 1.0, 1.0, 0.0, 0.0, 1.0, 0.0, 1.0, 0.0, 0.0, 0.0, 0.0, 1.0, 0.0, 1.0, 1.0, 0.0, 0.0, 0.0, 1.0, 1.0, 0.0, 0.0, 1.0, 0.0, 0.0, 1.0, 0.0, 0.0, 0.0, 0.0, 1.0, 1.0, 0.0, 1.0, 0.0, 1.0, 0.0, 1.0, 1.0, 0.0, 1.0]",['lNONMMUG033434'],[0.0],[0],[-2.1734934225576144]
68,"['lNONMMUG000508', 'lNONMMUG002215', 'lNONMMUG002239', 'lNONMMUG009962', 'lNONMMUG013211', 'lNONMMUG017485', 'lNONMMUG017913', 'lNONMMUG020673', 'lNONMMUG023454', 'lNONMMUG026355', 'lNONMMUG029813', 'lNONMMUG030202', 'lNONMMUG033401', 'lNONMMUG034886', 'lNONMMUG038355', 'lNONMMUG039685', 'lNONMMUG041158', 'lNONMMUG041781', 'lNONMMUG045568', 'lNONMMUG045569', 'lNONMMUG045574', 'lENSMUSG00000044471', 'lENSMUSG00000075277', 'lENSMUSG00000078190', 'lENSMUSG00000078247', 'lENSMUSG00000085354', 'lENSMUSG00000085715', 'lENSMUSG00000085873', 'lENSMUSG00000086035', 'lENSMUSG00000086141', 'lENSMUSG00000090063', 'lENSMUSG00000097336', 'lENSMUSG00000097571', 'lENSMUSG00000097767', 'lENSMUSG00000098439', 'lENSMUSG00000101609', 'lENSMUSG00000106519', 'l9030622O22Rik', 'lDlx6os1', 'lDnm3os', 'lGas5', 'lGm12610', 'lMiat', 'lNeat1', 'lNONMMUG002771', 'lNONMMUG004366', 'lNONMMUG007120', 'lNONMMUG008199', 'lNONMMUG009173', 'lNONMMUG009235', 'lNONMMUG010099', 'lNONMMUG012984', 'lNONMMUG013851', 'lNONMMUG014034', 'lNONMMUG017321', 'lNONMMUG017372', 'lNONMMUG019692', 'lNONMMUG020560', 'lNONMMUG021010', 'lNONMMUG023106', 'lNONMMUG024809', 'lNONMMUG025805', 'lNONMMUG029789', 'lNONMMUG031524', 'lNONMMUG031860', 'lNONMMUG032531', 'lNONMMUG033434', 'lNONMMUG035589', 'lNONMMUG036314', 'lNONMMUG036495', 'lNONMMUG038170', 'lNONMMUG038692', 'lNONMMUG038718', 'lNONMMUG039825', 'lNONMMUG041948', 'lNONMMUG042190', 'lNONMMUG043393', 'lNONMMUG043843', 'lNONMMUG044302', 'lNONMMUG045259', 'lENSMUSG00000085908', 'lENSMUSG00000103692', 'lENSMUSG00000106828', 'lENSMUSG00000107766', 'lGm13291', 'lSnord11', 'lSnord67']","[0.0, 0.0, 1.0, 1.0, 1.0, 0.0, 1.0, 1.0, 0.0, 0.0, 1.0, 0.0, 1.0, 1.0, 0.0, 1.0, 0.0, 1.0, 1.0, 1.0, 0.0, 1.0, 0.0, 0.0, 0.0, 1.0, 0.0, 0.0, 1.0, 0.0, 1.0, 1.0, 1.0, 1.0, 0.0, 1.0, 1.0, 1.0, 1.0, 1.0, 1.0, 0.0, 1.0, 0.0, 0.0, 0.0, 1.0, 1.0, 0.0, 0.0, 1.0, 0.0, 1.0, 0.0, 0.0, 0.0, 0.0, 1.0, 0.0, 1.0, 1.0, 0.0, 0.0, 0.0, 1.0, 1.0, 0.0, 0.0, 1.0, 0.0, 0.0, 1.0, 0.0, 0.0, 0.0, 0.0, 1.0, 1.0, 0.0, 1.0, 0.0, 1.0, 0.0, 1.0, 1.0, 0.0, 1.0]",['lNONMMUG034060'],[0.0],[1],[1.5878631375866146]
69,"['lNONMMUG000508', 'lNONMMUG002215', 'lNONMMUG002239', 'lNONMMUG009962', 'lNONMMUG013211', 'lNONMMUG017485', 'lNONMMUG017913', 'lNONMMUG020673', 'lNONMMUG023454', 'lNONMMUG026355', 'lNONMMUG029813', 'lNONMMUG030202', 'lNONMMUG033401', 'lNONMMUG034886', 'lNONMMUG038355', 'lNONMMUG039685', 'lNONMMUG041158', 'lNONMMUG041781', 'lNONMMUG045568', 'lNONMMUG045569', 'lNONMMUG045574', 'lENSMUSG00000044471', 'lENSMUSG00000075277', 'lENSMUSG00000078190', 'lENSMUSG00000078247', 'lENSMUSG00000085354', 'lENSMUSG00000085715', 'lENSMUSG00000085873', 'lENSMUSG00000086035', 'lENSMUSG00000086141', 'lENSMUSG00000090063', 'lENSMUSG00000097336', 'lENSMUSG00000097571', 'lENSMUSG00000097767', 'lENSMUSG00000098439', 'lENSMUSG00000101609', 'lENSMUSG00000106519', 'l9030622O22Rik', 'lDlx6os1', 'lDnm3os', 'lGas5', 'lGm12610', 'lMiat', 'lNeat1', 'lNONMMUG002771', 'lNONMMUG004366', 'lNONMMUG007120', 'lNONMMUG008199', 'lNONMMUG009173', 'lNONMMUG009235', 'lNONMMUG010099', 'lNONMMUG012984', 'lNONMMUG013851', 'lNONMMUG014034', 'lNONMMUG017321', 'lNONMMUG017372', 'lNONMMUG019692', 'lNONMMUG020560', 'lNONMMUG021010', 'lNONMMUG023106', 'lNONMMUG024809', 'lNONMMUG025805', 'lNONMMUG029789', 'lNONMMUG031524', 'lNONMMUG031860', 'lNONMMUG032531', 'lNONMMUG033434', 'lNONMMUG034060', 'lNONMMUG036314', 'lNONMMUG036495', 'lNONMMUG038170', 'lNONMMUG038692', 'lNONMMUG038718', 'lNONMMUG039825', 'lNONMMUG041948', 'lNONMMUG042190', 'lNONMMUG043393', 'lNONMMUG043843', 'lNONMMUG044302', 'lNONMMUG045259', 'lENSMUSG00000085908', 'lENSMUSG00000103692', 'lENSMUSG00000106828', 'lENSMUSG00000107766', 'lGm13291', 'lSnord11', 'lSnord67']","[0.0, 0.0, 1.0, 1.0, 1.0, 0.0, 1.0, 1.0, 0.0, 0.0, 1.0, 0.0, 1.0, 1.0, 0.0, 1.0, 0.0, 1.0, 1.0, 1.0, 0.0, 1.0, 0.0, 0.0, 0.0, 1.0, 0.0, 0.0, 1.0, 0.0, 1.0, 1.0, 1.0, 1.0, 0.0, 1.0, 1.0, 1.0, 1.0, 1.0, 1.0, 0.0, 1.0, 0.0, 0.0, 0.0, 1.0, 1.0, 0.0, 0.0, 1.0, 0.0, 1.0, 0.0, 0.0, 0.0, 0.0, 1.0, 0.0, 1.0, 1.0, 0.0, 0.0, 0.0, 1.0, 1.0, 0.0, 0.0, 1.0, 0.0, 0.0, 1.0, 0.0, 0.0, 0.0, 0.0, 1.0, 1.0, 0.0, 1.0, 0.0, 1.0, 0.0, 1.0, 1.0, 0.0, 1.0]",['lNONMMUG035589'],[0.0],[0],[-0.4466832870066649]
70,"['lNONMMUG000508', 'lNONMMUG002215', 'lNONMMUG002239', 'lNONMMUG009962', 'lNONMMUG013211', 'lNONMMUG017485', 'lNONMMUG017913', 'lNONMMUG020673', 'lNONMMUG023454', 'lNONMMUG026355', 'lNONMMUG029813', 'lNONMMUG030202', 'lNONMMUG033401', 'lNONMMUG034886', 'lNONMMUG038355', 'lNONMMUG039685', 'lNONMMUG041158', 'lNONMMUG041781', 'lNONMMUG045568', 'lNONMMUG045569', 'lNONMMUG045574', 'lENSMUSG00000044471', 'lENSMUSG00000075277', 'lENSMUSG00000078190', 'lENSMUSG00000078247', 'lENSMUSG00000085354', 'lENSMUSG00000085715', 'lENSMUSG00000085873', 'lENSMUSG00000086035', 'lENSMUSG00000086141', 'lENSMUSG00000090063', 'lENSMUSG00000097336', 'lENSMUSG00000097571', 'lENSMUSG00000097767', 'lENSMUSG00000098439', 'lENSMUSG00000101609', 'lENSMUSG00000106519', 'l9030622O22Rik', 'lDlx6os1', 'lDnm3os', 'lGas5', 'lGm12610', 'lMiat', 'lNeat1', 'lNONMMUG002771', 'lNONMMUG004366', 'lNONMMUG007120', 'lNONMMUG008199', 'lNONMMUG009173', 'lNONMMUG009235', 'lNONMMUG010099', 'lNONMMUG012984', 'lNONMMUG013851', 'lNONMMUG014034', 'lNONMMUG017321', 'lNONMMUG017372', 'lNONMMUG019692', 'lNONMMUG020560', 'lNONMMUG021010', 'lNONMMUG023106', 'lNONMMUG024809', 'lNONMMUG025805', 'lNONMMUG029789', 'lNONMMUG031524', 'lNONMMUG031860', 'lNONMMUG032531', 'lNONMMUG033434', 'lNONMMUG034060', 'lNONMMUG035589', 'lNONMMUG036495', 'lNONMMUG038170', 'lNONMMUG038692', 'lNONMMUG038718', 'lNONMMUG039825', 'lNONMMUG041948', 'lNONMMUG042190', 'lNONMMUG043393', 'lNONMMUG043843', 'lNONMMUG044302', 'lNONMMUG045259', 'lENSMUSG00000085908', 'lENSMUSG00000103692', 'lENSMUSG00000106828', 'lENSMUSG00000107766', 'lGm13291', 'lSnord11', 'lSnord67']","[0.0, 0.0, 1.0, 1.0, 1.0, 0.0, 1.0, 1.0, 0.0, 0.0, 1.0, 0.0, 1.0, 1.0, 0.0, 1.0, 0.0, 1.0, 1.0, 1.0, 0.0, 1.0, 0.0, 0.0, 0.0, 1.0, 0.0, 0.0, 1.0, 0.0, 1.0, 1.0, 1.0, 1.0, 0.0, 1.0, 1.0, 1.0, 1.0, 1.0, 1.0, 0.0, 1.0, 0.0, 0.0, 0.0, 1.0, 1.0, 0.0, 0.0, 1.0, 0.0, 1.0, 0.0, 0.0, 0.0, 0.0, 1.0, 0.0, 1.0, 1.0, 0.0, 0.0, 0.0, 1.0, 1.0, 0.0, 0.0, 0.0, 0.0, 0.0, 1.0, 0.0, 0.0, 0.0, 0.0, 1.0, 1.0, 0.0, 1.0, 0.0, 1.0, 0.0, 1.0, 1.0, 0.0, 1.0]",['lNONMMUG036314'],[1.0],[0],[-1.6887565927846047]
71,"['lNONMMUG000508', 'lNONMMUG002215', 'lNONMMUG002239', 'lNONMMUG009962', 'lNONMMUG013211', 'lNONMMUG017485', 'lNONMMUG017913', 'lNONMMUG020673', 'lNONMMUG023454', 'lNONMMUG026355', 'lNONMMUG029813', 'lNONMMUG030202', 'lNONMMUG033401', 'lNONMMUG034886', 'lNONMMUG038355', 'lNONMMUG039685', 'lNONMMUG041158', 'lNONMMUG041781', 'lNONMMUG045568', 'lNONMMUG045569', 'lNONMMUG045574', 'lENSMUSG00000044471', 'lENSMUSG00000075277', 'lENSMUSG00000078190', 'lENSMUSG00000078247', 'lENSMUSG00000085354', 'lENSMUSG00000085715', 'lENSMUSG00000085873', 'lENSMUSG00000086035', 'lENSMUSG00000086141', 'lENSMUSG00000090063', 'lENSMUSG00000097336', 'lENSMUSG00000097571', 'lENSMUSG00000097767', 'lENSMUSG00000098439', 'lENSMUSG00000101609', 'lENSMUSG00000106519', 'l9030622O22Rik', 'lDlx6os1', 'lDnm3os', 'lGas5', 'lGm12610', 'lMiat', 'lNeat1', 'lNONMMUG002771', 'lNONMMUG004366', 'lNONMMUG007120', 'lNONMMUG008199', 'lNONMMUG009173', 'lNONMMUG009235', 'lNONMMUG010099', 'lNONMMUG012984', 'lNONMMUG013851', 'lNONMMUG014034', 'lNONMMUG017321', 'lNONMMUG017372', 'lNONMMUG019692', 'lNONMMUG020560', 'lNONMMUG021010', 'lNONMMUG023106', 'lNONMMUG024809', 'lNONMMUG025805', 'lNONMMUG029789', 'lNONMMUG031524', 'lNONMMUG031860', 'lNONMMUG032531', 'lNONMMUG033434', 'lNONMMUG034060', 'lNONMMUG035589', 'lNONMMUG036314', 'lNONMMUG038170', 'lNONMMUG038692', 'lNONMMUG038718', 'lNONMMUG039825', 'lNONMMUG041948', 'lNONMMUG042190', 'lNONMMUG043393', 'lNONMMUG043843', 'lNONMMUG044302', 'lNONMMUG045259', 'lENSMUSG00000085908', 'lENSMUSG00000103692', 'lENSMUSG00000106828', 'lENSMUSG00000107766', 'lGm13291', 'lSnord11', 'lSnord67']","[0.0, 0.0, 1.0, 1.0, 1.0, 0.0, 1.0, 1.0, 0.0, 0.0, 1.0, 0.0, 1.0, 1.0, 0.0, 1.0, 0.0, 1.0, 1.0, 1.0, 0.0, 1.0, 0.0, 0.0, 0.0, 1.0, 0.0, 0.0, 1.0, 0.0, 1.0, 1.0, 1.0, 1.0, 0.0, 1.0, 1.0, 1.0, 1.0, 1.0, 1.0, 0.0, 1.0, 0.0, 0.0, 0.0, 1.0, 1.0, 0.0, 0.0, 1.0, 0.0, 1.0, 0.0, 0.0, 0.0, 0.0, 1.0, 0.0, 1.0, 1.0, 0.0, 0.0, 0.0, 1.0, 1.0, 0.0, 0.0, 0.0, 1.0, 0.0, 1.0, 0.0, 0.0, 0.0, 0.0, 1.0, 1.0, 0.0, 1.0, 0.0, 1.0, 0.0, 1.0, 1.0, 0.0, 1.0]",['lNONMMUG036495'],[0.0],[0],[-1.1683285333703297]
72,"['lNONMMUG000508', 'lNONMMUG002215', 'lNONMMUG002239', 'lNONMMUG009962', 'lNONMMUG013211', 'lNONMMUG017485', 'lNONMMUG017913', 'lNONMMUG020673', 'lNONMMUG023454', 'lNONMMUG026355', 'lNONMMUG029813', 'lNONMMUG030202', 'lNONMMUG033401', 'lNONMMUG034886', 'lNONMMUG038355', 'lNONMMUG039685', 'lNONMMUG041158', 'lNONMMUG041781', 'lNONMMUG045568', 'lNONMMUG045569', 'lNONMMUG045574', 'lENSMUSG00000044471', 'lENSMUSG00000075277', 'lENSMUSG00000078190', 'lENSMUSG00000078247', 'lENSMUSG00000085354', 'lENSMUSG00000085715', 'lENSMUSG00000085873', 'lENSMUSG00000086035', 'lENSMUSG00000086141', 'lENSMUSG00000090063', 'lENSMUSG00000097336', 'lENSMUSG00000097571', 'lENSMUSG00000097767', 'lENSMUSG00000098439', 'lENSMUSG00000101609', 'lENSMUSG00000106519', 'l9030622O22Rik', 'lDlx6os1', 'lDnm3os', 'lGas5', 'lGm12610', 'lMiat', 'lNeat1', 'lNONMMUG002771', 'lNONMMUG004366', 'lNONMMUG007120', 'lNONMMUG008199', 'lNONMMUG009173', 'lNONMMUG009235', 'lNONMMUG010099', 'lNONMMUG012984', 'lNONMMUG013851', 'lNONMMUG014034', 'lNONMMUG017321', 'lNONMMUG017372', 'lNONMMUG019692', 'lNONMMUG020560', 'lNONMMUG021010', 'lNONMMUG023106', 'lNONMMUG024809', 'lNONMMUG025805', 'lNONMMUG029789', 'lNONMMUG031524', 'lNONMMUG031860', 'lNONMMUG032531', 'lNONMMUG033434', 'lNONMMUG034060', 'lNONMMUG035589', 'lNONMMUG036314', 'lNONMMUG036495', 'lNONMMUG038692', 'lNONMMUG038718', 'lNONMMUG039825', 'lNONMMUG041948', 'lNONMMUG042190', 'lNONMMUG043393', 'lNONMMUG043843', 'lNONMMUG044302', 'lNONMMUG045259', 'lENSMUSG00000085908', 'lENSMUSG00000103692', 'lENSMUSG00000106828', 'lENSMUSG00000107766', 'lGm13291', 'lSnord11', 'lSnord67']","[0.0, 0.0, 1.0, 1.0, 1.0, 0.0, 1.0, 1.0, 0.0, 0.0, 1.0, 0.0, 1.0, 1.0, 0.0, 1.0, 0.0, 1.0, 1.0, 1.0, 0.0, 1.0, 0.0, 0.0, 0.0, 1.0, 0.0, 0.0, 1.0, 0.0, 1.0, 1.0, 1.0, 1.0, 0.0, 1.0, 1.0, 1.0, 1.0, 1.0, 1.0, 0.0, 1.0, 0.0, 0.0, 0.0, 1.0, 1.0, 0.0, 0.0, 1.0, 0.0, 1.0, 0.0, 0.0, 0.0, 0.0, 1.0, 0.0, 1.0, 1.0, 0.0, 0.0, 0.0, 1.0, 1.0, 0.0, 0.0, 0.0, 1.0, 0.0, 1.0, 0.0, 0.0, 0.0, 0.0, 1.0, 1.0, 0.0, 1.0, 0.0, 1.0, 0.0, 1.0, 1.0, 0.0, 1.0]",['lNONMMUG038170'],[0.0],[0],[-0.2616414633381734]
73,"['lNONMMUG000508', 'lNONMMUG002215', 'lNONMMUG002239', 'lNONMMUG009962', 'lNONMMUG013211', 'lNONMMUG017485', 'lNONMMUG017913', 'lNONMMUG020673', 'lNONMMUG023454', 'lNONMMUG026355', 'lNONMMUG029813', 'lNONMMUG030202', 'lNONMMUG033401', 'lNONMMUG034886', 'lNONMMUG038355', 'lNONMMUG039685', 'lNONMMUG041158', 'lNONMMUG041781', 'lNONMMUG045568', 'lNONMMUG045569', 'lNONMMUG045574', 'lENSMUSG00000044471', 'lENSMUSG00000075277', 'lENSMUSG00000078190', 'lENSMUSG00000078247', 'lENSMUSG00000085354', 'lENSMUSG00000085715', 'lENSMUSG00000085873', 'lENSMUSG00000086035', 'lENSMUSG00000086141', 'lENSMUSG00000090063', 'lENSMUSG00000097336', 'lENSMUSG00000097571', 'lENSMUSG00000097767', 'lENSMUSG00000098439', 'lENSMUSG00000101609', 'lENSMUSG00000106519', 'l9030622O22Rik', 'lDlx6os1', 'lDnm3os', 'lGas5', 'lGm12610', 'lMiat', 'lNeat1', 'lNONMMUG002771', 'lNONMMUG004366', 'lNONMMUG007120', 'lNONMMUG008199', 'lNONMMUG009173', 'lNONMMUG009235', 'lNONMMUG010099', 'lNONMMUG012984', 'lNONMMUG013851', 'lNONMMUG014034', 'lNONMMUG017321', 'lNONMMUG017372', 'lNONMMUG019692', 'lNONMMUG020560', 'lNONMMUG021010', 'lNONMMUG023106', 'lNONMMUG024809', 'lNONMMUG025805', 'lNONMMUG029789', 'lNONMMUG031524', 'lNONMMUG031860', 'lNONMMUG032531', 'lNONMMUG033434', 'lNONMMUG034060', 'lNONMMUG035589', 'lNONMMUG036314', 'lNONMMUG036495', 'lNONMMUG038170', 'lNONMMUG038718', 'lNONMMUG039825', 'lNONMMUG041948', 'lNONMMUG042190', 'lNONMMUG043393', 'lNONMMUG043843', 'lNONMMUG044302', 'lNONMMUG045259', 'lENSMUSG00000085908', 'lENSMUSG00000103692', 'lENSMUSG00000106828', 'lENSMUSG00000107766', 'lGm13291', 'lSnord11', 'lSnord67']","[0.0, 0.0, 1.0, 1.0, 1.0, 0.0, 1.0, 1.0, 0.0, 0.0, 1.0, 0.0, 1.0, 1.0, 0.0, 1.0, 0.0, 1.0, 1.0, 1.0, 0.0, 1.0, 0.0, 0.0, 0.0, 1.0, 0.0, 0.0, 1.0, 0.0, 1.0, 1.0, 1.0, 1.0, 0.0, 1.0, 1.0, 1.0, 1.0, 1.0, 1.0, 0.0, 1.0, 0.0, 0.0, 0.0, 1.0, 1.0, 0.0, 0.0, 1.0, 0.0, 1.0, 0.0, 0.0, 0.0, 0.0, 1.0, 0.0, 1.0, 1.0, 0.0, 0.0, 0.0, 1.0, 1.0, 0.0, 0.0, 0.0, 1.0, 0.0, 0.0, 0.0, 0.0, 0.0, 0.0, 1.0, 1.0, 0.0, 1.0, 0.0, 1.0, 0.0, 1.0, 1.0, 0.0, 1.0]",['lNONMMUG038692'],[1.0],[0],[-0.8732471678308122]
74,"['lNONMMUG000508', 'lNONMMUG002215', 'lNONMMUG002239', 'lNONMMUG009962', 'lNONMMUG013211', 'lNONMMUG017485', 'lNONMMUG017913', 'lNONMMUG020673', 'lNONMMUG023454', 'lNONMMUG026355', 'lNONMMUG029813', 'lNONMMUG030202', 'lNONMMUG033401', 'lNONMMUG034886', 'lNONMMUG038355', 'lNONMMUG039685', 'lNONMMUG041158', 'lNONMMUG041781', 'lNONMMUG045568', 'lNONMMUG045569', 'lNONMMUG045574', 'lENSMUSG00000044471', 'lENSMUSG00000075277', 'lENSMUSG00000078190', 'lENSMUSG00000078247', 'lENSMUSG00000085354', 'lENSMUSG00000085715', 'lENSMUSG00000085873', 'lENSMUSG00000086035', 'lENSMUSG00000086141', 'lENSMUSG00000090063', 'lENSMUSG00000097336', 'lENSMUSG00000097571', 'lENSMUSG00000097767', 'lENSMUSG00000098439', 'lENSMUSG00000101609', 'lENSMUSG00000106519', 'l9030622O22Rik', 'lDlx6os1', 'lDnm3os', 'lGas5', 'lGm12610', 'lMiat', 'lNeat1', 'lNONMMUG002771', 'lNONMMUG004366', 'lNONMMUG007120', 'lNONMMUG008199', 'lNONMMUG009173', 'lNONMMUG009235', 'lNONMMUG010099', 'lNONMMUG012984', 'lNONMMUG013851', 'lNONMMUG014034', 'lNONMMUG017321', 'lNONMMUG017372', 'lNONMMUG019692', 'lNONMMUG020560', 'lNONMMUG021010', 'lNONMMUG023106', 'lNONMMUG024809', 'lNONMMUG025805', 'lNONMMUG029789', 'lNONMMUG031524', 'lNONMMUG031860', 'lNONMMUG032531', 'lNONMMUG033434', 'lNONMMUG034060', 'lNONMMUG035589', 'lNONMMUG036314', 'lNONMMUG036495', 'lNONMMUG038170', 'lNONMMUG038692', 'lNONMMUG039825', 'lNONMMUG041948', 'lNONMMUG042190', 'lNONMMUG043393', 'lNONMMUG043843', 'lNONMMUG044302', 'lNONMMUG045259', 'lENSMUSG00000085908', 'lENSMUSG00000103692', 'lENSMUSG00000106828', 'lENSMUSG00000107766', 'lGm13291', 'lSnord11', 'lSnord67']","[0.0, 0.0, 1.0, 1.0, 1.0, 0.0, 1.0, 1.0, 0.0, 0.0, 1.0, 0.0, 1.0, 1.0, 0.0, 1.0, 0.0, 1.0, 1.0, 1.0, 0.0, 1.0, 0.0, 0.0, 0.0, 1.0, 0.0, 0.0, 1.0, 0.0, 1.0, 1.0, 1.0, 1.0, 0.0, 1.0, 1.0, 1.0, 1.0, 1.0, 1.0, 0.0, 1.0, 0.0, 0.0, 0.0, 1.0, 1.0, 0.0, 0.0, 1.0, 0.0, 1.0, 0.0, 0.0, 0.0, 0.0, 1.0, 0.0, 1.0, 1.0, 0.0, 0.0, 0.0, 1.0, 1.0, 0.0, 0.0, 0.0, 1.0, 0.0, 0.0, 1.0, 0.0, 0.0, 0.0, 1.0, 1.0, 0.0, 1.0, 0.0, 1.0, 0.0, 1.0, 1.0, 0.0, 1.0]",['lNONMMUG038718'],[0.0],[0],[-0.08931767388151624]
75,"['lNONMMUG000508', 'lNONMMUG002215', 'lNONMMUG002239', 'lNONMMUG009962', 'lNONMMUG013211', 'lNONMMUG017485', 'lNONMMUG017913', 'lNONMMUG020673', 'lNONMMUG023454', 'lNONMMUG026355', 'lNONMMUG029813', 'lNONMMUG030202', 'lNONMMUG033401', 'lNONMMUG034886', 'lNONMMUG038355', 'lNONMMUG039685', 'lNONMMUG041158', 'lNONMMUG041781', 'lNONMMUG045568', 'lNONMMUG045569', 'lNONMMUG045574', 'lENSMUSG00000044471', 'lENSMUSG00000075277', 'lENSMUSG00000078190', 'lENSMUSG00000078247', 'lENSMUSG00000085354', 'lENSMUSG00000085715', 'lENSMUSG00000085873', 'lENSMUSG00000086035', 'lENSMUSG00000086141', 'lENSMUSG00000090063', 'lENSMUSG00000097336', 'lENSMUSG00000097571', 'lENSMUSG00000097767', 'lENSMUSG00000098439', 'lENSMUSG00000101609', 'lENSMUSG00000106519', 'l9030622O22Rik', 'lDlx6os1', 'lDnm3os', 'lGas5', 'lGm12610', 'lMiat', 'lNeat1', 'lNONMMUG002771', 'lNONMMUG004366', 'lNONMMUG007120', 'lNONMMUG008199', 'lNONMMUG009173', 'lNONMMUG009235', 'lNONMMUG010099', 'lNONMMUG012984', 'lNONMMUG013851', 'lNONMMUG014034', 'lNONMMUG017321', 'lNONMMUG017372', 'lNONMMUG019692', 'lNONMMUG020560', 'lNONMMUG021010', 'lNONMMUG023106', 'lNONMMUG024809', 'lNONMMUG025805', 'lNONMMUG029789', 'lNONMMUG031524', 'lNONMMUG031860', 'lNONMMUG032531', 'lNONMMUG033434', 'lNONMMUG034060', 'lNONMMUG035589', 'lNONMMUG036314', 'lNONMMUG036495', 'lNONMMUG038170', 'lNONMMUG038692', 'lNONMMUG038718', 'lNONMMUG041948', 'lNONMMUG042190', 'lNONMMUG043393', 'lNONMMUG043843', 'lNONMMUG044302', 'lNONMMUG045259', 'lENSMUSG00000085908', 'lENSMUSG00000103692', 'lENSMUSG00000106828', 'lENSMUSG00000107766', 'lGm13291', 'lSnord11', 'lSnord67']","[0.0, 0.0, 1.0, 1.0, 1.0, 0.0, 1.0, 1.0, 0.0, 0.0, 1.0, 0.0, 1.0, 1.0, 0.0, 1.0, 0.0, 1.0, 1.0, 1.0, 0.0, 1.0, 0.0, 0.0, 0.0, 1.0, 0.0, 0.0, 1.0, 0.0, 1.0, 1.0, 1.0, 1.0, 0.0, 1.0, 1.0, 1.0, 1.0, 1.0, 1.0, 0.0, 1.0, 0.0, 0.0, 0.0, 1.0, 1.0, 0.0, 0.0, 1.0, 0.0, 1.0, 0.0, 0.0, 0.0, 0.0, 1.0, 0.0, 1.0, 1.0, 0.0, 0.0, 0.0, 1.0, 1.0, 0.0, 0.0, 0.0, 1.0, 0.0, 0.0, 1.0, 0.0, 0.0, 0.0, 1.0, 1.0, 0.0, 1.0, 0.0, 1.0, 0.0, 1.0, 1.0, 0.0, 1.0]",['lNONMMUG039825'],[0.0],[1],[0.14902590850228276]
76,"['lNONMMUG000508', 'lNONMMUG002215', 'lNONMMUG002239', 'lNONMMUG009962', 'lNONMMUG013211', 'lNONMMUG017485', 'lNONMMUG017913', 'lNONMMUG020673', 'lNONMMUG023454', 'lNONMMUG026355', 'lNONMMUG029813', 'lNONMMUG030202', 'lNONMMUG033401', 'lNONMMUG034886', 'lNONMMUG038355', 'lNONMMUG039685', 'lNONMMUG041158', 'lNONMMUG041781', 'lNONMMUG045568', 'lNONMMUG045569', 'lNONMMUG045574', 'lENSMUSG00000044471', 'lENSMUSG00000075277', 'lENSMUSG00000078190', 'lENSMUSG00000078247', 'lENSMUSG00000085354', 'lENSMUSG00000085715', 'lENSMUSG00000085873', 'lENSMUSG00000086035', 'lENSMUSG00000086141', 'lENSMUSG00000090063', 'lENSMUSG00000097336', 'lENSMUSG00000097571', 'lENSMUSG00000097767', 'lENSMUSG00000098439', 'lENSMUSG00000101609', 'lENSMUSG00000106519', 'l9030622O22Rik', 'lDlx6os1', 'lDnm3os', 'lGas5', 'lGm12610', 'lMiat', 'lNeat1', 'lNONMMUG002771', 'lNONMMUG004366', 'lNONMMUG007120', 'lNONMMUG008199', 'lNONMMUG009173', 'lNONMMUG009235', 'lNONMMUG010099', 'lNONMMUG012984', 'lNONMMUG013851', 'lNONMMUG014034', 'lNONMMUG017321', 'lNONMMUG017372', 'lNONMMUG019692', 'lNONMMUG020560', 'lNONMMUG021010', 'lNONMMUG023106', 'lNONMMUG024809', 'lNONMMUG025805', 'lNONMMUG029789', 'lNONMMUG031524', 'lNONMMUG031860', 'lNONMMUG032531', 'lNONMMUG033434', 'lNONMMUG034060', 'lNONMMUG035589', 'lNONMMUG036314', 'lNONMMUG036495', 'lNONMMUG038170', 'lNONMMUG038692', 'lNONMMUG038718', 'lNONMMUG039825', 'lNONMMUG042190', 'lNONMMUG043393', 'lNONMMUG043843', 'lNONMMUG044302', 'lNONMMUG045259', 'lENSMUSG00000085908', 'lENSMUSG00000103692', 'lENSMUSG00000106828', 'lENSMUSG00000107766', 'lGm13291', 'lSnord11', 'lSnord67']","[0.0, 0.0, 1.0, 1.0, 1.0, 0.0, 1.0, 1.0, 0.0, 0.0, 1.0, 0.0, 1.0, 1.0, 0.0, 1.0, 0.0, 1.0, 1.0, 1.0, 0.0, 1.0, 0.0, 0.0, 0.0, 1.0, 0.0, 0.0, 1.0, 0.0, 1.0, 1.0, 1.0, 1.0, 0.0, 1.0, 1.0, 1.0, 1.0, 1.0, 1.0, 0.0, 1.0, 0.0, 0.0, 0.0, 1.0, 1.0, 0.0, 0.0, 1.0, 0.0, 1.0, 0.0, 0.0, 0.0, 0.0, 1.0, 0.0, 1.0, 1.0, 0.0, 0.0, 0.0, 1.0, 1.0, 0.0, 0.0, 0.0, 1.0, 0.0, 0.0, 1.0, 0.0, 0.0, 0.0, 1.0, 1.0, 0.0, 1.0, 0.0, 1.0, 0.0, 1.0, 1.0, 0.0, 1.0]",['lNONMMUG041948'],[0.0],[1],[0.6807708948070794]
77,"['lNONMMUG000508', 'lNONMMUG002215', 'lNONMMUG002239', 'lNONMMUG009962', 'lNONMMUG013211', 'lNONMMUG017485', 'lNONMMUG017913', 'lNONMMUG020673', 'lNONMMUG023454', 'lNONMMUG026355', 'lNONMMUG029813', 'lNONMMUG030202', 'lNONMMUG033401', 'lNONMMUG034886', 'lNONMMUG038355', 'lNONMMUG039685', 'lNONMMUG041158', 'lNONMMUG041781', 'lNONMMUG045568', 'lNONMMUG045569', 'lNONMMUG045574', 'lENSMUSG00000044471', 'lENSMUSG00000075277', 'lENSMUSG00000078190', 'lENSMUSG00000078247', 'lENSMUSG00000085354', 'lENSMUSG00000085715', 'lENSMUSG00000085873', 'lENSMUSG00000086035', 'lENSMUSG00000086141', 'lENSMUSG00000090063', 'lENSMUSG00000097336', 'lENSMUSG00000097571', 'lENSMUSG00000097767', 'lENSMUSG00000098439', 'lENSMUSG00000101609', 'lENSMUSG00000106519', 'l9030622O22Rik', 'lDlx6os1', 'lDnm3os', 'lGas5', 'lGm12610', 'lMiat', 'lNeat1', 'lNONMMUG002771', 'lNONMMUG004366', 'lNONMMUG007120', 'lNONMMUG008199', 'lNONMMUG009173', 'lNONMMUG009235', 'lNONMMUG010099', 'lNONMMUG012984', 'lNONMMUG013851', 'lNONMMUG014034', 'lNONMMUG017321', 'lNONMMUG017372', 'lNONMMUG019692', 'lNONMMUG020560', 'lNONMMUG021010', 'lNONMMUG023106', 'lNONMMUG024809', 'lNONMMUG025805', 'lNONMMUG029789', 'lNONMMUG031524', 'lNONMMUG031860', 'lNONMMUG032531', 'lNONMMUG033434', 'lNONMMUG034060', 'lNONMMUG035589', 'lNONMMUG036314', 'lNONMMUG036495', 'lNONMMUG038170', 'lNONMMUG038692', 'lNONMMUG038718', 'lNONMMUG039825', 'lNONMMUG041948', 'lNONMMUG043393', 'lNONMMUG043843', 'lNONMMUG044302', 'lNONMMUG045259', 'lENSMUSG00000085908', 'lENSMUSG00000103692', 'lENSMUSG00000106828', 'lENSMUSG00000107766', 'lGm13291', 'lSnord11', 'lSnord67']","[0.0, 0.0, 1.0, 1.0, 1.0, 0.0, 1.0, 1.0, 0.0, 0.0, 1.0, 0.0, 1.0, 1.0, 0.0, 1.0, 0.0, 1.0, 1.0, 1.0, 0.0, 1.0, 0.0, 0.0, 0.0, 1.0, 0.0, 0.0, 1.0, 0.0, 1.0, 1.0, 1.0, 1.0, 0.0, 1.0, 1.0, 1.0, 1.0, 1.0, 1.0, 0.0, 1.0, 0.0, 0.0, 0.0, 1.0, 1.0, 0.0, 0.0, 1.0, 0.0, 1.0, 0.0, 0.0, 0.0, 0.0, 1.0, 0.0, 1.0, 1.0, 0.0, 0.0, 0.0, 1.0, 1.0, 0.0, 0.0, 0.0, 1.0, 0.0, 0.0, 1.0, 0.0, 0.0, 0.0, 1.0, 1.0, 0.0, 1.0, 0.0, 1.0, 0.0, 1.0, 1.0, 0.0, 1.0]",['lNONMMUG042190'],[0.0],[0],[-0.5936126068612959]
78,"['lNONMMUG000508', 'lNONMMUG002215', 'lNONMMUG002239', 'lNONMMUG009962', 'lNONMMUG013211', 'lNONMMUG017485', 'lNONMMUG017913', 'lNONMMUG020673', 'lNONMMUG023454', 'lNONMMUG026355', 'lNONMMUG029813', 'lNONMMUG030202', 'lNONMMUG033401', 'lNONMMUG034886', 'lNONMMUG038355', 'lNONMMUG039685', 'lNONMMUG041158', 'lNONMMUG041781', 'lNONMMUG045568', 'lNONMMUG045569', 'lNONMMUG045574', 'lENSMUSG00000044471', 'lENSMUSG00000075277', 'lENSMUSG00000078190', 'lENSMUSG00000078247', 'lENSMUSG00000085354', 'lENSMUSG00000085715', 'lENSMUSG00000085873', 'lENSMUSG00000086035', 'lENSMUSG00000086141', 'lENSMUSG00000090063', 'lENSMUSG00000097336', 'lENSMUSG00000097571', 'lENSMUSG00000097767', 'lENSMUSG00000098439', 'lENSMUSG00000101609', 'lENSMUSG00000106519', 'l9030622O22Rik', 'lDlx6os1', 'lDnm3os', 'lGas5', 'lGm12610', 'lMiat', 'lNeat1', 'lNONMMUG002771', 'lNONMMUG004366', 'lNONMMUG007120', 'lNONMMUG008199', 'lNONMMUG009173', 'lNONMMUG009235', 'lNONMMUG010099', 'lNONMMUG012984', 'lNONMMUG013851', 'lNONMMUG014034', 'lNONMMUG017321', 'lNONMMUG017372', 'lNONMMUG019692', 'lNONMMUG020560', 'lNONMMUG021010', 'lNONMMUG023106', 'lNONMMUG024809', 'lNONMMUG025805', 'lNONMMUG029789', 'lNONMMUG031524', 'lNONMMUG031860', 'lNONMMUG032531', 'lNONMMUG033434', 'lNONMMUG034060', 'lNONMMUG035589', 'lNONMMUG036314', 'lNONMMUG036495', 'lNONMMUG038170', 'lNONMMUG038692', 'lNONMMUG038718', 'lNONMMUG039825', 'lNONMMUG041948', 'lNONMMUG042190', 'lNONMMUG043843', 'lNONMMUG044302', 'lNONMMUG045259', 'lENSMUSG00000085908', 'lENSMUSG00000103692', 'lENSMUSG00000106828', 'lENSMUSG00000107766', 'lGm13291', 'lSnord11', 'lSnord67']","[0.0, 0.0, 1.0, 1.0, 1.0, 0.0, 1.0, 1.0, 0.0, 0.0, 1.0, 0.0, 1.0, 1.0, 0.0, 1.0, 0.0, 1.0, 1.0, 1.0, 0.0, 1.0, 0.0, 0.0, 0.0, 1.0, 0.0, 0.0, 1.0, 0.0, 1.0, 1.0, 1.0, 1.0, 0.0, 1.0, 1.0, 1.0, 1.0, 1.0, 1.0, 0.0, 1.0, 0.0, 0.0, 0.0, 1.0, 1.0, 0.0, 0.0, 1.0, 0.0, 1.0, 0.0, 0.0, 0.0, 0.0, 1.0, 0.0, 1.0, 1.0, 0.0, 0.0, 0.0, 1.0, 1.0, 0.0, 0.0, 0.0, 1.0, 0.0, 0.0, 1.0, 0.0, 0.0, 0.0, 0.0, 1.0, 0.0, 1.0, 0.0, 1.0, 0.0, 1.0, 1.0, 0.0, 1.0]",['lNONMMUG043393'],[1.0],[0],[-0.29786713739716497]
79,"['lNONMMUG000508', 'lNONMMUG002215', 'lNONMMUG002239', 'lNONMMUG009962', 'lNONMMUG013211', 'lNONMMUG017485', 'lNONMMUG017913', 'lNONMMUG020673', 'lNONMMUG023454', 'lNONMMUG026355', 'lNONMMUG029813', 'lNONMMUG030202', 'lNONMMUG033401', 'lNONMMUG034886', 'lNONMMUG038355', 'lNONMMUG039685', 'lNONMMUG041158', 'lNONMMUG041781', 'lNONMMUG045568', 'lNONMMUG045569', 'lNONMMUG045574', 'lENSMUSG00000044471', 'lENSMUSG00000075277', 'lENSMUSG00000078190', 'lENSMUSG00000078247', 'lENSMUSG00000085354', 'lENSMUSG00000085715', 'lENSMUSG00000085873', 'lENSMUSG00000086035', 'lENSMUSG00000086141', 'lENSMUSG00000090063', 'lENSMUSG00000097336', 'lENSMUSG00000097571', 'lENSMUSG00000097767', 'lENSMUSG00000098439', 'lENSMUSG00000101609', 'lENSMUSG00000106519', 'l9030622O22Rik', 'lDlx6os1', 'lDnm3os', 'lGas5', 'lGm12610', 'lMiat', 'lNeat1', 'lNONMMUG002771', 'lNONMMUG004366', 'lNONMMUG007120', 'lNONMMUG008199', 'lNONMMUG009173', 'lNONMMUG009235', 'lNONMMUG010099', 'lNONMMUG012984', 'lNONMMUG013851', 'lNONMMUG014034', 'lNONMMUG017321', 'lNONMMUG017372', 'lNONMMUG019692', 'lNONMMUG020560', 'lNONMMUG021010', 'lNONMMUG023106', 'lNONMMUG024809', 'lNONMMUG025805', 'lNONMMUG029789', 'lNONMMUG031524', 'lNONMMUG031860', 'lNONMMUG032531', 'lNONMMUG033434', 'lNONMMUG034060', 'lNONMMUG035589', 'lNONMMUG036314', 'lNONMMUG036495', 'lNONMMUG038170', 'lNONMMUG038692', 'lNONMMUG038718', 'lNONMMUG039825', 'lNONMMUG041948', 'lNONMMUG042190', 'lNONMMUG043393', 'lNONMMUG044302', 'lNONMMUG045259', 'lENSMUSG00000085908', 'lENSMUSG00000103692', 'lENSMUSG00000106828', 'lENSMUSG00000107766', 'lGm13291', 'lSnord11', 'lSnord67']","[0.0, 0.0, 1.0, 1.0, 1.0, 0.0, 1.0, 1.0, 0.0, 0.0, 1.0, 0.0, 1.0, 1.0, 0.0, 1.0, 0.0, 1.0, 1.0, 1.0, 0.0, 1.0, 0.0, 0.0, 0.0, 1.0, 0.0, 0.0, 1.0, 0.0, 1.0, 1.0, 1.0, 1.0, 0.0, 1.0, 1.0, 1.0, 1.0, 1.0, 1.0, 0.0, 1.0, 0.0, 0.0, 0.0, 1.0, 1.0, 0.0, 0.0, 1.0, 0.0, 1.0, 0.0, 0.0, 0.0, 0.0, 1.0, 0.0, 1.0, 1.0, 0.0, 0.0, 0.0, 1.0, 1.0, 0.0, 0.0, 0.0, 1.0, 0.0, 0.0, 1.0, 0.0, 0.0, 0.0, 0.0, 1.0, 0.0, 1.0, 0.0, 1.0, 0.0, 1.0, 1.0, 0.0, 1.0]",['lNONMMUG043843'],[1.0],[0],[-0.4719976887729108]
80,"['lNONMMUG000508', 'lNONMMUG002215', 'lNONMMUG002239', 'lNONMMUG009962', 'lNONMMUG013211', 'lNONMMUG017485', 'lNONMMUG017913', 'lNONMMUG020673', 'lNONMMUG023454', 'lNONMMUG026355', 'lNONMMUG029813', 'lNONMMUG030202', 'lNONMMUG033401', 'lNONMMUG034886', 'lNONMMUG038355', 'lNONMMUG039685', 'lNONMMUG041158', 'lNONMMUG041781', 'lNONMMUG045568', 'lNONMMUG045569', 'lNONMMUG045574', 'lENSMUSG00000044471', 'lENSMUSG00000075277', 'lENSMUSG00000078190', 'lENSMUSG00000078247', 'lENSMUSG00000085354', 'lENSMUSG00000085715', 'lENSMUSG00000085873', 'lENSMUSG00000086035', 'lENSMUSG00000086141', 'lENSMUSG00000090063', 'lENSMUSG00000097336', 'lENSMUSG00000097571', 'lENSMUSG00000097767', 'lENSMUSG00000098439', 'lENSMUSG00000101609', 'lENSMUSG00000106519', 'l9030622O22Rik', 'lDlx6os1', 'lDnm3os', 'lGas5', 'lGm12610', 'lMiat', 'lNeat1', 'lNONMMUG002771', 'lNONMMUG004366', 'lNONMMUG007120', 'lNONMMUG008199', 'lNONMMUG009173', 'lNONMMUG009235', 'lNONMMUG010099', 'lNONMMUG012984', 'lNONMMUG013851', 'lNONMMUG014034', 'lNONMMUG017321', 'lNONMMUG017372', 'lNONMMUG019692', 'lNONMMUG020560', 'lNONMMUG021010', 'lNONMMUG023106', 'lNONMMUG024809', 'lNONMMUG025805', 'lNONMMUG029789', 'lNONMMUG031524', 'lNONMMUG031860', 'lNONMMUG032531', 'lNONMMUG033434', 'lNONMMUG034060', 'lNONMMUG035589', 'lNONMMUG036314', 'lNONMMUG036495', 'lNONMMUG038170', 'lNONMMUG038692', 'lNONMMUG038718', 'lNONMMUG039825', 'lNONMMUG041948', 'lNONMMUG042190', 'lNONMMUG043393', 'lNONMMUG043843', 'lNONMMUG045259', 'lENSMUSG00000085908', 'lENSMUSG00000103692', 'lENSMUSG00000106828', 'lENSMUSG00000107766', 'lGm13291', 'lSnord11', 'lSnord67']","[0.0, 0.0, 1.0, 1.0, 1.0, 0.0, 1.0, 1.0, 0.0, 0.0, 1.0, 0.0, 1.0, 1.0, 0.0, 1.0, 0.0, 1.0, 1.0, 1.0, 0.0, 1.0, 0.0, 0.0, 0.0, 1.0, 0.0, 0.0, 1.0, 0.0, 1.0, 1.0, 1.0, 1.0, 0.0, 1.0, 1.0, 1.0, 1.0, 1.0, 1.0, 0.0, 1.0, 0.0, 0.0, 0.0, 1.0, 1.0, 0.0, 0.0, 1.0, 0.0, 1.0, 0.0, 0.0, 0.0, 0.0, 1.0, 0.0, 1.0, 1.0, 0.0, 0.0, 0.0, 1.0, 1.0, 0.0, 0.0, 0.0, 1.0, 0.0, 0.0, 1.0, 0.0, 0.0, 0.0, 0.0, 1.0, 1.0, 1.0, 0.0, 1.0, 0.0, 1.0, 1.0, 0.0, 1.0]",['lNONMMUG044302'],[0.0],[0],[-0.44166344859684614]
81,"['lNONMMUG000508', 'lNONMMUG002215', 'lNONMMUG002239', 'lNONMMUG009962', 'lNONMMUG013211', 'lNONMMUG017485', 'lNONMMUG017913', 'lNONMMUG020673', 'lNONMMUG023454', 'lNONMMUG026355', 'lNONMMUG029813', 'lNONMMUG030202', 'lNONMMUG033401', 'lNONMMUG034886', 'lNONMMUG038355', 'lNONMMUG039685', 'lNONMMUG041158', 'lNONMMUG041781', 'lNONMMUG045568', 'lNONMMUG045569', 'lNONMMUG045574', 'lENSMUSG00000044471', 'lENSMUSG00000075277', 'lENSMUSG00000078190', 'lENSMUSG00000078247', 'lENSMUSG00000085354', 'lENSMUSG00000085715', 'lENSMUSG00000085873', 'lENSMUSG00000086035', 'lENSMUSG00000086141', 'lENSMUSG00000090063', 'lENSMUSG00000097336', 'lENSMUSG00000097571', 'lENSMUSG00000097767', 'lENSMUSG00000098439', 'lENSMUSG00000101609', 'lENSMUSG00000106519', 'l9030622O22Rik', 'lDlx6os1', 'lDnm3os', 'lGas5', 'lGm12610', 'lMiat', 'lNeat1', 'lNONMMUG002771', 'lNONMMUG004366', 'lNONMMUG007120', 'lNONMMUG008199', 'lNONMMUG009173', 'lNONMMUG009235', 'lNONMMUG010099', 'lNONMMUG012984', 'lNONMMUG013851', 'lNONMMUG014034', 'lNONMMUG017321', 'lNONMMUG017372', 'lNONMMUG019692', 'lNONMMUG020560', 'lNONMMUG021010', 'lNONMMUG023106', 'lNONMMUG024809', 'lNONMMUG025805', 'lNONMMUG029789', 'lNONMMUG031524', 'lNONMMUG031860', 'lNONMMUG032531', 'lNONMMUG033434', 'lNONMMUG034060', 'lNONMMUG035589', 'lNONMMUG036314', 'lNONMMUG036495', 'lNONMMUG038170', 'lNONMMUG038692', 'lNONMMUG038718', 'lNONMMUG039825', 'lNONMMUG041948', 'lNONMMUG042190', 'lNONMMUG043393', 'lNONMMUG043843', 'lNONMMUG044302', 'lENSMUSG00000085908', 'lENSMUSG00000103692', 'lENSMUSG00000106828', 'lENSMUSG00000107766', 'lGm13291', 'lSnord11', 'lSnord67']","[0.0, 0.0, 1.0, 1.0, 1.0, 0.0, 1.0, 1.0, 0.0, 0.0, 1.0, 0.0, 1.0, 1.0, 0.0, 1.0, 0.0, 1.0, 1.0, 1.0, 0.0, 1.0, 0.0, 0.0, 0.0, 1.0, 0.0, 0.0, 1.0, 0.0, 1.0, 1.0, 1.0, 1.0, 0.0, 1.0, 1.0, 1.0, 1.0, 1.0, 1.0, 0.0, 1.0, 0.0, 0.0, 0.0, 1.0, 1.0, 0.0, 0.0, 1.0, 0.0, 1.0, 0.0, 0.0, 0.0, 0.0, 1.0, 0.0, 1.0, 1.0, 0.0, 0.0, 0.0, 1.0, 1.0, 0.0, 0.0, 0.0, 1.0, 0.0, 0.0, 1.0, 0.0, 0.0, 0.0, 0.0, 1.0, 1.0, 0.0, 0.0, 1.0, 0.0, 1.0, 1.0, 0.0, 1.0]",['lNONMMUG045259'],[1.0],[0],[-0.2539656773921988]
82,"['lNONMMUG000508', 'lNONMMUG002215', 'lNONMMUG002239', 'lNONMMUG009962', 'lNONMMUG013211', 'lNONMMUG017485', 'lNONMMUG017913', 'lNONMMUG020673', 'lNONMMUG023454', 'lNONMMUG026355', 'lNONMMUG029813', 'lNONMMUG030202', 'lNONMMUG033401', 'lNONMMUG034886', 'lNONMMUG038355', 'lNONMMUG039685', 'lNONMMUG041158', 'lNONMMUG041781', 'lNONMMUG045568', 'lNONMMUG045569', 'lNONMMUG045574', 'lENSMUSG00000044471', 'lENSMUSG00000075277', 'lENSMUSG00000078190', 'lENSMUSG00000078247', 'lENSMUSG00000085354', 'lENSMUSG00000085715', 'lENSMUSG00000085873', 'lENSMUSG00000086035', 'lENSMUSG00000086141', 'lENSMUSG00000090063', 'lENSMUSG00000097336', 'lENSMUSG00000097571', 'lENSMUSG00000097767', 'lENSMUSG00000098439', 'lENSMUSG00000101609', 'lENSMUSG00000106519', 'l9030622O22Rik', 'lDlx6os1', 'lDnm3os', 'lGas5', 'lGm12610', 'lMiat', 'lNeat1', 'lNONMMUG002771', 'lNONMMUG004366', 'lNONMMUG007120', 'lNONMMUG008199', 'lNONMMUG009173', 'lNONMMUG009235', 'lNONMMUG010099', 'lNONMMUG012984', 'lNONMMUG013851', 'lNONMMUG014034', 'lNONMMUG017321', 'lNONMMUG017372', 'lNONMMUG019692', 'lNONMMUG020560', 'lNONMMUG021010', 'lNONMMUG023106', 'lNONMMUG024809', 'lNONMMUG025805', 'lNONMMUG029789', 'lNONMMUG031524', 'lNONMMUG031860', 'lNONMMUG032531', 'lNONMMUG033434', 'lNONMMUG034060', 'lNONMMUG035589', 'lNONMMUG036314', 'lNONMMUG036495', 'lNONMMUG038170', 'lNONMMUG038692', 'lNONMMUG038718', 'lNONMMUG039825', 'lNONMMUG041948', 'lNONMMUG042190', 'lNONMMUG043393', 'lNONMMUG043843', 'lNONMMUG044302', 'lNONMMUG045259', 'lENSMUSG00000103692', 'lENSMUSG00000106828', 'lENSMUSG00000107766', 'lGm13291', 'lSnord11', 'lSnord67']","[0.0, 0.0, 1.0, 1.0, 1.0, 0.0, 1.0, 1.0, 0.0, 0.0, 1.0, 0.0, 1.0, 1.0, 0.0, 1.0, 0.0, 1.0, 1.0, 1.0, 0.0, 1.0, 0.0, 0.0, 0.0, 1.0, 0.0, 0.0, 1.0, 0.0, 1.0, 1.0, 1.0, 1.0, 0.0, 1.0, 1.0, 1.0, 1.0, 1.0, 1.0, 0.0, 1.0, 0.0, 0.0, 0.0, 1.0, 1.0, 0.0, 0.0, 1.0, 0.0, 1.0, 0.0, 0.0, 0.0, 0.0, 1.0, 0.0, 1.0, 1.0, 0.0, 0.0, 0.0, 1.0, 1.0, 0.0, 0.0, 0.0, 1.0, 0.0, 0.0, 1.0, 0.0, 0.0, 0.0, 0.0, 1.0, 1.0, 0.0, 1.0, 1.0, 0.0, 1.0, 1.0, 0.0, 1.0]",['lENSMUSG00000085908'],[0.0],[1],[0.24698783058363372]
83,"['lNONMMUG000508', 'lNONMMUG002215', 'lNONMMUG002239', 'lNONMMUG009962', 'lNONMMUG013211', 'lNONMMUG017485', 'lNONMMUG017913', 'lNONMMUG020673', 'lNONMMUG023454', 'lNONMMUG026355', 'lNONMMUG029813', 'lNONMMUG030202', 'lNONMMUG033401', 'lNONMMUG034886', 'lNONMMUG038355', 'lNONMMUG039685', 'lNONMMUG041158', 'lNONMMUG041781', 'lNONMMUG045568', 'lNONMMUG045569', 'lNONMMUG045574', 'lENSMUSG00000044471', 'lENSMUSG00000075277', 'lENSMUSG00000078190', 'lENSMUSG00000078247', 'lENSMUSG00000085354', 'lENSMUSG00000085715', 'lENSMUSG00000085873', 'lENSMUSG00000086035', 'lENSMUSG00000086141', 'lENSMUSG00000090063', 'lENSMUSG00000097336', 'lENSMUSG00000097571', 'lENSMUSG00000097767', 'lENSMUSG00000098439', 'lENSMUSG00000101609', 'lENSMUSG00000106519', 'l9030622O22Rik', 'lDlx6os1', 'lDnm3os', 'lGas5', 'lGm12610', 'lMiat', 'lNeat1', 'lNONMMUG002771', 'lNONMMUG004366', 'lNONMMUG007120', 'lNONMMUG008199', 'lNONMMUG009173', 'lNONMMUG009235', 'lNONMMUG010099', 'lNONMMUG012984', 'lNONMMUG013851', 'lNONMMUG014034', 'lNONMMUG017321', 'lNONMMUG017372', 'lNONMMUG019692', 'lNONMMUG020560', 'lNONMMUG021010', 'lNONMMUG023106', 'lNONMMUG024809', 'lNONMMUG025805', 'lNONMMUG029789', 'lNONMMUG031524', 'lNONMMUG031860', 'lNONMMUG032531', 'lNONMMUG033434', 'lNONMMUG034060', 'lNONMMUG035589', 'lNONMMUG036314', 'lNONMMUG036495', 'lNONMMUG038170', 'lNONMMUG038692', 'lNONMMUG038718', 'lNONMMUG039825', 'lNONMMUG041948', 'lNONMMUG042190', 'lNONMMUG043393', 'lNONMMUG043843', 'lNONMMUG044302', 'lNONMMUG045259', 'lENSMUSG00000085908', 'lENSMUSG00000106828', 'lENSMUSG00000107766', 'lGm13291', 'lSnord11', 'lSnord67']","[0.0, 0.0, 1.0, 1.0, 1.0, 0.0, 1.0, 1.0, 0.0, 0.0, 1.0, 0.0, 1.0, 1.0, 0.0, 1.0, 0.0, 1.0, 1.0, 1.0, 0.0, 1.0, 0.0, 0.0, 0.0, 1.0, 0.0, 0.0, 1.0, 0.0, 1.0, 1.0, 1.0, 1.0, 0.0, 1.0, 1.0, 1.0, 1.0, 1.0, 1.0, 0.0, 1.0, 0.0, 0.0, 0.0, 1.0, 1.0, 0.0, 0.0, 1.0, 0.0, 1.0, 0.0, 0.0, 0.0, 0.0, 1.0, 0.0, 1.0, 1.0, 0.0, 0.0, 0.0, 1.0, 1.0, 0.0, 0.0, 0.0, 1.0, 0.0, 0.0, 1.0, 0.0, 0.0, 0.0, 0.0, 1.0, 1.0, 0.0, 1.0, 0.0, 0.0, 1.0, 1.0, 0.0, 1.0]",['lENSMUSG00000103692'],[1.0],[1],[0.04808763635685759]
84,"['lNONMMUG000508', 'lNONMMUG002215', 'lNONMMUG002239', 'lNONMMUG009962', 'lNONMMUG013211', 'lNONMMUG017485', 'lNONMMUG017913', 'lNONMMUG020673', 'lNONMMUG023454', 'lNONMMUG026355', 'lNONMMUG029813', 'lNONMMUG030202', 'lNONMMUG033401', 'lNONMMUG034886', 'lNONMMUG038355', 'lNONMMUG039685', 'lNONMMUG041158', 'lNONMMUG041781', 'lNONMMUG045568', 'lNONMMUG045569', 'lNONMMUG045574', 'lENSMUSG00000044471', 'lENSMUSG00000075277', 'lENSMUSG00000078190', 'lENSMUSG00000078247', 'lENSMUSG00000085354', 'lENSMUSG00000085715', 'lENSMUSG00000085873', 'lENSMUSG00000086035', 'lENSMUSG00000086141', 'lENSMUSG00000090063', 'lENSMUSG00000097336', 'lENSMUSG00000097571', 'lENSMUSG00000097767', 'lENSMUSG00000098439', 'lENSMUSG00000101609', 'lENSMUSG00000106519', 'l9030622O22Rik', 'lDlx6os1', 'lDnm3os', 'lGas5', 'lGm12610', 'lMiat', 'lNeat1', 'lNONMMUG002771', 'lNONMMUG004366', 'lNONMMUG007120', 'lNONMMUG008199', 'lNONMMUG009173', 'lNONMMUG009235', 'lNONMMUG010099', 'lNONMMUG012984', 'lNONMMUG013851', 'lNONMMUG014034', 'lNONMMUG017321', 'lNONMMUG017372', 'lNONMMUG019692', 'lNONMMUG020560', 'lNONMMUG021010', 'lNONMMUG023106', 'lNONMMUG024809', 'lNONMMUG025805', 'lNONMMUG029789', 'lNONMMUG031524', 'lNONMMUG031860', 'lNONMMUG032531', 'lNONMMUG033434', 'lNONMMUG034060', 'lNONMMUG035589', 'lNONMMUG036314', 'lNONMMUG036495', 'lNONMMUG038170', 'lNONMMUG038692', 'lNONMMUG038718', 'lNONMMUG039825', 'lNONMMUG041948', 'lNONMMUG042190', 'lNONMMUG043393', 'lNONMMUG043843', 'lNONMMUG044302', 'lNONMMUG045259', 'lENSMUSG00000085908', 'lENSMUSG00000103692', 'lENSMUSG00000107766', 'lGm13291', 'lSnord11', 'lSnord67']","[0.0, 0.0, 1.0, 1.0, 1.0, 0.0, 1.0, 1.0, 0.0, 0.0, 1.0, 0.0, 1.0, 1.0, 0.0, 1.0, 0.0, 1.0, 1.0, 1.0, 0.0, 1.0, 0.0, 0.0, 0.0, 1.0, 0.0, 0.0, 1.0, 0.0, 1.0, 1.0, 1.0, 1.0, 0.0, 1.0, 1.0, 1.0, 1.0, 1.0, 1.0, 0.0, 1.0, 0.0, 0.0, 0.0, 1.0, 1.0, 0.0, 0.0, 1.0, 0.0, 1.0, 0.0, 0.0, 0.0, 0.0, 1.0, 0.0, 1.0, 1.0, 0.0, 0.0, 0.0, 1.0, 1.0, 0.0, 0.0, 0.0, 1.0, 0.0, 0.0, 1.0, 0.0, 0.0, 0.0, 0.0, 1.0, 1.0, 0.0, 1.0, 0.0, 1.0, 1.0, 1.0, 0.0, 1.0]",['lENSMUSG00000106828'],[0.0],[1],[0.6905083809444723]
85,"['lNONMMUG000508', 'lNONMMUG002215', 'lNONMMUG002239', 'lNONMMUG009962', 'lNONMMUG013211', 'lNONMMUG017485', 'lNONMMUG017913', 'lNONMMUG020673', 'lNONMMUG023454', 'lNONMMUG026355', 'lNONMMUG029813', 'lNONMMUG030202', 'lNONMMUG033401', 'lNONMMUG034886', 'lNONMMUG038355', 'lNONMMUG039685', 'lNONMMUG041158', 'lNONMMUG041781', 'lNONMMUG045568', 'lNONMMUG045569', 'lNONMMUG045574', 'lENSMUSG00000044471', 'lENSMUSG00000075277', 'lENSMUSG00000078190', 'lENSMUSG00000078247', 'lENSMUSG00000085354', 'lENSMUSG00000085715', 'lENSMUSG00000085873', 'lENSMUSG00000086035', 'lENSMUSG00000086141', 'lENSMUSG00000090063', 'lENSMUSG00000097336', 'lENSMUSG00000097571', 'lENSMUSG00000097767', 'lENSMUSG00000098439', 'lENSMUSG00000101609', 'lENSMUSG00000106519', 'l9030622O22Rik', 'lDlx6os1', 'lDnm3os', 'lGas5', 'lGm12610', 'lMiat', 'lNeat1', 'lNONMMUG002771', 'lNONMMUG004366', 'lNONMMUG007120', 'lNONMMUG008199', 'lNONMMUG009173', 'lNONMMUG009235', 'lNONMMUG010099', 'lNONMMUG012984', 'lNONMMUG013851', 'lNONMMUG014034', 'lNONMMUG017321', 'lNONMMUG017372', 'lNONMMUG019692', 'lNONMMUG020560', 'lNONMMUG021010', 'lNONMMUG023106', 'lNONMMUG024809', 'lNONMMUG025805', 'lNONMMUG029789', 'lNONMMUG031524', 'lNONMMUG031860', 'lNONMMUG032531', 'lNONMMUG033434', 'lNONMMUG034060', 'lNONMMUG035589', 'lNONMMUG036314', 'lNONMMUG036495', 'lNONMMUG038170', 'lNONMMUG038692', 'lNONMMUG038718', 'lNONMMUG039825', 'lNONMMUG041948', 'lNONMMUG042190', 'lNONMMUG043393', 'lNONMMUG043843', 'lNONMMUG044302', 'lNONMMUG045259', 'lENSMUSG00000085908', 'lENSMUSG00000103692', 'lENSMUSG00000106828', 'lGm13291', 'lSnord11', 'lSnord67']","[0.0, 0.0, 1.0, 1.0, 1.0, 0.0, 1.0, 1.0, 0.0, 0.0, 1.0, 0.0, 1.0, 1.0, 0.0, 1.0, 0.0, 1.0, 1.0, 1.0, 0.0, 1.0, 0.0, 0.0, 0.0, 1.0, 0.0, 0.0, 1.0, 0.0, 1.0, 1.0, 1.0, 1.0, 0.0, 1.0, 1.0, 1.0, 1.0, 1.0, 1.0, 0.0, 1.0, 0.0, 0.0, 0.0, 1.0, 1.0, 0.0, 0.0, 1.0, 0.0, 1.0, 0.0, 0.0, 0.0, 0.0, 1.0, 0.0, 1.0, 1.0, 0.0, 0.0, 0.0, 1.0, 1.0, 0.0, 0.0, 0.0, 1.0, 0.0, 0.0, 1.0, 0.0, 0.0, 0.0, 0.0, 1.0, 1.0, 0.0, 1.0, 0.0, 1.0, 0.0, 1.0, 0.0, 1.0]",['lENSMUSG00000107766'],[1.0],[1],[0.8931320431554608]
86,"['lNONMMUG000508', 'lNONMMUG002215', 'lNONMMUG002239', 'lNONMMUG009962', 'lNONMMUG013211', 'lNONMMUG017485', 'lNONMMUG017913', 'lNONMMUG020673', 'lNONMMUG023454', 'lNONMMUG026355', 'lNONMMUG029813', 'lNONMMUG030202', 'lNONMMUG033401', 'lNONMMUG034886', 'lNONMMUG038355', 'lNONMMUG039685', 'lNONMMUG041158', 'lNONMMUG041781', 'lNONMMUG045568', 'lNONMMUG045569', 'lNONMMUG045574', 'lENSMUSG00000044471', 'lENSMUSG00000075277', 'lENSMUSG00000078190', 'lENSMUSG00000078247', 'lENSMUSG00000085354', 'lENSMUSG00000085715', 'lENSMUSG00000085873', 'lENSMUSG00000086035', 'lENSMUSG00000086141', 'lENSMUSG00000090063', 'lENSMUSG00000097336', 'lENSMUSG00000097571', 'lENSMUSG00000097767', 'lENSMUSG00000098439', 'lENSMUSG00000101609', 'lENSMUSG00000106519', 'l9030622O22Rik', 'lDlx6os1', 'lDnm3os', 'lGas5', 'lGm12610', 'lMiat', 'lNeat1', 'lNONMMUG002771', 'lNONMMUG004366', 'lNONMMUG007120', 'lNONMMUG008199', 'lNONMMUG009173', 'lNONMMUG009235', 'lNONMMUG010099', 'lNONMMUG012984', 'lNONMMUG013851', 'lNONMMUG014034', 'lNONMMUG017321', 'lNONMMUG017372', 'lNONMMUG019692', 'lNONMMUG020560', 'lNONMMUG021010', 'lNONMMUG023106', 'lNONMMUG024809', 'lNONMMUG025805', 'lNONMMUG029789', 'lNONMMUG031524', 'lNONMMUG031860', 'lNONMMUG032531', 'lNONMMUG033434', 'lNONMMUG034060', 'lNONMMUG035589', 'lNONMMUG036314', 'lNONMMUG036495', 'lNONMMUG038170', 'lNONMMUG038692', 'lNONMMUG038718', 'lNONMMUG039825', 'lNONMMUG041948', 'lNONMMUG042190', 'lNONMMUG043393', 'lNONMMUG043843', 'lNONMMUG044302', 'lNONMMUG045259', 'lENSMUSG00000085908', 'lENSMUSG00000103692', 'lENSMUSG00000106828', 'lENSMUSG00000107766', 'lSnord11', 'lSnord67']","[0.0, 0.0, 1.0, 1.0, 1.0, 0.0, 1.0, 1.0, 0.0, 0.0, 1.0, 0.0, 1.0, 1.0, 0.0, 1.0, 0.0, 1.0, 1.0, 1.0, 0.0, 1.0, 0.0, 0.0, 0.0, 1.0, 0.0, 0.0, 1.0, 0.0, 1.0, 1.0, 1.0, 1.0, 0.0, 1.0, 1.0, 1.0, 1.0, 1.0, 1.0, 0.0, 1.0, 0.0, 0.0, 0.0, 1.0, 1.0, 0.0, 0.0, 1.0, 0.0, 1.0, 0.0, 0.0, 0.0, 0.0, 1.0, 0.0, 1.0, 1.0, 0.0, 0.0, 0.0, 1.0, 1.0, 0.0, 0.0, 0.0, 1.0, 0.0, 0.0, 1.0, 0.0, 0.0, 0.0, 0.0, 1.0, 1.0, 0.0, 1.0, 0.0, 1.0, 0.0, 1.0, 0.0, 1.0]",['lGm13291'],[1.0],[1],[0.012661183134675957]
87,"['lNONMMUG000508', 'lNONMMUG002215', 'lNONMMUG002239', 'lNONMMUG009962', 'lNONMMUG013211', 'lNONMMUG017485', 'lNONMMUG017913', 'lNONMMUG020673', 'lNONMMUG023454', 'lNONMMUG026355', 'lNONMMUG029813', 'lNONMMUG030202', 'lNONMMUG033401', 'lNONMMUG034886', 'lNONMMUG038355', 'lNONMMUG039685', 'lNONMMUG041158', 'lNONMMUG041781', 'lNONMMUG045568', 'lNONMMUG045569', 'lNONMMUG045574', 'lENSMUSG00000044471', 'lENSMUSG00000075277', 'lENSMUSG00000078190', 'lENSMUSG00000078247', 'lENSMUSG00000085354', 'lENSMUSG00000085715', 'lENSMUSG00000085873', 'lENSMUSG00000086035', 'lENSMUSG00000086141', 'lENSMUSG00000090063', 'lENSMUSG00000097336', 'lENSMUSG00000097571', 'lENSMUSG00000097767', 'lENSMUSG00000098439', 'lENSMUSG00000101609', 'lENSMUSG00000106519', 'l9030622O22Rik', 'lDlx6os1', 'lDnm3os', 'lGas5', 'lGm12610', 'lMiat', 'lNeat1', 'lNONMMUG002771', 'lNONMMUG004366', 'lNONMMUG007120', 'lNONMMUG008199', 'lNONMMUG009173', 'lNONMMUG009235', 'lNONMMUG010099', 'lNONMMUG012984', 'lNONMMUG013851', 'lNONMMUG014034', 'lNONMMUG017321', 'lNONMMUG017372', 'lNONMMUG019692', 'lNONMMUG020560', 'lNONMMUG021010', 'lNONMMUG023106', 'lNONMMUG024809', 'lNONMMUG025805', 'lNONMMUG029789', 'lNONMMUG031524', 'lNONMMUG031860', 'lNONMMUG032531', 'lNONMMUG033434', 'lNONMMUG034060', 'lNONMMUG035589', 'lNONMMUG036314', 'lNONMMUG036495', 'lNONMMUG038170', 'lNONMMUG038692', 'lNONMMUG038718', 'lNONMMUG039825', 'lNONMMUG041948', 'lNONMMUG042190', 'lNONMMUG043393', 'lNONMMUG043843', 'lNONMMUG044302', 'lNONMMUG045259', 'lENSMUSG00000085908', 'lENSMUSG00000103692', 'lENSMUSG00000106828', 'lENSMUSG00000107766', 'lGm13291', 'lSnord67']","[0.0, 0.0, 1.0, 1.0, 1.0, 0.0, 1.0, 1.0, 0.0, 0.0, 1.0, 0.0, 1.0, 1.0, 0.0, 1.0, 0.0, 1.0, 1.0, 1.0, 0.0, 1.0, 0.0, 0.0, 0.0, 1.0, 0.0, 0.0, 1.0, 0.0, 1.0, 1.0, 1.0, 1.0, 0.0, 1.0, 1.0, 1.0, 1.0, 1.0, 1.0, 0.0, 1.0, 0.0, 0.0, 0.0, 1.0, 1.0, 0.0, 0.0, 1.0, 0.0, 1.0, 0.0, 0.0, 0.0, 0.0, 1.0, 0.0, 1.0, 1.0, 0.0, 0.0, 0.0, 1.0, 1.0, 0.0, 0.0, 0.0, 1.0, 0.0, 0.0, 1.0, 0.0, 0.0, 0.0, 0.0, 1.0, 1.0, 0.0, 1.0, 0.0, 1.0, 0.0, 1.0, 1.0, 1.0]",['lSnord11'],[0.0],[1],[0.37269363276879375]
88,"['lNONMMUG000508', 'lNONMMUG002215', 'lNONMMUG002239', 'lNONMMUG009962', 'lNONMMUG013211', 'lNONMMUG017485', 'lNONMMUG017913', 'lNONMMUG020673', 'lNONMMUG023454', 'lNONMMUG026355', 'lNONMMUG029813', 'lNONMMUG030202', 'lNONMMUG033401', 'lNONMMUG034886', 'lNONMMUG038355', 'lNONMMUG039685', 'lNONMMUG041158', 'lNONMMUG041781', 'lNONMMUG045568', 'lNONMMUG045569', 'lNONMMUG045574', 'lENSMUSG00000044471', 'lENSMUSG00000075277', 'lENSMUSG00000078190', 'lENSMUSG00000078247', 'lENSMUSG00000085354', 'lENSMUSG00000085715', 'lENSMUSG00000085873', 'lENSMUSG00000086035', 'lENSMUSG00000086141', 'lENSMUSG00000090063', 'lENSMUSG00000097336', 'lENSMUSG00000097571', 'lENSMUSG00000097767', 'lENSMUSG00000098439', 'lENSMUSG00000101609', 'lENSMUSG00000106519', 'l9030622O22Rik', 'lDlx6os1', 'lDnm3os', 'lGas5', 'lGm12610', 'lMiat', 'lNeat1', 'lNONMMUG002771', 'lNONMMUG004366', 'lNONMMUG007120', 'lNONMMUG008199', 'lNONMMUG009173', 'lNONMMUG009235', 'lNONMMUG010099', 'lNONMMUG012984', 'lNONMMUG013851', 'lNONMMUG014034', 'lNONMMUG017321', 'lNONMMUG017372', 'lNONMMUG019692', 'lNONMMUG020560', 'lNONMMUG021010', 'lNONMMUG023106', 'lNONMMUG024809', 'lNONMMUG025805', 'lNONMMUG029789', 'lNONMMUG031524', 'lNONMMUG031860', 'lNONMMUG032531', 'lNONMMUG033434', 'lNONMMUG034060', 'lNONMMUG035589', 'lNONMMUG036314', 'lNONMMUG036495', 'lNONMMUG038170', 'lNONMMUG038692', 'lNONMMUG038718', 'lNONMMUG039825', 'lNONMMUG041948', 'lNONMMUG042190', 'lNONMMUG043393', 'lNONMMUG043843', 'lNONMMUG044302', 'lNONMMUG045259', 'lENSMUSG00000085908', 'lENSMUSG00000103692', 'lENSMUSG00000106828', 'lENSMUSG00000107766', 'lGm13291', 'lSnord11']","[0.0, 0.0, 1.0, 1.0, 1.0, 0.0, 1.0, 1.0, 0.0, 0.0, 1.0, 0.0, 1.0, 1.0, 0.0, 1.0, 0.0, 1.0, 1.0, 1.0, 0.0, 1.0, 0.0, 0.0, 0.0, 1.0, 0.0, 0.0, 1.0, 0.0, 1.0, 1.0, 1.0, 1.0, 0.0, 1.0, 1.0, 1.0, 1.0, 1.0, 1.0, 0.0, 1.0, 0.0, 0.0, 0.0, 1.0, 1.0, 0.0, 0.0, 1.0, 0.0, 1.0, 0.0, 0.0, 0.0, 0.0, 1.0, 0.0, 1.0, 1.0, 0.0, 0.0, 0.0, 1.0, 1.0, 0.0, 0.0, 0.0, 1.0, 0.0, 0.0, 1.0, 0.0, 0.0, 0.0, 0.0, 1.0, 1.0, 0.0, 1.0, 0.0, 1.0, 0.0, 1.0, 1.0, 0.0]",['lSnord67'],[1.0],[0],[-1.0962558229801251]
