Fold,Train_IDs,Train_Labels,Test_IDs,Test_Labels,Predictions,Decision_Scores
1,"['lNONMMUG002215', 'lNONMMUG002239', 'lNONMMUG009962', 'lNONMMUG013211', 'lNONMMUG017485', 'lNONMMUG017913', 'lNONMMUG020673', 'lNONMMUG023454', 'lNONMMUG026355', 'lNONMMUG029813', 'lNONMMUG030202', 'lNONMMUG033401', 'lNONMMUG034886', 'lNONMMUG038355', 'lNONMMUG039685', 'lNONMMUG041158', 'lNONMMUG041781', 'lNONMMUG045568', 'lNONMMUG045569', 'lNONMMUG045574', 'lENSMUSG00000044471', 'lENSMUSG00000075277', 'lENSMUSG00000078190', 'lENSMUSG00000078247', 'lENSMUSG00000085354', 'lENSMUSG00000085715', 'lENSMUSG00000085873', 'lENSMUSG00000086035', 'lENSMUSG00000086141', 'lENSMUSG00000090063', 'lENSMUSG00000097336', 'lENSMUSG00000097571', 'lENSMUSG00000097767', 'lENSMUSG00000098439', 'lENSMUSG00000101609', 'lENSMUSG00000106519', 'l9030622O22Rik', 'lDlx6os1', 'lDnm3os', 'lGas5', 'lGm12610', 'lMiat', 'lNeat1', 'lNONMMUG002771', 'lNONMMUG004366', 'lNONMMUG007120', 'lNONMMUG008199', 'lNONMMUG009173', 'lNONMMUG009235', 'lNONMMUG010099', 'lNONMMUG012984', 'lNONMMUG013851', 'lNONMMUG014034', 'lNONMMUG017321', 'lNONMMUG017372', 'lNONMMUG019692', 'lNONMMUG020560', 'lNONMMUG021010', 'lNONMMUG023106', 'lNONMMUG024809', 'lNONMMUG025805', 'lNONMMUG029789', 'lNONMMUG031524', 'lNONMMUG031860', 'lNONMMUG032531', 'lNONMMUG033434', 'lNONMMUG034060', 'lNONMMUG035589', 'lNONMMUG036314', 'lNONMMUG036495', 'lNONMMUG038170', 'lNONMMUG038692', 'lNONMMUG038718', 'lNONMMUG039825', 'lNONMMUG041948', 'lNONMMUG042190', 'lNONMMUG043393', 'lNONMMUG043843', 'lNONMMUG044302', 'lNONMMUG045259', 'lENSMUSG00000085908', 'lENSMUSG00000103692', 'lENSMUSG00000106828', 'lENSMUSG00000107766', 'lGm13291', 'lSnord11', 'lSnord67']","[0.0, 1.0, 0.0, 0.0, 0.0, 1.0, 1.0, 0.0, 1.0, 0.0, 1.0, 1.0, 0.0, 1.0, 1.0, 0.0, 1.0, 1.0, 1.0, 0.0, 0.0, 0.0, 1.0, 0.0, 1.0, 1.0, 0.0, 1.0, 0.0, 1.0, 0.0, 1.0, 1.0, 0.0, 0.0, 0.0, 1.0, 1.0, 1.0, 0.0, 1.0, 0.0, 0.0, 0.0, 1.0, 1.0, 1.0, 0.0, 1.0, 0.0, 0.0, 0.0, 1.0, 1.0, 1.0, 1.0, 0.0, 0.0, 0.0, 1.0, 0.0, 0.0, 0.0, 0.0, 0.0, 0.0, 1.0, 1.0, 0.0, 1.0, 0.0, 1.0, 1.0, 1.0, 1.0, 0.0, 1.0, 1.0, 0.0, 0.0, 1.0, 0.0, 0.0, 1.0, 0.0, 1.0, 0.0]",['lNONMMUG000508'],[1.0],[1],[0.0323961463841068]
2,"['lNONMMUG000508', 'lNONMMUG002239', 'lNONMMUG009962', 'lNONMMUG013211', 'lNONMMUG017485', 'lNONMMUG017913', 'lNONMMUG020673', 'lNONMMUG023454', 'lNONMMUG026355', 'lNONMMUG029813', 'lNONMMUG030202', 'lNONMMUG033401', 'lNONMMUG034886', 'lNONMMUG038355', 'lNONMMUG039685', 'lNONMMUG041158', 'lNONMMUG041781', 'lNONMMUG045568', 'lNONMMUG045569', 'lNONMMUG045574', 'lENSMUSG00000044471', 'lENSMUSG00000075277', 'lENSMUSG00000078190', 'lENSMUSG00000078247', 'lENSMUSG00000085354', 'lENSMUSG00000085715', 'lENSMUSG00000085873', 'lENSMUSG00000086035', 'lENSMUSG00000086141', 'lENSMUSG00000090063', 'lENSMUSG00000097336', 'lENSMUSG00000097571', 'lENSMUSG00000097767', 'lENSMUSG00000098439', 'lENSMUSG00000101609', 'lENSMUSG00000106519', 'l9030622O22Rik', 'lDlx6os1', 'lDnm3os', 'lGas5', 'lGm12610', 'lMiat', 'lNeat1', 'lNONMMUG002771', 'lNONMMUG004366', 'lNONMMUG007120', 'lNONMMUG008199', 'lNONMMUG009173', 'lNONMMUG009235', 'lNONMMUG010099', 'lNONMMUG012984', 'lNONMMUG013851', 'lNONMMUG014034', 'lNONMMUG017321', 'lNONMMUG017372', 'lNONMMUG019692', 'lNONMMUG020560', 'lNONMMUG021010', 'lNONMMUG023106', 'lNONMMUG024809', 'lNONMMUG025805', 'lNONMMUG029789', 'lNONMMUG031524', 'lNONMMUG031860', 'lNONMMUG032531', 'lNONMMUG033434', 'lNONMMUG034060', 'lNONMMUG035589', 'lNONMMUG036314', 'lNONMMUG036495', 'lNONMMUG038170', 'lNONMMUG038692', 'lNONMMUG038718', 'lNONMMUG039825', 'lNONMMUG041948', 'lNONMMUG042190', 'lNONMMUG043393', 'lNONMMUG043843', 'lNONMMUG044302', 'lNONMMUG045259', 'lENSMUSG00000085908', 'lENSMUSG00000103692', 'lENSMUSG00000106828', 'lENSMUSG00000107766', 'lGm13291', 'lSnord11', 'lSnord67']","[1.0, 1.0, 0.0, 0.0, 0.0, 1.0, 1.0, 0.0, 1.0, 0.0, 1.0, 1.0, 0.0, 1.0, 1.0, 0.0, 1.0, 1.0, 1.0, 0.0, 0.0, 0.0, 1.0, 0.0, 1.0, 1.0, 0.0, 1.0, 0.0, 1.0, 0.0, 1.0, 1.0, 0.0, 0.0, 0.0, 1.0, 1.0, 1.0, 0.0, 1.0, 0.0, 0.0, 0.0, 1.0, 1.0, 1.0, 0.0, 1.0, 0.0, 0.0, 0.0, 1.0, 1.0, 1.0, 1.0, 0.0, 0.0, 0.0, 1.0, 0.0, 0.0, 0.0, 0.0, 0.0, 0.0, 1.0, 1.0, 0.0, 1.0, 0.0, 1.0, 1.0, 1.0, 1.0, 0.0, 1.0, 1.0, 0.0, 0.0, 1.0, 0.0, 0.0, 1.0, 0.0, 1.0, 0.0]",['lNONMMUG002215'],[0.0],[1],[0.028669334846331843]
3,"['lNONMMUG000508', 'lNONMMUG002215', 'lNONMMUG009962', 'lNONMMUG013211', 'lNONMMUG017485', 'lNONMMUG017913', 'lNONMMUG020673', 'lNONMMUG023454', 'lNONMMUG026355', 'lNONMMUG029813', 'lNONMMUG030202', 'lNONMMUG033401', 'lNONMMUG034886', 'lNONMMUG038355', 'lNONMMUG039685', 'lNONMMUG041158', 'lNONMMUG041781', 'lNONMMUG045568', 'lNONMMUG045569', 'lNONMMUG045574', 'lENSMUSG00000044471', 'lENSMUSG00000075277', 'lENSMUSG00000078190', 'lENSMUSG00000078247', 'lENSMUSG00000085354', 'lENSMUSG00000085715', 'lENSMUSG00000085873', 'lENSMUSG00000086035', 'lENSMUSG00000086141', 'lENSMUSG00000090063', 'lENSMUSG00000097336', 'lENSMUSG00000097571', 'lENSMUSG00000097767', 'lENSMUSG00000098439', 'lENSMUSG00000101609', 'lENSMUSG00000106519', 'l9030622O22Rik', 'lDlx6os1', 'lDnm3os', 'lGas5', 'lGm12610', 'lMiat', 'lNeat1', 'lNONMMUG002771', 'lNONMMUG004366', 'lNONMMUG007120', 'lNONMMUG008199', 'lNONMMUG009173', 'lNONMMUG009235', 'lNONMMUG010099', 'lNONMMUG012984', 'lNONMMUG013851', 'lNONMMUG014034', 'lNONMMUG017321', 'lNONMMUG017372', 'lNONMMUG019692', 'lNONMMUG020560', 'lNONMMUG021010', 'lNONMMUG023106', 'lNONMMUG024809', 'lNONMMUG025805', 'lNONMMUG029789', 'lNONMMUG031524', 'lNONMMUG031860', 'lNONMMUG032531', 'lNONMMUG033434', 'lNONMMUG034060', 'lNONMMUG035589', 'lNONMMUG036314', 'lNONMMUG036495', 'lNONMMUG038170', 'lNONMMUG038692', 'lNONMMUG038718', 'lNONMMUG039825', 'lNONMMUG041948', 'lNONMMUG042190', 'lNONMMUG043393', 'lNONMMUG043843', 'lNONMMUG044302', 'lNONMMUG045259', 'lENSMUSG00000085908', 'lENSMUSG00000103692', 'lENSMUSG00000106828', 'lENSMUSG00000107766', 'lGm13291', 'lSnord11', 'lSnord67']","[1.0, 0.0, 0.0, 0.0, 0.0, 1.0, 1.0, 0.0, 1.0, 0.0, 1.0, 1.0, 0.0, 1.0, 1.0, 0.0, 1.0, 1.0, 1.0, 0.0, 0.0, 0.0, 1.0, 0.0, 1.0, 1.0, 0.0, 1.0, 0.0, 1.0, 0.0, 1.0, 1.0, 0.0, 0.0, 0.0, 1.0, 1.0, 1.0, 0.0, 1.0, 0.0, 0.0, 0.0, 1.0, 1.0, 1.0, 0.0, 1.0, 0.0, 0.0, 0.0, 1.0, 1.0, 1.0, 1.0, 0.0, 0.0, 0.0, 1.0, 0.0, 0.0, 0.0, 0.0, 0.0, 0.0, 1.0, 1.0, 0.0, 1.0, 0.0, 1.0, 1.0, 1.0, 1.0, 0.0, 1.0, 1.0, 0.0, 0.0, 1.0, 0.0, 0.0, 1.0, 0.0, 1.0, 0.0]",['lNONMMUG002239'],[1.0],[0],[-0.18871164496745396]
4,"['lNONMMUG000508', 'lNONMMUG002215', 'lNONMMUG002239', 'lNONMMUG013211', 'lNONMMUG017485', 'lNONMMUG017913', 'lNONMMUG020673', 'lNONMMUG023454', 'lNONMMUG026355', 'lNONMMUG029813', 'lNONMMUG030202', 'lNONMMUG033401', 'lNONMMUG034886', 'lNONMMUG038355', 'lNONMMUG039685', 'lNONMMUG041158', 'lNONMMUG041781', 'lNONMMUG045568', 'lNONMMUG045569', 'lNONMMUG045574', 'lENSMUSG00000044471', 'lENSMUSG00000075277', 'lENSMUSG00000078190', 'lENSMUSG00000078247', 'lENSMUSG00000085354', 'lENSMUSG00000085715', 'lENSMUSG00000085873', 'lENSMUSG00000086035', 'lENSMUSG00000086141', 'lENSMUSG00000090063', 'lENSMUSG00000097336', 'lENSMUSG00000097571', 'lENSMUSG00000097767', 'lENSMUSG00000098439', 'lENSMUSG00000101609', 'lENSMUSG00000106519', 'l9030622O22Rik', 'lDlx6os1', 'lDnm3os', 'lGas5', 'lGm12610', 'lMiat', 'lNeat1', 'lNONMMUG002771', 'lNONMMUG004366', 'lNONMMUG007120', 'lNONMMUG008199', 'lNONMMUG009173', 'lNONMMUG009235', 'lNONMMUG010099', 'lNONMMUG012984', 'lNONMMUG013851', 'lNONMMUG014034', 'lNONMMUG017321', 'lNONMMUG017372', 'lNONMMUG019692', 'lNONMMUG020560', 'lNONMMUG021010', 'lNONMMUG023106', 'lNONMMUG024809', 'lNONMMUG025805', 'lNONMMUG029789', 'lNONMMUG031524', 'lNONMMUG031860', 'lNONMMUG032531', 'lNONMMUG033434', 'lNONMMUG034060', 'lNONMMUG035589', 'lNONMMUG036314', 'lNONMMUG036495', 'lNONMMUG038170', 'lNONMMUG038692', 'lNONMMUG038718', 'lNONMMUG039825', 'lNONMMUG041948', 'lNONMMUG042190', 'lNONMMUG043393', 'lNONMMUG043843', 'lNONMMUG044302', 'lNONMMUG045259', 'lENSMUSG00000085908', 'lENSMUSG00000103692', 'lENSMUSG00000106828', 'lENSMUSG00000107766', 'lGm13291', 'lSnord11', 'lSnord67']","[1.0, 0.0, 1.0, 0.0, 0.0, 1.0, 1.0, 0.0, 1.0, 0.0, 1.0, 1.0, 0.0, 1.0, 1.0, 0.0, 1.0, 1.0, 1.0, 0.0, 0.0, 0.0, 1.0, 0.0, 1.0, 1.0, 0.0, 1.0, 0.0, 1.0, 0.0, 1.0, 1.0, 0.0, 0.0, 0.0, 1.0, 1.0, 1.0, 0.0, 1.0, 0.0, 0.0, 0.0, 1.0, 1.0, 1.0, 0.0, 1.0, 0.0, 0.0, 0.0, 1.0, 1.0, 1.0, 1.0, 0.0, 0.0, 0.0, 1.0, 0.0, 0.0, 0.0, 0.0, 0.0, 0.0, 1.0, 1.0, 0.0, 1.0, 0.0, 1.0, 1.0, 1.0, 1.0, 0.0, 1.0, 1.0, 0.0, 0.0, 1.0, 0.0, 0.0, 1.0, 0.0, 1.0, 0.0]",['lNONMMUG009962'],[0.0],[1],[1.0895009259938502]
5,"['lNONMMUG000508', 'lNONMMUG002215', 'lNONMMUG002239', 'lNONMMUG009962', 'lNONMMUG017485', 'lNONMMUG017913', 'lNONMMUG020673', 'lNONMMUG023454', 'lNONMMUG026355', 'lNONMMUG029813', 'lNONMMUG030202', 'lNONMMUG033401', 'lNONMMUG034886', 'lNONMMUG038355', 'lNONMMUG039685', 'lNONMMUG041158', 'lNONMMUG041781', 'lNONMMUG045568', 'lNONMMUG045569', 'lNONMMUG045574', 'lENSMUSG00000044471', 'lENSMUSG00000075277', 'lENSMUSG00000078190', 'lENSMUSG00000078247', 'lENSMUSG00000085354', 'lENSMUSG00000085715', 'lENSMUSG00000085873', 'lENSMUSG00000086035', 'lENSMUSG00000086141', 'lENSMUSG00000090063', 'lENSMUSG00000097336', 'lENSMUSG00000097571', 'lENSMUSG00000097767', 'lENSMUSG00000098439', 'lENSMUSG00000101609', 'lENSMUSG00000106519', 'l9030622O22Rik', 'lDlx6os1', 'lDnm3os', 'lGas5', 'lGm12610', 'lMiat', 'lNeat1', 'lNONMMUG002771', 'lNONMMUG004366', 'lNONMMUG007120', 'lNONMMUG008199', 'lNONMMUG009173', 'lNONMMUG009235', 'lNONMMUG010099', 'lNONMMUG012984', 'lNONMMUG013851', 'lNONMMUG014034', 'lNONMMUG017321', 'lNONMMUG017372', 'lNONMMUG019692', 'lNONMMUG020560', 'lNONMMUG021010', 'lNONMMUG023106', 'lNONMMUG024809', 'lNONMMUG025805', 'lNONMMUG029789', 'lNONMMUG031524', 'lNONMMUG031860', 'lNONMMUG032531', 'lNONMMUG033434', 'lNONMMUG034060', 'lNONMMUG035589', 'lNONMMUG036314', 'lNONMMUG036495', 'lNONMMUG038170', 'lNONMMUG038692', 'lNONMMUG038718', 'lNONMMUG039825', 'lNONMMUG041948', 'lNONMMUG042190', 'lNONMMUG043393', 'lNONMMUG043843', 'lNONMMUG044302', 'lNONMMUG045259', 'lENSMUSG00000085908', 'lENSMUSG00000103692', 'lENSMUSG00000106828', 'lENSMUSG00000107766', 'lGm13291', 'lSnord11', 'lSnord67']","[1.0, 0.0, 1.0, 0.0, 0.0, 1.0, 1.0, 0.0, 1.0, 0.0, 1.0, 1.0, 0.0, 1.0, 1.0, 0.0, 1.0, 1.0, 1.0, 0.0, 0.0, 0.0, 1.0, 0.0, 1.0, 1.0, 0.0, 1.0, 0.0, 1.0, 0.0, 1.0, 1.0, 0.0, 0.0, 0.0, 1.0, 1.0, 1.0, 0.0, 1.0, 0.0, 0.0, 0.0, 1.0, 1.0, 1.0, 0.0, 1.0, 0.0, 0.0, 0.0, 1.0, 1.0, 1.0, 1.0, 0.0, 0.0, 0.0, 1.0, 0.0, 0.0, 0.0, 0.0, 0.0, 0.0, 1.0, 1.0, 0.0, 1.0, 0.0, 1.0, 1.0, 1.0, 1.0, 0.0, 1.0, 1.0, 0.0, 0.0, 1.0, 0.0, 0.0, 1.0, 0.0, 1.0, 0.0]",['lNONMMUG013211'],[0.0],[1],[0.7461872266379915]
6,"['lNONMMUG000508', 'lNONMMUG002215', 'lNONMMUG002239', 'lNONMMUG009962', 'lNONMMUG013211', 'lNONMMUG017913', 'lNONMMUG020673', 'lNONMMUG023454', 'lNONMMUG026355', 'lNONMMUG029813', 'lNONMMUG030202', 'lNONMMUG033401', 'lNONMMUG034886', 'lNONMMUG038355', 'lNONMMUG039685', 'lNONMMUG041158', 'lNONMMUG041781', 'lNONMMUG045568', 'lNONMMUG045569', 'lNONMMUG045574', 'lENSMUSG00000044471', 'lENSMUSG00000075277', 'lENSMUSG00000078190', 'lENSMUSG00000078247', 'lENSMUSG00000085354', 'lENSMUSG00000085715', 'lENSMUSG00000085873', 'lENSMUSG00000086035', 'lENSMUSG00000086141', 'lENSMUSG00000090063', 'lENSMUSG00000097336', 'lENSMUSG00000097571', 'lENSMUSG00000097767', 'lENSMUSG00000098439', 'lENSMUSG00000101609', 'lENSMUSG00000106519', 'l9030622O22Rik', 'lDlx6os1', 'lDnm3os', 'lGas5', 'lGm12610', 'lMiat', 'lNeat1', 'lNONMMUG002771', 'lNONMMUG004366', 'lNONMMUG007120', 'lNONMMUG008199', 'lNONMMUG009173', 'lNONMMUG009235', 'lNONMMUG010099', 'lNONMMUG012984', 'lNONMMUG013851', 'lNONMMUG014034', 'lNONMMUG017321', 'lNONMMUG017372', 'lNONMMUG019692', 'lNONMMUG020560', 'lNONMMUG021010', 'lNONMMUG023106', 'lNONMMUG024809', 'lNONMMUG025805', 'lNONMMUG029789', 'lNONMMUG031524', 'lNONMMUG031860', 'lNONMMUG032531', 'lNONMMUG033434', 'lNONMMUG034060', 'lNONMMUG035589', 'lNONMMUG036314', 'lNONMMUG036495', 'lNONMMUG038170', 'lNONMMUG038692', 'lNONMMUG038718', 'lNONMMUG039825', 'lNONMMUG041948', 'lNONMMUG042190', 'lNONMMUG043393', 'lNONMMUG043843', 'lNONMMUG044302', 'lNONMMUG045259', 'lENSMUSG00000085908', 'lENSMUSG00000103692', 'lENSMUSG00000106828', 'lENSMUSG00000107766', 'lGm13291', 'lSnord11', 'lSnord67']","[1.0, 0.0, 1.0, 0.0, 0.0, 1.0, 1.0, 0.0, 1.0, 0.0, 1.0, 1.0, 0.0, 1.0, 1.0, 0.0, 1.0, 1.0, 1.0, 0.0, 0.0, 0.0, 1.0, 0.0, 1.0, 1.0, 0.0, 1.0, 0.0, 1.0, 0.0, 1.0, 1.0, 0.0, 0.0, 0.0, 1.0, 1.0, 1.0, 0.0, 1.0, 0.0, 0.0, 0.0, 1.0, 1.0, 1.0, 0.0, 1.0, 0.0, 0.0, 0.0, 1.0, 1.0, 1.0, 1.0, 0.0, 0.0, 0.0, 1.0, 0.0, 0.0, 0.0, 0.0, 0.0, 0.0, 1.0, 1.0, 0.0, 1.0, 0.0, 1.0, 1.0, 1.0, 1.0, 0.0, 1.0, 1.0, 0.0, 0.0, 1.0, 0.0, 0.0, 1.0, 0.0, 1.0, 0.0]",['lNONMMUG017485'],[0.0],[0],[-0.5664356627725806]
7,"['lNONMMUG000508', 'lNONMMUG002215', 'lNONMMUG002239', 'lNONMMUG009962', 'lNONMMUG013211', 'lNONMMUG017485', 'lNONMMUG020673', 'lNONMMUG023454', 'lNONMMUG026355', 'lNONMMUG029813', 'lNONMMUG030202', 'lNONMMUG033401', 'lNONMMUG034886', 'lNONMMUG038355', 'lNONMMUG039685', 'lNONMMUG041158', 'lNONMMUG041781', 'lNONMMUG045568', 'lNONMMUG045569', 'lNONMMUG045574', 'lENSMUSG00000044471', 'lENSMUSG00000075277', 'lENSMUSG00000078190', 'lENSMUSG00000078247', 'lENSMUSG00000085354', 'lENSMUSG00000085715', 'lENSMUSG00000085873', 'lENSMUSG00000086035', 'lENSMUSG00000086141', 'lENSMUSG00000090063', 'lENSMUSG00000097336', 'lENSMUSG00000097571', 'lENSMUSG00000097767', 'lENSMUSG00000098439', 'lENSMUSG00000101609', 'lENSMUSG00000106519', 'l9030622O22Rik', 'lDlx6os1', 'lDnm3os', 'lGas5', 'lGm12610', 'lMiat', 'lNeat1', 'lNONMMUG002771', 'lNONMMUG004366', 'lNONMMUG007120', 'lNONMMUG008199', 'lNONMMUG009173', 'lNONMMUG009235', 'lNONMMUG010099', 'lNONMMUG012984', 'lNONMMUG013851', 'lNONMMUG014034', 'lNONMMUG017321', 'lNONMMUG017372', 'lNONMMUG019692', 'lNONMMUG020560', 'lNONMMUG021010', 'lNONMMUG023106', 'lNONMMUG024809', 'lNONMMUG025805', 'lNONMMUG029789', 'lNONMMUG031524', 'lNONMMUG031860', 'lNONMMUG032531', 'lNONMMUG033434', 'lNONMMUG034060', 'lNONMMUG035589', 'lNONMMUG036314', 'lNONMMUG036495', 'lNONMMUG038170', 'lNONMMUG038692', 'lNONMMUG038718', 'lNONMMUG039825', 'lNONMMUG041948', 'lNONMMUG042190', 'lNONMMUG043393', 'lNONMMUG043843', 'lNONMMUG044302', 'lNONMMUG045259', 'lENSMUSG00000085908', 'lENSMUSG00000103692', 'lENSMUSG00000106828', 'lENSMUSG00000107766', 'lGm13291', 'lSnord11', 'lSnord67']","[1.0, 0.0, 1.0, 0.0, 0.0, 0.0, 1.0, 0.0, 1.0, 0.0, 1.0, 1.0, 0.0, 1.0, 1.0, 0.0, 1.0, 1.0, 1.0, 0.0, 0.0, 0.0, 1.0, 0.0, 1.0, 1.0, 0.0, 1.0, 0.0, 1.0, 0.0, 1.0, 1.0, 0.0, 0.0, 0.0, 1.0, 1.0, 1.0, 0.0, 1.0, 0.0, 0.0, 0.0, 1.0, 1.0, 1.0, 0.0, 1.0, 0.0, 0.0, 0.0, 1.0, 1.0, 1.0, 1.0, 0.0, 0.0, 0.0, 1.0, 0.0, 0.0, 0.0, 0.0, 0.0, 0.0, 1.0, 1.0, 0.0, 1.0, 0.0, 1.0, 1.0, 1.0, 1.0, 0.0, 1.0, 1.0, 0.0, 0.0, 1.0, 0.0, 0.0, 1.0, 0.0, 1.0, 0.0]",['lNONMMUG017913'],[1.0],[1],[0.2950620076022017]
8,"['lNONMMUG000508', 'lNONMMUG002215', 'lNONMMUG002239', 'lNONMMUG009962', 'lNONMMUG013211', 'lNONMMUG017485', 'lNONMMUG017913', 'lNONMMUG023454', 'lNONMMUG026355', 'lNONMMUG029813', 'lNONMMUG030202', 'lNONMMUG033401', 'lNONMMUG034886', 'lNONMMUG038355', 'lNONMMUG039685', 'lNONMMUG041158', 'lNONMMUG041781', 'lNONMMUG045568', 'lNONMMUG045569', 'lNONMMUG045574', 'lENSMUSG00000044471', 'lENSMUSG00000075277', 'lENSMUSG00000078190', 'lENSMUSG00000078247', 'lENSMUSG00000085354', 'lENSMUSG00000085715', 'lENSMUSG00000085873', 'lENSMUSG00000086035', 'lENSMUSG00000086141', 'lENSMUSG00000090063', 'lENSMUSG00000097336', 'lENSMUSG00000097571', 'lENSMUSG00000097767', 'lENSMUSG00000098439', 'lENSMUSG00000101609', 'lENSMUSG00000106519', 'l9030622O22Rik', 'lDlx6os1', 'lDnm3os', 'lGas5', 'lGm12610', 'lMiat', 'lNeat1', 'lNONMMUG002771', 'lNONMMUG004366', 'lNONMMUG007120', 'lNONMMUG008199', 'lNONMMUG009173', 'lNONMMUG009235', 'lNONMMUG010099', 'lNONMMUG012984', 'lNONMMUG013851', 'lNONMMUG014034', 'lNONMMUG017321', 'lNONMMUG017372', 'lNONMMUG019692', 'lNONMMUG020560', 'lNONMMUG021010', 'lNONMMUG023106', 'lNONMMUG024809', 'lNONMMUG025805', 'lNONMMUG029789', 'lNONMMUG031524', 'lNONMMUG031860', 'lNONMMUG032531', 'lNONMMUG033434', 'lNONMMUG034060', 'lNONMMUG035589', 'lNONMMUG036314', 'lNONMMUG036495', 'lNONMMUG038170', 'lNONMMUG038692', 'lNONMMUG038718', 'lNONMMUG039825', 'lNONMMUG041948', 'lNONMMUG042190', 'lNONMMUG043393', 'lNONMMUG043843', 'lNONMMUG044302', 'lNONMMUG045259', 'lENSMUSG00000085908', 'lENSMUSG00000103692', 'lENSMUSG00000106828', 'lENSMUSG00000107766', 'lGm13291', 'lSnord11', 'lSnord67']","[1.0, 0.0, 1.0, 0.0, 0.0, 0.0, 1.0, 0.0, 1.0, 0.0, 1.0, 1.0, 0.0, 1.0, 1.0, 0.0, 1.0, 1.0, 1.0, 0.0, 0.0, 0.0, 1.0, 0.0, 1.0, 1.0, 0.0, 1.0, 0.0, 1.0, 0.0, 1.0, 1.0, 0.0, 0.0, 0.0, 1.0, 1.0, 1.0, 0.0, 1.0, 0.0, 0.0, 0.0, 1.0, 1.0, 1.0, 0.0, 1.0, 0.0, 0.0, 0.0, 1.0, 1.0, 1.0, 1.0, 0.0, 0.0, 0.0, 1.0, 0.0, 0.0, 0.0, 0.0, 0.0, 0.0, 1.0, 1.0, 0.0, 1.0, 0.0, 1.0, 1.0, 1.0, 1.0, 0.0, 1.0, 1.0, 0.0, 0.0, 1.0, 0.0, 0.0, 1.0, 0.0, 1.0, 0.0]",['lNONMMUG020673'],[1.0],[0],[-0.4944862061159477]
9,"['lNONMMUG000508', 'lNONMMUG002215', 'lNONMMUG002239', 'lNONMMUG009962', 'lNONMMUG013211', 'lNONMMUG017485', 'lNONMMUG017913', 'lNONMMUG020673', 'lNONMMUG026355', 'lNONMMUG029813', 'lNONMMUG030202', 'lNONMMUG033401', 'lNONMMUG034886', 'lNONMMUG038355', 'lNONMMUG039685', 'lNONMMUG041158', 'lNONMMUG041781', 'lNONMMUG045568', 'lNONMMUG045569', 'lNONMMUG045574', 'lENSMUSG00000044471', 'lENSMUSG00000075277', 'lENSMUSG00000078190', 'lENSMUSG00000078247', 'lENSMUSG00000085354', 'lENSMUSG00000085715', 'lENSMUSG00000085873', 'lENSMUSG00000086035', 'lENSMUSG00000086141', 'lENSMUSG00000090063', 'lENSMUSG00000097336', 'lENSMUSG00000097571', 'lENSMUSG00000097767', 'lENSMUSG00000098439', 'lENSMUSG00000101609', 'lENSMUSG00000106519', 'l9030622O22Rik', 'lDlx6os1', 'lDnm3os', 'lGas5', 'lGm12610', 'lMiat', 'lNeat1', 'lNONMMUG002771', 'lNONMMUG004366', 'lNONMMUG007120', 'lNONMMUG008199', 'lNONMMUG009173', 'lNONMMUG009235', 'lNONMMUG010099', 'lNONMMUG012984', 'lNONMMUG013851', 'lNONMMUG014034', 'lNONMMUG017321', 'lNONMMUG017372', 'lNONMMUG019692', 'lNONMMUG020560', 'lNONMMUG021010', 'lNONMMUG023106', 'lNONMMUG024809', 'lNONMMUG025805', 'lNONMMUG029789', 'lNONMMUG031524', 'lNONMMUG031860', 'lNONMMUG032531', 'lNONMMUG033434', 'lNONMMUG034060', 'lNONMMUG035589', 'lNONMMUG036314', 'lNONMMUG036495', 'lNONMMUG038170', 'lNONMMUG038692', 'lNONMMUG038718', 'lNONMMUG039825', 'lNONMMUG041948', 'lNONMMUG042190', 'lNONMMUG043393', 'lNONMMUG043843', 'lNONMMUG044302', 'lNONMMUG045259', 'lENSMUSG00000085908', 'lENSMUSG00000103692', 'lENSMUSG00000106828', 'lENSMUSG00000107766', 'lGm13291', 'lSnord11', 'lSnord67']","[1.0, 0.0, 1.0, 0.0, 0.0, 0.0, 1.0, 1.0, 1.0, 0.0, 1.0, 1.0, 0.0, 1.0, 1.0, 0.0, 1.0, 1.0, 1.0, 0.0, 0.0, 0.0, 1.0, 0.0, 1.0, 1.0, 0.0, 1.0, 0.0, 1.0, 0.0, 1.0, 1.0, 0.0, 0.0, 0.0, 1.0, 1.0, 1.0, 0.0, 1.0, 0.0, 0.0, 0.0, 1.0, 1.0, 1.0, 0.0, 1.0, 0.0, 0.0, 0.0, 1.0, 1.0, 1.0, 1.0, 0.0, 0.0, 0.0, 1.0, 0.0, 0.0, 0.0, 0.0, 0.0, 0.0, 1.0, 1.0, 0.0, 1.0, 0.0, 1.0, 1.0, 1.0, 1.0, 0.0, 1.0, 1.0, 0.0, 0.0, 1.0, 0.0, 0.0, 1.0, 0.0, 1.0, 0.0]",['lNONMMUG023454'],[0.0],[0],[-0.7719658630162531]
10,"['lNONMMUG000508', 'lNONMMUG002215', 'lNONMMUG002239', 'lNONMMUG009962', 'lNONMMUG013211', 'lNONMMUG017485', 'lNONMMUG017913', 'lNONMMUG020673', 'lNONMMUG023454', 'lNONMMUG029813', 'lNONMMUG030202', 'lNONMMUG033401', 'lNONMMUG034886', 'lNONMMUG038355', 'lNONMMUG039685', 'lNONMMUG041158', 'lNONMMUG041781', 'lNONMMUG045568', 'lNONMMUG045569', 'lNONMMUG045574', 'lENSMUSG00000044471', 'lENSMUSG00000075277', 'lENSMUSG00000078190', 'lENSMUSG00000078247', 'lENSMUSG00000085354', 'lENSMUSG00000085715', 'lENSMUSG00000085873', 'lENSMUSG00000086035', 'lENSMUSG00000086141', 'lENSMUSG00000090063', 'lENSMUSG00000097336', 'lENSMUSG00000097571', 'lENSMUSG00000097767', 'lENSMUSG00000098439', 'lENSMUSG00000101609', 'lENSMUSG00000106519', 'l9030622O22Rik', 'lDlx6os1', 'lDnm3os', 'lGas5', 'lGm12610', 'lMiat', 'lNeat1', 'lNONMMUG002771', 'lNONMMUG004366', 'lNONMMUG007120', 'lNONMMUG008199', 'lNONMMUG009173', 'lNONMMUG009235', 'lNONMMUG010099', 'lNONMMUG012984', 'lNONMMUG013851', 'lNONMMUG014034', 'lNONMMUG017321', 'lNONMMUG017372', 'lNONMMUG019692', 'lNONMMUG020560', 'lNONMMUG021010', 'lNONMMUG023106', 'lNONMMUG024809', 'lNONMMUG025805', 'lNONMMUG029789', 'lNONMMUG031524', 'lNONMMUG031860', 'lNONMMUG032531', 'lNONMMUG033434', 'lNONMMUG034060', 'lNONMMUG035589', 'lNONMMUG036314', 'lNONMMUG036495', 'lNONMMUG038170', 'lNONMMUG038692', 'lNONMMUG038718', 'lNONMMUG039825', 'lNONMMUG041948', 'lNONMMUG042190', 'lNONMMUG043393', 'lNONMMUG043843', 'lNONMMUG044302', 'lNONMMUG045259', 'lENSMUSG00000085908', 'lENSMUSG00000103692', 'lENSMUSG00000106828', 'lENSMUSG00000107766', 'lGm13291', 'lSnord11', 'lSnord67']","[1.0, 0.0, 1.0, 0.0, 0.0, 0.0, 1.0, 1.0, 0.0, 0.0, 1.0, 1.0, 0.0, 1.0, 1.0, 0.0, 1.0, 1.0, 1.0, 0.0, 0.0, 0.0, 1.0, 0.0, 1.0, 1.0, 0.0, 1.0, 0.0, 1.0, 0.0, 1.0, 1.0, 0.0, 0.0, 0.0, 1.0, 1.0, 1.0, 0.0, 1.0, 0.0, 0.0, 0.0, 1.0, 1.0, 1.0, 0.0, 1.0, 0.0, 0.0, 0.0, 1.0, 1.0, 1.0, 1.0, 0.0, 0.0, 0.0, 1.0, 0.0, 0.0, 0.0, 0.0, 0.0, 0.0, 1.0, 1.0, 0.0, 1.0, 0.0, 1.0, 1.0, 1.0, 1.0, 0.0, 1.0, 1.0, 0.0, 0.0, 1.0, 0.0, 0.0, 1.0, 0.0, 1.0, 0.0]",['lNONMMUG026355'],[1.0],[0],[-0.47578993760696064]
11,"['lNONMMUG000508', 'lNONMMUG002215', 'lNONMMUG002239', 'lNONMMUG009962', 'lNONMMUG013211', 'lNONMMUG017485', 'lNONMMUG017913', 'lNONMMUG020673', 'lNONMMUG023454', 'lNONMMUG026355', 'lNONMMUG030202', 'lNONMMUG033401', 'lNONMMUG034886', 'lNONMMUG038355', 'lNONMMUG039685', 'lNONMMUG041158', 'lNONMMUG041781', 'lNONMMUG045568', 'lNONMMUG045569', 'lNONMMUG045574', 'lENSMUSG00000044471', 'lENSMUSG00000075277', 'lENSMUSG00000078190', 'lENSMUSG00000078247', 'lENSMUSG00000085354', 'lENSMUSG00000085715', 'lENSMUSG00000085873', 'lENSMUSG00000086035', 'lENSMUSG00000086141', 'lENSMUSG00000090063', 'lENSMUSG00000097336', 'lENSMUSG00000097571', 'lENSMUSG00000097767', 'lENSMUSG00000098439', 'lENSMUSG00000101609', 'lENSMUSG00000106519', 'l9030622O22Rik', 'lDlx6os1', 'lDnm3os', 'lGas5', 'lGm12610', 'lMiat', 'lNeat1', 'lNONMMUG002771', 'lNONMMUG004366', 'lNONMMUG007120', 'lNONMMUG008199', 'lNONMMUG009173', 'lNONMMUG009235', 'lNONMMUG010099', 'lNONMMUG012984', 'lNONMMUG013851', 'lNONMMUG014034', 'lNONMMUG017321', 'lNONMMUG017372', 'lNONMMUG019692', 'lNONMMUG020560', 'lNONMMUG021010', 'lNONMMUG023106', 'lNONMMUG024809', 'lNONMMUG025805', 'lNONMMUG029789', 'lNONMMUG031524', 'lNONMMUG031860', 'lNONMMUG032531', 'lNONMMUG033434', 'lNONMMUG034060', 'lNONMMUG035589', 'lNONMMUG036314', 'lNONMMUG036495', 'lNONMMUG038170', 'lNONMMUG038692', 'lNONMMUG038718', 'lNONMMUG039825', 'lNONMMUG041948', 'lNONMMUG042190', 'lNONMMUG043393', 'lNONMMUG043843', 'lNONMMUG044302', 'lNONMMUG045259', 'lENSMUSG00000085908', 'lENSMUSG00000103692', 'lENSMUSG00000106828', 'lENSMUSG00000107766', 'lGm13291', 'lSnord11', 'lSnord67']","[1.0, 0.0, 1.0, 0.0, 0.0, 0.0, 1.0, 1.0, 0.0, 1.0, 1.0, 1.0, 0.0, 1.0, 1.0, 0.0, 1.0, 1.0, 1.0, 0.0, 0.0, 0.0, 1.0, 0.0, 1.0, 1.0, 0.0, 1.0, 0.0, 1.0, 0.0, 1.0, 1.0, 0.0, 0.0, 0.0, 1.0, 1.0, 1.0, 0.0, 1.0, 0.0, 0.0, 0.0, 1.0, 1.0, 1.0, 0.0, 1.0, 0.0, 0.0, 0.0, 1.0, 1.0, 1.0, 1.0, 0.0, 0.0, 0.0, 1.0, 0.0, 0.0, 0.0, 0.0, 0.0, 0.0, 1.0, 1.0, 0.0, 1.0, 0.0, 1.0, 1.0, 1.0, 1.0, 0.0, 1.0, 1.0, 0.0, 0.0, 1.0, 0.0, 0.0, 1.0, 0.0, 1.0, 0.0]",['lNONMMUG029813'],[0.0],[1],[0.15549987639528545]
12,"['lNONMMUG000508', 'lNONMMUG002215', 'lNONMMUG002239', 'lNONMMUG009962', 'lNONMMUG013211', 'lNONMMUG017485', 'lNONMMUG017913', 'lNONMMUG020673', 'lNONMMUG023454', 'lNONMMUG026355', 'lNONMMUG029813', 'lNONMMUG033401', 'lNONMMUG034886', 'lNONMMUG038355', 'lNONMMUG039685', 'lNONMMUG041158', 'lNONMMUG041781', 'lNONMMUG045568', 'lNONMMUG045569', 'lNONMMUG045574', 'lENSMUSG00000044471', 'lENSMUSG00000075277', 'lENSMUSG00000078190', 'lENSMUSG00000078247', 'lENSMUSG00000085354', 'lENSMUSG00000085715', 'lENSMUSG00000085873', 'lENSMUSG00000086035', 'lENSMUSG00000086141', 'lENSMUSG00000090063', 'lENSMUSG00000097336', 'lENSMUSG00000097571', 'lENSMUSG00000097767', 'lENSMUSG00000098439', 'lENSMUSG00000101609', 'lENSMUSG00000106519', 'l9030622O22Rik', 'lDlx6os1', 'lDnm3os', 'lGas5', 'lGm12610', 'lMiat', 'lNeat1', 'lNONMMUG002771', 'lNONMMUG004366', 'lNONMMUG007120', 'lNONMMUG008199', 'lNONMMUG009173', 'lNONMMUG009235', 'lNONMMUG010099', 'lNONMMUG012984', 'lNONMMUG013851', 'lNONMMUG014034', 'lNONMMUG017321', 'lNONMMUG017372', 'lNONMMUG019692', 'lNONMMUG020560', 'lNONMMUG021010', 'lNONMMUG023106', 'lNONMMUG024809', 'lNONMMUG025805', 'lNONMMUG029789', 'lNONMMUG031524', 'lNONMMUG031860', 'lNONMMUG032531', 'lNONMMUG033434', 'lNONMMUG034060', 'lNONMMUG035589', 'lNONMMUG036314', 'lNONMMUG036495', 'lNONMMUG038170', 'lNONMMUG038692', 'lNONMMUG038718', 'lNONMMUG039825', 'lNONMMUG041948', 'lNONMMUG042190', 'lNONMMUG043393', 'lNONMMUG043843', 'lNONMMUG044302', 'lNONMMUG045259', 'lENSMUSG00000085908', 'lENSMUSG00000103692', 'lENSMUSG00000106828', 'lENSMUSG00000107766', 'lGm13291', 'lSnord11', 'lSnord67']","[1.0, 0.0, 1.0, 0.0, 0.0, 0.0, 1.0, 1.0, 0.0, 1.0, 0.0, 1.0, 0.0, 1.0, 1.0, 0.0, 1.0, 1.0, 1.0, 0.0, 0.0, 0.0, 1.0, 0.0, 1.0, 1.0, 0.0, 1.0, 0.0, 1.0, 0.0, 1.0, 1.0, 0.0, 0.0, 0.0, 1.0, 1.0, 1.0, 0.0, 1.0, 0.0, 0.0, 0.0, 1.0, 1.0, 1.0, 0.0, 1.0, 0.0, 0.0, 0.0, 1.0, 1.0, 1.0, 1.0, 0.0, 0.0, 0.0, 1.0, 0.0, 0.0, 0.0, 0.0, 0.0, 0.0, 1.0, 1.0, 0.0, 1.0, 0.0, 1.0, 1.0, 1.0, 1.0, 0.0, 1.0, 1.0, 0.0, 0.0, 1.0, 0.0, 0.0, 1.0, 0.0, 1.0, 0.0]",['lNONMMUG030202'],[1.0],[1],[0.15934183417940895]
13,"['lNONMMUG000508', 'lNONMMUG002215', 'lNONMMUG002239', 'lNONMMUG009962', 'lNONMMUG013211', 'lNONMMUG017485', 'lNONMMUG017913', 'lNONMMUG020673', 'lNONMMUG023454', 'lNONMMUG026355', 'lNONMMUG029813', 'lNONMMUG030202', 'lNONMMUG034886', 'lNONMMUG038355', 'lNONMMUG039685', 'lNONMMUG041158', 'lNONMMUG041781', 'lNONMMUG045568', 'lNONMMUG045569', 'lNONMMUG045574', 'lENSMUSG00000044471', 'lENSMUSG00000075277', 'lENSMUSG00000078190', 'lENSMUSG00000078247', 'lENSMUSG00000085354', 'lENSMUSG00000085715', 'lENSMUSG00000085873', 'lENSMUSG00000086035', 'lENSMUSG00000086141', 'lENSMUSG00000090063', 'lENSMUSG00000097336', 'lENSMUSG00000097571', 'lENSMUSG00000097767', 'lENSMUSG00000098439', 'lENSMUSG00000101609', 'lENSMUSG00000106519', 'l9030622O22Rik', 'lDlx6os1', 'lDnm3os', 'lGas5', 'lGm12610', 'lMiat', 'lNeat1', 'lNONMMUG002771', 'lNONMMUG004366', 'lNONMMUG007120', 'lNONMMUG008199', 'lNONMMUG009173', 'lNONMMUG009235', 'lNONMMUG010099', 'lNONMMUG012984', 'lNONMMUG013851', 'lNONMMUG014034', 'lNONMMUG017321', 'lNONMMUG017372', 'lNONMMUG019692', 'lNONMMUG020560', 'lNONMMUG021010', 'lNONMMUG023106', 'lNONMMUG024809', 'lNONMMUG025805', 'lNONMMUG029789', 'lNONMMUG031524', 'lNONMMUG031860', 'lNONMMUG032531', 'lNONMMUG033434', 'lNONMMUG034060', 'lNONMMUG035589', 'lNONMMUG036314', 'lNONMMUG036495', 'lNONMMUG038170', 'lNONMMUG038692', 'lNONMMUG038718', 'lNONMMUG039825', 'lNONMMUG041948', 'lNONMMUG042190', 'lNONMMUG043393', 'lNONMMUG043843', 'lNONMMUG044302', 'lNONMMUG045259', 'lENSMUSG00000085908', 'lENSMUSG00000103692', 'lENSMUSG00000106828', 'lENSMUSG00000107766', 'lGm13291', 'lSnord11', 'lSnord67']","[1.0, 0.0, 1.0, 0.0, 0.0, 0.0, 1.0, 1.0, 0.0, 1.0, 0.0, 1.0, 0.0, 1.0, 1.0, 0.0, 1.0, 1.0, 1.0, 0.0, 0.0, 0.0, 1.0, 0.0, 1.0, 1.0, 0.0, 1.0, 0.0, 1.0, 0.0, 1.0, 1.0, 0.0, 0.0, 0.0, 1.0, 1.0, 1.0, 0.0, 1.0, 0.0, 0.0, 0.0, 1.0, 1.0, 1.0, 0.0, 1.0, 0.0, 0.0, 0.0, 1.0, 1.0, 1.0, 1.0, 0.0, 0.0, 0.0, 1.0, 0.0, 0.0, 0.0, 0.0, 0.0, 0.0, 1.0, 1.0, 0.0, 1.0, 0.0, 1.0, 1.0, 1.0, 1.0, 0.0, 1.0, 1.0, 0.0, 0.0, 1.0, 0.0, 0.0, 1.0, 0.0, 1.0, 0.0]",['lNONMMUG033401'],[1.0],[1],[0.022800193468055938]
14,"['lNONMMUG000508', 'lNONMMUG002215', 'lNONMMUG002239', 'lNONMMUG009962', 'lNONMMUG013211', 'lNONMMUG017485', 'lNONMMUG017913', 'lNONMMUG020673', 'lNONMMUG023454', 'lNONMMUG026355', 'lNONMMUG029813', 'lNONMMUG030202', 'lNONMMUG033401', 'lNONMMUG038355', 'lNONMMUG039685', 'lNONMMUG041158', 'lNONMMUG041781', 'lNONMMUG045568', 'lNONMMUG045569', 'lNONMMUG045574', 'lENSMUSG00000044471', 'lENSMUSG00000075277', 'lENSMUSG00000078190', 'lENSMUSG00000078247', 'lENSMUSG00000085354', 'lENSMUSG00000085715', 'lENSMUSG00000085873', 'lENSMUSG00000086035', 'lENSMUSG00000086141', 'lENSMUSG00000090063', 'lENSMUSG00000097336', 'lENSMUSG00000097571', 'lENSMUSG00000097767', 'lENSMUSG00000098439', 'lENSMUSG00000101609', 'lENSMUSG00000106519', 'l9030622O22Rik', 'lDlx6os1', 'lDnm3os', 'lGas5', 'lGm12610', 'lMiat', 'lNeat1', 'lNONMMUG002771', 'lNONMMUG004366', 'lNONMMUG007120', 'lNONMMUG008199', 'lNONMMUG009173', 'lNONMMUG009235', 'lNONMMUG010099', 'lNONMMUG012984', 'lNONMMUG013851', 'lNONMMUG014034', 'lNONMMUG017321', 'lNONMMUG017372', 'lNONMMUG019692', 'lNONMMUG020560', 'lNONMMUG021010', 'lNONMMUG023106', 'lNONMMUG024809', 'lNONMMUG025805', 'lNONMMUG029789', 'lNONMMUG031524', 'lNONMMUG031860', 'lNONMMUG032531', 'lNONMMUG033434', 'lNONMMUG034060', 'lNONMMUG035589', 'lNONMMUG036314', 'lNONMMUG036495', 'lNONMMUG038170', 'lNONMMUG038692', 'lNONMMUG038718', 'lNONMMUG039825', 'lNONMMUG041948', 'lNONMMUG042190', 'lNONMMUG043393', 'lNONMMUG043843', 'lNONMMUG044302', 'lNONMMUG045259', 'lENSMUSG00000085908', 'lENSMUSG00000103692', 'lENSMUSG00000106828', 'lENSMUSG00000107766', 'lGm13291', 'lSnord11', 'lSnord67']","[1.0, 0.0, 1.0, 0.0, 0.0, 0.0, 1.0, 1.0, 0.0, 1.0, 0.0, 1.0, 1.0, 1.0, 1.0, 0.0, 1.0, 1.0, 1.0, 0.0, 0.0, 0.0, 1.0, 0.0, 1.0, 1.0, 0.0, 1.0, 0.0, 1.0, 0.0, 1.0, 1.0, 0.0, 0.0, 0.0, 1.0, 1.0, 1.0, 0.0, 1.0, 0.0, 0.0, 0.0, 1.0, 1.0, 1.0, 0.0, 1.0, 0.0, 0.0, 0.0, 1.0, 1.0, 1.0, 1.0, 0.0, 0.0, 0.0, 1.0, 0.0, 0.0, 0.0, 0.0, 0.0, 0.0, 1.0, 1.0, 0.0, 1.0, 0.0, 1.0, 1.0, 1.0, 1.0, 0.0, 1.0, 1.0, 0.0, 0.0, 1.0, 0.0, 0.0, 1.0, 0.0, 1.0, 0.0]",['lNONMMUG034886'],[0.0],[0],[-2.807470633735661]
15,"['lNONMMUG000508', 'lNONMMUG002215', 'lNONMMUG002239', 'lNONMMUG009962', 'lNONMMUG013211', 'lNONMMUG017485', 'lNONMMUG017913', 'lNONMMUG020673', 'lNONMMUG023454', 'lNONMMUG026355', 'lNONMMUG029813', 'lNONMMUG030202', 'lNONMMUG033401', 'lNONMMUG034886', 'lNONMMUG039685', 'lNONMMUG041158', 'lNONMMUG041781', 'lNONMMUG045568', 'lNONMMUG045569', 'lNONMMUG045574', 'lENSMUSG00000044471', 'lENSMUSG00000075277', 'lENSMUSG00000078190', 'lENSMUSG00000078247', 'lENSMUSG00000085354', 'lENSMUSG00000085715', 'lENSMUSG00000085873', 'lENSMUSG00000086035', 'lENSMUSG00000086141', 'lENSMUSG00000090063', 'lENSMUSG00000097336', 'lENSMUSG00000097571', 'lENSMUSG00000097767', 'lENSMUSG00000098439', 'lENSMUSG00000101609', 'lENSMUSG00000106519', 'l9030622O22Rik', 'lDlx6os1', 'lDnm3os', 'lGas5', 'lGm12610', 'lMiat', 'lNeat1', 'lNONMMUG002771', 'lNONMMUG004366', 'lNONMMUG007120', 'lNONMMUG008199', 'lNONMMUG009173', 'lNONMMUG009235', 'lNONMMUG010099', 'lNONMMUG012984', 'lNONMMUG013851', 'lNONMMUG014034', 'lNONMMUG017321', 'lNONMMUG017372', 'lNONMMUG019692', 'lNONMMUG020560', 'lNONMMUG021010', 'lNONMMUG023106', 'lNONMMUG024809', 'lNONMMUG025805', 'lNONMMUG029789', 'lNONMMUG031524', 'lNONMMUG031860', 'lNONMMUG032531', 'lNONMMUG033434', 'lNONMMUG034060', 'lNONMMUG035589', 'lNONMMUG036314', 'lNONMMUG036495', 'lNONMMUG038170', 'lNONMMUG038692', 'lNONMMUG038718', 'lNONMMUG039825', 'lNONMMUG041948', 'lNONMMUG042190', 'lNONMMUG043393', 'lNONMMUG043843', 'lNONMMUG044302', 'lNONMMUG045259', 'lENSMUSG00000085908', 'lENSMUSG00000103692', 'lENSMUSG00000106828', 'lENSMUSG00000107766', 'lGm13291', 'lSnord11', 'lSnord67']","[1.0, 0.0, 1.0, 0.0, 0.0, 0.0, 1.0, 1.0, 0.0, 1.0, 0.0, 1.0, 1.0, 0.0, 1.0, 0.0, 1.0, 1.0, 1.0, 0.0, 0.0, 0.0, 1.0, 0.0, 1.0, 1.0, 0.0, 1.0, 0.0, 1.0, 0.0, 1.0, 1.0, 0.0, 0.0, 0.0, 1.0, 1.0, 1.0, 0.0, 1.0, 0.0, 0.0, 0.0, 1.0, 1.0, 1.0, 0.0, 1.0, 0.0, 0.0, 0.0, 1.0, 1.0, 1.0, 1.0, 0.0, 0.0, 0.0, 1.0, 0.0, 0.0, 0.0, 0.0, 0.0, 0.0, 1.0, 1.0, 0.0, 1.0, 0.0, 1.0, 1.0, 1.0, 1.0, 0.0, 1.0, 1.0, 0.0, 0.0, 1.0, 0.0, 0.0, 1.0, 0.0, 1.0, 0.0]",['lNONMMUG038355'],[1.0],[1],[0.0307667930889311]
16,"['lNONMMUG000508', 'lNONMMUG002215', 'lNONMMUG002239', 'lNONMMUG009962', 'lNONMMUG013211', 'lNONMMUG017485', 'lNONMMUG017913', 'lNONMMUG020673', 'lNONMMUG023454', 'lNONMMUG026355', 'lNONMMUG029813', 'lNONMMUG030202', 'lNONMMUG033401', 'lNONMMUG034886', 'lNONMMUG038355', 'lNONMMUG041158', 'lNONMMUG041781', 'lNONMMUG045568', 'lNONMMUG045569', 'lNONMMUG045574', 'lENSMUSG00000044471', 'lENSMUSG00000075277', 'lENSMUSG00000078190', 'lENSMUSG00000078247', 'lENSMUSG00000085354', 'lENSMUSG00000085715', 'lENSMUSG00000085873', 'lENSMUSG00000086035', 'lENSMUSG00000086141', 'lENSMUSG00000090063', 'lENSMUSG00000097336', 'lENSMUSG00000097571', 'lENSMUSG00000097767', 'lENSMUSG00000098439', 'lENSMUSG00000101609', 'lENSMUSG00000106519', 'l9030622O22Rik', 'lDlx6os1', 'lDnm3os', 'lGas5', 'lGm12610', 'lMiat', 'lNeat1', 'lNONMMUG002771', 'lNONMMUG004366', 'lNONMMUG007120', 'lNONMMUG008199', 'lNONMMUG009173', 'lNONMMUG009235', 'lNONMMUG010099', 'lNONMMUG012984', 'lNONMMUG013851', 'lNONMMUG014034', 'lNONMMUG017321', 'lNONMMUG017372', 'lNONMMUG019692', 'lNONMMUG020560', 'lNONMMUG021010', 'lNONMMUG023106', 'lNONMMUG024809', 'lNONMMUG025805', 'lNONMMUG029789', 'lNONMMUG031524', 'lNONMMUG031860', 'lNONMMUG032531', 'lNONMMUG033434', 'lNONMMUG034060', 'lNONMMUG035589', 'lNONMMUG036314', 'lNONMMUG036495', 'lNONMMUG038170', 'lNONMMUG038692', 'lNONMMUG038718', 'lNONMMUG039825', 'lNONMMUG041948', 'lNONMMUG042190', 'lNONMMUG043393', 'lNONMMUG043843', 'lNONMMUG044302', 'lNONMMUG045259', 'lENSMUSG00000085908', 'lENSMUSG00000103692', 'lENSMUSG00000106828', 'lENSMUSG00000107766', 'lGm13291', 'lSnord11', 'lSnord67']","[1.0, 0.0, 1.0, 0.0, 0.0, 0.0, 1.0, 1.0, 0.0, 1.0, 0.0, 1.0, 1.0, 0.0, 1.0, 0.0, 1.0, 1.0, 1.0, 0.0, 0.0, 0.0, 1.0, 0.0, 1.0, 1.0, 0.0, 1.0, 0.0, 1.0, 0.0, 1.0, 1.0, 0.0, 0.0, 0.0, 1.0, 1.0, 1.0, 0.0, 1.0, 0.0, 0.0, 0.0, 1.0, 1.0, 1.0, 0.0, 1.0, 0.0, 0.0, 0.0, 1.0, 1.0, 1.0, 1.0, 0.0, 0.0, 0.0, 1.0, 0.0, 0.0, 0.0, 0.0, 0.0, 0.0, 1.0, 1.0, 0.0, 1.0, 0.0, 1.0, 1.0, 1.0, 1.0, 0.0, 1.0, 1.0, 0.0, 0.0, 1.0, 0.0, 0.0, 1.0, 0.0, 1.0, 0.0]",['lNONMMUG039685'],[1.0],[0],[-0.12769180096356855]
17,"['lNONMMUG000508', 'lNONMMUG002215', 'lNONMMUG002239', 'lNONMMUG009962', 'lNONMMUG013211', 'lNONMMUG017485', 'lNONMMUG017913', 'lNONMMUG020673', 'lNONMMUG023454', 'lNONMMUG026355', 'lNONMMUG029813', 'lNONMMUG030202', 'lNONMMUG033401', 'lNONMMUG034886', 'lNONMMUG038355', 'lNONMMUG039685', 'lNONMMUG041781', 'lNONMMUG045568', 'lNONMMUG045569', 'lNONMMUG045574', 'lENSMUSG00000044471', 'lENSMUSG00000075277', 'lENSMUSG00000078190', 'lENSMUSG00000078247', 'lENSMUSG00000085354', 'lENSMUSG00000085715', 'lENSMUSG00000085873', 'lENSMUSG00000086035', 'lENSMUSG00000086141', 'lENSMUSG00000090063', 'lENSMUSG00000097336', 'lENSMUSG00000097571', 'lENSMUSG00000097767', 'lENSMUSG00000098439', 'lENSMUSG00000101609', 'lENSMUSG00000106519', 'l9030622O22Rik', 'lDlx6os1', 'lDnm3os', 'lGas5', 'lGm12610', 'lMiat', 'lNeat1', 'lNONMMUG002771', 'lNONMMUG004366', 'lNONMMUG007120', 'lNONMMUG008199', 'lNONMMUG009173', 'lNONMMUG009235', 'lNONMMUG010099', 'lNONMMUG012984', 'lNONMMUG013851', 'lNONMMUG014034', 'lNONMMUG017321', 'lNONMMUG017372', 'lNONMMUG019692', 'lNONMMUG020560', 'lNONMMUG021010', 'lNONMMUG023106', 'lNONMMUG024809', 'lNONMMUG025805', 'lNONMMUG029789', 'lNONMMUG031524', 'lNONMMUG031860', 'lNONMMUG032531', 'lNONMMUG033434', 'lNONMMUG034060', 'lNONMMUG035589', 'lNONMMUG036314', 'lNONMMUG036495', 'lNONMMUG038170', 'lNONMMUG038692', 'lNONMMUG038718', 'lNONMMUG039825', 'lNONMMUG041948', 'lNONMMUG042190', 'lNONMMUG043393', 'lNONMMUG043843', 'lNONMMUG044302', 'lNONMMUG045259', 'lENSMUSG00000085908', 'lENSMUSG00000103692', 'lENSMUSG00000106828', 'lENSMUSG00000107766', 'lGm13291', 'lSnord11', 'lSnord67']","[1.0, 0.0, 1.0, 0.0, 0.0, 0.0, 1.0, 1.0, 0.0, 1.0, 0.0, 1.0, 1.0, 0.0, 1.0, 1.0, 1.0, 1.0, 1.0, 0.0, 0.0, 0.0, 1.0, 0.0, 1.0, 1.0, 0.0, 1.0, 0.0, 1.0, 0.0, 1.0, 1.0, 0.0, 0.0, 0.0, 1.0, 1.0, 1.0, 0.0, 1.0, 0.0, 0.0, 0.0, 1.0, 1.0, 1.0, 0.0, 1.0, 0.0, 0.0, 0.0, 1.0, 1.0, 1.0, 1.0, 0.0, 0.0, 0.0, 1.0, 0.0, 0.0, 0.0, 0.0, 0.0, 0.0, 1.0, 1.0, 0.0, 1.0, 0.0, 1.0, 1.0, 1.0, 1.0, 0.0, 1.0, 1.0, 0.0, 0.0, 1.0, 0.0, 0.0, 1.0, 0.0, 1.0, 0.0]",['lNONMMUG041158'],[0.0],[1],[0.16133648028130074]
18,"['lNONMMUG000508', 'lNONMMUG002215', 'lNONMMUG002239', 'lNONMMUG009962', 'lNONMMUG013211', 'lNONMMUG017485', 'lNONMMUG017913', 'lNONMMUG020673', 'lNONMMUG023454', 'lNONMMUG026355', 'lNONMMUG029813', 'lNONMMUG030202', 'lNONMMUG033401', 'lNONMMUG034886', 'lNONMMUG038355', 'lNONMMUG039685', 'lNONMMUG041158', 'lNONMMUG045568', 'lNONMMUG045569', 'lNONMMUG045574', 'lENSMUSG00000044471', 'lENSMUSG00000075277', 'lENSMUSG00000078190', 'lENSMUSG00000078247', 'lENSMUSG00000085354', 'lENSMUSG00000085715', 'lENSMUSG00000085873', 'lENSMUSG00000086035', 'lENSMUSG00000086141', 'lENSMUSG00000090063', 'lENSMUSG00000097336', 'lENSMUSG00000097571', 'lENSMUSG00000097767', 'lENSMUSG00000098439', 'lENSMUSG00000101609', 'lENSMUSG00000106519', 'l9030622O22Rik', 'lDlx6os1', 'lDnm3os', 'lGas5', 'lGm12610', 'lMiat', 'lNeat1', 'lNONMMUG002771', 'lNONMMUG004366', 'lNONMMUG007120', 'lNONMMUG008199', 'lNONMMUG009173', 'lNONMMUG009235', 'lNONMMUG010099', 'lNONMMUG012984', 'lNONMMUG013851', 'lNONMMUG014034', 'lNONMMUG017321', 'lNONMMUG017372', 'lNONMMUG019692', 'lNONMMUG020560', 'lNONMMUG021010', 'lNONMMUG023106', 'lNONMMUG024809', 'lNONMMUG025805', 'lNONMMUG029789', 'lNONMMUG031524', 'lNONMMUG031860', 'lNONMMUG032531', 'lNONMMUG033434', 'lNONMMUG034060', 'lNONMMUG035589', 'lNONMMUG036314', 'lNONMMUG036495', 'lNONMMUG038170', 'lNONMMUG038692', 'lNONMMUG038718', 'lNONMMUG039825', 'lNONMMUG041948', 'lNONMMUG042190', 'lNONMMUG043393', 'lNONMMUG043843', 'lNONMMUG044302', 'lNONMMUG045259', 'lENSMUSG00000085908', 'lENSMUSG00000103692', 'lENSMUSG00000106828', 'lENSMUSG00000107766', 'lGm13291', 'lSnord11', 'lSnord67']","[1.0, 0.0, 1.0, 0.0, 0.0, 0.0, 1.0, 1.0, 0.0, 1.0, 0.0, 1.0, 1.0, 0.0, 1.0, 1.0, 0.0, 1.0, 1.0, 0.0, 0.0, 0.0, 1.0, 0.0, 1.0, 1.0, 0.0, 1.0, 0.0, 1.0, 0.0, 1.0, 1.0, 0.0, 0.0, 0.0, 1.0, 1.0, 1.0, 0.0, 1.0, 0.0, 0.0, 0.0, 1.0, 1.0, 1.0, 0.0, 1.0, 0.0, 0.0, 0.0, 1.0, 1.0, 1.0, 1.0, 0.0, 0.0, 0.0, 1.0, 0.0, 0.0, 0.0, 0.0, 0.0, 0.0, 1.0, 1.0, 0.0, 1.0, 0.0, 1.0, 1.0, 1.0, 1.0, 0.0, 1.0, 1.0, 0.0, 0.0, 1.0, 0.0, 0.0, 1.0, 0.0, 1.0, 0.0]",['lNONMMUG041781'],[1.0],[0],[-0.4339004352577912]
19,"['lNONMMUG000508', 'lNONMMUG002215', 'lNONMMUG002239', 'lNONMMUG009962', 'lNONMMUG013211', 'lNONMMUG017485', 'lNONMMUG017913', 'lNONMMUG020673', 'lNONMMUG023454', 'lNONMMUG026355', 'lNONMMUG029813', 'lNONMMUG030202', 'lNONMMUG033401', 'lNONMMUG034886', 'lNONMMUG038355', 'lNONMMUG039685', 'lNONMMUG041158', 'lNONMMUG041781', 'lNONMMUG045569', 'lNONMMUG045574', 'lENSMUSG00000044471', 'lENSMUSG00000075277', 'lENSMUSG00000078190', 'lENSMUSG00000078247', 'lENSMUSG00000085354', 'lENSMUSG00000085715', 'lENSMUSG00000085873', 'lENSMUSG00000086035', 'lENSMUSG00000086141', 'lENSMUSG00000090063', 'lENSMUSG00000097336', 'lENSMUSG00000097571', 'lENSMUSG00000097767', 'lENSMUSG00000098439', 'lENSMUSG00000101609', 'lENSMUSG00000106519', 'l9030622O22Rik', 'lDlx6os1', 'lDnm3os', 'lGas5', 'lGm12610', 'lMiat', 'lNeat1', 'lNONMMUG002771', 'lNONMMUG004366', 'lNONMMUG007120', 'lNONMMUG008199', 'lNONMMUG009173', 'lNONMMUG009235', 'lNONMMUG010099', 'lNONMMUG012984', 'lNONMMUG013851', 'lNONMMUG014034', 'lNONMMUG017321', 'lNONMMUG017372', 'lNONMMUG019692', 'lNONMMUG020560', 'lNONMMUG021010', 'lNONMMUG023106', 'lNONMMUG024809', 'lNONMMUG025805', 'lNONMMUG029789', 'lNONMMUG031524', 'lNONMMUG031860', 'lNONMMUG032531', 'lNONMMUG033434', 'lNONMMUG034060', 'lNONMMUG035589', 'lNONMMUG036314', 'lNONMMUG036495', 'lNONMMUG038170', 'lNONMMUG038692', 'lNONMMUG038718', 'lNONMMUG039825', 'lNONMMUG041948', 'lNONMMUG042190', 'lNONMMUG043393', 'lNONMMUG043843', 'lNONMMUG044302', 'lNONMMUG045259', 'lENSMUSG00000085908', 'lENSMUSG00000103692', 'lENSMUSG00000106828', 'lENSMUSG00000107766', 'lGm13291', 'lSnord11', 'lSnord67']","[1.0, 0.0, 1.0, 0.0, 0.0, 0.0, 1.0, 1.0, 0.0, 1.0, 0.0, 1.0, 1.0, 0.0, 1.0, 1.0, 0.0, 1.0, 1.0, 0.0, 0.0, 0.0, 1.0, 0.0, 1.0, 1.0, 0.0, 1.0, 0.0, 1.0, 0.0, 1.0, 1.0, 0.0, 0.0, 0.0, 1.0, 1.0, 1.0, 0.0, 1.0, 0.0, 0.0, 0.0, 1.0, 1.0, 1.0, 0.0, 1.0, 0.0, 0.0, 0.0, 1.0, 1.0, 1.0, 1.0, 0.0, 0.0, 0.0, 1.0, 0.0, 0.0, 0.0, 0.0, 0.0, 0.0, 1.0, 1.0, 0.0, 1.0, 0.0, 1.0, 1.0, 1.0, 1.0, 0.0, 1.0, 1.0, 0.0, 0.0, 1.0, 0.0, 0.0, 1.0, 0.0, 1.0, 0.0]",['lNONMMUG045568'],[1.0],[1],[0.7224244029652519]
20,"['lNONMMUG000508', 'lNONMMUG002215', 'lNONMMUG002239', 'lNONMMUG009962', 'lNONMMUG013211', 'lNONMMUG017485', 'lNONMMUG017913', 'lNONMMUG020673', 'lNONMMUG023454', 'lNONMMUG026355', 'lNONMMUG029813', 'lNONMMUG030202', 'lNONMMUG033401', 'lNONMMUG034886', 'lNONMMUG038355', 'lNONMMUG039685', 'lNONMMUG041158', 'lNONMMUG041781', 'lNONMMUG045568', 'lNONMMUG045574', 'lENSMUSG00000044471', 'lENSMUSG00000075277', 'lENSMUSG00000078190', 'lENSMUSG00000078247', 'lENSMUSG00000085354', 'lENSMUSG00000085715', 'lENSMUSG00000085873', 'lENSMUSG00000086035', 'lENSMUSG00000086141', 'lENSMUSG00000090063', 'lENSMUSG00000097336', 'lENSMUSG00000097571', 'lENSMUSG00000097767', 'lENSMUSG00000098439', 'lENSMUSG00000101609', 'lENSMUSG00000106519', 'l9030622O22Rik', 'lDlx6os1', 'lDnm3os', 'lGas5', 'lGm12610', 'lMiat', 'lNeat1', 'lNONMMUG002771', 'lNONMMUG004366', 'lNONMMUG007120', 'lNONMMUG008199', 'lNONMMUG009173', 'lNONMMUG009235', 'lNONMMUG010099', 'lNONMMUG012984', 'lNONMMUG013851', 'lNONMMUG014034', 'lNONMMUG017321', 'lNONMMUG017372', 'lNONMMUG019692', 'lNONMMUG020560', 'lNONMMUG021010', 'lNONMMUG023106', 'lNONMMUG024809', 'lNONMMUG025805', 'lNONMMUG029789', 'lNONMMUG031524', 'lNONMMUG031860', 'lNONMMUG032531', 'lNONMMUG033434', 'lNONMMUG034060', 'lNONMMUG035589', 'lNONMMUG036314', 'lNONMMUG036495', 'lNONMMUG038170', 'lNONMMUG038692', 'lNONMMUG038718', 'lNONMMUG039825', 'lNONMMUG041948', 'lNONMMUG042190', 'lNONMMUG043393', 'lNONMMUG043843', 'lNONMMUG044302', 'lNONMMUG045259', 'lENSMUSG00000085908', 'lENSMUSG00000103692', 'lENSMUSG00000106828', 'lENSMUSG00000107766', 'lGm13291', 'lSnord11', 'lSnord67']","[1.0, 0.0, 1.0, 0.0, 0.0, 0.0, 1.0, 1.0, 0.0, 1.0, 0.0, 1.0, 1.0, 0.0, 1.0, 1.0, 0.0, 1.0, 1.0, 0.0, 0.0, 0.0, 1.0, 0.0, 1.0, 1.0, 0.0, 1.0, 0.0, 1.0, 0.0, 1.0, 1.0, 0.0, 0.0, 0.0, 1.0, 1.0, 1.0, 0.0, 1.0, 0.0, 0.0, 0.0, 1.0, 1.0, 1.0, 0.0, 1.0, 0.0, 0.0, 0.0, 1.0, 1.0, 1.0, 1.0, 0.0, 0.0, 0.0, 1.0, 0.0, 0.0, 0.0, 0.0, 0.0, 0.0, 1.0, 1.0, 0.0, 1.0, 0.0, 1.0, 1.0, 1.0, 1.0, 0.0, 1.0, 1.0, 0.0, 0.0, 1.0, 0.0, 0.0, 1.0, 0.0, 1.0, 0.0]",['lNONMMUG045569'],[1.0],[1],[0.13615324935536283]
21,"['lNONMMUG000508', 'lNONMMUG002215', 'lNONMMUG002239', 'lNONMMUG009962', 'lNONMMUG013211', 'lNONMMUG017485', 'lNONMMUG017913', 'lNONMMUG020673', 'lNONMMUG023454', 'lNONMMUG026355', 'lNONMMUG029813', 'lNONMMUG030202', 'lNONMMUG033401', 'lNONMMUG034886', 'lNONMMUG038355', 'lNONMMUG039685', 'lNONMMUG041158', 'lNONMMUG041781', 'lNONMMUG045568', 'lNONMMUG045569', 'lENSMUSG00000044471', 'lENSMUSG00000075277', 'lENSMUSG00000078190', 'lENSMUSG00000078247', 'lENSMUSG00000085354', 'lENSMUSG00000085715', 'lENSMUSG00000085873', 'lENSMUSG00000086035', 'lENSMUSG00000086141', 'lENSMUSG00000090063', 'lENSMUSG00000097336', 'lENSMUSG00000097571', 'lENSMUSG00000097767', 'lENSMUSG00000098439', 'lENSMUSG00000101609', 'lENSMUSG00000106519', 'l9030622O22Rik', 'lDlx6os1', 'lDnm3os', 'lGas5', 'lGm12610', 'lMiat', 'lNeat1', 'lNONMMUG002771', 'lNONMMUG004366', 'lNONMMUG007120', 'lNONMMUG008199', 'lNONMMUG009173', 'lNONMMUG009235', 'lNONMMUG010099', 'lNONMMUG012984', 'lNONMMUG013851', 'lNONMMUG014034', 'lNONMMUG017321', 'lNONMMUG017372', 'lNONMMUG019692', 'lNONMMUG020560', 'lNONMMUG021010', 'lNONMMUG023106', 'lNONMMUG024809', 'lNONMMUG025805', 'lNONMMUG029789', 'lNONMMUG031524', 'lNONMMUG031860', 'lNONMMUG032531', 'lNONMMUG033434', 'lNONMMUG034060', 'lNONMMUG035589', 'lNONMMUG036314', 'lNONMMUG036495', 'lNONMMUG038170', 'lNONMMUG038692', 'lNONMMUG038718', 'lNONMMUG039825', 'lNONMMUG041948', 'lNONMMUG042190', 'lNONMMUG043393', 'lNONMMUG043843', 'lNONMMUG044302', 'lNONMMUG045259', 'lENSMUSG00000085908', 'lENSMUSG00000103692', 'lENSMUSG00000106828', 'lENSMUSG00000107766', 'lGm13291', 'lSnord11', 'lSnord67']","[1.0, 0.0, 1.0, 0.0, 0.0, 0.0, 1.0, 1.0, 0.0, 1.0, 0.0, 1.0, 1.0, 0.0, 1.0, 1.0, 0.0, 1.0, 1.0, 1.0, 0.0, 0.0, 1.0, 0.0, 1.0, 1.0, 0.0, 1.0, 0.0, 1.0, 0.0, 1.0, 1.0, 0.0, 0.0, 0.0, 1.0, 1.0, 1.0, 0.0, 1.0, 0.0, 0.0, 0.0, 1.0, 1.0, 1.0, 0.0, 1.0, 0.0, 0.0, 0.0, 1.0, 1.0, 1.0, 1.0, 0.0, 0.0, 0.0, 1.0, 0.0, 0.0, 0.0, 0.0, 0.0, 0.0, 1.0, 1.0, 0.0, 1.0, 0.0, 1.0, 1.0, 1.0, 1.0, 0.0, 1.0, 1.0, 0.0, 0.0, 1.0, 0.0, 0.0, 1.0, 0.0, 1.0, 0.0]",['lNONMMUG045574'],[0.0],[1],[0.7258545480168346]
22,"['lNONMMUG000508', 'lNONMMUG002215', 'lNONMMUG002239', 'lNONMMUG009962', 'lNONMMUG013211', 'lNONMMUG017485', 'lNONMMUG017913', 'lNONMMUG020673', 'lNONMMUG023454', 'lNONMMUG026355', 'lNONMMUG029813', 'lNONMMUG030202', 'lNONMMUG033401', 'lNONMMUG034886', 'lNONMMUG038355', 'lNONMMUG039685', 'lNONMMUG041158', 'lNONMMUG041781', 'lNONMMUG045568', 'lNONMMUG045569', 'lNONMMUG045574', 'lENSMUSG00000075277', 'lENSMUSG00000078190', 'lENSMUSG00000078247', 'lENSMUSG00000085354', 'lENSMUSG00000085715', 'lENSMUSG00000085873', 'lENSMUSG00000086035', 'lENSMUSG00000086141', 'lENSMUSG00000090063', 'lENSMUSG00000097336', 'lENSMUSG00000097571', 'lENSMUSG00000097767', 'lENSMUSG00000098439', 'lENSMUSG00000101609', 'lENSMUSG00000106519', 'l9030622O22Rik', 'lDlx6os1', 'lDnm3os', 'lGas5', 'lGm12610', 'lMiat', 'lNeat1', 'lNONMMUG002771', 'lNONMMUG004366', 'lNONMMUG007120', 'lNONMMUG008199', 'lNONMMUG009173', 'lNONMMUG009235', 'lNONMMUG010099', 'lNONMMUG012984', 'lNONMMUG013851', 'lNONMMUG014034', 'lNONMMUG017321', 'lNONMMUG017372', 'lNONMMUG019692', 'lNONMMUG020560', 'lNONMMUG021010', 'lNONMMUG023106', 'lNONMMUG024809', 'lNONMMUG025805', 'lNONMMUG029789', 'lNONMMUG031524', 'lNONMMUG031860', 'lNONMMUG032531', 'lNONMMUG033434', 'lNONMMUG034060', 'lNONMMUG035589', 'lNONMMUG036314', 'lNONMMUG036495', 'lNONMMUG038170', 'lNONMMUG038692', 'lNONMMUG038718', 'lNONMMUG039825', 'lNONMMUG041948', 'lNONMMUG042190', 'lNONMMUG043393', 'lNONMMUG043843', 'lNONMMUG044302', 'lNONMMUG045259', 'lENSMUSG00000085908', 'lENSMUSG00000103692', 'lENSMUSG00000106828', 'lENSMUSG00000107766', 'lGm13291', 'lSnord11', 'lSnord67']","[1.0, 0.0, 1.0, 0.0, 0.0, 0.0, 1.0, 1.0, 0.0, 1.0, 0.0, 1.0, 1.0, 0.0, 1.0, 1.0, 0.0, 1.0, 1.0, 1.0, 0.0, 0.0, 1.0, 0.0, 1.0, 1.0, 0.0, 1.0, 0.0, 1.0, 0.0, 1.0, 1.0, 0.0, 0.0, 0.0, 1.0, 1.0, 1.0, 0.0, 1.0, 0.0, 0.0, 0.0, 1.0, 1.0, 1.0, 0.0, 1.0, 0.0, 0.0, 0.0, 1.0, 1.0, 1.0, 1.0, 0.0, 0.0, 0.0, 1.0, 0.0, 0.0, 0.0, 0.0, 0.0, 0.0, 1.0, 1.0, 0.0, 1.0, 0.0, 1.0, 1.0, 1.0, 1.0, 0.0, 1.0, 1.0, 0.0, 0.0, 1.0, 0.0, 0.0, 1.0, 0.0, 1.0, 0.0]",['lENSMUSG00000044471'],[0.0],[0],[-1.4380077245226321]
23,"['lNONMMUG000508', 'lNONMMUG002215', 'lNONMMUG002239', 'lNONMMUG009962', 'lNONMMUG013211', 'lNONMMUG017485', 'lNONMMUG017913', 'lNONMMUG020673', 'lNONMMUG023454', 'lNONMMUG026355', 'lNONMMUG029813', 'lNONMMUG030202', 'lNONMMUG033401', 'lNONMMUG034886', 'lNONMMUG038355', 'lNONMMUG039685', 'lNONMMUG041158', 'lNONMMUG041781', 'lNONMMUG045568', 'lNONMMUG045569', 'lNONMMUG045574', 'lENSMUSG00000044471', 'lENSMUSG00000078190', 'lENSMUSG00000078247', 'lENSMUSG00000085354', 'lENSMUSG00000085715', 'lENSMUSG00000085873', 'lENSMUSG00000086035', 'lENSMUSG00000086141', 'lENSMUSG00000090063', 'lENSMUSG00000097336', 'lENSMUSG00000097571', 'lENSMUSG00000097767', 'lENSMUSG00000098439', 'lENSMUSG00000101609', 'lENSMUSG00000106519', 'l9030622O22Rik', 'lDlx6os1', 'lDnm3os', 'lGas5', 'lGm12610', 'lMiat', 'lNeat1', 'lNONMMUG002771', 'lNONMMUG004366', 'lNONMMUG007120', 'lNONMMUG008199', 'lNONMMUG009173', 'lNONMMUG009235', 'lNONMMUG010099', 'lNONMMUG012984', 'lNONMMUG013851', 'lNONMMUG014034', 'lNONMMUG017321', 'lNONMMUG017372', 'lNONMMUG019692', 'lNONMMUG020560', 'lNONMMUG021010', 'lNONMMUG023106', 'lNONMMUG024809', 'lNONMMUG025805', 'lNONMMUG029789', 'lNONMMUG031524', 'lNONMMUG031860', 'lNONMMUG032531', 'lNONMMUG033434', 'lNONMMUG034060', 'lNONMMUG035589', 'lNONMMUG036314', 'lNONMMUG036495', 'lNONMMUG038170', 'lNONMMUG038692', 'lNONMMUG038718', 'lNONMMUG039825', 'lNONMMUG041948', 'lNONMMUG042190', 'lNONMMUG043393', 'lNONMMUG043843', 'lNONMMUG044302', 'lNONMMUG045259', 'lENSMUSG00000085908', 'lENSMUSG00000103692', 'lENSMUSG00000106828', 'lENSMUSG00000107766', 'lGm13291', 'lSnord11', 'lSnord67']","[1.0, 0.0, 1.0, 0.0, 0.0, 0.0, 1.0, 1.0, 0.0, 1.0, 0.0, 1.0, 1.0, 0.0, 1.0, 1.0, 0.0, 1.0, 1.0, 1.0, 0.0, 0.0, 1.0, 0.0, 1.0, 1.0, 0.0, 1.0, 0.0, 1.0, 0.0, 1.0, 1.0, 0.0, 0.0, 0.0, 1.0, 1.0, 1.0, 0.0, 1.0, 0.0, 0.0, 0.0, 1.0, 1.0, 1.0, 0.0, 1.0, 0.0, 0.0, 0.0, 1.0, 1.0, 1.0, 1.0, 0.0, 0.0, 0.0, 1.0, 0.0, 0.0, 0.0, 0.0, 0.0, 0.0, 1.0, 1.0, 0.0, 1.0, 0.0, 1.0, 1.0, 1.0, 1.0, 0.0, 1.0, 1.0, 0.0, 0.0, 1.0, 0.0, 0.0, 1.0, 0.0, 1.0, 0.0]",['lENSMUSG00000075277'],[0.0],[1],[0.6872491174847304]
24,"['lNONMMUG000508', 'lNONMMUG002215', 'lNONMMUG002239', 'lNONMMUG009962', 'lNONMMUG013211', 'lNONMMUG017485', 'lNONMMUG017913', 'lNONMMUG020673', 'lNONMMUG023454', 'lNONMMUG026355', 'lNONMMUG029813', 'lNONMMUG030202', 'lNONMMUG033401', 'lNONMMUG034886', 'lNONMMUG038355', 'lNONMMUG039685', 'lNONMMUG041158', 'lNONMMUG041781', 'lNONMMUG045568', 'lNONMMUG045569', 'lNONMMUG045574', 'lENSMUSG00000044471', 'lENSMUSG00000075277', 'lENSMUSG00000078247', 'lENSMUSG00000085354', 'lENSMUSG00000085715', 'lENSMUSG00000085873', 'lENSMUSG00000086035', 'lENSMUSG00000086141', 'lENSMUSG00000090063', 'lENSMUSG00000097336', 'lENSMUSG00000097571', 'lENSMUSG00000097767', 'lENSMUSG00000098439', 'lENSMUSG00000101609', 'lENSMUSG00000106519', 'l9030622O22Rik', 'lDlx6os1', 'lDnm3os', 'lGas5', 'lGm12610', 'lMiat', 'lNeat1', 'lNONMMUG002771', 'lNONMMUG004366', 'lNONMMUG007120', 'lNONMMUG008199', 'lNONMMUG009173', 'lNONMMUG009235', 'lNONMMUG010099', 'lNONMMUG012984', 'lNONMMUG013851', 'lNONMMUG014034', 'lNONMMUG017321', 'lNONMMUG017372', 'lNONMMUG019692', 'lNONMMUG020560', 'lNONMMUG021010', 'lNONMMUG023106', 'lNONMMUG024809', 'lNONMMUG025805', 'lNONMMUG029789', 'lNONMMUG031524', 'lNONMMUG031860', 'lNONMMUG032531', 'lNONMMUG033434', 'lNONMMUG034060', 'lNONMMUG035589', 'lNONMMUG036314', 'lNONMMUG036495', 'lNONMMUG038170', 'lNONMMUG038692', 'lNONMMUG038718', 'lNONMMUG039825', 'lNONMMUG041948', 'lNONMMUG042190', 'lNONMMUG043393', 'lNONMMUG043843', 'lNONMMUG044302', 'lNONMMUG045259', 'lENSMUSG00000085908', 'lENSMUSG00000103692', 'lENSMUSG00000106828', 'lENSMUSG00000107766', 'lGm13291', 'lSnord11', 'lSnord67']","[1.0, 0.0, 1.0, 0.0, 0.0, 0.0, 1.0, 1.0, 0.0, 1.0, 0.0, 1.0, 1.0, 0.0, 1.0, 1.0, 0.0, 1.0, 1.0, 1.0, 0.0, 0.0, 0.0, 0.0, 1.0, 1.0, 0.0, 1.0, 0.0, 1.0, 0.0, 1.0, 1.0, 0.0, 0.0, 0.0, 1.0, 1.0, 1.0, 0.0, 1.0, 0.0, 0.0, 0.0, 1.0, 1.0, 1.0, 0.0, 1.0, 0.0, 0.0, 0.0, 1.0, 1.0, 1.0, 1.0, 0.0, 0.0, 0.0, 1.0, 0.0, 0.0, 0.0, 0.0, 0.0, 0.0, 1.0, 1.0, 0.0, 1.0, 0.0, 1.0, 1.0, 1.0, 1.0, 0.0, 1.0, 1.0, 0.0, 0.0, 1.0, 0.0, 0.0, 1.0, 0.0, 1.0, 0.0]",['lENSMUSG00000078190'],[1.0],[1],[0.9379450818781394]
25,"['lNONMMUG000508', 'lNONMMUG002215', 'lNONMMUG002239', 'lNONMMUG009962', 'lNONMMUG013211', 'lNONMMUG017485', 'lNONMMUG017913', 'lNONMMUG020673', 'lNONMMUG023454', 'lNONMMUG026355', 'lNONMMUG029813', 'lNONMMUG030202', 'lNONMMUG033401', 'lNONMMUG034886', 'lNONMMUG038355', 'lNONMMUG039685', 'lNONMMUG041158', 'lNONMMUG041781', 'lNONMMUG045568', 'lNONMMUG045569', 'lNONMMUG045574', 'lENSMUSG00000044471', 'lENSMUSG00000075277', 'lENSMUSG00000078190', 'lENSMUSG00000085354', 'lENSMUSG00000085715', 'lENSMUSG00000085873', 'lENSMUSG00000086035', 'lENSMUSG00000086141', 'lENSMUSG00000090063', 'lENSMUSG00000097336', 'lENSMUSG00000097571', 'lENSMUSG00000097767', 'lENSMUSG00000098439', 'lENSMUSG00000101609', 'lENSMUSG00000106519', 'l9030622O22Rik', 'lDlx6os1', 'lDnm3os', 'lGas5', 'lGm12610', 'lMiat', 'lNeat1', 'lNONMMUG002771', 'lNONMMUG004366', 'lNONMMUG007120', 'lNONMMUG008199', 'lNONMMUG009173', 'lNONMMUG009235', 'lNONMMUG010099', 'lNONMMUG012984', 'lNONMMUG013851', 'lNONMMUG014034', 'lNONMMUG017321', 'lNONMMUG017372', 'lNONMMUG019692', 'lNONMMUG020560', 'lNONMMUG021010', 'lNONMMUG023106', 'lNONMMUG024809', 'lNONMMUG025805', 'lNONMMUG029789', 'lNONMMUG031524', 'lNONMMUG031860', 'lNONMMUG032531', 'lNONMMUG033434', 'lNONMMUG034060', 'lNONMMUG035589', 'lNONMMUG036314', 'lNONMMUG036495', 'lNONMMUG038170', 'lNONMMUG038692', 'lNONMMUG038718', 'lNONMMUG039825', 'lNONMMUG041948', 'lNONMMUG042190', 'lNONMMUG043393', 'lNONMMUG043843', 'lNONMMUG044302', 'lNONMMUG045259', 'lENSMUSG00000085908', 'lENSMUSG00000103692', 'lENSMUSG00000106828', 'lENSMUSG00000107766', 'lGm13291', 'lSnord11', 'lSnord67']","[1.0, 0.0, 1.0, 0.0, 0.0, 0.0, 1.0, 1.0, 0.0, 1.0, 0.0, 1.0, 1.0, 0.0, 1.0, 1.0, 0.0, 1.0, 1.0, 1.0, 0.0, 0.0, 0.0, 1.0, 1.0, 1.0, 0.0, 1.0, 0.0, 1.0, 0.0, 1.0, 1.0, 0.0, 0.0, 0.0, 1.0, 1.0, 1.0, 0.0, 1.0, 0.0, 0.0, 0.0, 1.0, 1.0, 1.0, 0.0, 1.0, 0.0, 0.0, 0.0, 1.0, 1.0, 1.0, 1.0, 0.0, 0.0, 0.0, 1.0, 0.0, 0.0, 0.0, 0.0, 0.0, 0.0, 1.0, 1.0, 0.0, 1.0, 0.0, 1.0, 1.0, 1.0, 1.0, 0.0, 1.0, 1.0, 0.0, 0.0, 1.0, 0.0, 0.0, 1.0, 0.0, 1.0, 0.0]",['lENSMUSG00000078247'],[0.0],[0],[-0.011332552787090083]
26,"['lNONMMUG000508', 'lNONMMUG002215', 'lNONMMUG002239', 'lNONMMUG009962', 'lNONMMUG013211', 'lNONMMUG017485', 'lNONMMUG017913', 'lNONMMUG020673', 'lNONMMUG023454', 'lNONMMUG026355', 'lNONMMUG029813', 'lNONMMUG030202', 'lNONMMUG033401', 'lNONMMUG034886', 'lNONMMUG038355', 'lNONMMUG039685', 'lNONMMUG041158', 'lNONMMUG041781', 'lNONMMUG045568', 'lNONMMUG045569', 'lNONMMUG045574', 'lENSMUSG00000044471', 'lENSMUSG00000075277', 'lENSMUSG00000078190', 'lENSMUSG00000078247', 'lENSMUSG00000085715', 'lENSMUSG00000085873', 'lENSMUSG00000086035', 'lENSMUSG00000086141', 'lENSMUSG00000090063', 'lENSMUSG00000097336', 'lENSMUSG00000097571', 'lENSMUSG00000097767', 'lENSMUSG00000098439', 'lENSMUSG00000101609', 'lENSMUSG00000106519', 'l9030622O22Rik', 'lDlx6os1', 'lDnm3os', 'lGas5', 'lGm12610', 'lMiat', 'lNeat1', 'lNONMMUG002771', 'lNONMMUG004366', 'lNONMMUG007120', 'lNONMMUG008199', 'lNONMMUG009173', 'lNONMMUG009235', 'lNONMMUG010099', 'lNONMMUG012984', 'lNONMMUG013851', 'lNONMMUG014034', 'lNONMMUG017321', 'lNONMMUG017372', 'lNONMMUG019692', 'lNONMMUG020560', 'lNONMMUG021010', 'lNONMMUG023106', 'lNONMMUG024809', 'lNONMMUG025805', 'lNONMMUG029789', 'lNONMMUG031524', 'lNONMMUG031860', 'lNONMMUG032531', 'lNONMMUG033434', 'lNONMMUG034060', 'lNONMMUG035589', 'lNONMMUG036314', 'lNONMMUG036495', 'lNONMMUG038170', 'lNONMMUG038692', 'lNONMMUG038718', 'lNONMMUG039825', 'lNONMMUG041948', 'lNONMMUG042190', 'lNONMMUG043393', 'lNONMMUG043843', 'lNONMMUG044302', 'lNONMMUG045259', 'lENSMUSG00000085908', 'lENSMUSG00000103692', 'lENSMUSG00000106828', 'lENSMUSG00000107766', 'lGm13291', 'lSnord11', 'lSnord67']","[1.0, 0.0, 1.0, 0.0, 0.0, 0.0, 1.0, 1.0, 0.0, 1.0, 0.0, 1.0, 1.0, 0.0, 1.0, 1.0, 0.0, 1.0, 1.0, 1.0, 0.0, 0.0, 0.0, 1.0, 0.0, 1.0, 0.0, 1.0, 0.0, 1.0, 0.0, 1.0, 1.0, 0.0, 0.0, 0.0, 1.0, 1.0, 1.0, 0.0, 1.0, 0.0, 0.0, 0.0, 1.0, 1.0, 1.0, 0.0, 1.0, 0.0, 0.0, 0.0, 1.0, 1.0, 1.0, 1.0, 0.0, 0.0, 0.0, 1.0, 0.0, 0.0, 0.0, 0.0, 0.0, 0.0, 1.0, 1.0, 0.0, 1.0, 0.0, 1.0, 1.0, 1.0, 1.0, 0.0, 1.0, 1.0, 0.0, 0.0, 1.0, 0.0, 0.0, 1.0, 0.0, 1.0, 0.0]",['lENSMUSG00000085354'],[1.0],[1],[0.28452766904744686]
27,"['lNONMMUG000508', 'lNONMMUG002215', 'lNONMMUG002239', 'lNONMMUG009962', 'lNONMMUG013211', 'lNONMMUG017485', 'lNONMMUG017913', 'lNONMMUG020673', 'lNONMMUG023454', 'lNONMMUG026355', 'lNONMMUG029813', 'lNONMMUG030202', 'lNONMMUG033401', 'lNONMMUG034886', 'lNONMMUG038355', 'lNONMMUG039685', 'lNONMMUG041158', 'lNONMMUG041781', 'lNONMMUG045568', 'lNONMMUG045569', 'lNONMMUG045574', 'lENSMUSG00000044471', 'lENSMUSG00000075277', 'lENSMUSG00000078190', 'lENSMUSG00000078247', 'lENSMUSG00000085354', 'lENSMUSG00000085873', 'lENSMUSG00000086035', 'lENSMUSG00000086141', 'lENSMUSG00000090063', 'lENSMUSG00000097336', 'lENSMUSG00000097571', 'lENSMUSG00000097767', 'lENSMUSG00000098439', 'lENSMUSG00000101609', 'lENSMUSG00000106519', 'l9030622O22Rik', 'lDlx6os1', 'lDnm3os', 'lGas5', 'lGm12610', 'lMiat', 'lNeat1', 'lNONMMUG002771', 'lNONMMUG004366', 'lNONMMUG007120', 'lNONMMUG008199', 'lNONMMUG009173', 'lNONMMUG009235', 'lNONMMUG010099', 'lNONMMUG012984', 'lNONMMUG013851', 'lNONMMUG014034', 'lNONMMUG017321', 'lNONMMUG017372', 'lNONMMUG019692', 'lNONMMUG020560', 'lNONMMUG021010', 'lNONMMUG023106', 'lNONMMUG024809', 'lNONMMUG025805', 'lNONMMUG029789', 'lNONMMUG031524', 'lNONMMUG031860', 'lNONMMUG032531', 'lNONMMUG033434', 'lNONMMUG034060', 'lNONMMUG035589', 'lNONMMUG036314', 'lNONMMUG036495', 'lNONMMUG038170', 'lNONMMUG038692', 'lNONMMUG038718', 'lNONMMUG039825', 'lNONMMUG041948', 'lNONMMUG042190', 'lNONMMUG043393', 'lNONMMUG043843', 'lNONMMUG044302', 'lNONMMUG045259', 'lENSMUSG00000085908', 'lENSMUSG00000103692', 'lENSMUSG00000106828', 'lENSMUSG00000107766', 'lGm13291', 'lSnord11', 'lSnord67']","[1.0, 0.0, 1.0, 0.0, 0.0, 0.0, 1.0, 1.0, 0.0, 1.0, 0.0, 1.0, 1.0, 0.0, 1.0, 1.0, 0.0, 1.0, 1.0, 1.0, 0.0, 0.0, 0.0, 1.0, 0.0, 1.0, 0.0, 1.0, 0.0, 1.0, 0.0, 1.0, 1.0, 0.0, 0.0, 0.0, 1.0, 1.0, 1.0, 0.0, 1.0, 0.0, 0.0, 0.0, 1.0, 1.0, 1.0, 0.0, 1.0, 0.0, 0.0, 0.0, 1.0, 1.0, 1.0, 1.0, 0.0, 0.0, 0.0, 1.0, 0.0, 0.0, 0.0, 0.0, 0.0, 0.0, 1.0, 1.0, 0.0, 1.0, 0.0, 1.0, 1.0, 1.0, 1.0, 0.0, 1.0, 1.0, 0.0, 0.0, 1.0, 0.0, 0.0, 1.0, 0.0, 1.0, 0.0]",['lENSMUSG00000085715'],[1.0],[1],[1.0585911557612762]
28,"['lNONMMUG000508', 'lNONMMUG002215', 'lNONMMUG002239', 'lNONMMUG009962', 'lNONMMUG013211', 'lNONMMUG017485', 'lNONMMUG017913', 'lNONMMUG020673', 'lNONMMUG023454', 'lNONMMUG026355', 'lNONMMUG029813', 'lNONMMUG030202', 'lNONMMUG033401', 'lNONMMUG034886', 'lNONMMUG038355', 'lNONMMUG039685', 'lNONMMUG041158', 'lNONMMUG041781', 'lNONMMUG045568', 'lNONMMUG045569', 'lNONMMUG045574', 'lENSMUSG00000044471', 'lENSMUSG00000075277', 'lENSMUSG00000078190', 'lENSMUSG00000078247', 'lENSMUSG00000085354', 'lENSMUSG00000085715', 'lENSMUSG00000086035', 'lENSMUSG00000086141', 'lENSMUSG00000090063', 'lENSMUSG00000097336', 'lENSMUSG00000097571', 'lENSMUSG00000097767', 'lENSMUSG00000098439', 'lENSMUSG00000101609', 'lENSMUSG00000106519', 'l9030622O22Rik', 'lDlx6os1', 'lDnm3os', 'lGas5', 'lGm12610', 'lMiat', 'lNeat1', 'lNONMMUG002771', 'lNONMMUG004366', 'lNONMMUG007120', 'lNONMMUG008199', 'lNONMMUG009173', 'lNONMMUG009235', 'lNONMMUG010099', 'lNONMMUG012984', 'lNONMMUG013851', 'lNONMMUG014034', 'lNONMMUG017321', 'lNONMMUG017372', 'lNONMMUG019692', 'lNONMMUG020560', 'lNONMMUG021010', 'lNONMMUG023106', 'lNONMMUG024809', 'lNONMMUG025805', 'lNONMMUG029789', 'lNONMMUG031524', 'lNONMMUG031860', 'lNONMMUG032531', 'lNONMMUG033434', 'lNONMMUG034060', 'lNONMMUG035589', 'lNONMMUG036314', 'lNONMMUG036495', 'lNONMMUG038170', 'lNONMMUG038692', 'lNONMMUG038718', 'lNONMMUG039825', 'lNONMMUG041948', 'lNONMMUG042190', 'lNONMMUG043393', 'lNONMMUG043843', 'lNONMMUG044302', 'lNONMMUG045259', 'lENSMUSG00000085908', 'lENSMUSG00000103692', 'lENSMUSG00000106828', 'lENSMUSG00000107766', 'lGm13291', 'lSnord11', 'lSnord67']","[1.0, 0.0, 1.0, 0.0, 0.0, 0.0, 1.0, 1.0, 0.0, 1.0, 0.0, 1.0, 1.0, 0.0, 1.0, 1.0, 0.0, 1.0, 1.0, 1.0, 0.0, 0.0, 0.0, 1.0, 0.0, 1.0, 1.0, 1.0, 0.0, 1.0, 0.0, 1.0, 1.0, 0.0, 0.0, 0.0, 1.0, 1.0, 1.0, 0.0, 1.0, 0.0, 0.0, 0.0, 1.0, 1.0, 1.0, 0.0, 1.0, 0.0, 0.0, 0.0, 1.0, 1.0, 1.0, 1.0, 0.0, 0.0, 0.0, 1.0, 0.0, 0.0, 0.0, 0.0, 0.0, 0.0, 1.0, 1.0, 0.0, 1.0, 0.0, 1.0, 1.0, 1.0, 1.0, 0.0, 1.0, 1.0, 0.0, 0.0, 1.0, 0.0, 0.0, 1.0, 0.0, 1.0, 0.0]",['lENSMUSG00000085873'],[0.0],[1],[0.1475766874118402]
29,"['lNONMMUG000508', 'lNONMMUG002215', 'lNONMMUG002239', 'lNONMMUG009962', 'lNONMMUG013211', 'lNONMMUG017485', 'lNONMMUG017913', 'lNONMMUG020673', 'lNONMMUG023454', 'lNONMMUG026355', 'lNONMMUG029813', 'lNONMMUG030202', 'lNONMMUG033401', 'lNONMMUG034886', 'lNONMMUG038355', 'lNONMMUG039685', 'lNONMMUG041158', 'lNONMMUG041781', 'lNONMMUG045568', 'lNONMMUG045569', 'lNONMMUG045574', 'lENSMUSG00000044471', 'lENSMUSG00000075277', 'lENSMUSG00000078190', 'lENSMUSG00000078247', 'lENSMUSG00000085354', 'lENSMUSG00000085715', 'lENSMUSG00000085873', 'lENSMUSG00000086141', 'lENSMUSG00000090063', 'lENSMUSG00000097336', 'lENSMUSG00000097571', 'lENSMUSG00000097767', 'lENSMUSG00000098439', 'lENSMUSG00000101609', 'lENSMUSG00000106519', 'l9030622O22Rik', 'lDlx6os1', 'lDnm3os', 'lGas5', 'lGm12610', 'lMiat', 'lNeat1', 'lNONMMUG002771', 'lNONMMUG004366', 'lNONMMUG007120', 'lNONMMUG008199', 'lNONMMUG009173', 'lNONMMUG009235', 'lNONMMUG010099', 'lNONMMUG012984', 'lNONMMUG013851', 'lNONMMUG014034', 'lNONMMUG017321', 'lNONMMUG017372', 'lNONMMUG019692', 'lNONMMUG020560', 'lNONMMUG021010', 'lNONMMUG023106', 'lNONMMUG024809', 'lNONMMUG025805', 'lNONMMUG029789', 'lNONMMUG031524', 'lNONMMUG031860', 'lNONMMUG032531', 'lNONMMUG033434', 'lNONMMUG034060', 'lNONMMUG035589', 'lNONMMUG036314', 'lNONMMUG036495', 'lNONMMUG038170', 'lNONMMUG038692', 'lNONMMUG038718', 'lNONMMUG039825', 'lNONMMUG041948', 'lNONMMUG042190', 'lNONMMUG043393', 'lNONMMUG043843', 'lNONMMUG044302', 'lNONMMUG045259', 'lENSMUSG00000085908', 'lENSMUSG00000103692', 'lENSMUSG00000106828', 'lENSMUSG00000107766', 'lGm13291', 'lSnord11', 'lSnord67']","[1.0, 0.0, 1.0, 0.0, 0.0, 0.0, 1.0, 1.0, 0.0, 1.0, 0.0, 1.0, 1.0, 0.0, 1.0, 1.0, 0.0, 1.0, 1.0, 1.0, 0.0, 0.0, 0.0, 1.0, 0.0, 1.0, 1.0, 0.0, 0.0, 1.0, 0.0, 1.0, 1.0, 0.0, 0.0, 0.0, 1.0, 1.0, 1.0, 0.0, 1.0, 0.0, 0.0, 0.0, 1.0, 1.0, 1.0, 0.0, 1.0, 0.0, 0.0, 0.0, 1.0, 1.0, 1.0, 1.0, 0.0, 0.0, 0.0, 1.0, 0.0, 0.0, 0.0, 0.0, 0.0, 0.0, 1.0, 1.0, 0.0, 1.0, 0.0, 1.0, 1.0, 1.0, 1.0, 0.0, 1.0, 1.0, 0.0, 0.0, 1.0, 0.0, 0.0, 1.0, 0.0, 1.0, 0.0]",['lENSMUSG00000086035'],[1.0],[0],[-0.5232692360906688]
30,"['lNONMMUG000508', 'lNONMMUG002215', 'lNONMMUG002239', 'lNONMMUG009962', 'lNONMMUG013211', 'lNONMMUG017485', 'lNONMMUG017913', 'lNONMMUG020673', 'lNONMMUG023454', 'lNONMMUG026355', 'lNONMMUG029813', 'lNONMMUG030202', 'lNONMMUG033401', 'lNONMMUG034886', 'lNONMMUG038355', 'lNONMMUG039685', 'lNONMMUG041158', 'lNONMMUG041781', 'lNONMMUG045568', 'lNONMMUG045569', 'lNONMMUG045574', 'lENSMUSG00000044471', 'lENSMUSG00000075277', 'lENSMUSG00000078190', 'lENSMUSG00000078247', 'lENSMUSG00000085354', 'lENSMUSG00000085715', 'lENSMUSG00000085873', 'lENSMUSG00000086035', 'lENSMUSG00000090063', 'lENSMUSG00000097336', 'lENSMUSG00000097571', 'lENSMUSG00000097767', 'lENSMUSG00000098439', 'lENSMUSG00000101609', 'lENSMUSG00000106519', 'l9030622O22Rik', 'lDlx6os1', 'lDnm3os', 'lGas5', 'lGm12610', 'lMiat', 'lNeat1', 'lNONMMUG002771', 'lNONMMUG004366', 'lNONMMUG007120', 'lNONMMUG008199', 'lNONMMUG009173', 'lNONMMUG009235', 'lNONMMUG010099', 'lNONMMUG012984', 'lNONMMUG013851', 'lNONMMUG014034', 'lNONMMUG017321', 'lNONMMUG017372', 'lNONMMUG019692', 'lNONMMUG020560', 'lNONMMUG021010', 'lNONMMUG023106', 'lNONMMUG024809', 'lNONMMUG025805', 'lNONMMUG029789', 'lNONMMUG031524', 'lNONMMUG031860', 'lNONMMUG032531', 'lNONMMUG033434', 'lNONMMUG034060', 'lNONMMUG035589', 'lNONMMUG036314', 'lNONMMUG036495', 'lNONMMUG038170', 'lNONMMUG038692', 'lNONMMUG038718', 'lNONMMUG039825', 'lNONMMUG041948', 'lNONMMUG042190', 'lNONMMUG043393', 'lNONMMUG043843', 'lNONMMUG044302', 'lNONMMUG045259', 'lENSMUSG00000085908', 'lENSMUSG00000103692', 'lENSMUSG00000106828', 'lENSMUSG00000107766', 'lGm13291', 'lSnord11', 'lSnord67']","[1.0, 0.0, 1.0, 0.0, 0.0, 0.0, 1.0, 1.0, 0.0, 1.0, 0.0, 1.0, 1.0, 0.0, 1.0, 1.0, 0.0, 1.0, 1.0, 1.0, 0.0, 0.0, 0.0, 1.0, 0.0, 1.0, 1.0, 0.0, 1.0, 1.0, 0.0, 1.0, 1.0, 0.0, 0.0, 0.0, 1.0, 1.0, 1.0, 0.0, 1.0, 0.0, 0.0, 0.0, 1.0, 1.0, 1.0, 0.0, 1.0, 0.0, 0.0, 0.0, 1.0, 1.0, 1.0, 1.0, 0.0, 0.0, 0.0, 1.0, 0.0, 0.0, 0.0, 0.0, 0.0, 0.0, 1.0, 1.0, 0.0, 1.0, 0.0, 1.0, 1.0, 1.0, 1.0, 0.0, 1.0, 1.0, 0.0, 0.0, 1.0, 0.0, 0.0, 1.0, 0.0, 1.0, 0.0]",['lENSMUSG00000086141'],[0.0],[1],[1.050241373555237]
31,"['lNONMMUG000508', 'lNONMMUG002215', 'lNONMMUG002239', 'lNONMMUG009962', 'lNONMMUG013211', 'lNONMMUG017485', 'lNONMMUG017913', 'lNONMMUG020673', 'lNONMMUG023454', 'lNONMMUG026355', 'lNONMMUG029813', 'lNONMMUG030202', 'lNONMMUG033401', 'lNONMMUG034886', 'lNONMMUG038355', 'lNONMMUG039685', 'lNONMMUG041158', 'lNONMMUG041781', 'lNONMMUG045568', 'lNONMMUG045569', 'lNONMMUG045574', 'lENSMUSG00000044471', 'lENSMUSG00000075277', 'lENSMUSG00000078190', 'lENSMUSG00000078247', 'lENSMUSG00000085354', 'lENSMUSG00000085715', 'lENSMUSG00000085873', 'lENSMUSG00000086035', 'lENSMUSG00000086141', 'lENSMUSG00000097336', 'lENSMUSG00000097571', 'lENSMUSG00000097767', 'lENSMUSG00000098439', 'lENSMUSG00000101609', 'lENSMUSG00000106519', 'l9030622O22Rik', 'lDlx6os1', 'lDnm3os', 'lGas5', 'lGm12610', 'lMiat', 'lNeat1', 'lNONMMUG002771', 'lNONMMUG004366', 'lNONMMUG007120', 'lNONMMUG008199', 'lNONMMUG009173', 'lNONMMUG009235', 'lNONMMUG010099', 'lNONMMUG012984', 'lNONMMUG013851', 'lNONMMUG014034', 'lNONMMUG017321', 'lNONMMUG017372', 'lNONMMUG019692', 'lNONMMUG020560', 'lNONMMUG021010', 'lNONMMUG023106', 'lNONMMUG024809', 'lNONMMUG025805', 'lNONMMUG029789', 'lNONMMUG031524', 'lNONMMUG031860', 'lNONMMUG032531', 'lNONMMUG033434', 'lNONMMUG034060', 'lNONMMUG035589', 'lNONMMUG036314', 'lNONMMUG036495', 'lNONMMUG038170', 'lNONMMUG038692', 'lNONMMUG038718', 'lNONMMUG039825', 'lNONMMUG041948', 'lNONMMUG042190', 'lNONMMUG043393', 'lNONMMUG043843', 'lNONMMUG044302', 'lNONMMUG045259', 'lENSMUSG00000085908', 'lENSMUSG00000103692', 'lENSMUSG00000106828', 'lENSMUSG00000107766', 'lGm13291', 'lSnord11', 'lSnord67']","[1.0, 0.0, 1.0, 0.0, 0.0, 0.0, 1.0, 1.0, 0.0, 1.0, 0.0, 1.0, 1.0, 0.0, 1.0, 1.0, 0.0, 1.0, 1.0, 1.0, 0.0, 0.0, 0.0, 1.0, 0.0, 1.0, 1.0, 0.0, 1.0, 0.0, 0.0, 1.0, 1.0, 0.0, 0.0, 0.0, 1.0, 1.0, 1.0, 0.0, 1.0, 0.0, 0.0, 0.0, 1.0, 1.0, 1.0, 0.0, 1.0, 0.0, 0.0, 0.0, 1.0, 1.0, 1.0, 1.0, 0.0, 0.0, 0.0, 1.0, 0.0, 0.0, 0.0, 0.0, 0.0, 0.0, 1.0, 1.0, 0.0, 1.0, 0.0, 1.0, 1.0, 1.0, 1.0, 0.0, 1.0, 1.0, 0.0, 0.0, 1.0, 0.0, 0.0, 1.0, 0.0, 1.0, 0.0]",['lENSMUSG00000090063'],[1.0],[0],[-0.5708537604791097]
32,"['lNONMMUG000508', 'lNONMMUG002215', 'lNONMMUG002239', 'lNONMMUG009962', 'lNONMMUG013211', 'lNONMMUG017485', 'lNONMMUG017913', 'lNONMMUG020673', 'lNONMMUG023454', 'lNONMMUG026355', 'lNONMMUG029813', 'lNONMMUG030202', 'lNONMMUG033401', 'lNONMMUG034886', 'lNONMMUG038355', 'lNONMMUG039685', 'lNONMMUG041158', 'lNONMMUG041781', 'lNONMMUG045568', 'lNONMMUG045569', 'lNONMMUG045574', 'lENSMUSG00000044471', 'lENSMUSG00000075277', 'lENSMUSG00000078190', 'lENSMUSG00000078247', 'lENSMUSG00000085354', 'lENSMUSG00000085715', 'lENSMUSG00000085873', 'lENSMUSG00000086035', 'lENSMUSG00000086141', 'lENSMUSG00000090063', 'lENSMUSG00000097571', 'lENSMUSG00000097767', 'lENSMUSG00000098439', 'lENSMUSG00000101609', 'lENSMUSG00000106519', 'l9030622O22Rik', 'lDlx6os1', 'lDnm3os', 'lGas5', 'lGm12610', 'lMiat', 'lNeat1', 'lNONMMUG002771', 'lNONMMUG004366', 'lNONMMUG007120', 'lNONMMUG008199', 'lNONMMUG009173', 'lNONMMUG009235', 'lNONMMUG010099', 'lNONMMUG012984', 'lNONMMUG013851', 'lNONMMUG014034', 'lNONMMUG017321', 'lNONMMUG017372', 'lNONMMUG019692', 'lNONMMUG020560', 'lNONMMUG021010', 'lNONMMUG023106', 'lNONMMUG024809', 'lNONMMUG025805', 'lNONMMUG029789', 'lNONMMUG031524', 'lNONMMUG031860', 'lNONMMUG032531', 'lNONMMUG033434', 'lNONMMUG034060', 'lNONMMUG035589', 'lNONMMUG036314', 'lNONMMUG036495', 'lNONMMUG038170', 'lNONMMUG038692', 'lNONMMUG038718', 'lNONMMUG039825', 'lNONMMUG041948', 'lNONMMUG042190', 'lNONMMUG043393', 'lNONMMUG043843', 'lNONMMUG044302', 'lNONMMUG045259', 'lENSMUSG00000085908', 'lENSMUSG00000103692', 'lENSMUSG00000106828', 'lENSMUSG00000107766', 'lGm13291', 'lSnord11', 'lSnord67']","[1.0, 0.0, 1.0, 0.0, 0.0, 0.0, 1.0, 1.0, 0.0, 1.0, 0.0, 1.0, 1.0, 0.0, 1.0, 1.0, 0.0, 1.0, 1.0, 1.0, 0.0, 0.0, 0.0, 1.0, 0.0, 1.0, 1.0, 0.0, 1.0, 0.0, 1.0, 1.0, 1.0, 0.0, 0.0, 0.0, 1.0, 1.0, 1.0, 0.0, 1.0, 0.0, 0.0, 0.0, 1.0, 1.0, 1.0, 0.0, 1.0, 0.0, 0.0, 0.0, 1.0, 1.0, 1.0, 1.0, 0.0, 0.0, 0.0, 1.0, 0.0, 0.0, 0.0, 0.0, 0.0, 0.0, 1.0, 1.0, 0.0, 1.0, 0.0, 1.0, 1.0, 1.0, 1.0, 0.0, 1.0, 1.0, 0.0, 0.0, 1.0, 0.0, 0.0, 1.0, 0.0, 1.0, 0.0]",['lENSMUSG00000097336'],[0.0],[1],[0.7225767289336412]
33,"['lNONMMUG000508', 'lNONMMUG002215', 'lNONMMUG002239', 'lNONMMUG009962', 'lNONMMUG013211', 'lNONMMUG017485', 'lNONMMUG017913', 'lNONMMUG020673', 'lNONMMUG023454', 'lNONMMUG026355', 'lNONMMUG029813', 'lNONMMUG030202', 'lNONMMUG033401', 'lNONMMUG034886', 'lNONMMUG038355', 'lNONMMUG039685', 'lNONMMUG041158', 'lNONMMUG041781', 'lNONMMUG045568', 'lNONMMUG045569', 'lNONMMUG045574', 'lENSMUSG00000044471', 'lENSMUSG00000075277', 'lENSMUSG00000078190', 'lENSMUSG00000078247', 'lENSMUSG00000085354', 'lENSMUSG00000085715', 'lENSMUSG00000085873', 'lENSMUSG00000086035', 'lENSMUSG00000086141', 'lENSMUSG00000090063', 'lENSMUSG00000097336', 'lENSMUSG00000097767', 'lENSMUSG00000098439', 'lENSMUSG00000101609', 'lENSMUSG00000106519', 'l9030622O22Rik', 'lDlx6os1', 'lDnm3os', 'lGas5', 'lGm12610', 'lMiat', 'lNeat1', 'lNONMMUG002771', 'lNONMMUG004366', 'lNONMMUG007120', 'lNONMMUG008199', 'lNONMMUG009173', 'lNONMMUG009235', 'lNONMMUG010099', 'lNONMMUG012984', 'lNONMMUG013851', 'lNONMMUG014034', 'lNONMMUG017321', 'lNONMMUG017372', 'lNONMMUG019692', 'lNONMMUG020560', 'lNONMMUG021010', 'lNONMMUG023106', 'lNONMMUG024809', 'lNONMMUG025805', 'lNONMMUG029789', 'lNONMMUG031524', 'lNONMMUG031860', 'lNONMMUG032531', 'lNONMMUG033434', 'lNONMMUG034060', 'lNONMMUG035589', 'lNONMMUG036314', 'lNONMMUG036495', 'lNONMMUG038170', 'lNONMMUG038692', 'lNONMMUG038718', 'lNONMMUG039825', 'lNONMMUG041948', 'lNONMMUG042190', 'lNONMMUG043393', 'lNONMMUG043843', 'lNONMMUG044302', 'lNONMMUG045259', 'lENSMUSG00000085908', 'lENSMUSG00000103692', 'lENSMUSG00000106828', 'lENSMUSG00000107766', 'lGm13291', 'lSnord11', 'lSnord67']","[1.0, 0.0, 1.0, 0.0, 0.0, 0.0, 1.0, 1.0, 0.0, 1.0, 0.0, 1.0, 1.0, 0.0, 1.0, 1.0, 0.0, 1.0, 1.0, 1.0, 0.0, 0.0, 0.0, 1.0, 0.0, 1.0, 1.0, 0.0, 1.0, 0.0, 1.0, 0.0, 1.0, 0.0, 0.0, 0.0, 1.0, 1.0, 1.0, 0.0, 1.0, 0.0, 0.0, 0.0, 1.0, 1.0, 1.0, 0.0, 1.0, 0.0, 0.0, 0.0, 1.0, 1.0, 1.0, 1.0, 0.0, 0.0, 0.0, 1.0, 0.0, 0.0, 0.0, 0.0, 0.0, 0.0, 1.0, 1.0, 0.0, 1.0, 0.0, 1.0, 1.0, 1.0, 1.0, 0.0, 1.0, 1.0, 0.0, 0.0, 1.0, 0.0, 0.0, 1.0, 0.0, 1.0, 0.0]",['lENSMUSG00000097571'],[1.0],[1],[0.8249734193561196]
34,"['lNONMMUG000508', 'lNONMMUG002215', 'lNONMMUG002239', 'lNONMMUG009962', 'lNONMMUG013211', 'lNONMMUG017485', 'lNONMMUG017913', 'lNONMMUG020673', 'lNONMMUG023454', 'lNONMMUG026355', 'lNONMMUG029813', 'lNONMMUG030202', 'lNONMMUG033401', 'lNONMMUG034886', 'lNONMMUG038355', 'lNONMMUG039685', 'lNONMMUG041158', 'lNONMMUG041781', 'lNONMMUG045568', 'lNONMMUG045569', 'lNONMMUG045574', 'lENSMUSG00000044471', 'lENSMUSG00000075277', 'lENSMUSG00000078190', 'lENSMUSG00000078247', 'lENSMUSG00000085354', 'lENSMUSG00000085715', 'lENSMUSG00000085873', 'lENSMUSG00000086035', 'lENSMUSG00000086141', 'lENSMUSG00000090063', 'lENSMUSG00000097336', 'lENSMUSG00000097571', 'lENSMUSG00000098439', 'lENSMUSG00000101609', 'lENSMUSG00000106519', 'l9030622O22Rik', 'lDlx6os1', 'lDnm3os', 'lGas5', 'lGm12610', 'lMiat', 'lNeat1', 'lNONMMUG002771', 'lNONMMUG004366', 'lNONMMUG007120', 'lNONMMUG008199', 'lNONMMUG009173', 'lNONMMUG009235', 'lNONMMUG010099', 'lNONMMUG012984', 'lNONMMUG013851', 'lNONMMUG014034', 'lNONMMUG017321', 'lNONMMUG017372', 'lNONMMUG019692', 'lNONMMUG020560', 'lNONMMUG021010', 'lNONMMUG023106', 'lNONMMUG024809', 'lNONMMUG025805', 'lNONMMUG029789', 'lNONMMUG031524', 'lNONMMUG031860', 'lNONMMUG032531', 'lNONMMUG033434', 'lNONMMUG034060', 'lNONMMUG035589', 'lNONMMUG036314', 'lNONMMUG036495', 'lNONMMUG038170', 'lNONMMUG038692', 'lNONMMUG038718', 'lNONMMUG039825', 'lNONMMUG041948', 'lNONMMUG042190', 'lNONMMUG043393', 'lNONMMUG043843', 'lNONMMUG044302', 'lNONMMUG045259', 'lENSMUSG00000085908', 'lENSMUSG00000103692', 'lENSMUSG00000106828', 'lENSMUSG00000107766', 'lGm13291', 'lSnord11', 'lSnord67']","[1.0, 0.0, 1.0, 0.0, 0.0, 0.0, 1.0, 1.0, 0.0, 1.0, 0.0, 1.0, 1.0, 0.0, 1.0, 1.0, 0.0, 1.0, 1.0, 1.0, 0.0, 0.0, 0.0, 1.0, 0.0, 1.0, 1.0, 0.0, 1.0, 0.0, 1.0, 0.0, 1.0, 0.0, 0.0, 0.0, 1.0, 1.0, 1.0, 0.0, 1.0, 0.0, 0.0, 0.0, 1.0, 1.0, 1.0, 0.0, 1.0, 0.0, 0.0, 0.0, 1.0, 1.0, 1.0, 1.0, 0.0, 0.0, 0.0, 1.0, 0.0, 0.0, 0.0, 0.0, 0.0, 0.0, 1.0, 1.0, 0.0, 1.0, 0.0, 1.0, 1.0, 1.0, 1.0, 0.0, 1.0, 1.0, 0.0, 0.0, 1.0, 0.0, 0.0, 1.0, 0.0, 1.0, 0.0]",['lENSMUSG00000097767'],[1.0],[0],[-0.047911981777625574]
35,"['lNONMMUG000508', 'lNONMMUG002215', 'lNONMMUG002239', 'lNONMMUG009962', 'lNONMMUG013211', 'lNONMMUG017485', 'lNONMMUG017913', 'lNONMMUG020673', 'lNONMMUG023454', 'lNONMMUG026355', 'lNONMMUG029813', 'lNONMMUG030202', 'lNONMMUG033401', 'lNONMMUG034886', 'lNONMMUG038355', 'lNONMMUG039685', 'lNONMMUG041158', 'lNONMMUG041781', 'lNONMMUG045568', 'lNONMMUG045569', 'lNONMMUG045574', 'lENSMUSG00000044471', 'lENSMUSG00000075277', 'lENSMUSG00000078190', 'lENSMUSG00000078247', 'lENSMUSG00000085354', 'lENSMUSG00000085715', 'lENSMUSG00000085873', 'lENSMUSG00000086035', 'lENSMUSG00000086141', 'lENSMUSG00000090063', 'lENSMUSG00000097336', 'lENSMUSG00000097571', 'lENSMUSG00000097767', 'lENSMUSG00000101609', 'lENSMUSG00000106519', 'l9030622O22Rik', 'lDlx6os1', 'lDnm3os', 'lGas5', 'lGm12610', 'lMiat', 'lNeat1', 'lNONMMUG002771', 'lNONMMUG004366', 'lNONMMUG007120', 'lNONMMUG008199', 'lNONMMUG009173', 'lNONMMUG009235', 'lNONMMUG010099', 'lNONMMUG012984', 'lNONMMUG013851', 'lNONMMUG014034', 'lNONMMUG017321', 'lNONMMUG017372', 'lNONMMUG019692', 'lNONMMUG020560', 'lNONMMUG021010', 'lNONMMUG023106', 'lNONMMUG024809', 'lNONMMUG025805', 'lNONMMUG029789', 'lNONMMUG031524', 'lNONMMUG031860', 'lNONMMUG032531', 'lNONMMUG033434', 'lNONMMUG034060', 'lNONMMUG035589', 'lNONMMUG036314', 'lNONMMUG036495', 'lNONMMUG038170', 'lNONMMUG038692', 'lNONMMUG038718', 'lNONMMUG039825', 'lNONMMUG041948', 'lNONMMUG042190', 'lNONMMUG043393', 'lNONMMUG043843', 'lNONMMUG044302', 'lNONMMUG045259', 'lENSMUSG00000085908', 'lENSMUSG00000103692', 'lENSMUSG00000106828', 'lENSMUSG00000107766', 'lGm13291', 'lSnord11', 'lSnord67']","[1.0, 0.0, 1.0, 0.0, 0.0, 0.0, 1.0, 1.0, 0.0, 1.0, 0.0, 1.0, 1.0, 0.0, 1.0, 1.0, 0.0, 1.0, 1.0, 1.0, 0.0, 0.0, 0.0, 1.0, 0.0, 1.0, 1.0, 0.0, 1.0, 0.0, 1.0, 0.0, 1.0, 1.0, 0.0, 0.0, 1.0, 1.0, 1.0, 0.0, 1.0, 0.0, 0.0, 0.0, 1.0, 1.0, 1.0, 0.0, 1.0, 0.0, 0.0, 0.0, 1.0, 1.0, 1.0, 1.0, 0.0, 0.0, 0.0, 1.0, 0.0, 0.0, 0.0, 0.0, 0.0, 0.0, 1.0, 1.0, 0.0, 1.0, 0.0, 1.0, 1.0, 1.0, 1.0, 0.0, 1.0, 1.0, 0.0, 0.0, 1.0, 0.0, 0.0, 1.0, 0.0, 1.0, 0.0]",['lENSMUSG00000098439'],[0.0],[1],[0.40265998157159144]
36,"['lNONMMUG000508', 'lNONMMUG002215', 'lNONMMUG002239', 'lNONMMUG009962', 'lNONMMUG013211', 'lNONMMUG017485', 'lNONMMUG017913', 'lNONMMUG020673', 'lNONMMUG023454', 'lNONMMUG026355', 'lNONMMUG029813', 'lNONMMUG030202', 'lNONMMUG033401', 'lNONMMUG034886', 'lNONMMUG038355', 'lNONMMUG039685', 'lNONMMUG041158', 'lNONMMUG041781', 'lNONMMUG045568', 'lNONMMUG045569', 'lNONMMUG045574', 'lENSMUSG00000044471', 'lENSMUSG00000075277', 'lENSMUSG00000078190', 'lENSMUSG00000078247', 'lENSMUSG00000085354', 'lENSMUSG00000085715', 'lENSMUSG00000085873', 'lENSMUSG00000086035', 'lENSMUSG00000086141', 'lENSMUSG00000090063', 'lENSMUSG00000097336', 'lENSMUSG00000097571', 'lENSMUSG00000097767', 'lENSMUSG00000098439', 'lENSMUSG00000106519', 'l9030622O22Rik', 'lDlx6os1', 'lDnm3os', 'lGas5', 'lGm12610', 'lMiat', 'lNeat1', 'lNONMMUG002771', 'lNONMMUG004366', 'lNONMMUG007120', 'lNONMMUG008199', 'lNONMMUG009173', 'lNONMMUG009235', 'lNONMMUG010099', 'lNONMMUG012984', 'lNONMMUG013851', 'lNONMMUG014034', 'lNONMMUG017321', 'lNONMMUG017372', 'lNONMMUG019692', 'lNONMMUG020560', 'lNONMMUG021010', 'lNONMMUG023106', 'lNONMMUG024809', 'lNONMMUG025805', 'lNONMMUG029789', 'lNONMMUG031524', 'lNONMMUG031860', 'lNONMMUG032531', 'lNONMMUG033434', 'lNONMMUG034060', 'lNONMMUG035589', 'lNONMMUG036314', 'lNONMMUG036495', 'lNONMMUG038170', 'lNONMMUG038692', 'lNONMMUG038718', 'lNONMMUG039825', 'lNONMMUG041948', 'lNONMMUG042190', 'lNONMMUG043393', 'lNONMMUG043843', 'lNONMMUG044302', 'lNONMMUG045259', 'lENSMUSG00000085908', 'lENSMUSG00000103692', 'lENSMUSG00000106828', 'lENSMUSG00000107766', 'lGm13291', 'lSnord11', 'lSnord67']","[1.0, 0.0, 1.0, 0.0, 0.0, 0.0, 1.0, 1.0, 0.0, 1.0, 0.0, 1.0, 1.0, 0.0, 1.0, 1.0, 0.0, 1.0, 1.0, 1.0, 0.0, 0.0, 0.0, 1.0, 0.0, 1.0, 1.0, 0.0, 1.0, 0.0, 1.0, 0.0, 1.0, 1.0, 0.0, 0.0, 1.0, 1.0, 1.0, 0.0, 1.0, 0.0, 0.0, 0.0, 1.0, 1.0, 1.0, 0.0, 1.0, 0.0, 0.0, 0.0, 1.0, 1.0, 1.0, 1.0, 0.0, 0.0, 0.0, 1.0, 0.0, 0.0, 0.0, 0.0, 0.0, 0.0, 1.0, 1.0, 0.0, 1.0, 0.0, 1.0, 1.0, 1.0, 1.0, 0.0, 1.0, 1.0, 0.0, 0.0, 1.0, 0.0, 0.0, 1.0, 0.0, 1.0, 0.0]",['lENSMUSG00000101609'],[0.0],[0],[-2.06641422254037]
37,"['lNONMMUG000508', 'lNONMMUG002215', 'lNONMMUG002239', 'lNONMMUG009962', 'lNONMMUG013211', 'lNONMMUG017485', 'lNONMMUG017913', 'lNONMMUG020673', 'lNONMMUG023454', 'lNONMMUG026355', 'lNONMMUG029813', 'lNONMMUG030202', 'lNONMMUG033401', 'lNONMMUG034886', 'lNONMMUG038355', 'lNONMMUG039685', 'lNONMMUG041158', 'lNONMMUG041781', 'lNONMMUG045568', 'lNONMMUG045569', 'lNONMMUG045574', 'lENSMUSG00000044471', 'lENSMUSG00000075277', 'lENSMUSG00000078190', 'lENSMUSG00000078247', 'lENSMUSG00000085354', 'lENSMUSG00000085715', 'lENSMUSG00000085873', 'lENSMUSG00000086035', 'lENSMUSG00000086141', 'lENSMUSG00000090063', 'lENSMUSG00000097336', 'lENSMUSG00000097571', 'lENSMUSG00000097767', 'lENSMUSG00000098439', 'lENSMUSG00000101609', 'l9030622O22Rik', 'lDlx6os1', 'lDnm3os', 'lGas5', 'lGm12610', 'lMiat', 'lNeat1', 'lNONMMUG002771', 'lNONMMUG004366', 'lNONMMUG007120', 'lNONMMUG008199', 'lNONMMUG009173', 'lNONMMUG009235', 'lNONMMUG010099', 'lNONMMUG012984', 'lNONMMUG013851', 'lNONMMUG014034', 'lNONMMUG017321', 'lNONMMUG017372', 'lNONMMUG019692', 'lNONMMUG020560', 'lNONMMUG021010', 'lNONMMUG023106', 'lNONMMUG024809', 'lNONMMUG025805', 'lNONMMUG029789', 'lNONMMUG031524', 'lNONMMUG031860', 'lNONMMUG032531', 'lNONMMUG033434', 'lNONMMUG034060', 'lNONMMUG035589', 'lNONMMUG036314', 'lNONMMUG036495', 'lNONMMUG038170', 'lNONMMUG038692', 'lNONMMUG038718', 'lNONMMUG039825', 'lNONMMUG041948', 'lNONMMUG042190', 'lNONMMUG043393', 'lNONMMUG043843', 'lNONMMUG044302', 'lNONMMUG045259', 'lENSMUSG00000085908', 'lENSMUSG00000103692', 'lENSMUSG00000106828', 'lENSMUSG00000107766', 'lGm13291', 'lSnord11', 'lSnord67']","[1.0, 0.0, 1.0, 0.0, 0.0, 0.0, 1.0, 1.0, 0.0, 1.0, 0.0, 1.0, 1.0, 0.0, 1.0, 1.0, 0.0, 1.0, 1.0, 1.0, 0.0, 0.0, 0.0, 1.0, 0.0, 1.0, 1.0, 0.0, 1.0, 0.0, 1.0, 0.0, 1.0, 1.0, 0.0, 0.0, 1.0, 1.0, 1.0, 0.0, 1.0, 0.0, 0.0, 0.0, 1.0, 1.0, 1.0, 0.0, 1.0, 0.0, 0.0, 0.0, 1.0, 1.0, 1.0, 1.0, 0.0, 0.0, 0.0, 1.0, 0.0, 0.0, 0.0, 0.0, 0.0, 0.0, 1.0, 1.0, 0.0, 1.0, 0.0, 1.0, 1.0, 1.0, 1.0, 0.0, 1.0, 1.0, 0.0, 0.0, 1.0, 0.0, 0.0, 1.0, 0.0, 1.0, 0.0]",['lENSMUSG00000106519'],[0.0],[0],[-1.3623177028504787]
38,"['lNONMMUG000508', 'lNONMMUG002215', 'lNONMMUG002239', 'lNONMMUG009962', 'lNONMMUG013211', 'lNONMMUG017485', 'lNONMMUG017913', 'lNONMMUG020673', 'lNONMMUG023454', 'lNONMMUG026355', 'lNONMMUG029813', 'lNONMMUG030202', 'lNONMMUG033401', 'lNONMMUG034886', 'lNONMMUG038355', 'lNONMMUG039685', 'lNONMMUG041158', 'lNONMMUG041781', 'lNONMMUG045568', 'lNONMMUG045569', 'lNONMMUG045574', 'lENSMUSG00000044471', 'lENSMUSG00000075277', 'lENSMUSG00000078190', 'lENSMUSG00000078247', 'lENSMUSG00000085354', 'lENSMUSG00000085715', 'lENSMUSG00000085873', 'lENSMUSG00000086035', 'lENSMUSG00000086141', 'lENSMUSG00000090063', 'lENSMUSG00000097336', 'lENSMUSG00000097571', 'lENSMUSG00000097767', 'lENSMUSG00000098439', 'lENSMUSG00000101609', 'lENSMUSG00000106519', 'lDlx6os1', 'lDnm3os', 'lGas5', 'lGm12610', 'lMiat', 'lNeat1', 'lNONMMUG002771', 'lNONMMUG004366', 'lNONMMUG007120', 'lNONMMUG008199', 'lNONMMUG009173', 'lNONMMUG009235', 'lNONMMUG010099', 'lNONMMUG012984', 'lNONMMUG013851', 'lNONMMUG014034', 'lNONMMUG017321', 'lNONMMUG017372', 'lNONMMUG019692', 'lNONMMUG020560', 'lNONMMUG021010', 'lNONMMUG023106', 'lNONMMUG024809', 'lNONMMUG025805', 'lNONMMUG029789', 'lNONMMUG031524', 'lNONMMUG031860', 'lNONMMUG032531', 'lNONMMUG033434', 'lNONMMUG034060', 'lNONMMUG035589', 'lNONMMUG036314', 'lNONMMUG036495', 'lNONMMUG038170', 'lNONMMUG038692', 'lNONMMUG038718', 'lNONMMUG039825', 'lNONMMUG041948', 'lNONMMUG042190', 'lNONMMUG043393', 'lNONMMUG043843', 'lNONMMUG044302', 'lNONMMUG045259', 'lENSMUSG00000085908', 'lENSMUSG00000103692', 'lENSMUSG00000106828', 'lENSMUSG00000107766', 'lGm13291', 'lSnord11', 'lSnord67']","[1.0, 0.0, 1.0, 0.0, 0.0, 0.0, 1.0, 1.0, 0.0, 1.0, 0.0, 1.0, 1.0, 0.0, 1.0, 1.0, 0.0, 1.0, 1.0, 1.0, 0.0, 0.0, 0.0, 1.0, 0.0, 1.0, 1.0, 0.0, 1.0, 0.0, 1.0, 0.0, 1.0, 1.0, 0.0, 0.0, 0.0, 1.0, 1.0, 0.0, 1.0, 0.0, 0.0, 0.0, 1.0, 1.0, 1.0, 0.0, 1.0, 0.0, 0.0, 0.0, 1.0, 1.0, 1.0, 1.0, 0.0, 0.0, 0.0, 1.0, 0.0, 0.0, 0.0, 0.0, 0.0, 0.0, 1.0, 1.0, 0.0, 1.0, 0.0, 1.0, 1.0, 1.0, 1.0, 0.0, 1.0, 1.0, 0.0, 0.0, 1.0, 0.0, 0.0, 1.0, 0.0, 1.0, 0.0]",['l9030622O22Rik'],[1.0],[0],[-0.09248779403996188]
39,"['lNONMMUG000508', 'lNONMMUG002215', 'lNONMMUG002239', 'lNONMMUG009962', 'lNONMMUG013211', 'lNONMMUG017485', 'lNONMMUG017913', 'lNONMMUG020673', 'lNONMMUG023454', 'lNONMMUG026355', 'lNONMMUG029813', 'lNONMMUG030202', 'lNONMMUG033401', 'lNONMMUG034886', 'lNONMMUG038355', 'lNONMMUG039685', 'lNONMMUG041158', 'lNONMMUG041781', 'lNONMMUG045568', 'lNONMMUG045569', 'lNONMMUG045574', 'lENSMUSG00000044471', 'lENSMUSG00000075277', 'lENSMUSG00000078190', 'lENSMUSG00000078247', 'lENSMUSG00000085354', 'lENSMUSG00000085715', 'lENSMUSG00000085873', 'lENSMUSG00000086035', 'lENSMUSG00000086141', 'lENSMUSG00000090063', 'lENSMUSG00000097336', 'lENSMUSG00000097571', 'lENSMUSG00000097767', 'lENSMUSG00000098439', 'lENSMUSG00000101609', 'lENSMUSG00000106519', 'l9030622O22Rik', 'lDnm3os', 'lGas5', 'lGm12610', 'lMiat', 'lNeat1', 'lNONMMUG002771', 'lNONMMUG004366', 'lNONMMUG007120', 'lNONMMUG008199', 'lNONMMUG009173', 'lNONMMUG009235', 'lNONMMUG010099', 'lNONMMUG012984', 'lNONMMUG013851', 'lNONMMUG014034', 'lNONMMUG017321', 'lNONMMUG017372', 'lNONMMUG019692', 'lNONMMUG020560', 'lNONMMUG021010', 'lNONMMUG023106', 'lNONMMUG024809', 'lNONMMUG025805', 'lNONMMUG029789', 'lNONMMUG031524', 'lNONMMUG031860', 'lNONMMUG032531', 'lNONMMUG033434', 'lNONMMUG034060', 'lNONMMUG035589', 'lNONMMUG036314', 'lNONMMUG036495', 'lNONMMUG038170', 'lNONMMUG038692', 'lNONMMUG038718', 'lNONMMUG039825', 'lNONMMUG041948', 'lNONMMUG042190', 'lNONMMUG043393', 'lNONMMUG043843', 'lNONMMUG044302', 'lNONMMUG045259', 'lENSMUSG00000085908', 'lENSMUSG00000103692', 'lENSMUSG00000106828', 'lENSMUSG00000107766', 'lGm13291', 'lSnord11', 'lSnord67']","[1.0, 0.0, 1.0, 0.0, 0.0, 0.0, 1.0, 1.0, 0.0, 1.0, 0.0, 1.0, 1.0, 0.0, 1.0, 1.0, 0.0, 1.0, 1.0, 1.0, 0.0, 0.0, 0.0, 1.0, 0.0, 1.0, 1.0, 0.0, 1.0, 0.0, 1.0, 0.0, 1.0, 1.0, 0.0, 0.0, 0.0, 1.0, 1.0, 0.0, 1.0, 0.0, 0.0, 0.0, 1.0, 1.0, 1.0, 0.0, 1.0, 0.0, 0.0, 0.0, 1.0, 1.0, 1.0, 1.0, 0.0, 0.0, 0.0, 1.0, 0.0, 0.0, 0.0, 0.0, 0.0, 0.0, 1.0, 1.0, 0.0, 1.0, 0.0, 1.0, 1.0, 1.0, 1.0, 0.0, 1.0, 1.0, 0.0, 0.0, 1.0, 0.0, 0.0, 1.0, 0.0, 1.0, 0.0]",['lDlx6os1'],[1.0],[1],[0.0432120575597152]
40,"['lNONMMUG000508', 'lNONMMUG002215', 'lNONMMUG002239', 'lNONMMUG009962', 'lNONMMUG013211', 'lNONMMUG017485', 'lNONMMUG017913', 'lNONMMUG020673', 'lNONMMUG023454', 'lNONMMUG026355', 'lNONMMUG029813', 'lNONMMUG030202', 'lNONMMUG033401', 'lNONMMUG034886', 'lNONMMUG038355', 'lNONMMUG039685', 'lNONMMUG041158', 'lNONMMUG041781', 'lNONMMUG045568', 'lNONMMUG045569', 'lNONMMUG045574', 'lENSMUSG00000044471', 'lENSMUSG00000075277', 'lENSMUSG00000078190', 'lENSMUSG00000078247', 'lENSMUSG00000085354', 'lENSMUSG00000085715', 'lENSMUSG00000085873', 'lENSMUSG00000086035', 'lENSMUSG00000086141', 'lENSMUSG00000090063', 'lENSMUSG00000097336', 'lENSMUSG00000097571', 'lENSMUSG00000097767', 'lENSMUSG00000098439', 'lENSMUSG00000101609', 'lENSMUSG00000106519', 'l9030622O22Rik', 'lDlx6os1', 'lGas5', 'lGm12610', 'lMiat', 'lNeat1', 'lNONMMUG002771', 'lNONMMUG004366', 'lNONMMUG007120', 'lNONMMUG008199', 'lNONMMUG009173', 'lNONMMUG009235', 'lNONMMUG010099', 'lNONMMUG012984', 'lNONMMUG013851', 'lNONMMUG014034', 'lNONMMUG017321', 'lNONMMUG017372', 'lNONMMUG019692', 'lNONMMUG020560', 'lNONMMUG021010', 'lNONMMUG023106', 'lNONMMUG024809', 'lNONMMUG025805', 'lNONMMUG029789', 'lNONMMUG031524', 'lNONMMUG031860', 'lNONMMUG032531', 'lNONMMUG033434', 'lNONMMUG034060', 'lNONMMUG035589', 'lNONMMUG036314', 'lNONMMUG036495', 'lNONMMUG038170', 'lNONMMUG038692', 'lNONMMUG038718', 'lNONMMUG039825', 'lNONMMUG041948', 'lNONMMUG042190', 'lNONMMUG043393', 'lNONMMUG043843', 'lNONMMUG044302', 'lNONMMUG045259', 'lENSMUSG00000085908', 'lENSMUSG00000103692', 'lENSMUSG00000106828', 'lENSMUSG00000107766', 'lGm13291', 'lSnord11', 'lSnord67']","[1.0, 0.0, 1.0, 0.0, 0.0, 0.0, 1.0, 1.0, 0.0, 1.0, 0.0, 1.0, 1.0, 0.0, 1.0, 1.0, 0.0, 1.0, 1.0, 1.0, 0.0, 0.0, 0.0, 1.0, 0.0, 1.0, 1.0, 0.0, 1.0, 0.0, 1.0, 0.0, 1.0, 1.0, 0.0, 0.0, 0.0, 1.0, 1.0, 0.0, 1.0, 0.0, 0.0, 0.0, 1.0, 1.0, 1.0, 0.0, 1.0, 0.0, 0.0, 0.0, 1.0, 1.0, 1.0, 1.0, 0.0, 0.0, 0.0, 1.0, 0.0, 0.0, 0.0, 0.0, 0.0, 0.0, 1.0, 1.0, 0.0, 1.0, 0.0, 1.0, 1.0, 1.0, 1.0, 0.0, 1.0, 1.0, 0.0, 0.0, 1.0, 0.0, 0.0, 1.0, 0.0, 1.0, 0.0]",['lDnm3os'],[1.0],[1],[0.3479601278165832]
41,"['lNONMMUG000508', 'lNONMMUG002215', 'lNONMMUG002239', 'lNONMMUG009962', 'lNONMMUG013211', 'lNONMMUG017485', 'lNONMMUG017913', 'lNONMMUG020673', 'lNONMMUG023454', 'lNONMMUG026355', 'lNONMMUG029813', 'lNONMMUG030202', 'lNONMMUG033401', 'lNONMMUG034886', 'lNONMMUG038355', 'lNONMMUG039685', 'lNONMMUG041158', 'lNONMMUG041781', 'lNONMMUG045568', 'lNONMMUG045569', 'lNONMMUG045574', 'lENSMUSG00000044471', 'lENSMUSG00000075277', 'lENSMUSG00000078190', 'lENSMUSG00000078247', 'lENSMUSG00000085354', 'lENSMUSG00000085715', 'lENSMUSG00000085873', 'lENSMUSG00000086035', 'lENSMUSG00000086141', 'lENSMUSG00000090063', 'lENSMUSG00000097336', 'lENSMUSG00000097571', 'lENSMUSG00000097767', 'lENSMUSG00000098439', 'lENSMUSG00000101609', 'lENSMUSG00000106519', 'l9030622O22Rik', 'lDlx6os1', 'lDnm3os', 'lGm12610', 'lMiat', 'lNeat1', 'lNONMMUG002771', 'lNONMMUG004366', 'lNONMMUG007120', 'lNONMMUG008199', 'lNONMMUG009173', 'lNONMMUG009235', 'lNONMMUG010099', 'lNONMMUG012984', 'lNONMMUG013851', 'lNONMMUG014034', 'lNONMMUG017321', 'lNONMMUG017372', 'lNONMMUG019692', 'lNONMMUG020560', 'lNONMMUG021010', 'lNONMMUG023106', 'lNONMMUG024809', 'lNONMMUG025805', 'lNONMMUG029789', 'lNONMMUG031524', 'lNONMMUG031860', 'lNONMMUG032531', 'lNONMMUG033434', 'lNONMMUG034060', 'lNONMMUG035589', 'lNONMMUG036314', 'lNONMMUG036495', 'lNONMMUG038170', 'lNONMMUG038692', 'lNONMMUG038718', 'lNONMMUG039825', 'lNONMMUG041948', 'lNONMMUG042190', 'lNONMMUG043393', 'lNONMMUG043843', 'lNONMMUG044302', 'lNONMMUG045259', 'lENSMUSG00000085908', 'lENSMUSG00000103692', 'lENSMUSG00000106828', 'lENSMUSG00000107766', 'lGm13291', 'lSnord11', 'lSnord67']","[1.0, 0.0, 1.0, 0.0, 0.0, 0.0, 1.0, 1.0, 0.0, 1.0, 0.0, 1.0, 1.0, 0.0, 1.0, 1.0, 0.0, 1.0, 1.0, 1.0, 0.0, 0.0, 0.0, 1.0, 0.0, 1.0, 1.0, 0.0, 1.0, 0.0, 1.0, 0.0, 1.0, 1.0, 0.0, 0.0, 0.0, 1.0, 1.0, 1.0, 1.0, 0.0, 0.0, 0.0, 1.0, 1.0, 1.0, 0.0, 1.0, 0.0, 0.0, 0.0, 1.0, 1.0, 1.0, 1.0, 0.0, 0.0, 0.0, 1.0, 0.0, 0.0, 0.0, 0.0, 0.0, 0.0, 1.0, 1.0, 0.0, 1.0, 0.0, 1.0, 1.0, 1.0, 1.0, 0.0, 1.0, 1.0, 0.0, 0.0, 1.0, 0.0, 0.0, 1.0, 0.0, 1.0, 0.0]",['lGas5'],[0.0],[0],[-1.6381933038351268]
42,"['lNONMMUG000508', 'lNONMMUG002215', 'lNONMMUG002239', 'lNONMMUG009962', 'lNONMMUG013211', 'lNONMMUG017485', 'lNONMMUG017913', 'lNONMMUG020673', 'lNONMMUG023454', 'lNONMMUG026355', 'lNONMMUG029813', 'lNONMMUG030202', 'lNONMMUG033401', 'lNONMMUG034886', 'lNONMMUG038355', 'lNONMMUG039685', 'lNONMMUG041158', 'lNONMMUG041781', 'lNONMMUG045568', 'lNONMMUG045569', 'lNONMMUG045574', 'lENSMUSG00000044471', 'lENSMUSG00000075277', 'lENSMUSG00000078190', 'lENSMUSG00000078247', 'lENSMUSG00000085354', 'lENSMUSG00000085715', 'lENSMUSG00000085873', 'lENSMUSG00000086035', 'lENSMUSG00000086141', 'lENSMUSG00000090063', 'lENSMUSG00000097336', 'lENSMUSG00000097571', 'lENSMUSG00000097767', 'lENSMUSG00000098439', 'lENSMUSG00000101609', 'lENSMUSG00000106519', 'l9030622O22Rik', 'lDlx6os1', 'lDnm3os', 'lGas5', 'lMiat', 'lNeat1', 'lNONMMUG002771', 'lNONMMUG004366', 'lNONMMUG007120', 'lNONMMUG008199', 'lNONMMUG009173', 'lNONMMUG009235', 'lNONMMUG010099', 'lNONMMUG012984', 'lNONMMUG013851', 'lNONMMUG014034', 'lNONMMUG017321', 'lNONMMUG017372', 'lNONMMUG019692', 'lNONMMUG020560', 'lNONMMUG021010', 'lNONMMUG023106', 'lNONMMUG024809', 'lNONMMUG025805', 'lNONMMUG029789', 'lNONMMUG031524', 'lNONMMUG031860', 'lNONMMUG032531', 'lNONMMUG033434', 'lNONMMUG034060', 'lNONMMUG035589', 'lNONMMUG036314', 'lNONMMUG036495', 'lNONMMUG038170', 'lNONMMUG038692', 'lNONMMUG038718', 'lNONMMUG039825', 'lNONMMUG041948', 'lNONMMUG042190', 'lNONMMUG043393', 'lNONMMUG043843', 'lNONMMUG044302', 'lNONMMUG045259', 'lENSMUSG00000085908', 'lENSMUSG00000103692', 'lENSMUSG00000106828', 'lENSMUSG00000107766', 'lGm13291', 'lSnord11', 'lSnord67']","[1.0, 0.0, 1.0, 0.0, 0.0, 0.0, 1.0, 1.0, 0.0, 1.0, 0.0, 1.0, 1.0, 0.0, 1.0, 1.0, 0.0, 1.0, 1.0, 1.0, 0.0, 0.0, 0.0, 1.0, 0.0, 1.0, 1.0, 0.0, 1.0, 0.0, 1.0, 0.0, 1.0, 1.0, 0.0, 0.0, 0.0, 1.0, 1.0, 1.0, 0.0, 0.0, 0.0, 0.0, 1.0, 1.0, 1.0, 0.0, 1.0, 0.0, 0.0, 0.0, 1.0, 1.0, 1.0, 1.0, 0.0, 0.0, 0.0, 1.0, 0.0, 0.0, 0.0, 0.0, 0.0, 0.0, 1.0, 1.0, 0.0, 1.0, 0.0, 1.0, 1.0, 1.0, 1.0, 0.0, 1.0, 1.0, 0.0, 0.0, 1.0, 0.0, 0.0, 1.0, 0.0, 1.0, 0.0]",['lGm12610'],[1.0],[0],[-0.6904871668363289]
43,"['lNONMMUG000508', 'lNONMMUG002215', 'lNONMMUG002239', 'lNONMMUG009962', 'lNONMMUG013211', 'lNONMMUG017485', 'lNONMMUG017913', 'lNONMMUG020673', 'lNONMMUG023454', 'lNONMMUG026355', 'lNONMMUG029813', 'lNONMMUG030202', 'lNONMMUG033401', 'lNONMMUG034886', 'lNONMMUG038355', 'lNONMMUG039685', 'lNONMMUG041158', 'lNONMMUG041781', 'lNONMMUG045568', 'lNONMMUG045569', 'lNONMMUG045574', 'lENSMUSG00000044471', 'lENSMUSG00000075277', 'lENSMUSG00000078190', 'lENSMUSG00000078247', 'lENSMUSG00000085354', 'lENSMUSG00000085715', 'lENSMUSG00000085873', 'lENSMUSG00000086035', 'lENSMUSG00000086141', 'lENSMUSG00000090063', 'lENSMUSG00000097336', 'lENSMUSG00000097571', 'lENSMUSG00000097767', 'lENSMUSG00000098439', 'lENSMUSG00000101609', 'lENSMUSG00000106519', 'l9030622O22Rik', 'lDlx6os1', 'lDnm3os', 'lGas5', 'lGm12610', 'lNeat1', 'lNONMMUG002771', 'lNONMMUG004366', 'lNONMMUG007120', 'lNONMMUG008199', 'lNONMMUG009173', 'lNONMMUG009235', 'lNONMMUG010099', 'lNONMMUG012984', 'lNONMMUG013851', 'lNONMMUG014034', 'lNONMMUG017321', 'lNONMMUG017372', 'lNONMMUG019692', 'lNONMMUG020560', 'lNONMMUG021010', 'lNONMMUG023106', 'lNONMMUG024809', 'lNONMMUG025805', 'lNONMMUG029789', 'lNONMMUG031524', 'lNONMMUG031860', 'lNONMMUG032531', 'lNONMMUG033434', 'lNONMMUG034060', 'lNONMMUG035589', 'lNONMMUG036314', 'lNONMMUG036495', 'lNONMMUG038170', 'lNONMMUG038692', 'lNONMMUG038718', 'lNONMMUG039825', 'lNONMMUG041948', 'lNONMMUG042190', 'lNONMMUG043393', 'lNONMMUG043843', 'lNONMMUG044302', 'lNONMMUG045259', 'lENSMUSG00000085908', 'lENSMUSG00000103692', 'lENSMUSG00000106828', 'lENSMUSG00000107766', 'lGm13291', 'lSnord11', 'lSnord67']","[1.0, 0.0, 1.0, 0.0, 0.0, 0.0, 1.0, 1.0, 0.0, 1.0, 0.0, 1.0, 1.0, 0.0, 1.0, 1.0, 0.0, 1.0, 1.0, 1.0, 0.0, 0.0, 0.0, 1.0, 0.0, 1.0, 1.0, 0.0, 1.0, 0.0, 1.0, 0.0, 1.0, 1.0, 0.0, 0.0, 0.0, 1.0, 1.0, 1.0, 0.0, 1.0, 0.0, 0.0, 1.0, 1.0, 1.0, 0.0, 1.0, 0.0, 0.0, 0.0, 1.0, 1.0, 1.0, 1.0, 0.0, 0.0, 0.0, 1.0, 0.0, 0.0, 0.0, 0.0, 0.0, 0.0, 1.0, 1.0, 0.0, 1.0, 0.0, 1.0, 1.0, 1.0, 1.0, 0.0, 1.0, 1.0, 0.0, 0.0, 1.0, 0.0, 0.0, 1.0, 0.0, 1.0, 0.0]",['lMiat'],[0.0],[0],[-0.24150822741748285]
44,"['lNONMMUG000508', 'lNONMMUG002215', 'lNONMMUG002239', 'lNONMMUG009962', 'lNONMMUG013211', 'lNONMMUG017485', 'lNONMMUG017913', 'lNONMMUG020673', 'lNONMMUG023454', 'lNONMMUG026355', 'lNONMMUG029813', 'lNONMMUG030202', 'lNONMMUG033401', 'lNONMMUG034886', 'lNONMMUG038355', 'lNONMMUG039685', 'lNONMMUG041158', 'lNONMMUG041781', 'lNONMMUG045568', 'lNONMMUG045569', 'lNONMMUG045574', 'lENSMUSG00000044471', 'lENSMUSG00000075277', 'lENSMUSG00000078190', 'lENSMUSG00000078247', 'lENSMUSG00000085354', 'lENSMUSG00000085715', 'lENSMUSG00000085873', 'lENSMUSG00000086035', 'lENSMUSG00000086141', 'lENSMUSG00000090063', 'lENSMUSG00000097336', 'lENSMUSG00000097571', 'lENSMUSG00000097767', 'lENSMUSG00000098439', 'lENSMUSG00000101609', 'lENSMUSG00000106519', 'l9030622O22Rik', 'lDlx6os1', 'lDnm3os', 'lGas5', 'lGm12610', 'lMiat', 'lNONMMUG002771', 'lNONMMUG004366', 'lNONMMUG007120', 'lNONMMUG008199', 'lNONMMUG009173', 'lNONMMUG009235', 'lNONMMUG010099', 'lNONMMUG012984', 'lNONMMUG013851', 'lNONMMUG014034', 'lNONMMUG017321', 'lNONMMUG017372', 'lNONMMUG019692', 'lNONMMUG020560', 'lNONMMUG021010', 'lNONMMUG023106', 'lNONMMUG024809', 'lNONMMUG025805', 'lNONMMUG029789', 'lNONMMUG031524', 'lNONMMUG031860', 'lNONMMUG032531', 'lNONMMUG033434', 'lNONMMUG034060', 'lNONMMUG035589', 'lNONMMUG036314', 'lNONMMUG036495', 'lNONMMUG038170', 'lNONMMUG038692', 'lNONMMUG038718', 'lNONMMUG039825', 'lNONMMUG041948', 'lNONMMUG042190', 'lNONMMUG043393', 'lNONMMUG043843', 'lNONMMUG044302', 'lNONMMUG045259', 'lENSMUSG00000085908', 'lENSMUSG00000103692', 'lENSMUSG00000106828', 'lENSMUSG00000107766', 'lGm13291', 'lSnord11', 'lSnord67']","[1.0, 0.0, 1.0, 0.0, 0.0, 0.0, 1.0, 1.0, 0.0, 1.0, 0.0, 1.0, 1.0, 0.0, 1.0, 1.0, 0.0, 1.0, 1.0, 1.0, 0.0, 0.0, 0.0, 1.0, 0.0, 1.0, 1.0, 0.0, 1.0, 0.0, 1.0, 0.0, 1.0, 1.0, 0.0, 0.0, 0.0, 1.0, 1.0, 1.0, 0.0, 1.0, 0.0, 0.0, 1.0, 1.0, 1.0, 0.0, 1.0, 0.0, 0.0, 0.0, 1.0, 1.0, 1.0, 1.0, 0.0, 0.0, 0.0, 1.0, 0.0, 0.0, 0.0, 0.0, 0.0, 0.0, 1.0, 1.0, 0.0, 1.0, 0.0, 1.0, 1.0, 1.0, 1.0, 0.0, 1.0, 1.0, 0.0, 0.0, 1.0, 0.0, 0.0, 1.0, 0.0, 1.0, 0.0]",['lNeat1'],[0.0],[1],[0.5174530883382157]
45,"['lNONMMUG000508', 'lNONMMUG002215', 'lNONMMUG002239', 'lNONMMUG009962', 'lNONMMUG013211', 'lNONMMUG017485', 'lNONMMUG017913', 'lNONMMUG020673', 'lNONMMUG023454', 'lNONMMUG026355', 'lNONMMUG029813', 'lNONMMUG030202', 'lNONMMUG033401', 'lNONMMUG034886', 'lNONMMUG038355', 'lNONMMUG039685', 'lNONMMUG041158', 'lNONMMUG041781', 'lNONMMUG045568', 'lNONMMUG045569', 'lNONMMUG045574', 'lENSMUSG00000044471', 'lENSMUSG00000075277', 'lENSMUSG00000078190', 'lENSMUSG00000078247', 'lENSMUSG00000085354', 'lENSMUSG00000085715', 'lENSMUSG00000085873', 'lENSMUSG00000086035', 'lENSMUSG00000086141', 'lENSMUSG00000090063', 'lENSMUSG00000097336', 'lENSMUSG00000097571', 'lENSMUSG00000097767', 'lENSMUSG00000098439', 'lENSMUSG00000101609', 'lENSMUSG00000106519', 'l9030622O22Rik', 'lDlx6os1', 'lDnm3os', 'lGas5', 'lGm12610', 'lMiat', 'lNeat1', 'lNONMMUG004366', 'lNONMMUG007120', 'lNONMMUG008199', 'lNONMMUG009173', 'lNONMMUG009235', 'lNONMMUG010099', 'lNONMMUG012984', 'lNONMMUG013851', 'lNONMMUG014034', 'lNONMMUG017321', 'lNONMMUG017372', 'lNONMMUG019692', 'lNONMMUG020560', 'lNONMMUG021010', 'lNONMMUG023106', 'lNONMMUG024809', 'lNONMMUG025805', 'lNONMMUG029789', 'lNONMMUG031524', 'lNONMMUG031860', 'lNONMMUG032531', 'lNONMMUG033434', 'lNONMMUG034060', 'lNONMMUG035589', 'lNONMMUG036314', 'lNONMMUG036495', 'lNONMMUG038170', 'lNONMMUG038692', 'lNONMMUG038718', 'lNONMMUG039825', 'lNONMMUG041948', 'lNONMMUG042190', 'lNONMMUG043393', 'lNONMMUG043843', 'lNONMMUG044302', 'lNONMMUG045259', 'lENSMUSG00000085908', 'lENSMUSG00000103692', 'lENSMUSG00000106828', 'lENSMUSG00000107766', 'lGm13291', 'lSnord11', 'lSnord67']","[1.0, 0.0, 1.0, 0.0, 0.0, 0.0, 1.0, 1.0, 0.0, 1.0, 0.0, 1.0, 1.0, 0.0, 1.0, 1.0, 0.0, 1.0, 1.0, 1.0, 0.0, 0.0, 0.0, 1.0, 0.0, 1.0, 1.0, 0.0, 1.0, 0.0, 1.0, 0.0, 1.0, 1.0, 0.0, 0.0, 0.0, 1.0, 1.0, 1.0, 0.0, 1.0, 0.0, 0.0, 1.0, 1.0, 1.0, 0.0, 1.0, 0.0, 0.0, 0.0, 1.0, 1.0, 1.0, 1.0, 0.0, 0.0, 0.0, 1.0, 0.0, 0.0, 0.0, 0.0, 0.0, 0.0, 1.0, 1.0, 0.0, 1.0, 0.0, 1.0, 1.0, 1.0, 1.0, 0.0, 1.0, 1.0, 0.0, 0.0, 1.0, 0.0, 0.0, 1.0, 0.0, 1.0, 0.0]",['lNONMMUG002771'],[0.0],[1],[0.021732062024548943]
46,"['lNONMMUG000508', 'lNONMMUG002215', 'lNONMMUG002239', 'lNONMMUG009962', 'lNONMMUG013211', 'lNONMMUG017485', 'lNONMMUG017913', 'lNONMMUG020673', 'lNONMMUG023454', 'lNONMMUG026355', 'lNONMMUG029813', 'lNONMMUG030202', 'lNONMMUG033401', 'lNONMMUG034886', 'lNONMMUG038355', 'lNONMMUG039685', 'lNONMMUG041158', 'lNONMMUG041781', 'lNONMMUG045568', 'lNONMMUG045569', 'lNONMMUG045574', 'lENSMUSG00000044471', 'lENSMUSG00000075277', 'lENSMUSG00000078190', 'lENSMUSG00000078247', 'lENSMUSG00000085354', 'lENSMUSG00000085715', 'lENSMUSG00000085873', 'lENSMUSG00000086035', 'lENSMUSG00000086141', 'lENSMUSG00000090063', 'lENSMUSG00000097336', 'lENSMUSG00000097571', 'lENSMUSG00000097767', 'lENSMUSG00000098439', 'lENSMUSG00000101609', 'lENSMUSG00000106519', 'l9030622O22Rik', 'lDlx6os1', 'lDnm3os', 'lGas5', 'lGm12610', 'lMiat', 'lNeat1', 'lNONMMUG002771', 'lNONMMUG007120', 'lNONMMUG008199', 'lNONMMUG009173', 'lNONMMUG009235', 'lNONMMUG010099', 'lNONMMUG012984', 'lNONMMUG013851', 'lNONMMUG014034', 'lNONMMUG017321', 'lNONMMUG017372', 'lNONMMUG019692', 'lNONMMUG020560', 'lNONMMUG021010', 'lNONMMUG023106', 'lNONMMUG024809', 'lNONMMUG025805', 'lNONMMUG029789', 'lNONMMUG031524', 'lNONMMUG031860', 'lNONMMUG032531', 'lNONMMUG033434', 'lNONMMUG034060', 'lNONMMUG035589', 'lNONMMUG036314', 'lNONMMUG036495', 'lNONMMUG038170', 'lNONMMUG038692', 'lNONMMUG038718', 'lNONMMUG039825', 'lNONMMUG041948', 'lNONMMUG042190', 'lNONMMUG043393', 'lNONMMUG043843', 'lNONMMUG044302', 'lNONMMUG045259', 'lENSMUSG00000085908', 'lENSMUSG00000103692', 'lENSMUSG00000106828', 'lENSMUSG00000107766', 'lGm13291', 'lSnord11', 'lSnord67']","[1.0, 0.0, 1.0, 0.0, 0.0, 0.0, 1.0, 1.0, 0.0, 1.0, 0.0, 1.0, 1.0, 0.0, 1.0, 1.0, 0.0, 1.0, 1.0, 1.0, 0.0, 0.0, 0.0, 1.0, 0.0, 1.0, 1.0, 0.0, 1.0, 0.0, 1.0, 0.0, 1.0, 1.0, 0.0, 0.0, 0.0, 1.0, 1.0, 1.0, 0.0, 1.0, 0.0, 0.0, 0.0, 1.0, 1.0, 0.0, 1.0, 0.0, 0.0, 0.0, 1.0, 1.0, 1.0, 1.0, 0.0, 0.0, 0.0, 1.0, 0.0, 0.0, 0.0, 0.0, 0.0, 0.0, 1.0, 1.0, 0.0, 1.0, 0.0, 1.0, 1.0, 1.0, 1.0, 0.0, 1.0, 1.0, 0.0, 0.0, 1.0, 0.0, 0.0, 1.0, 0.0, 1.0, 0.0]",['lNONMMUG004366'],[1.0],[0],[-0.6792636066990776]
47,"['lNONMMUG000508', 'lNONMMUG002215', 'lNONMMUG002239', 'lNONMMUG009962', 'lNONMMUG013211', 'lNONMMUG017485', 'lNONMMUG017913', 'lNONMMUG020673', 'lNONMMUG023454', 'lNONMMUG026355', 'lNONMMUG029813', 'lNONMMUG030202', 'lNONMMUG033401', 'lNONMMUG034886', 'lNONMMUG038355', 'lNONMMUG039685', 'lNONMMUG041158', 'lNONMMUG041781', 'lNONMMUG045568', 'lNONMMUG045569', 'lNONMMUG045574', 'lENSMUSG00000044471', 'lENSMUSG00000075277', 'lENSMUSG00000078190', 'lENSMUSG00000078247', 'lENSMUSG00000085354', 'lENSMUSG00000085715', 'lENSMUSG00000085873', 'lENSMUSG00000086035', 'lENSMUSG00000086141', 'lENSMUSG00000090063', 'lENSMUSG00000097336', 'lENSMUSG00000097571', 'lENSMUSG00000097767', 'lENSMUSG00000098439', 'lENSMUSG00000101609', 'lENSMUSG00000106519', 'l9030622O22Rik', 'lDlx6os1', 'lDnm3os', 'lGas5', 'lGm12610', 'lMiat', 'lNeat1', 'lNONMMUG002771', 'lNONMMUG004366', 'lNONMMUG008199', 'lNONMMUG009173', 'lNONMMUG009235', 'lNONMMUG010099', 'lNONMMUG012984', 'lNONMMUG013851', 'lNONMMUG014034', 'lNONMMUG017321', 'lNONMMUG017372', 'lNONMMUG019692', 'lNONMMUG020560', 'lNONMMUG021010', 'lNONMMUG023106', 'lNONMMUG024809', 'lNONMMUG025805', 'lNONMMUG029789', 'lNONMMUG031524', 'lNONMMUG031860', 'lNONMMUG032531', 'lNONMMUG033434', 'lNONMMUG034060', 'lNONMMUG035589', 'lNONMMUG036314', 'lNONMMUG036495', 'lNONMMUG038170', 'lNONMMUG038692', 'lNONMMUG038718', 'lNONMMUG039825', 'lNONMMUG041948', 'lNONMMUG042190', 'lNONMMUG043393', 'lNONMMUG043843', 'lNONMMUG044302', 'lNONMMUG045259', 'lENSMUSG00000085908', 'lENSMUSG00000103692', 'lENSMUSG00000106828', 'lENSMUSG00000107766', 'lGm13291', 'lSnord11', 'lSnord67']","[1.0, 0.0, 1.0, 0.0, 0.0, 0.0, 1.0, 1.0, 0.0, 1.0, 0.0, 1.0, 1.0, 0.0, 1.0, 1.0, 0.0, 1.0, 1.0, 1.0, 0.0, 0.0, 0.0, 1.0, 0.0, 1.0, 1.0, 0.0, 1.0, 0.0, 1.0, 0.0, 1.0, 1.0, 0.0, 0.0, 0.0, 1.0, 1.0, 1.0, 0.0, 1.0, 0.0, 0.0, 0.0, 1.0, 1.0, 0.0, 1.0, 0.0, 0.0, 0.0, 1.0, 1.0, 1.0, 1.0, 0.0, 0.0, 0.0, 1.0, 0.0, 0.0, 0.0, 0.0, 0.0, 0.0, 1.0, 1.0, 0.0, 1.0, 0.0, 1.0, 1.0, 1.0, 1.0, 0.0, 1.0, 1.0, 0.0, 0.0, 1.0, 0.0, 0.0, 1.0, 0.0, 1.0, 0.0]",['lNONMMUG007120'],[1.0],[0],[-0.8249298430195438]
48,"['lNONMMUG000508', 'lNONMMUG002215', 'lNONMMUG002239', 'lNONMMUG009962', 'lNONMMUG013211', 'lNONMMUG017485', 'lNONMMUG017913', 'lNONMMUG020673', 'lNONMMUG023454', 'lNONMMUG026355', 'lNONMMUG029813', 'lNONMMUG030202', 'lNONMMUG033401', 'lNONMMUG034886', 'lNONMMUG038355', 'lNONMMUG039685', 'lNONMMUG041158', 'lNONMMUG041781', 'lNONMMUG045568', 'lNONMMUG045569', 'lNONMMUG045574', 'lENSMUSG00000044471', 'lENSMUSG00000075277', 'lENSMUSG00000078190', 'lENSMUSG00000078247', 'lENSMUSG00000085354', 'lENSMUSG00000085715', 'lENSMUSG00000085873', 'lENSMUSG00000086035', 'lENSMUSG00000086141', 'lENSMUSG00000090063', 'lENSMUSG00000097336', 'lENSMUSG00000097571', 'lENSMUSG00000097767', 'lENSMUSG00000098439', 'lENSMUSG00000101609', 'lENSMUSG00000106519', 'l9030622O22Rik', 'lDlx6os1', 'lDnm3os', 'lGas5', 'lGm12610', 'lMiat', 'lNeat1', 'lNONMMUG002771', 'lNONMMUG004366', 'lNONMMUG007120', 'lNONMMUG009173', 'lNONMMUG009235', 'lNONMMUG010099', 'lNONMMUG012984', 'lNONMMUG013851', 'lNONMMUG014034', 'lNONMMUG017321', 'lNONMMUG017372', 'lNONMMUG019692', 'lNONMMUG020560', 'lNONMMUG021010', 'lNONMMUG023106', 'lNONMMUG024809', 'lNONMMUG025805', 'lNONMMUG029789', 'lNONMMUG031524', 'lNONMMUG031860', 'lNONMMUG032531', 'lNONMMUG033434', 'lNONMMUG034060', 'lNONMMUG035589', 'lNONMMUG036314', 'lNONMMUG036495', 'lNONMMUG038170', 'lNONMMUG038692', 'lNONMMUG038718', 'lNONMMUG039825', 'lNONMMUG041948', 'lNONMMUG042190', 'lNONMMUG043393', 'lNONMMUG043843', 'lNONMMUG044302', 'lNONMMUG045259', 'lENSMUSG00000085908', 'lENSMUSG00000103692', 'lENSMUSG00000106828', 'lENSMUSG00000107766', 'lGm13291', 'lSnord11', 'lSnord67']","[1.0, 0.0, 1.0, 0.0, 0.0, 0.0, 1.0, 1.0, 0.0, 1.0, 0.0, 1.0, 1.0, 0.0, 1.0, 1.0, 0.0, 1.0, 1.0, 1.0, 0.0, 0.0, 0.0, 1.0, 0.0, 1.0, 1.0, 0.0, 1.0, 0.0, 1.0, 0.0, 1.0, 1.0, 0.0, 0.0, 0.0, 1.0, 1.0, 1.0, 0.0, 1.0, 0.0, 0.0, 0.0, 1.0, 1.0, 0.0, 1.0, 0.0, 0.0, 0.0, 1.0, 1.0, 1.0, 1.0, 0.0, 0.0, 0.0, 1.0, 0.0, 0.0, 0.0, 0.0, 0.0, 0.0, 1.0, 1.0, 0.0, 1.0, 0.0, 1.0, 1.0, 1.0, 1.0, 0.0, 1.0, 1.0, 0.0, 0.0, 1.0, 0.0, 0.0, 1.0, 0.0, 1.0, 0.0]",['lNONMMUG008199'],[1.0],[1],[0.5545212260441794]
49,"['lNONMMUG000508', 'lNONMMUG002215', 'lNONMMUG002239', 'lNONMMUG009962', 'lNONMMUG013211', 'lNONMMUG017485', 'lNONMMUG017913', 'lNONMMUG020673', 'lNONMMUG023454', 'lNONMMUG026355', 'lNONMMUG029813', 'lNONMMUG030202', 'lNONMMUG033401', 'lNONMMUG034886', 'lNONMMUG038355', 'lNONMMUG039685', 'lNONMMUG041158', 'lNONMMUG041781', 'lNONMMUG045568', 'lNONMMUG045569', 'lNONMMUG045574', 'lENSMUSG00000044471', 'lENSMUSG00000075277', 'lENSMUSG00000078190', 'lENSMUSG00000078247', 'lENSMUSG00000085354', 'lENSMUSG00000085715', 'lENSMUSG00000085873', 'lENSMUSG00000086035', 'lENSMUSG00000086141', 'lENSMUSG00000090063', 'lENSMUSG00000097336', 'lENSMUSG00000097571', 'lENSMUSG00000097767', 'lENSMUSG00000098439', 'lENSMUSG00000101609', 'lENSMUSG00000106519', 'l9030622O22Rik', 'lDlx6os1', 'lDnm3os', 'lGas5', 'lGm12610', 'lMiat', 'lNeat1', 'lNONMMUG002771', 'lNONMMUG004366', 'lNONMMUG007120', 'lNONMMUG008199', 'lNONMMUG009235', 'lNONMMUG010099', 'lNONMMUG012984', 'lNONMMUG013851', 'lNONMMUG014034', 'lNONMMUG017321', 'lNONMMUG017372', 'lNONMMUG019692', 'lNONMMUG020560', 'lNONMMUG021010', 'lNONMMUG023106', 'lNONMMUG024809', 'lNONMMUG025805', 'lNONMMUG029789', 'lNONMMUG031524', 'lNONMMUG031860', 'lNONMMUG032531', 'lNONMMUG033434', 'lNONMMUG034060', 'lNONMMUG035589', 'lNONMMUG036314', 'lNONMMUG036495', 'lNONMMUG038170', 'lNONMMUG038692', 'lNONMMUG038718', 'lNONMMUG039825', 'lNONMMUG041948', 'lNONMMUG042190', 'lNONMMUG043393', 'lNONMMUG043843', 'lNONMMUG044302', 'lNONMMUG045259', 'lENSMUSG00000085908', 'lENSMUSG00000103692', 'lENSMUSG00000106828', 'lENSMUSG00000107766', 'lGm13291', 'lSnord11', 'lSnord67']","[1.0, 0.0, 1.0, 0.0, 0.0, 0.0, 1.0, 1.0, 0.0, 1.0, 0.0, 1.0, 1.0, 0.0, 1.0, 1.0, 0.0, 1.0, 1.0, 1.0, 0.0, 0.0, 0.0, 1.0, 0.0, 1.0, 1.0, 0.0, 1.0, 0.0, 1.0, 0.0, 1.0, 1.0, 0.0, 0.0, 0.0, 1.0, 1.0, 1.0, 0.0, 1.0, 0.0, 0.0, 0.0, 1.0, 1.0, 1.0, 1.0, 0.0, 0.0, 0.0, 1.0, 1.0, 1.0, 1.0, 0.0, 0.0, 0.0, 1.0, 0.0, 0.0, 0.0, 0.0, 0.0, 0.0, 1.0, 1.0, 0.0, 1.0, 0.0, 1.0, 1.0, 1.0, 1.0, 0.0, 1.0, 1.0, 0.0, 0.0, 1.0, 0.0, 0.0, 1.0, 0.0, 1.0, 0.0]",['lNONMMUG009173'],[0.0],[1],[0.6564903759410775]
50,"['lNONMMUG000508', 'lNONMMUG002215', 'lNONMMUG002239', 'lNONMMUG009962', 'lNONMMUG013211', 'lNONMMUG017485', 'lNONMMUG017913', 'lNONMMUG020673', 'lNONMMUG023454', 'lNONMMUG026355', 'lNONMMUG029813', 'lNONMMUG030202', 'lNONMMUG033401', 'lNONMMUG034886', 'lNONMMUG038355', 'lNONMMUG039685', 'lNONMMUG041158', 'lNONMMUG041781', 'lNONMMUG045568', 'lNONMMUG045569', 'lNONMMUG045574', 'lENSMUSG00000044471', 'lENSMUSG00000075277', 'lENSMUSG00000078190', 'lENSMUSG00000078247', 'lENSMUSG00000085354', 'lENSMUSG00000085715', 'lENSMUSG00000085873', 'lENSMUSG00000086035', 'lENSMUSG00000086141', 'lENSMUSG00000090063', 'lENSMUSG00000097336', 'lENSMUSG00000097571', 'lENSMUSG00000097767', 'lENSMUSG00000098439', 'lENSMUSG00000101609', 'lENSMUSG00000106519', 'l9030622O22Rik', 'lDlx6os1', 'lDnm3os', 'lGas5', 'lGm12610', 'lMiat', 'lNeat1', 'lNONMMUG002771', 'lNONMMUG004366', 'lNONMMUG007120', 'lNONMMUG008199', 'lNONMMUG009173', 'lNONMMUG010099', 'lNONMMUG012984', 'lNONMMUG013851', 'lNONMMUG014034', 'lNONMMUG017321', 'lNONMMUG017372', 'lNONMMUG019692', 'lNONMMUG020560', 'lNONMMUG021010', 'lNONMMUG023106', 'lNONMMUG024809', 'lNONMMUG025805', 'lNONMMUG029789', 'lNONMMUG031524', 'lNONMMUG031860', 'lNONMMUG032531', 'lNONMMUG033434', 'lNONMMUG034060', 'lNONMMUG035589', 'lNONMMUG036314', 'lNONMMUG036495', 'lNONMMUG038170', 'lNONMMUG038692', 'lNONMMUG038718', 'lNONMMUG039825', 'lNONMMUG041948', 'lNONMMUG042190', 'lNONMMUG043393', 'lNONMMUG043843', 'lNONMMUG044302', 'lNONMMUG045259', 'lENSMUSG00000085908', 'lENSMUSG00000103692', 'lENSMUSG00000106828', 'lENSMUSG00000107766', 'lGm13291', 'lSnord11', 'lSnord67']","[1.0, 0.0, 1.0, 0.0, 0.0, 0.0, 1.0, 1.0, 0.0, 1.0, 0.0, 1.0, 1.0, 0.0, 1.0, 1.0, 0.0, 1.0, 1.0, 1.0, 0.0, 0.0, 0.0, 1.0, 0.0, 1.0, 1.0, 0.0, 1.0, 0.0, 1.0, 0.0, 1.0, 1.0, 0.0, 0.0, 0.0, 1.0, 1.0, 1.0, 0.0, 1.0, 0.0, 0.0, 0.0, 1.0, 1.0, 1.0, 0.0, 0.0, 0.0, 0.0, 1.0, 1.0, 1.0, 1.0, 0.0, 0.0, 0.0, 1.0, 0.0, 0.0, 0.0, 0.0, 0.0, 0.0, 1.0, 1.0, 0.0, 1.0, 0.0, 1.0, 1.0, 1.0, 1.0, 0.0, 1.0, 1.0, 0.0, 0.0, 1.0, 0.0, 0.0, 1.0, 0.0, 1.0, 0.0]",['lNONMMUG009235'],[1.0],[0],[-0.9051459681013712]
51,"['lNONMMUG000508', 'lNONMMUG002215', 'lNONMMUG002239', 'lNONMMUG009962', 'lNONMMUG013211', 'lNONMMUG017485', 'lNONMMUG017913', 'lNONMMUG020673', 'lNONMMUG023454', 'lNONMMUG026355', 'lNONMMUG029813', 'lNONMMUG030202', 'lNONMMUG033401', 'lNONMMUG034886', 'lNONMMUG038355', 'lNONMMUG039685', 'lNONMMUG041158', 'lNONMMUG041781', 'lNONMMUG045568', 'lNONMMUG045569', 'lNONMMUG045574', 'lENSMUSG00000044471', 'lENSMUSG00000075277', 'lENSMUSG00000078190', 'lENSMUSG00000078247', 'lENSMUSG00000085354', 'lENSMUSG00000085715', 'lENSMUSG00000085873', 'lENSMUSG00000086035', 'lENSMUSG00000086141', 'lENSMUSG00000090063', 'lENSMUSG00000097336', 'lENSMUSG00000097571', 'lENSMUSG00000097767', 'lENSMUSG00000098439', 'lENSMUSG00000101609', 'lENSMUSG00000106519', 'l9030622O22Rik', 'lDlx6os1', 'lDnm3os', 'lGas5', 'lGm12610', 'lMiat', 'lNeat1', 'lNONMMUG002771', 'lNONMMUG004366', 'lNONMMUG007120', 'lNONMMUG008199', 'lNONMMUG009173', 'lNONMMUG009235', 'lNONMMUG012984', 'lNONMMUG013851', 'lNONMMUG014034', 'lNONMMUG017321', 'lNONMMUG017372', 'lNONMMUG019692', 'lNONMMUG020560', 'lNONMMUG021010', 'lNONMMUG023106', 'lNONMMUG024809', 'lNONMMUG025805', 'lNONMMUG029789', 'lNONMMUG031524', 'lNONMMUG031860', 'lNONMMUG032531', 'lNONMMUG033434', 'lNONMMUG034060', 'lNONMMUG035589', 'lNONMMUG036314', 'lNONMMUG036495', 'lNONMMUG038170', 'lNONMMUG038692', 'lNONMMUG038718', 'lNONMMUG039825', 'lNONMMUG041948', 'lNONMMUG042190', 'lNONMMUG043393', 'lNONMMUG043843', 'lNONMMUG044302', 'lNONMMUG045259', 'lENSMUSG00000085908', 'lENSMUSG00000103692', 'lENSMUSG00000106828', 'lENSMUSG00000107766', 'lGm13291', 'lSnord11', 'lSnord67']","[1.0, 0.0, 1.0, 0.0, 0.0, 0.0, 1.0, 1.0, 0.0, 1.0, 0.0, 1.0, 1.0, 0.0, 1.0, 1.0, 0.0, 1.0, 1.0, 1.0, 0.0, 0.0, 0.0, 1.0, 0.0, 1.0, 1.0, 0.0, 1.0, 0.0, 1.0, 0.0, 1.0, 1.0, 0.0, 0.0, 0.0, 1.0, 1.0, 1.0, 0.0, 1.0, 0.0, 0.0, 0.0, 1.0, 1.0, 1.0, 0.0, 1.0, 0.0, 0.0, 1.0, 1.0, 1.0, 1.0, 0.0, 0.0, 0.0, 1.0, 0.0, 0.0, 0.0, 0.0, 0.0, 0.0, 1.0, 1.0, 0.0, 1.0, 0.0, 1.0, 1.0, 1.0, 1.0, 0.0, 1.0, 1.0, 0.0, 0.0, 1.0, 0.0, 0.0, 1.0, 0.0, 1.0, 0.0]",['lNONMMUG010099'],[0.0],[0],[-0.0043838224313703655]
52,"['lNONMMUG000508', 'lNONMMUG002215', 'lNONMMUG002239', 'lNONMMUG009962', 'lNONMMUG013211', 'lNONMMUG017485', 'lNONMMUG017913', 'lNONMMUG020673', 'lNONMMUG023454', 'lNONMMUG026355', 'lNONMMUG029813', 'lNONMMUG030202', 'lNONMMUG033401', 'lNONMMUG034886', 'lNONMMUG038355', 'lNONMMUG039685', 'lNONMMUG041158', 'lNONMMUG041781', 'lNONMMUG045568', 'lNONMMUG045569', 'lNONMMUG045574', 'lENSMUSG00000044471', 'lENSMUSG00000075277', 'lENSMUSG00000078190', 'lENSMUSG00000078247', 'lENSMUSG00000085354', 'lENSMUSG00000085715', 'lENSMUSG00000085873', 'lENSMUSG00000086035', 'lENSMUSG00000086141', 'lENSMUSG00000090063', 'lENSMUSG00000097336', 'lENSMUSG00000097571', 'lENSMUSG00000097767', 'lENSMUSG00000098439', 'lENSMUSG00000101609', 'lENSMUSG00000106519', 'l9030622O22Rik', 'lDlx6os1', 'lDnm3os', 'lGas5', 'lGm12610', 'lMiat', 'lNeat1', 'lNONMMUG002771', 'lNONMMUG004366', 'lNONMMUG007120', 'lNONMMUG008199', 'lNONMMUG009173', 'lNONMMUG009235', 'lNONMMUG010099', 'lNONMMUG013851', 'lNONMMUG014034', 'lNONMMUG017321', 'lNONMMUG017372', 'lNONMMUG019692', 'lNONMMUG020560', 'lNONMMUG021010', 'lNONMMUG023106', 'lNONMMUG024809', 'lNONMMUG025805', 'lNONMMUG029789', 'lNONMMUG031524', 'lNONMMUG031860', 'lNONMMUG032531', 'lNONMMUG033434', 'lNONMMUG034060', 'lNONMMUG035589', 'lNONMMUG036314', 'lNONMMUG036495', 'lNONMMUG038170', 'lNONMMUG038692', 'lNONMMUG038718', 'lNONMMUG039825', 'lNONMMUG041948', 'lNONMMUG042190', 'lNONMMUG043393', 'lNONMMUG043843', 'lNONMMUG044302', 'lNONMMUG045259', 'lENSMUSG00000085908', 'lENSMUSG00000103692', 'lENSMUSG00000106828', 'lENSMUSG00000107766', 'lGm13291', 'lSnord11', 'lSnord67']","[1.0, 0.0, 1.0, 0.0, 0.0, 0.0, 1.0, 1.0, 0.0, 1.0, 0.0, 1.0, 1.0, 0.0, 1.0, 1.0, 0.0, 1.0, 1.0, 1.0, 0.0, 0.0, 0.0, 1.0, 0.0, 1.0, 1.0, 0.0, 1.0, 0.0, 1.0, 0.0, 1.0, 1.0, 0.0, 0.0, 0.0, 1.0, 1.0, 1.0, 0.0, 1.0, 0.0, 0.0, 0.0, 1.0, 1.0, 1.0, 0.0, 1.0, 0.0, 0.0, 1.0, 1.0, 1.0, 1.0, 0.0, 0.0, 0.0, 1.0, 0.0, 0.0, 0.0, 0.0, 0.0, 0.0, 1.0, 1.0, 0.0, 1.0, 0.0, 1.0, 1.0, 1.0, 1.0, 0.0, 1.0, 1.0, 0.0, 0.0, 1.0, 0.0, 0.0, 1.0, 0.0, 1.0, 0.0]",['lNONMMUG012984'],[0.0],[0],[-0.005866943233698511]
53,"['lNONMMUG000508', 'lNONMMUG002215', 'lNONMMUG002239', 'lNONMMUG009962', 'lNONMMUG013211', 'lNONMMUG017485', 'lNONMMUG017913', 'lNONMMUG020673', 'lNONMMUG023454', 'lNONMMUG026355', 'lNONMMUG029813', 'lNONMMUG030202', 'lNONMMUG033401', 'lNONMMUG034886', 'lNONMMUG038355', 'lNONMMUG039685', 'lNONMMUG041158', 'lNONMMUG041781', 'lNONMMUG045568', 'lNONMMUG045569', 'lNONMMUG045574', 'lENSMUSG00000044471', 'lENSMUSG00000075277', 'lENSMUSG00000078190', 'lENSMUSG00000078247', 'lENSMUSG00000085354', 'lENSMUSG00000085715', 'lENSMUSG00000085873', 'lENSMUSG00000086035', 'lENSMUSG00000086141', 'lENSMUSG00000090063', 'lENSMUSG00000097336', 'lENSMUSG00000097571', 'lENSMUSG00000097767', 'lENSMUSG00000098439', 'lENSMUSG00000101609', 'lENSMUSG00000106519', 'l9030622O22Rik', 'lDlx6os1', 'lDnm3os', 'lGas5', 'lGm12610', 'lMiat', 'lNeat1', 'lNONMMUG002771', 'lNONMMUG004366', 'lNONMMUG007120', 'lNONMMUG008199', 'lNONMMUG009173', 'lNONMMUG009235', 'lNONMMUG010099', 'lNONMMUG012984', 'lNONMMUG014034', 'lNONMMUG017321', 'lNONMMUG017372', 'lNONMMUG019692', 'lNONMMUG020560', 'lNONMMUG021010', 'lNONMMUG023106', 'lNONMMUG024809', 'lNONMMUG025805', 'lNONMMUG029789', 'lNONMMUG031524', 'lNONMMUG031860', 'lNONMMUG032531', 'lNONMMUG033434', 'lNONMMUG034060', 'lNONMMUG035589', 'lNONMMUG036314', 'lNONMMUG036495', 'lNONMMUG038170', 'lNONMMUG038692', 'lNONMMUG038718', 'lNONMMUG039825', 'lNONMMUG041948', 'lNONMMUG042190', 'lNONMMUG043393', 'lNONMMUG043843', 'lNONMMUG044302', 'lNONMMUG045259', 'lENSMUSG00000085908', 'lENSMUSG00000103692', 'lENSMUSG00000106828', 'lENSMUSG00000107766', 'lGm13291', 'lSnord11', 'lSnord67']","[1.0, 0.0, 1.0, 0.0, 0.0, 0.0, 1.0, 1.0, 0.0, 1.0, 0.0, 1.0, 1.0, 0.0, 1.0, 1.0, 0.0, 1.0, 1.0, 1.0, 0.0, 0.0, 0.0, 1.0, 0.0, 1.0, 1.0, 0.0, 1.0, 0.0, 1.0, 0.0, 1.0, 1.0, 0.0, 0.0, 0.0, 1.0, 1.0, 1.0, 0.0, 1.0, 0.0, 0.0, 0.0, 1.0, 1.0, 1.0, 0.0, 1.0, 0.0, 0.0, 1.0, 1.0, 1.0, 1.0, 0.0, 0.0, 0.0, 1.0, 0.0, 0.0, 0.0, 0.0, 0.0, 0.0, 1.0, 1.0, 0.0, 1.0, 0.0, 1.0, 1.0, 1.0, 1.0, 0.0, 1.0, 1.0, 0.0, 0.0, 1.0, 0.0, 0.0, 1.0, 0.0, 1.0, 0.0]",['lNONMMUG013851'],[0.0],[1],[0.8204754440678107]
54,"['lNONMMUG000508', 'lNONMMUG002215', 'lNONMMUG002239', 'lNONMMUG009962', 'lNONMMUG013211', 'lNONMMUG017485', 'lNONMMUG017913', 'lNONMMUG020673', 'lNONMMUG023454', 'lNONMMUG026355', 'lNONMMUG029813', 'lNONMMUG030202', 'lNONMMUG033401', 'lNONMMUG034886', 'lNONMMUG038355', 'lNONMMUG039685', 'lNONMMUG041158', 'lNONMMUG041781', 'lNONMMUG045568', 'lNONMMUG045569', 'lNONMMUG045574', 'lENSMUSG00000044471', 'lENSMUSG00000075277', 'lENSMUSG00000078190', 'lENSMUSG00000078247', 'lENSMUSG00000085354', 'lENSMUSG00000085715', 'lENSMUSG00000085873', 'lENSMUSG00000086035', 'lENSMUSG00000086141', 'lENSMUSG00000090063', 'lENSMUSG00000097336', 'lENSMUSG00000097571', 'lENSMUSG00000097767', 'lENSMUSG00000098439', 'lENSMUSG00000101609', 'lENSMUSG00000106519', 'l9030622O22Rik', 'lDlx6os1', 'lDnm3os', 'lGas5', 'lGm12610', 'lMiat', 'lNeat1', 'lNONMMUG002771', 'lNONMMUG004366', 'lNONMMUG007120', 'lNONMMUG008199', 'lNONMMUG009173', 'lNONMMUG009235', 'lNONMMUG010099', 'lNONMMUG012984', 'lNONMMUG013851', 'lNONMMUG017321', 'lNONMMUG017372', 'lNONMMUG019692', 'lNONMMUG020560', 'lNONMMUG021010', 'lNONMMUG023106', 'lNONMMUG024809', 'lNONMMUG025805', 'lNONMMUG029789', 'lNONMMUG031524', 'lNONMMUG031860', 'lNONMMUG032531', 'lNONMMUG033434', 'lNONMMUG034060', 'lNONMMUG035589', 'lNONMMUG036314', 'lNONMMUG036495', 'lNONMMUG038170', 'lNONMMUG038692', 'lNONMMUG038718', 'lNONMMUG039825', 'lNONMMUG041948', 'lNONMMUG042190', 'lNONMMUG043393', 'lNONMMUG043843', 'lNONMMUG044302', 'lNONMMUG045259', 'lENSMUSG00000085908', 'lENSMUSG00000103692', 'lENSMUSG00000106828', 'lENSMUSG00000107766', 'lGm13291', 'lSnord11', 'lSnord67']","[1.0, 0.0, 1.0, 0.0, 0.0, 0.0, 1.0, 1.0, 0.0, 1.0, 0.0, 1.0, 1.0, 0.0, 1.0, 1.0, 0.0, 1.0, 1.0, 1.0, 0.0, 0.0, 0.0, 1.0, 0.0, 1.0, 1.0, 0.0, 1.0, 0.0, 1.0, 0.0, 1.0, 1.0, 0.0, 0.0, 0.0, 1.0, 1.0, 1.0, 0.0, 1.0, 0.0, 0.0, 0.0, 1.0, 1.0, 1.0, 0.0, 1.0, 0.0, 0.0, 0.0, 1.0, 1.0, 1.0, 0.0, 0.0, 0.0, 1.0, 0.0, 0.0, 0.0, 0.0, 0.0, 0.0, 1.0, 1.0, 0.0, 1.0, 0.0, 1.0, 1.0, 1.0, 1.0, 0.0, 1.0, 1.0, 0.0, 0.0, 1.0, 0.0, 0.0, 1.0, 0.0, 1.0, 0.0]",['lNONMMUG014034'],[1.0],[1],[0.2543201954005041]
55,"['lNONMMUG000508', 'lNONMMUG002215', 'lNONMMUG002239', 'lNONMMUG009962', 'lNONMMUG013211', 'lNONMMUG017485', 'lNONMMUG017913', 'lNONMMUG020673', 'lNONMMUG023454', 'lNONMMUG026355', 'lNONMMUG029813', 'lNONMMUG030202', 'lNONMMUG033401', 'lNONMMUG034886', 'lNONMMUG038355', 'lNONMMUG039685', 'lNONMMUG041158', 'lNONMMUG041781', 'lNONMMUG045568', 'lNONMMUG045569', 'lNONMMUG045574', 'lENSMUSG00000044471', 'lENSMUSG00000075277', 'lENSMUSG00000078190', 'lENSMUSG00000078247', 'lENSMUSG00000085354', 'lENSMUSG00000085715', 'lENSMUSG00000085873', 'lENSMUSG00000086035', 'lENSMUSG00000086141', 'lENSMUSG00000090063', 'lENSMUSG00000097336', 'lENSMUSG00000097571', 'lENSMUSG00000097767', 'lENSMUSG00000098439', 'lENSMUSG00000101609', 'lENSMUSG00000106519', 'l9030622O22Rik', 'lDlx6os1', 'lDnm3os', 'lGas5', 'lGm12610', 'lMiat', 'lNeat1', 'lNONMMUG002771', 'lNONMMUG004366', 'lNONMMUG007120', 'lNONMMUG008199', 'lNONMMUG009173', 'lNONMMUG009235', 'lNONMMUG010099', 'lNONMMUG012984', 'lNONMMUG013851', 'lNONMMUG014034', 'lNONMMUG017372', 'lNONMMUG019692', 'lNONMMUG020560', 'lNONMMUG021010', 'lNONMMUG023106', 'lNONMMUG024809', 'lNONMMUG025805', 'lNONMMUG029789', 'lNONMMUG031524', 'lNONMMUG031860', 'lNONMMUG032531', 'lNONMMUG033434', 'lNONMMUG034060', 'lNONMMUG035589', 'lNONMMUG036314', 'lNONMMUG036495', 'lNONMMUG038170', 'lNONMMUG038692', 'lNONMMUG038718', 'lNONMMUG039825', 'lNONMMUG041948', 'lNONMMUG042190', 'lNONMMUG043393', 'lNONMMUG043843', 'lNONMMUG044302', 'lNONMMUG045259', 'lENSMUSG00000085908', 'lENSMUSG00000103692', 'lENSMUSG00000106828', 'lENSMUSG00000107766', 'lGm13291', 'lSnord11', 'lSnord67']","[1.0, 0.0, 1.0, 0.0, 0.0, 0.0, 1.0, 1.0, 0.0, 1.0, 0.0, 1.0, 1.0, 0.0, 1.0, 1.0, 0.0, 1.0, 1.0, 1.0, 0.0, 0.0, 0.0, 1.0, 0.0, 1.0, 1.0, 0.0, 1.0, 0.0, 1.0, 0.0, 1.0, 1.0, 0.0, 0.0, 0.0, 1.0, 1.0, 1.0, 0.0, 1.0, 0.0, 0.0, 0.0, 1.0, 1.0, 1.0, 0.0, 1.0, 0.0, 0.0, 0.0, 1.0, 1.0, 1.0, 0.0, 0.0, 0.0, 1.0, 0.0, 0.0, 0.0, 0.0, 0.0, 0.0, 1.0, 1.0, 0.0, 1.0, 0.0, 1.0, 1.0, 1.0, 1.0, 0.0, 1.0, 1.0, 0.0, 0.0, 1.0, 0.0, 0.0, 1.0, 0.0, 1.0, 0.0]",['lNONMMUG017321'],[1.0],[1],[0.03215199802465091]
56,"['lNONMMUG000508', 'lNONMMUG002215', 'lNONMMUG002239', 'lNONMMUG009962', 'lNONMMUG013211', 'lNONMMUG017485', 'lNONMMUG017913', 'lNONMMUG020673', 'lNONMMUG023454', 'lNONMMUG026355', 'lNONMMUG029813', 'lNONMMUG030202', 'lNONMMUG033401', 'lNONMMUG034886', 'lNONMMUG038355', 'lNONMMUG039685', 'lNONMMUG041158', 'lNONMMUG041781', 'lNONMMUG045568', 'lNONMMUG045569', 'lNONMMUG045574', 'lENSMUSG00000044471', 'lENSMUSG00000075277', 'lENSMUSG00000078190', 'lENSMUSG00000078247', 'lENSMUSG00000085354', 'lENSMUSG00000085715', 'lENSMUSG00000085873', 'lENSMUSG00000086035', 'lENSMUSG00000086141', 'lENSMUSG00000090063', 'lENSMUSG00000097336', 'lENSMUSG00000097571', 'lENSMUSG00000097767', 'lENSMUSG00000098439', 'lENSMUSG00000101609', 'lENSMUSG00000106519', 'l9030622O22Rik', 'lDlx6os1', 'lDnm3os', 'lGas5', 'lGm12610', 'lMiat', 'lNeat1', 'lNONMMUG002771', 'lNONMMUG004366', 'lNONMMUG007120', 'lNONMMUG008199', 'lNONMMUG009173', 'lNONMMUG009235', 'lNONMMUG010099', 'lNONMMUG012984', 'lNONMMUG013851', 'lNONMMUG014034', 'lNONMMUG017321', 'lNONMMUG019692', 'lNONMMUG020560', 'lNONMMUG021010', 'lNONMMUG023106', 'lNONMMUG024809', 'lNONMMUG025805', 'lNONMMUG029789', 'lNONMMUG031524', 'lNONMMUG031860', 'lNONMMUG032531', 'lNONMMUG033434', 'lNONMMUG034060', 'lNONMMUG035589', 'lNONMMUG036314', 'lNONMMUG036495', 'lNONMMUG038170', 'lNONMMUG038692', 'lNONMMUG038718', 'lNONMMUG039825', 'lNONMMUG041948', 'lNONMMUG042190', 'lNONMMUG043393', 'lNONMMUG043843', 'lNONMMUG044302', 'lNONMMUG045259', 'lENSMUSG00000085908', 'lENSMUSG00000103692', 'lENSMUSG00000106828', 'lENSMUSG00000107766', 'lGm13291', 'lSnord11', 'lSnord67']","[1.0, 0.0, 1.0, 0.0, 0.0, 0.0, 1.0, 1.0, 0.0, 1.0, 0.0, 1.0, 1.0, 0.0, 1.0, 1.0, 0.0, 1.0, 1.0, 1.0, 0.0, 0.0, 0.0, 1.0, 0.0, 1.0, 1.0, 0.0, 1.0, 0.0, 1.0, 0.0, 1.0, 1.0, 0.0, 0.0, 0.0, 1.0, 1.0, 1.0, 0.0, 1.0, 0.0, 0.0, 0.0, 1.0, 1.0, 1.0, 0.0, 1.0, 0.0, 0.0, 0.0, 1.0, 1.0, 1.0, 0.0, 0.0, 0.0, 1.0, 0.0, 0.0, 0.0, 0.0, 0.0, 0.0, 1.0, 1.0, 0.0, 1.0, 0.0, 1.0, 1.0, 1.0, 1.0, 0.0, 1.0, 1.0, 0.0, 0.0, 1.0, 0.0, 0.0, 1.0, 0.0, 1.0, 0.0]",['lNONMMUG017372'],[1.0],[0],[-0.26076414414633314]
57,"['lNONMMUG000508', 'lNONMMUG002215', 'lNONMMUG002239', 'lNONMMUG009962', 'lNONMMUG013211', 'lNONMMUG017485', 'lNONMMUG017913', 'lNONMMUG020673', 'lNONMMUG023454', 'lNONMMUG026355', 'lNONMMUG029813', 'lNONMMUG030202', 'lNONMMUG033401', 'lNONMMUG034886', 'lNONMMUG038355', 'lNONMMUG039685', 'lNONMMUG041158', 'lNONMMUG041781', 'lNONMMUG045568', 'lNONMMUG045569', 'lNONMMUG045574', 'lENSMUSG00000044471', 'lENSMUSG00000075277', 'lENSMUSG00000078190', 'lENSMUSG00000078247', 'lENSMUSG00000085354', 'lENSMUSG00000085715', 'lENSMUSG00000085873', 'lENSMUSG00000086035', 'lENSMUSG00000086141', 'lENSMUSG00000090063', 'lENSMUSG00000097336', 'lENSMUSG00000097571', 'lENSMUSG00000097767', 'lENSMUSG00000098439', 'lENSMUSG00000101609', 'lENSMUSG00000106519', 'l9030622O22Rik', 'lDlx6os1', 'lDnm3os', 'lGas5', 'lGm12610', 'lMiat', 'lNeat1', 'lNONMMUG002771', 'lNONMMUG004366', 'lNONMMUG007120', 'lNONMMUG008199', 'lNONMMUG009173', 'lNONMMUG009235', 'lNONMMUG010099', 'lNONMMUG012984', 'lNONMMUG013851', 'lNONMMUG014034', 'lNONMMUG017321', 'lNONMMUG017372', 'lNONMMUG020560', 'lNONMMUG021010', 'lNONMMUG023106', 'lNONMMUG024809', 'lNONMMUG025805', 'lNONMMUG029789', 'lNONMMUG031524', 'lNONMMUG031860', 'lNONMMUG032531', 'lNONMMUG033434', 'lNONMMUG034060', 'lNONMMUG035589', 'lNONMMUG036314', 'lNONMMUG036495', 'lNONMMUG038170', 'lNONMMUG038692', 'lNONMMUG038718', 'lNONMMUG039825', 'lNONMMUG041948', 'lNONMMUG042190', 'lNONMMUG043393', 'lNONMMUG043843', 'lNONMMUG044302', 'lNONMMUG045259', 'lENSMUSG00000085908', 'lENSMUSG00000103692', 'lENSMUSG00000106828', 'lENSMUSG00000107766', 'lGm13291', 'lSnord11', 'lSnord67']","[1.0, 0.0, 1.0, 0.0, 0.0, 0.0, 1.0, 1.0, 0.0, 1.0, 0.0, 1.0, 1.0, 0.0, 1.0, 1.0, 0.0, 1.0, 1.0, 1.0, 0.0, 0.0, 0.0, 1.0, 0.0, 1.0, 1.0, 0.0, 1.0, 0.0, 1.0, 0.0, 1.0, 1.0, 0.0, 0.0, 0.0, 1.0, 1.0, 1.0, 0.0, 1.0, 0.0, 0.0, 0.0, 1.0, 1.0, 1.0, 0.0, 1.0, 0.0, 0.0, 0.0, 1.0, 1.0, 1.0, 0.0, 0.0, 0.0, 1.0, 0.0, 0.0, 0.0, 0.0, 0.0, 0.0, 1.0, 1.0, 0.0, 1.0, 0.0, 1.0, 1.0, 1.0, 1.0, 0.0, 1.0, 1.0, 0.0, 0.0, 1.0, 0.0, 0.0, 1.0, 0.0, 1.0, 0.0]",['lNONMMUG019692'],[1.0],[0],[-0.21554340739666408]
58,"['lNONMMUG000508', 'lNONMMUG002215', 'lNONMMUG002239', 'lNONMMUG009962', 'lNONMMUG013211', 'lNONMMUG017485', 'lNONMMUG017913', 'lNONMMUG020673', 'lNONMMUG023454', 'lNONMMUG026355', 'lNONMMUG029813', 'lNONMMUG030202', 'lNONMMUG033401', 'lNONMMUG034886', 'lNONMMUG038355', 'lNONMMUG039685', 'lNONMMUG041158', 'lNONMMUG041781', 'lNONMMUG045568', 'lNONMMUG045569', 'lNONMMUG045574', 'lENSMUSG00000044471', 'lENSMUSG00000075277', 'lENSMUSG00000078190', 'lENSMUSG00000078247', 'lENSMUSG00000085354', 'lENSMUSG00000085715', 'lENSMUSG00000085873', 'lENSMUSG00000086035', 'lENSMUSG00000086141', 'lENSMUSG00000090063', 'lENSMUSG00000097336', 'lENSMUSG00000097571', 'lENSMUSG00000097767', 'lENSMUSG00000098439', 'lENSMUSG00000101609', 'lENSMUSG00000106519', 'l9030622O22Rik', 'lDlx6os1', 'lDnm3os', 'lGas5', 'lGm12610', 'lMiat', 'lNeat1', 'lNONMMUG002771', 'lNONMMUG004366', 'lNONMMUG007120', 'lNONMMUG008199', 'lNONMMUG009173', 'lNONMMUG009235', 'lNONMMUG010099', 'lNONMMUG012984', 'lNONMMUG013851', 'lNONMMUG014034', 'lNONMMUG017321', 'lNONMMUG017372', 'lNONMMUG019692', 'lNONMMUG021010', 'lNONMMUG023106', 'lNONMMUG024809', 'lNONMMUG025805', 'lNONMMUG029789', 'lNONMMUG031524', 'lNONMMUG031860', 'lNONMMUG032531', 'lNONMMUG033434', 'lNONMMUG034060', 'lNONMMUG035589', 'lNONMMUG036314', 'lNONMMUG036495', 'lNONMMUG038170', 'lNONMMUG038692', 'lNONMMUG038718', 'lNONMMUG039825', 'lNONMMUG041948', 'lNONMMUG042190', 'lNONMMUG043393', 'lNONMMUG043843', 'lNONMMUG044302', 'lNONMMUG045259', 'lENSMUSG00000085908', 'lENSMUSG00000103692', 'lENSMUSG00000106828', 'lENSMUSG00000107766', 'lGm13291', 'lSnord11', 'lSnord67']","[1.0, 0.0, 1.0, 0.0, 0.0, 0.0, 1.0, 1.0, 0.0, 1.0, 0.0, 1.0, 1.0, 0.0, 1.0, 1.0, 0.0, 1.0, 1.0, 1.0, 0.0, 0.0, 0.0, 1.0, 0.0, 1.0, 1.0, 0.0, 1.0, 0.0, 1.0, 0.0, 1.0, 1.0, 0.0, 0.0, 0.0, 1.0, 1.0, 1.0, 0.0, 1.0, 0.0, 0.0, 0.0, 1.0, 1.0, 1.0, 0.0, 1.0, 0.0, 0.0, 0.0, 1.0, 1.0, 1.0, 1.0, 0.0, 0.0, 1.0, 0.0, 0.0, 0.0, 0.0, 0.0, 0.0, 1.0, 1.0, 0.0, 1.0, 0.0, 1.0, 1.0, 1.0, 1.0, 0.0, 1.0, 1.0, 0.0, 0.0, 1.0, 0.0, 0.0, 1.0, 0.0, 1.0, 0.0]",['lNONMMUG020560'],[0.0],[1],[0.5965634625875222]
59,"['lNONMMUG000508', 'lNONMMUG002215', 'lNONMMUG002239', 'lNONMMUG009962', 'lNONMMUG013211', 'lNONMMUG017485', 'lNONMMUG017913', 'lNONMMUG020673', 'lNONMMUG023454', 'lNONMMUG026355', 'lNONMMUG029813', 'lNONMMUG030202', 'lNONMMUG033401', 'lNONMMUG034886', 'lNONMMUG038355', 'lNONMMUG039685', 'lNONMMUG041158', 'lNONMMUG041781', 'lNONMMUG045568', 'lNONMMUG045569', 'lNONMMUG045574', 'lENSMUSG00000044471', 'lENSMUSG00000075277', 'lENSMUSG00000078190', 'lENSMUSG00000078247', 'lENSMUSG00000085354', 'lENSMUSG00000085715', 'lENSMUSG00000085873', 'lENSMUSG00000086035', 'lENSMUSG00000086141', 'lENSMUSG00000090063', 'lENSMUSG00000097336', 'lENSMUSG00000097571', 'lENSMUSG00000097767', 'lENSMUSG00000098439', 'lENSMUSG00000101609', 'lENSMUSG00000106519', 'l9030622O22Rik', 'lDlx6os1', 'lDnm3os', 'lGas5', 'lGm12610', 'lMiat', 'lNeat1', 'lNONMMUG002771', 'lNONMMUG004366', 'lNONMMUG007120', 'lNONMMUG008199', 'lNONMMUG009173', 'lNONMMUG009235', 'lNONMMUG010099', 'lNONMMUG012984', 'lNONMMUG013851', 'lNONMMUG014034', 'lNONMMUG017321', 'lNONMMUG017372', 'lNONMMUG019692', 'lNONMMUG020560', 'lNONMMUG023106', 'lNONMMUG024809', 'lNONMMUG025805', 'lNONMMUG029789', 'lNONMMUG031524', 'lNONMMUG031860', 'lNONMMUG032531', 'lNONMMUG033434', 'lNONMMUG034060', 'lNONMMUG035589', 'lNONMMUG036314', 'lNONMMUG036495', 'lNONMMUG038170', 'lNONMMUG038692', 'lNONMMUG038718', 'lNONMMUG039825', 'lNONMMUG041948', 'lNONMMUG042190', 'lNONMMUG043393', 'lNONMMUG043843', 'lNONMMUG044302', 'lNONMMUG045259', 'lENSMUSG00000085908', 'lENSMUSG00000103692', 'lENSMUSG00000106828', 'lENSMUSG00000107766', 'lGm13291', 'lSnord11', 'lSnord67']","[1.0, 0.0, 1.0, 0.0, 0.0, 0.0, 1.0, 1.0, 0.0, 1.0, 0.0, 1.0, 1.0, 0.0, 1.0, 1.0, 0.0, 1.0, 1.0, 1.0, 0.0, 0.0, 0.0, 1.0, 0.0, 1.0, 1.0, 0.0, 1.0, 0.0, 1.0, 0.0, 1.0, 1.0, 0.0, 0.0, 0.0, 1.0, 1.0, 1.0, 0.0, 1.0, 0.0, 0.0, 0.0, 1.0, 1.0, 1.0, 0.0, 1.0, 0.0, 0.0, 0.0, 1.0, 1.0, 1.0, 1.0, 0.0, 0.0, 1.0, 0.0, 0.0, 0.0, 0.0, 0.0, 0.0, 1.0, 1.0, 0.0, 1.0, 0.0, 1.0, 1.0, 1.0, 1.0, 0.0, 1.0, 1.0, 0.0, 0.0, 1.0, 0.0, 0.0, 1.0, 0.0, 1.0, 0.0]",['lNONMMUG021010'],[0.0],[1],[0.10894587671546763]
60,"['lNONMMUG000508', 'lNONMMUG002215', 'lNONMMUG002239', 'lNONMMUG009962', 'lNONMMUG013211', 'lNONMMUG017485', 'lNONMMUG017913', 'lNONMMUG020673', 'lNONMMUG023454', 'lNONMMUG026355', 'lNONMMUG029813', 'lNONMMUG030202', 'lNONMMUG033401', 'lNONMMUG034886', 'lNONMMUG038355', 'lNONMMUG039685', 'lNONMMUG041158', 'lNONMMUG041781', 'lNONMMUG045568', 'lNONMMUG045569', 'lNONMMUG045574', 'lENSMUSG00000044471', 'lENSMUSG00000075277', 'lENSMUSG00000078190', 'lENSMUSG00000078247', 'lENSMUSG00000085354', 'lENSMUSG00000085715', 'lENSMUSG00000085873', 'lENSMUSG00000086035', 'lENSMUSG00000086141', 'lENSMUSG00000090063', 'lENSMUSG00000097336', 'lENSMUSG00000097571', 'lENSMUSG00000097767', 'lENSMUSG00000098439', 'lENSMUSG00000101609', 'lENSMUSG00000106519', 'l9030622O22Rik', 'lDlx6os1', 'lDnm3os', 'lGas5', 'lGm12610', 'lMiat', 'lNeat1', 'lNONMMUG002771', 'lNONMMUG004366', 'lNONMMUG007120', 'lNONMMUG008199', 'lNONMMUG009173', 'lNONMMUG009235', 'lNONMMUG010099', 'lNONMMUG012984', 'lNONMMUG013851', 'lNONMMUG014034', 'lNONMMUG017321', 'lNONMMUG017372', 'lNONMMUG019692', 'lNONMMUG020560', 'lNONMMUG021010', 'lNONMMUG024809', 'lNONMMUG025805', 'lNONMMUG029789', 'lNONMMUG031524', 'lNONMMUG031860', 'lNONMMUG032531', 'lNONMMUG033434', 'lNONMMUG034060', 'lNONMMUG035589', 'lNONMMUG036314', 'lNONMMUG036495', 'lNONMMUG038170', 'lNONMMUG038692', 'lNONMMUG038718', 'lNONMMUG039825', 'lNONMMUG041948', 'lNONMMUG042190', 'lNONMMUG043393', 'lNONMMUG043843', 'lNONMMUG044302', 'lNONMMUG045259', 'lENSMUSG00000085908', 'lENSMUSG00000103692', 'lENSMUSG00000106828', 'lENSMUSG00000107766', 'lGm13291', 'lSnord11', 'lSnord67']","[1.0, 0.0, 1.0, 0.0, 0.0, 0.0, 1.0, 1.0, 0.0, 1.0, 0.0, 1.0, 1.0, 0.0, 1.0, 1.0, 0.0, 1.0, 1.0, 1.0, 0.0, 0.0, 0.0, 1.0, 0.0, 1.0, 1.0, 0.0, 1.0, 0.0, 1.0, 0.0, 1.0, 1.0, 0.0, 0.0, 0.0, 1.0, 1.0, 1.0, 0.0, 1.0, 0.0, 0.0, 0.0, 1.0, 1.0, 1.0, 0.0, 1.0, 0.0, 0.0, 0.0, 1.0, 1.0, 1.0, 1.0, 0.0, 0.0, 1.0, 0.0, 0.0, 0.0, 0.0, 0.0, 0.0, 1.0, 1.0, 0.0, 1.0, 0.0, 1.0, 1.0, 1.0, 1.0, 0.0, 1.0, 1.0, 0.0, 0.0, 1.0, 0.0, 0.0, 1.0, 0.0, 1.0, 0.0]",['lNONMMUG023106'],[0.0],[1],[0.7124296690243196]
61,"['lNONMMUG000508', 'lNONMMUG002215', 'lNONMMUG002239', 'lNONMMUG009962', 'lNONMMUG013211', 'lNONMMUG017485', 'lNONMMUG017913', 'lNONMMUG020673', 'lNONMMUG023454', 'lNONMMUG026355', 'lNONMMUG029813', 'lNONMMUG030202', 'lNONMMUG033401', 'lNONMMUG034886', 'lNONMMUG038355', 'lNONMMUG039685', 'lNONMMUG041158', 'lNONMMUG041781', 'lNONMMUG045568', 'lNONMMUG045569', 'lNONMMUG045574', 'lENSMUSG00000044471', 'lENSMUSG00000075277', 'lENSMUSG00000078190', 'lENSMUSG00000078247', 'lENSMUSG00000085354', 'lENSMUSG00000085715', 'lENSMUSG00000085873', 'lENSMUSG00000086035', 'lENSMUSG00000086141', 'lENSMUSG00000090063', 'lENSMUSG00000097336', 'lENSMUSG00000097571', 'lENSMUSG00000097767', 'lENSMUSG00000098439', 'lENSMUSG00000101609', 'lENSMUSG00000106519', 'l9030622O22Rik', 'lDlx6os1', 'lDnm3os', 'lGas5', 'lGm12610', 'lMiat', 'lNeat1', 'lNONMMUG002771', 'lNONMMUG004366', 'lNONMMUG007120', 'lNONMMUG008199', 'lNONMMUG009173', 'lNONMMUG009235', 'lNONMMUG010099', 'lNONMMUG012984', 'lNONMMUG013851', 'lNONMMUG014034', 'lNONMMUG017321', 'lNONMMUG017372', 'lNONMMUG019692', 'lNONMMUG020560', 'lNONMMUG021010', 'lNONMMUG023106', 'lNONMMUG025805', 'lNONMMUG029789', 'lNONMMUG031524', 'lNONMMUG031860', 'lNONMMUG032531', 'lNONMMUG033434', 'lNONMMUG034060', 'lNONMMUG035589', 'lNONMMUG036314', 'lNONMMUG036495', 'lNONMMUG038170', 'lNONMMUG038692', 'lNONMMUG038718', 'lNONMMUG039825', 'lNONMMUG041948', 'lNONMMUG042190', 'lNONMMUG043393', 'lNONMMUG043843', 'lNONMMUG044302', 'lNONMMUG045259', 'lENSMUSG00000085908', 'lENSMUSG00000103692', 'lENSMUSG00000106828', 'lENSMUSG00000107766', 'lGm13291', 'lSnord11', 'lSnord67']","[1.0, 0.0, 1.0, 0.0, 0.0, 0.0, 1.0, 1.0, 0.0, 1.0, 0.0, 1.0, 1.0, 0.0, 1.0, 1.0, 0.0, 1.0, 1.0, 1.0, 0.0, 0.0, 0.0, 1.0, 0.0, 1.0, 1.0, 0.0, 1.0, 0.0, 1.0, 0.0, 1.0, 1.0, 0.0, 0.0, 0.0, 1.0, 1.0, 1.0, 0.0, 1.0, 0.0, 0.0, 0.0, 1.0, 1.0, 1.0, 0.0, 1.0, 0.0, 0.0, 0.0, 1.0, 1.0, 1.0, 1.0, 0.0, 0.0, 0.0, 0.0, 0.0, 0.0, 0.0, 0.0, 0.0, 1.0, 1.0, 0.0, 1.0, 0.0, 1.0, 1.0, 1.0, 1.0, 0.0, 1.0, 1.0, 0.0, 0.0, 1.0, 0.0, 0.0, 1.0, 0.0, 1.0, 0.0]",['lNONMMUG024809'],[1.0],[1],[0.17250023401634984]
62,"['lNONMMUG000508', 'lNONMMUG002215', 'lNONMMUG002239', 'lNONMMUG009962', 'lNONMMUG013211', 'lNONMMUG017485', 'lNONMMUG017913', 'lNONMMUG020673', 'lNONMMUG023454', 'lNONMMUG026355', 'lNONMMUG029813', 'lNONMMUG030202', 'lNONMMUG033401', 'lNONMMUG034886', 'lNONMMUG038355', 'lNONMMUG039685', 'lNONMMUG041158', 'lNONMMUG041781', 'lNONMMUG045568', 'lNONMMUG045569', 'lNONMMUG045574', 'lENSMUSG00000044471', 'lENSMUSG00000075277', 'lENSMUSG00000078190', 'lENSMUSG00000078247', 'lENSMUSG00000085354', 'lENSMUSG00000085715', 'lENSMUSG00000085873', 'lENSMUSG00000086035', 'lENSMUSG00000086141', 'lENSMUSG00000090063', 'lENSMUSG00000097336', 'lENSMUSG00000097571', 'lENSMUSG00000097767', 'lENSMUSG00000098439', 'lENSMUSG00000101609', 'lENSMUSG00000106519', 'l9030622O22Rik', 'lDlx6os1', 'lDnm3os', 'lGas5', 'lGm12610', 'lMiat', 'lNeat1', 'lNONMMUG002771', 'lNONMMUG004366', 'lNONMMUG007120', 'lNONMMUG008199', 'lNONMMUG009173', 'lNONMMUG009235', 'lNONMMUG010099', 'lNONMMUG012984', 'lNONMMUG013851', 'lNONMMUG014034', 'lNONMMUG017321', 'lNONMMUG017372', 'lNONMMUG019692', 'lNONMMUG020560', 'lNONMMUG021010', 'lNONMMUG023106', 'lNONMMUG024809', 'lNONMMUG029789', 'lNONMMUG031524', 'lNONMMUG031860', 'lNONMMUG032531', 'lNONMMUG033434', 'lNONMMUG034060', 'lNONMMUG035589', 'lNONMMUG036314', 'lNONMMUG036495', 'lNONMMUG038170', 'lNONMMUG038692', 'lNONMMUG038718', 'lNONMMUG039825', 'lNONMMUG041948', 'lNONMMUG042190', 'lNONMMUG043393', 'lNONMMUG043843', 'lNONMMUG044302', 'lNONMMUG045259', 'lENSMUSG00000085908', 'lENSMUSG00000103692', 'lENSMUSG00000106828', 'lENSMUSG00000107766', 'lGm13291', 'lSnord11', 'lSnord67']","[1.0, 0.0, 1.0, 0.0, 0.0, 0.0, 1.0, 1.0, 0.0, 1.0, 0.0, 1.0, 1.0, 0.0, 1.0, 1.0, 0.0, 1.0, 1.0, 1.0, 0.0, 0.0, 0.0, 1.0, 0.0, 1.0, 1.0, 0.0, 1.0, 0.0, 1.0, 0.0, 1.0, 1.0, 0.0, 0.0, 0.0, 1.0, 1.0, 1.0, 0.0, 1.0, 0.0, 0.0, 0.0, 1.0, 1.0, 1.0, 0.0, 1.0, 0.0, 0.0, 0.0, 1.0, 1.0, 1.0, 1.0, 0.0, 0.0, 0.0, 1.0, 0.0, 0.0, 0.0, 0.0, 0.0, 1.0, 1.0, 0.0, 1.0, 0.0, 1.0, 1.0, 1.0, 1.0, 0.0, 1.0, 1.0, 0.0, 0.0, 1.0, 0.0, 0.0, 1.0, 0.0, 1.0, 0.0]",['lNONMMUG025805'],[0.0],[0],[-0.03708505352663716]
63,"['lNONMMUG000508', 'lNONMMUG002215', 'lNONMMUG002239', 'lNONMMUG009962', 'lNONMMUG013211', 'lNONMMUG017485', 'lNONMMUG017913', 'lNONMMUG020673', 'lNONMMUG023454', 'lNONMMUG026355', 'lNONMMUG029813', 'lNONMMUG030202', 'lNONMMUG033401', 'lNONMMUG034886', 'lNONMMUG038355', 'lNONMMUG039685', 'lNONMMUG041158', 'lNONMMUG041781', 'lNONMMUG045568', 'lNONMMUG045569', 'lNONMMUG045574', 'lENSMUSG00000044471', 'lENSMUSG00000075277', 'lENSMUSG00000078190', 'lENSMUSG00000078247', 'lENSMUSG00000085354', 'lENSMUSG00000085715', 'lENSMUSG00000085873', 'lENSMUSG00000086035', 'lENSMUSG00000086141', 'lENSMUSG00000090063', 'lENSMUSG00000097336', 'lENSMUSG00000097571', 'lENSMUSG00000097767', 'lENSMUSG00000098439', 'lENSMUSG00000101609', 'lENSMUSG00000106519', 'l9030622O22Rik', 'lDlx6os1', 'lDnm3os', 'lGas5', 'lGm12610', 'lMiat', 'lNeat1', 'lNONMMUG002771', 'lNONMMUG004366', 'lNONMMUG007120', 'lNONMMUG008199', 'lNONMMUG009173', 'lNONMMUG009235', 'lNONMMUG010099', 'lNONMMUG012984', 'lNONMMUG013851', 'lNONMMUG014034', 'lNONMMUG017321', 'lNONMMUG017372', 'lNONMMUG019692', 'lNONMMUG020560', 'lNONMMUG021010', 'lNONMMUG023106', 'lNONMMUG024809', 'lNONMMUG025805', 'lNONMMUG031524', 'lNONMMUG031860', 'lNONMMUG032531', 'lNONMMUG033434', 'lNONMMUG034060', 'lNONMMUG035589', 'lNONMMUG036314', 'lNONMMUG036495', 'lNONMMUG038170', 'lNONMMUG038692', 'lNONMMUG038718', 'lNONMMUG039825', 'lNONMMUG041948', 'lNONMMUG042190', 'lNONMMUG043393', 'lNONMMUG043843', 'lNONMMUG044302', 'lNONMMUG045259', 'lENSMUSG00000085908', 'lENSMUSG00000103692', 'lENSMUSG00000106828', 'lENSMUSG00000107766', 'lGm13291', 'lSnord11', 'lSnord67']","[1.0, 0.0, 1.0, 0.0, 0.0, 0.0, 1.0, 1.0, 0.0, 1.0, 0.0, 1.0, 1.0, 0.0, 1.0, 1.0, 0.0, 1.0, 1.0, 1.0, 0.0, 0.0, 0.0, 1.0, 0.0, 1.0, 1.0, 0.0, 1.0, 0.0, 1.0, 0.0, 1.0, 1.0, 0.0, 0.0, 0.0, 1.0, 1.0, 1.0, 0.0, 1.0, 0.0, 0.0, 0.0, 1.0, 1.0, 1.0, 0.0, 1.0, 0.0, 0.0, 0.0, 1.0, 1.0, 1.0, 1.0, 0.0, 0.0, 0.0, 1.0, 0.0, 0.0, 0.0, 0.0, 0.0, 1.0, 1.0, 0.0, 1.0, 0.0, 1.0, 1.0, 1.0, 1.0, 0.0, 1.0, 1.0, 0.0, 0.0, 1.0, 0.0, 0.0, 1.0, 0.0, 1.0, 0.0]",['lNONMMUG029789'],[0.0],[0],[-0.14208620237484348]
64,"['lNONMMUG000508', 'lNONMMUG002215', 'lNONMMUG002239', 'lNONMMUG009962', 'lNONMMUG013211', 'lNONMMUG017485', 'lNONMMUG017913', 'lNONMMUG020673', 'lNONMMUG023454', 'lNONMMUG026355', 'lNONMMUG029813', 'lNONMMUG030202', 'lNONMMUG033401', 'lNONMMUG034886', 'lNONMMUG038355', 'lNONMMUG039685', 'lNONMMUG041158', 'lNONMMUG041781', 'lNONMMUG045568', 'lNONMMUG045569', 'lNONMMUG045574', 'lENSMUSG00000044471', 'lENSMUSG00000075277', 'lENSMUSG00000078190', 'lENSMUSG00000078247', 'lENSMUSG00000085354', 'lENSMUSG00000085715', 'lENSMUSG00000085873', 'lENSMUSG00000086035', 'lENSMUSG00000086141', 'lENSMUSG00000090063', 'lENSMUSG00000097336', 'lENSMUSG00000097571', 'lENSMUSG00000097767', 'lENSMUSG00000098439', 'lENSMUSG00000101609', 'lENSMUSG00000106519', 'l9030622O22Rik', 'lDlx6os1', 'lDnm3os', 'lGas5', 'lGm12610', 'lMiat', 'lNeat1', 'lNONMMUG002771', 'lNONMMUG004366', 'lNONMMUG007120', 'lNONMMUG008199', 'lNONMMUG009173', 'lNONMMUG009235', 'lNONMMUG010099', 'lNONMMUG012984', 'lNONMMUG013851', 'lNONMMUG014034', 'lNONMMUG017321', 'lNONMMUG017372', 'lNONMMUG019692', 'lNONMMUG020560', 'lNONMMUG021010', 'lNONMMUG023106', 'lNONMMUG024809', 'lNONMMUG025805', 'lNONMMUG029789', 'lNONMMUG031860', 'lNONMMUG032531', 'lNONMMUG033434', 'lNONMMUG034060', 'lNONMMUG035589', 'lNONMMUG036314', 'lNONMMUG036495', 'lNONMMUG038170', 'lNONMMUG038692', 'lNONMMUG038718', 'lNONMMUG039825', 'lNONMMUG041948', 'lNONMMUG042190', 'lNONMMUG043393', 'lNONMMUG043843', 'lNONMMUG044302', 'lNONMMUG045259', 'lENSMUSG00000085908', 'lENSMUSG00000103692', 'lENSMUSG00000106828', 'lENSMUSG00000107766', 'lGm13291', 'lSnord11', 'lSnord67']","[1.0, 0.0, 1.0, 0.0, 0.0, 0.0, 1.0, 1.0, 0.0, 1.0, 0.0, 1.0, 1.0, 0.0, 1.0, 1.0, 0.0, 1.0, 1.0, 1.0, 0.0, 0.0, 0.0, 1.0, 0.0, 1.0, 1.0, 0.0, 1.0, 0.0, 1.0, 0.0, 1.0, 1.0, 0.0, 0.0, 0.0, 1.0, 1.0, 1.0, 0.0, 1.0, 0.0, 0.0, 0.0, 1.0, 1.0, 1.0, 0.0, 1.0, 0.0, 0.0, 0.0, 1.0, 1.0, 1.0, 1.0, 0.0, 0.0, 0.0, 1.0, 0.0, 0.0, 0.0, 0.0, 0.0, 1.0, 1.0, 0.0, 1.0, 0.0, 1.0, 1.0, 1.0, 1.0, 0.0, 1.0, 1.0, 0.0, 0.0, 1.0, 0.0, 0.0, 1.0, 0.0, 1.0, 0.0]",['lNONMMUG031524'],[0.0],[0],[-0.33286543971362303]
65,"['lNONMMUG000508', 'lNONMMUG002215', 'lNONMMUG002239', 'lNONMMUG009962', 'lNONMMUG013211', 'lNONMMUG017485', 'lNONMMUG017913', 'lNONMMUG020673', 'lNONMMUG023454', 'lNONMMUG026355', 'lNONMMUG029813', 'lNONMMUG030202', 'lNONMMUG033401', 'lNONMMUG034886', 'lNONMMUG038355', 'lNONMMUG039685', 'lNONMMUG041158', 'lNONMMUG041781', 'lNONMMUG045568', 'lNONMMUG045569', 'lNONMMUG045574', 'lENSMUSG00000044471', 'lENSMUSG00000075277', 'lENSMUSG00000078190', 'lENSMUSG00000078247', 'lENSMUSG00000085354', 'lENSMUSG00000085715', 'lENSMUSG00000085873', 'lENSMUSG00000086035', 'lENSMUSG00000086141', 'lENSMUSG00000090063', 'lENSMUSG00000097336', 'lENSMUSG00000097571', 'lENSMUSG00000097767', 'lENSMUSG00000098439', 'lENSMUSG00000101609', 'lENSMUSG00000106519', 'l9030622O22Rik', 'lDlx6os1', 'lDnm3os', 'lGas5', 'lGm12610', 'lMiat', 'lNeat1', 'lNONMMUG002771', 'lNONMMUG004366', 'lNONMMUG007120', 'lNONMMUG008199', 'lNONMMUG009173', 'lNONMMUG009235', 'lNONMMUG010099', 'lNONMMUG012984', 'lNONMMUG013851', 'lNONMMUG014034', 'lNONMMUG017321', 'lNONMMUG017372', 'lNONMMUG019692', 'lNONMMUG020560', 'lNONMMUG021010', 'lNONMMUG023106', 'lNONMMUG024809', 'lNONMMUG025805', 'lNONMMUG029789', 'lNONMMUG031524', 'lNONMMUG032531', 'lNONMMUG033434', 'lNONMMUG034060', 'lNONMMUG035589', 'lNONMMUG036314', 'lNONMMUG036495', 'lNONMMUG038170', 'lNONMMUG038692', 'lNONMMUG038718', 'lNONMMUG039825', 'lNONMMUG041948', 'lNONMMUG042190', 'lNONMMUG043393', 'lNONMMUG043843', 'lNONMMUG044302', 'lNONMMUG045259', 'lENSMUSG00000085908', 'lENSMUSG00000103692', 'lENSMUSG00000106828', 'lENSMUSG00000107766', 'lGm13291', 'lSnord11', 'lSnord67']","[1.0, 0.0, 1.0, 0.0, 0.0, 0.0, 1.0, 1.0, 0.0, 1.0, 0.0, 1.0, 1.0, 0.0, 1.0, 1.0, 0.0, 1.0, 1.0, 1.0, 0.0, 0.0, 0.0, 1.0, 0.0, 1.0, 1.0, 0.0, 1.0, 0.0, 1.0, 0.0, 1.0, 1.0, 0.0, 0.0, 0.0, 1.0, 1.0, 1.0, 0.0, 1.0, 0.0, 0.0, 0.0, 1.0, 1.0, 1.0, 0.0, 1.0, 0.0, 0.0, 0.0, 1.0, 1.0, 1.0, 1.0, 0.0, 0.0, 0.0, 1.0, 0.0, 0.0, 0.0, 0.0, 0.0, 1.0, 1.0, 0.0, 1.0, 0.0, 1.0, 1.0, 1.0, 1.0, 0.0, 1.0, 1.0, 0.0, 0.0, 1.0, 0.0, 0.0, 1.0, 0.0, 1.0, 0.0]",['lNONMMUG031860'],[0.0],[0],[-0.10208277312852257]
66,"['lNONMMUG000508', 'lNONMMUG002215', 'lNONMMUG002239', 'lNONMMUG009962', 'lNONMMUG013211', 'lNONMMUG017485', 'lNONMMUG017913', 'lNONMMUG020673', 'lNONMMUG023454', 'lNONMMUG026355', 'lNONMMUG029813', 'lNONMMUG030202', 'lNONMMUG033401', 'lNONMMUG034886', 'lNONMMUG038355', 'lNONMMUG039685', 'lNONMMUG041158', 'lNONMMUG041781', 'lNONMMUG045568', 'lNONMMUG045569', 'lNONMMUG045574', 'lENSMUSG00000044471', 'lENSMUSG00000075277', 'lENSMUSG00000078190', 'lENSMUSG00000078247', 'lENSMUSG00000085354', 'lENSMUSG00000085715', 'lENSMUSG00000085873', 'lENSMUSG00000086035', 'lENSMUSG00000086141', 'lENSMUSG00000090063', 'lENSMUSG00000097336', 'lENSMUSG00000097571', 'lENSMUSG00000097767', 'lENSMUSG00000098439', 'lENSMUSG00000101609', 'lENSMUSG00000106519', 'l9030622O22Rik', 'lDlx6os1', 'lDnm3os', 'lGas5', 'lGm12610', 'lMiat', 'lNeat1', 'lNONMMUG002771', 'lNONMMUG004366', 'lNONMMUG007120', 'lNONMMUG008199', 'lNONMMUG009173', 'lNONMMUG009235', 'lNONMMUG010099', 'lNONMMUG012984', 'lNONMMUG013851', 'lNONMMUG014034', 'lNONMMUG017321', 'lNONMMUG017372', 'lNONMMUG019692', 'lNONMMUG020560', 'lNONMMUG021010', 'lNONMMUG023106', 'lNONMMUG024809', 'lNONMMUG025805', 'lNONMMUG029789', 'lNONMMUG031524', 'lNONMMUG031860', 'lNONMMUG033434', 'lNONMMUG034060', 'lNONMMUG035589', 'lNONMMUG036314', 'lNONMMUG036495', 'lNONMMUG038170', 'lNONMMUG038692', 'lNONMMUG038718', 'lNONMMUG039825', 'lNONMMUG041948', 'lNONMMUG042190', 'lNONMMUG043393', 'lNONMMUG043843', 'lNONMMUG044302', 'lNONMMUG045259', 'lENSMUSG00000085908', 'lENSMUSG00000103692', 'lENSMUSG00000106828', 'lENSMUSG00000107766', 'lGm13291', 'lSnord11', 'lSnord67']","[1.0, 0.0, 1.0, 0.0, 0.0, 0.0, 1.0, 1.0, 0.0, 1.0, 0.0, 1.0, 1.0, 0.0, 1.0, 1.0, 0.0, 1.0, 1.0, 1.0, 0.0, 0.0, 0.0, 1.0, 0.0, 1.0, 1.0, 0.0, 1.0, 0.0, 1.0, 0.0, 1.0, 1.0, 0.0, 0.0, 0.0, 1.0, 1.0, 1.0, 0.0, 1.0, 0.0, 0.0, 0.0, 1.0, 1.0, 1.0, 0.0, 1.0, 0.0, 0.0, 0.0, 1.0, 1.0, 1.0, 1.0, 0.0, 0.0, 0.0, 1.0, 0.0, 0.0, 0.0, 0.0, 0.0, 1.0, 1.0, 0.0, 1.0, 0.0, 1.0, 1.0, 1.0, 1.0, 0.0, 1.0, 1.0, 0.0, 0.0, 1.0, 0.0, 0.0, 1.0, 0.0, 1.0, 0.0]",['lNONMMUG032531'],[0.0],[0],[-0.17860384564432957]
67,"['lNONMMUG000508', 'lNONMMUG002215', 'lNONMMUG002239', 'lNONMMUG009962', 'lNONMMUG013211', 'lNONMMUG017485', 'lNONMMUG017913', 'lNONMMUG020673', 'lNONMMUG023454', 'lNONMMUG026355', 'lNONMMUG029813', 'lNONMMUG030202', 'lNONMMUG033401', 'lNONMMUG034886', 'lNONMMUG038355', 'lNONMMUG039685', 'lNONMMUG041158', 'lNONMMUG041781', 'lNONMMUG045568', 'lNONMMUG045569', 'lNONMMUG045574', 'lENSMUSG00000044471', 'lENSMUSG00000075277', 'lENSMUSG00000078190', 'lENSMUSG00000078247', 'lENSMUSG00000085354', 'lENSMUSG00000085715', 'lENSMUSG00000085873', 'lENSMUSG00000086035', 'lENSMUSG00000086141', 'lENSMUSG00000090063', 'lENSMUSG00000097336', 'lENSMUSG00000097571', 'lENSMUSG00000097767', 'lENSMUSG00000098439', 'lENSMUSG00000101609', 'lENSMUSG00000106519', 'l9030622O22Rik', 'lDlx6os1', 'lDnm3os', 'lGas5', 'lGm12610', 'lMiat', 'lNeat1', 'lNONMMUG002771', 'lNONMMUG004366', 'lNONMMUG007120', 'lNONMMUG008199', 'lNONMMUG009173', 'lNONMMUG009235', 'lNONMMUG010099', 'lNONMMUG012984', 'lNONMMUG013851', 'lNONMMUG014034', 'lNONMMUG017321', 'lNONMMUG017372', 'lNONMMUG019692', 'lNONMMUG020560', 'lNONMMUG021010', 'lNONMMUG023106', 'lNONMMUG024809', 'lNONMMUG025805', 'lNONMMUG029789', 'lNONMMUG031524', 'lNONMMUG031860', 'lNONMMUG032531', 'lNONMMUG034060', 'lNONMMUG035589', 'lNONMMUG036314', 'lNONMMUG036495', 'lNONMMUG038170', 'lNONMMUG038692', 'lNONMMUG038718', 'lNONMMUG039825', 'lNONMMUG041948', 'lNONMMUG042190', 'lNONMMUG043393', 'lNONMMUG043843', 'lNONMMUG044302', 'lNONMMUG045259', 'lENSMUSG00000085908', 'lENSMUSG00000103692', 'lENSMUSG00000106828', 'lENSMUSG00000107766', 'lGm13291', 'lSnord11', 'lSnord67']","[1.0, 0.0, 1.0, 0.0, 0.0, 0.0, 1.0, 1.0, 0.0, 1.0, 0.0, 1.0, 1.0, 0.0, 1.0, 1.0, 0.0, 1.0, 1.0, 1.0, 0.0, 0.0, 0.0, 1.0, 0.0, 1.0, 1.0, 0.0, 1.0, 0.0, 1.0, 0.0, 1.0, 1.0, 0.0, 0.0, 0.0, 1.0, 1.0, 1.0, 0.0, 1.0, 0.0, 0.0, 0.0, 1.0, 1.0, 1.0, 0.0, 1.0, 0.0, 0.0, 0.0, 1.0, 1.0, 1.0, 1.0, 0.0, 0.0, 0.0, 1.0, 0.0, 0.0, 0.0, 0.0, 0.0, 1.0, 1.0, 0.0, 1.0, 0.0, 1.0, 1.0, 1.0, 1.0, 0.0, 1.0, 1.0, 0.0, 0.0, 1.0, 0.0, 0.0, 1.0, 0.0, 1.0, 0.0]",['lNONMMUG033434'],[0.0],[1],[0.9402573752921964]
68,"['lNONMMUG000508', 'lNONMMUG002215', 'lNONMMUG002239', 'lNONMMUG009962', 'lNONMMUG013211', 'lNONMMUG017485', 'lNONMMUG017913', 'lNONMMUG020673', 'lNONMMUG023454', 'lNONMMUG026355', 'lNONMMUG029813', 'lNONMMUG030202', 'lNONMMUG033401', 'lNONMMUG034886', 'lNONMMUG038355', 'lNONMMUG039685', 'lNONMMUG041158', 'lNONMMUG041781', 'lNONMMUG045568', 'lNONMMUG045569', 'lNONMMUG045574', 'lENSMUSG00000044471', 'lENSMUSG00000075277', 'lENSMUSG00000078190', 'lENSMUSG00000078247', 'lENSMUSG00000085354', 'lENSMUSG00000085715', 'lENSMUSG00000085873', 'lENSMUSG00000086035', 'lENSMUSG00000086141', 'lENSMUSG00000090063', 'lENSMUSG00000097336', 'lENSMUSG00000097571', 'lENSMUSG00000097767', 'lENSMUSG00000098439', 'lENSMUSG00000101609', 'lENSMUSG00000106519', 'l9030622O22Rik', 'lDlx6os1', 'lDnm3os', 'lGas5', 'lGm12610', 'lMiat', 'lNeat1', 'lNONMMUG002771', 'lNONMMUG004366', 'lNONMMUG007120', 'lNONMMUG008199', 'lNONMMUG009173', 'lNONMMUG009235', 'lNONMMUG010099', 'lNONMMUG012984', 'lNONMMUG013851', 'lNONMMUG014034', 'lNONMMUG017321', 'lNONMMUG017372', 'lNONMMUG019692', 'lNONMMUG020560', 'lNONMMUG021010', 'lNONMMUG023106', 'lNONMMUG024809', 'lNONMMUG025805', 'lNONMMUG029789', 'lNONMMUG031524', 'lNONMMUG031860', 'lNONMMUG032531', 'lNONMMUG033434', 'lNONMMUG035589', 'lNONMMUG036314', 'lNONMMUG036495', 'lNONMMUG038170', 'lNONMMUG038692', 'lNONMMUG038718', 'lNONMMUG039825', 'lNONMMUG041948', 'lNONMMUG042190', 'lNONMMUG043393', 'lNONMMUG043843', 'lNONMMUG044302', 'lNONMMUG045259', 'lENSMUSG00000085908', 'lENSMUSG00000103692', 'lENSMUSG00000106828', 'lENSMUSG00000107766', 'lGm13291', 'lSnord11', 'lSnord67']","[1.0, 0.0, 1.0, 0.0, 0.0, 0.0, 1.0, 1.0, 0.0, 1.0, 0.0, 1.0, 1.0, 0.0, 1.0, 1.0, 0.0, 1.0, 1.0, 1.0, 0.0, 0.0, 0.0, 1.0, 0.0, 1.0, 1.0, 0.0, 1.0, 0.0, 1.0, 0.0, 1.0, 1.0, 0.0, 0.0, 0.0, 1.0, 1.0, 1.0, 0.0, 1.0, 0.0, 0.0, 0.0, 1.0, 1.0, 1.0, 0.0, 1.0, 0.0, 0.0, 0.0, 1.0, 1.0, 1.0, 1.0, 0.0, 0.0, 0.0, 1.0, 0.0, 0.0, 0.0, 0.0, 0.0, 0.0, 1.0, 0.0, 1.0, 0.0, 1.0, 1.0, 1.0, 1.0, 0.0, 1.0, 1.0, 0.0, 0.0, 1.0, 0.0, 0.0, 1.0, 0.0, 1.0, 0.0]",['lNONMMUG034060'],[1.0],[0],[-0.7805411273310495]
69,"['lNONMMUG000508', 'lNONMMUG002215', 'lNONMMUG002239', 'lNONMMUG009962', 'lNONMMUG013211', 'lNONMMUG017485', 'lNONMMUG017913', 'lNONMMUG020673', 'lNONMMUG023454', 'lNONMMUG026355', 'lNONMMUG029813', 'lNONMMUG030202', 'lNONMMUG033401', 'lNONMMUG034886', 'lNONMMUG038355', 'lNONMMUG039685', 'lNONMMUG041158', 'lNONMMUG041781', 'lNONMMUG045568', 'lNONMMUG045569', 'lNONMMUG045574', 'lENSMUSG00000044471', 'lENSMUSG00000075277', 'lENSMUSG00000078190', 'lENSMUSG00000078247', 'lENSMUSG00000085354', 'lENSMUSG00000085715', 'lENSMUSG00000085873', 'lENSMUSG00000086035', 'lENSMUSG00000086141', 'lENSMUSG00000090063', 'lENSMUSG00000097336', 'lENSMUSG00000097571', 'lENSMUSG00000097767', 'lENSMUSG00000098439', 'lENSMUSG00000101609', 'lENSMUSG00000106519', 'l9030622O22Rik', 'lDlx6os1', 'lDnm3os', 'lGas5', 'lGm12610', 'lMiat', 'lNeat1', 'lNONMMUG002771', 'lNONMMUG004366', 'lNONMMUG007120', 'lNONMMUG008199', 'lNONMMUG009173', 'lNONMMUG009235', 'lNONMMUG010099', 'lNONMMUG012984', 'lNONMMUG013851', 'lNONMMUG014034', 'lNONMMUG017321', 'lNONMMUG017372', 'lNONMMUG019692', 'lNONMMUG020560', 'lNONMMUG021010', 'lNONMMUG023106', 'lNONMMUG024809', 'lNONMMUG025805', 'lNONMMUG029789', 'lNONMMUG031524', 'lNONMMUG031860', 'lNONMMUG032531', 'lNONMMUG033434', 'lNONMMUG034060', 'lNONMMUG036314', 'lNONMMUG036495', 'lNONMMUG038170', 'lNONMMUG038692', 'lNONMMUG038718', 'lNONMMUG039825', 'lNONMMUG041948', 'lNONMMUG042190', 'lNONMMUG043393', 'lNONMMUG043843', 'lNONMMUG044302', 'lNONMMUG045259', 'lENSMUSG00000085908', 'lENSMUSG00000103692', 'lENSMUSG00000106828', 'lENSMUSG00000107766', 'lGm13291', 'lSnord11', 'lSnord67']","[1.0, 0.0, 1.0, 0.0, 0.0, 0.0, 1.0, 1.0, 0.0, 1.0, 0.0, 1.0, 1.0, 0.0, 1.0, 1.0, 0.0, 1.0, 1.0, 1.0, 0.0, 0.0, 0.0, 1.0, 0.0, 1.0, 1.0, 0.0, 1.0, 0.0, 1.0, 0.0, 1.0, 1.0, 0.0, 0.0, 0.0, 1.0, 1.0, 1.0, 0.0, 1.0, 0.0, 0.0, 0.0, 1.0, 1.0, 1.0, 0.0, 1.0, 0.0, 0.0, 0.0, 1.0, 1.0, 1.0, 1.0, 0.0, 0.0, 0.0, 1.0, 0.0, 0.0, 0.0, 0.0, 0.0, 0.0, 1.0, 0.0, 1.0, 0.0, 1.0, 1.0, 1.0, 1.0, 0.0, 1.0, 1.0, 0.0, 0.0, 1.0, 0.0, 0.0, 1.0, 0.0, 1.0, 0.0]",['lNONMMUG035589'],[1.0],[0],[-1.077039550403421]
70,"['lNONMMUG000508', 'lNONMMUG002215', 'lNONMMUG002239', 'lNONMMUG009962', 'lNONMMUG013211', 'lNONMMUG017485', 'lNONMMUG017913', 'lNONMMUG020673', 'lNONMMUG023454', 'lNONMMUG026355', 'lNONMMUG029813', 'lNONMMUG030202', 'lNONMMUG033401', 'lNONMMUG034886', 'lNONMMUG038355', 'lNONMMUG039685', 'lNONMMUG041158', 'lNONMMUG041781', 'lNONMMUG045568', 'lNONMMUG045569', 'lNONMMUG045574', 'lENSMUSG00000044471', 'lENSMUSG00000075277', 'lENSMUSG00000078190', 'lENSMUSG00000078247', 'lENSMUSG00000085354', 'lENSMUSG00000085715', 'lENSMUSG00000085873', 'lENSMUSG00000086035', 'lENSMUSG00000086141', 'lENSMUSG00000090063', 'lENSMUSG00000097336', 'lENSMUSG00000097571', 'lENSMUSG00000097767', 'lENSMUSG00000098439', 'lENSMUSG00000101609', 'lENSMUSG00000106519', 'l9030622O22Rik', 'lDlx6os1', 'lDnm3os', 'lGas5', 'lGm12610', 'lMiat', 'lNeat1', 'lNONMMUG002771', 'lNONMMUG004366', 'lNONMMUG007120', 'lNONMMUG008199', 'lNONMMUG009173', 'lNONMMUG009235', 'lNONMMUG010099', 'lNONMMUG012984', 'lNONMMUG013851', 'lNONMMUG014034', 'lNONMMUG017321', 'lNONMMUG017372', 'lNONMMUG019692', 'lNONMMUG020560', 'lNONMMUG021010', 'lNONMMUG023106', 'lNONMMUG024809', 'lNONMMUG025805', 'lNONMMUG029789', 'lNONMMUG031524', 'lNONMMUG031860', 'lNONMMUG032531', 'lNONMMUG033434', 'lNONMMUG034060', 'lNONMMUG035589', 'lNONMMUG036495', 'lNONMMUG038170', 'lNONMMUG038692', 'lNONMMUG038718', 'lNONMMUG039825', 'lNONMMUG041948', 'lNONMMUG042190', 'lNONMMUG043393', 'lNONMMUG043843', 'lNONMMUG044302', 'lNONMMUG045259', 'lENSMUSG00000085908', 'lENSMUSG00000103692', 'lENSMUSG00000106828', 'lENSMUSG00000107766', 'lGm13291', 'lSnord11', 'lSnord67']","[1.0, 0.0, 1.0, 0.0, 0.0, 0.0, 1.0, 1.0, 0.0, 1.0, 0.0, 1.0, 1.0, 0.0, 1.0, 1.0, 0.0, 1.0, 1.0, 1.0, 0.0, 0.0, 0.0, 1.0, 0.0, 1.0, 1.0, 0.0, 1.0, 0.0, 1.0, 0.0, 1.0, 1.0, 0.0, 0.0, 0.0, 1.0, 1.0, 1.0, 0.0, 1.0, 0.0, 0.0, 0.0, 1.0, 1.0, 1.0, 0.0, 1.0, 0.0, 0.0, 0.0, 1.0, 1.0, 1.0, 1.0, 0.0, 0.0, 0.0, 1.0, 0.0, 0.0, 0.0, 0.0, 0.0, 0.0, 1.0, 1.0, 1.0, 0.0, 1.0, 1.0, 1.0, 1.0, 0.0, 1.0, 1.0, 0.0, 0.0, 1.0, 0.0, 0.0, 1.0, 0.0, 1.0, 0.0]",['lNONMMUG036314'],[0.0],[1],[0.11735831207196556]
71,"['lNONMMUG000508', 'lNONMMUG002215', 'lNONMMUG002239', 'lNONMMUG009962', 'lNONMMUG013211', 'lNONMMUG017485', 'lNONMMUG017913', 'lNONMMUG020673', 'lNONMMUG023454', 'lNONMMUG026355', 'lNONMMUG029813', 'lNONMMUG030202', 'lNONMMUG033401', 'lNONMMUG034886', 'lNONMMUG038355', 'lNONMMUG039685', 'lNONMMUG041158', 'lNONMMUG041781', 'lNONMMUG045568', 'lNONMMUG045569', 'lNONMMUG045574', 'lENSMUSG00000044471', 'lENSMUSG00000075277', 'lENSMUSG00000078190', 'lENSMUSG00000078247', 'lENSMUSG00000085354', 'lENSMUSG00000085715', 'lENSMUSG00000085873', 'lENSMUSG00000086035', 'lENSMUSG00000086141', 'lENSMUSG00000090063', 'lENSMUSG00000097336', 'lENSMUSG00000097571', 'lENSMUSG00000097767', 'lENSMUSG00000098439', 'lENSMUSG00000101609', 'lENSMUSG00000106519', 'l9030622O22Rik', 'lDlx6os1', 'lDnm3os', 'lGas5', 'lGm12610', 'lMiat', 'lNeat1', 'lNONMMUG002771', 'lNONMMUG004366', 'lNONMMUG007120', 'lNONMMUG008199', 'lNONMMUG009173', 'lNONMMUG009235', 'lNONMMUG010099', 'lNONMMUG012984', 'lNONMMUG013851', 'lNONMMUG014034', 'lNONMMUG017321', 'lNONMMUG017372', 'lNONMMUG019692', 'lNONMMUG020560', 'lNONMMUG021010', 'lNONMMUG023106', 'lNONMMUG024809', 'lNONMMUG025805', 'lNONMMUG029789', 'lNONMMUG031524', 'lNONMMUG031860', 'lNONMMUG032531', 'lNONMMUG033434', 'lNONMMUG034060', 'lNONMMUG035589', 'lNONMMUG036314', 'lNONMMUG038170', 'lNONMMUG038692', 'lNONMMUG038718', 'lNONMMUG039825', 'lNONMMUG041948', 'lNONMMUG042190', 'lNONMMUG043393', 'lNONMMUG043843', 'lNONMMUG044302', 'lNONMMUG045259', 'lENSMUSG00000085908', 'lENSMUSG00000103692', 'lENSMUSG00000106828', 'lENSMUSG00000107766', 'lGm13291', 'lSnord11', 'lSnord67']","[1.0, 0.0, 1.0, 0.0, 0.0, 0.0, 1.0, 1.0, 0.0, 1.0, 0.0, 1.0, 1.0, 0.0, 1.0, 1.0, 0.0, 1.0, 1.0, 1.0, 0.0, 0.0, 0.0, 1.0, 0.0, 1.0, 1.0, 0.0, 1.0, 0.0, 1.0, 0.0, 1.0, 1.0, 0.0, 0.0, 0.0, 1.0, 1.0, 1.0, 0.0, 1.0, 0.0, 0.0, 0.0, 1.0, 1.0, 1.0, 0.0, 1.0, 0.0, 0.0, 0.0, 1.0, 1.0, 1.0, 1.0, 0.0, 0.0, 0.0, 1.0, 0.0, 0.0, 0.0, 0.0, 0.0, 0.0, 1.0, 1.0, 0.0, 0.0, 1.0, 1.0, 1.0, 1.0, 0.0, 1.0, 1.0, 0.0, 0.0, 1.0, 0.0, 0.0, 1.0, 0.0, 1.0, 0.0]",['lNONMMUG036495'],[1.0],[0],[-0.06091056974739832]
72,"['lNONMMUG000508', 'lNONMMUG002215', 'lNONMMUG002239', 'lNONMMUG009962', 'lNONMMUG013211', 'lNONMMUG017485', 'lNONMMUG017913', 'lNONMMUG020673', 'lNONMMUG023454', 'lNONMMUG026355', 'lNONMMUG029813', 'lNONMMUG030202', 'lNONMMUG033401', 'lNONMMUG034886', 'lNONMMUG038355', 'lNONMMUG039685', 'lNONMMUG041158', 'lNONMMUG041781', 'lNONMMUG045568', 'lNONMMUG045569', 'lNONMMUG045574', 'lENSMUSG00000044471', 'lENSMUSG00000075277', 'lENSMUSG00000078190', 'lENSMUSG00000078247', 'lENSMUSG00000085354', 'lENSMUSG00000085715', 'lENSMUSG00000085873', 'lENSMUSG00000086035', 'lENSMUSG00000086141', 'lENSMUSG00000090063', 'lENSMUSG00000097336', 'lENSMUSG00000097571', 'lENSMUSG00000097767', 'lENSMUSG00000098439', 'lENSMUSG00000101609', 'lENSMUSG00000106519', 'l9030622O22Rik', 'lDlx6os1', 'lDnm3os', 'lGas5', 'lGm12610', 'lMiat', 'lNeat1', 'lNONMMUG002771', 'lNONMMUG004366', 'lNONMMUG007120', 'lNONMMUG008199', 'lNONMMUG009173', 'lNONMMUG009235', 'lNONMMUG010099', 'lNONMMUG012984', 'lNONMMUG013851', 'lNONMMUG014034', 'lNONMMUG017321', 'lNONMMUG017372', 'lNONMMUG019692', 'lNONMMUG020560', 'lNONMMUG021010', 'lNONMMUG023106', 'lNONMMUG024809', 'lNONMMUG025805', 'lNONMMUG029789', 'lNONMMUG031524', 'lNONMMUG031860', 'lNONMMUG032531', 'lNONMMUG033434', 'lNONMMUG034060', 'lNONMMUG035589', 'lNONMMUG036314', 'lNONMMUG036495', 'lNONMMUG038692', 'lNONMMUG038718', 'lNONMMUG039825', 'lNONMMUG041948', 'lNONMMUG042190', 'lNONMMUG043393', 'lNONMMUG043843', 'lNONMMUG044302', 'lNONMMUG045259', 'lENSMUSG00000085908', 'lENSMUSG00000103692', 'lENSMUSG00000106828', 'lENSMUSG00000107766', 'lGm13291', 'lSnord11', 'lSnord67']","[1.0, 0.0, 1.0, 0.0, 0.0, 0.0, 1.0, 1.0, 0.0, 1.0, 0.0, 1.0, 1.0, 0.0, 1.0, 1.0, 0.0, 1.0, 1.0, 1.0, 0.0, 0.0, 0.0, 1.0, 0.0, 1.0, 1.0, 0.0, 1.0, 0.0, 1.0, 0.0, 1.0, 1.0, 0.0, 0.0, 0.0, 1.0, 1.0, 1.0, 0.0, 1.0, 0.0, 0.0, 0.0, 1.0, 1.0, 1.0, 0.0, 1.0, 0.0, 0.0, 0.0, 1.0, 1.0, 1.0, 1.0, 0.0, 0.0, 0.0, 1.0, 0.0, 0.0, 0.0, 0.0, 0.0, 0.0, 1.0, 1.0, 0.0, 1.0, 1.0, 1.0, 1.0, 1.0, 0.0, 1.0, 1.0, 0.0, 0.0, 1.0, 0.0, 0.0, 1.0, 0.0, 1.0, 0.0]",['lNONMMUG038170'],[0.0],[1],[0.00040427485070067964]
73,"['lNONMMUG000508', 'lNONMMUG002215', 'lNONMMUG002239', 'lNONMMUG009962', 'lNONMMUG013211', 'lNONMMUG017485', 'lNONMMUG017913', 'lNONMMUG020673', 'lNONMMUG023454', 'lNONMMUG026355', 'lNONMMUG029813', 'lNONMMUG030202', 'lNONMMUG033401', 'lNONMMUG034886', 'lNONMMUG038355', 'lNONMMUG039685', 'lNONMMUG041158', 'lNONMMUG041781', 'lNONMMUG045568', 'lNONMMUG045569', 'lNONMMUG045574', 'lENSMUSG00000044471', 'lENSMUSG00000075277', 'lENSMUSG00000078190', 'lENSMUSG00000078247', 'lENSMUSG00000085354', 'lENSMUSG00000085715', 'lENSMUSG00000085873', 'lENSMUSG00000086035', 'lENSMUSG00000086141', 'lENSMUSG00000090063', 'lENSMUSG00000097336', 'lENSMUSG00000097571', 'lENSMUSG00000097767', 'lENSMUSG00000098439', 'lENSMUSG00000101609', 'lENSMUSG00000106519', 'l9030622O22Rik', 'lDlx6os1', 'lDnm3os', 'lGas5', 'lGm12610', 'lMiat', 'lNeat1', 'lNONMMUG002771', 'lNONMMUG004366', 'lNONMMUG007120', 'lNONMMUG008199', 'lNONMMUG009173', 'lNONMMUG009235', 'lNONMMUG010099', 'lNONMMUG012984', 'lNONMMUG013851', 'lNONMMUG014034', 'lNONMMUG017321', 'lNONMMUG017372', 'lNONMMUG019692', 'lNONMMUG020560', 'lNONMMUG021010', 'lNONMMUG023106', 'lNONMMUG024809', 'lNONMMUG025805', 'lNONMMUG029789', 'lNONMMUG031524', 'lNONMMUG031860', 'lNONMMUG032531', 'lNONMMUG033434', 'lNONMMUG034060', 'lNONMMUG035589', 'lNONMMUG036314', 'lNONMMUG036495', 'lNONMMUG038170', 'lNONMMUG038718', 'lNONMMUG039825', 'lNONMMUG041948', 'lNONMMUG042190', 'lNONMMUG043393', 'lNONMMUG043843', 'lNONMMUG044302', 'lNONMMUG045259', 'lENSMUSG00000085908', 'lENSMUSG00000103692', 'lENSMUSG00000106828', 'lENSMUSG00000107766', 'lGm13291', 'lSnord11', 'lSnord67']","[1.0, 0.0, 1.0, 0.0, 0.0, 0.0, 1.0, 1.0, 0.0, 1.0, 0.0, 1.0, 1.0, 0.0, 1.0, 1.0, 0.0, 1.0, 1.0, 1.0, 0.0, 0.0, 0.0, 1.0, 0.0, 1.0, 1.0, 0.0, 1.0, 0.0, 1.0, 0.0, 1.0, 1.0, 0.0, 0.0, 0.0, 1.0, 1.0, 1.0, 0.0, 1.0, 0.0, 0.0, 0.0, 1.0, 1.0, 1.0, 0.0, 1.0, 0.0, 0.0, 0.0, 1.0, 1.0, 1.0, 1.0, 0.0, 0.0, 0.0, 1.0, 0.0, 0.0, 0.0, 0.0, 0.0, 0.0, 1.0, 1.0, 0.0, 1.0, 0.0, 1.0, 1.0, 1.0, 0.0, 1.0, 1.0, 0.0, 0.0, 1.0, 0.0, 0.0, 1.0, 0.0, 1.0, 0.0]",['lNONMMUG038692'],[1.0],[0],[-0.17182450503914792]
74,"['lNONMMUG000508', 'lNONMMUG002215', 'lNONMMUG002239', 'lNONMMUG009962', 'lNONMMUG013211', 'lNONMMUG017485', 'lNONMMUG017913', 'lNONMMUG020673', 'lNONMMUG023454', 'lNONMMUG026355', 'lNONMMUG029813', 'lNONMMUG030202', 'lNONMMUG033401', 'lNONMMUG034886', 'lNONMMUG038355', 'lNONMMUG039685', 'lNONMMUG041158', 'lNONMMUG041781', 'lNONMMUG045568', 'lNONMMUG045569', 'lNONMMUG045574', 'lENSMUSG00000044471', 'lENSMUSG00000075277', 'lENSMUSG00000078190', 'lENSMUSG00000078247', 'lENSMUSG00000085354', 'lENSMUSG00000085715', 'lENSMUSG00000085873', 'lENSMUSG00000086035', 'lENSMUSG00000086141', 'lENSMUSG00000090063', 'lENSMUSG00000097336', 'lENSMUSG00000097571', 'lENSMUSG00000097767', 'lENSMUSG00000098439', 'lENSMUSG00000101609', 'lENSMUSG00000106519', 'l9030622O22Rik', 'lDlx6os1', 'lDnm3os', 'lGas5', 'lGm12610', 'lMiat', 'lNeat1', 'lNONMMUG002771', 'lNONMMUG004366', 'lNONMMUG007120', 'lNONMMUG008199', 'lNONMMUG009173', 'lNONMMUG009235', 'lNONMMUG010099', 'lNONMMUG012984', 'lNONMMUG013851', 'lNONMMUG014034', 'lNONMMUG017321', 'lNONMMUG017372', 'lNONMMUG019692', 'lNONMMUG020560', 'lNONMMUG021010', 'lNONMMUG023106', 'lNONMMUG024809', 'lNONMMUG025805', 'lNONMMUG029789', 'lNONMMUG031524', 'lNONMMUG031860', 'lNONMMUG032531', 'lNONMMUG033434', 'lNONMMUG034060', 'lNONMMUG035589', 'lNONMMUG036314', 'lNONMMUG036495', 'lNONMMUG038170', 'lNONMMUG038692', 'lNONMMUG039825', 'lNONMMUG041948', 'lNONMMUG042190', 'lNONMMUG043393', 'lNONMMUG043843', 'lNONMMUG044302', 'lNONMMUG045259', 'lENSMUSG00000085908', 'lENSMUSG00000103692', 'lENSMUSG00000106828', 'lENSMUSG00000107766', 'lGm13291', 'lSnord11', 'lSnord67']","[1.0, 0.0, 1.0, 0.0, 0.0, 0.0, 1.0, 1.0, 0.0, 1.0, 0.0, 1.0, 1.0, 0.0, 1.0, 1.0, 0.0, 1.0, 1.0, 1.0, 0.0, 0.0, 0.0, 1.0, 0.0, 1.0, 1.0, 0.0, 1.0, 0.0, 1.0, 0.0, 1.0, 1.0, 0.0, 0.0, 0.0, 1.0, 1.0, 1.0, 0.0, 1.0, 0.0, 0.0, 0.0, 1.0, 1.0, 1.0, 0.0, 1.0, 0.0, 0.0, 0.0, 1.0, 1.0, 1.0, 1.0, 0.0, 0.0, 0.0, 1.0, 0.0, 0.0, 0.0, 0.0, 0.0, 0.0, 1.0, 1.0, 0.0, 1.0, 0.0, 1.0, 1.0, 1.0, 0.0, 1.0, 1.0, 0.0, 0.0, 1.0, 0.0, 0.0, 1.0, 0.0, 1.0, 0.0]",['lNONMMUG038718'],[1.0],[1],[0.41006872180828025]
75,"['lNONMMUG000508', 'lNONMMUG002215', 'lNONMMUG002239', 'lNONMMUG009962', 'lNONMMUG013211', 'lNONMMUG017485', 'lNONMMUG017913', 'lNONMMUG020673', 'lNONMMUG023454', 'lNONMMUG026355', 'lNONMMUG029813', 'lNONMMUG030202', 'lNONMMUG033401', 'lNONMMUG034886', 'lNONMMUG038355', 'lNONMMUG039685', 'lNONMMUG041158', 'lNONMMUG041781', 'lNONMMUG045568', 'lNONMMUG045569', 'lNONMMUG045574', 'lENSMUSG00000044471', 'lENSMUSG00000075277', 'lENSMUSG00000078190', 'lENSMUSG00000078247', 'lENSMUSG00000085354', 'lENSMUSG00000085715', 'lENSMUSG00000085873', 'lENSMUSG00000086035', 'lENSMUSG00000086141', 'lENSMUSG00000090063', 'lENSMUSG00000097336', 'lENSMUSG00000097571', 'lENSMUSG00000097767', 'lENSMUSG00000098439', 'lENSMUSG00000101609', 'lENSMUSG00000106519', 'l9030622O22Rik', 'lDlx6os1', 'lDnm3os', 'lGas5', 'lGm12610', 'lMiat', 'lNeat1', 'lNONMMUG002771', 'lNONMMUG004366', 'lNONMMUG007120', 'lNONMMUG008199', 'lNONMMUG009173', 'lNONMMUG009235', 'lNONMMUG010099', 'lNONMMUG012984', 'lNONMMUG013851', 'lNONMMUG014034', 'lNONMMUG017321', 'lNONMMUG017372', 'lNONMMUG019692', 'lNONMMUG020560', 'lNONMMUG021010', 'lNONMMUG023106', 'lNONMMUG024809', 'lNONMMUG025805', 'lNONMMUG029789', 'lNONMMUG031524', 'lNONMMUG031860', 'lNONMMUG032531', 'lNONMMUG033434', 'lNONMMUG034060', 'lNONMMUG035589', 'lNONMMUG036314', 'lNONMMUG036495', 'lNONMMUG038170', 'lNONMMUG038692', 'lNONMMUG038718', 'lNONMMUG041948', 'lNONMMUG042190', 'lNONMMUG043393', 'lNONMMUG043843', 'lNONMMUG044302', 'lNONMMUG045259', 'lENSMUSG00000085908', 'lENSMUSG00000103692', 'lENSMUSG00000106828', 'lENSMUSG00000107766', 'lGm13291', 'lSnord11', 'lSnord67']","[1.0, 0.0, 1.0, 0.0, 0.0, 0.0, 1.0, 1.0, 0.0, 1.0, 0.0, 1.0, 1.0, 0.0, 1.0, 1.0, 0.0, 1.0, 1.0, 1.0, 0.0, 0.0, 0.0, 1.0, 0.0, 1.0, 1.0, 0.0, 1.0, 0.0, 1.0, 0.0, 1.0, 1.0, 0.0, 0.0, 0.0, 1.0, 1.0, 1.0, 0.0, 1.0, 0.0, 0.0, 0.0, 1.0, 1.0, 1.0, 0.0, 1.0, 0.0, 0.0, 0.0, 1.0, 1.0, 1.0, 1.0, 0.0, 0.0, 0.0, 1.0, 0.0, 0.0, 0.0, 0.0, 0.0, 0.0, 1.0, 1.0, 0.0, 1.0, 0.0, 1.0, 1.0, 1.0, 0.0, 1.0, 1.0, 0.0, 0.0, 1.0, 0.0, 0.0, 1.0, 0.0, 1.0, 0.0]",['lNONMMUG039825'],[1.0],[1],[0.3231226020499846]
76,"['lNONMMUG000508', 'lNONMMUG002215', 'lNONMMUG002239', 'lNONMMUG009962', 'lNONMMUG013211', 'lNONMMUG017485', 'lNONMMUG017913', 'lNONMMUG020673', 'lNONMMUG023454', 'lNONMMUG026355', 'lNONMMUG029813', 'lNONMMUG030202', 'lNONMMUG033401', 'lNONMMUG034886', 'lNONMMUG038355', 'lNONMMUG039685', 'lNONMMUG041158', 'lNONMMUG041781', 'lNONMMUG045568', 'lNONMMUG045569', 'lNONMMUG045574', 'lENSMUSG00000044471', 'lENSMUSG00000075277', 'lENSMUSG00000078190', 'lENSMUSG00000078247', 'lENSMUSG00000085354', 'lENSMUSG00000085715', 'lENSMUSG00000085873', 'lENSMUSG00000086035', 'lENSMUSG00000086141', 'lENSMUSG00000090063', 'lENSMUSG00000097336', 'lENSMUSG00000097571', 'lENSMUSG00000097767', 'lENSMUSG00000098439', 'lENSMUSG00000101609', 'lENSMUSG00000106519', 'l9030622O22Rik', 'lDlx6os1', 'lDnm3os', 'lGas5', 'lGm12610', 'lMiat', 'lNeat1', 'lNONMMUG002771', 'lNONMMUG004366', 'lNONMMUG007120', 'lNONMMUG008199', 'lNONMMUG009173', 'lNONMMUG009235', 'lNONMMUG010099', 'lNONMMUG012984', 'lNONMMUG013851', 'lNONMMUG014034', 'lNONMMUG017321', 'lNONMMUG017372', 'lNONMMUG019692', 'lNONMMUG020560', 'lNONMMUG021010', 'lNONMMUG023106', 'lNONMMUG024809', 'lNONMMUG025805', 'lNONMMUG029789', 'lNONMMUG031524', 'lNONMMUG031860', 'lNONMMUG032531', 'lNONMMUG033434', 'lNONMMUG034060', 'lNONMMUG035589', 'lNONMMUG036314', 'lNONMMUG036495', 'lNONMMUG038170', 'lNONMMUG038692', 'lNONMMUG038718', 'lNONMMUG039825', 'lNONMMUG042190', 'lNONMMUG043393', 'lNONMMUG043843', 'lNONMMUG044302', 'lNONMMUG045259', 'lENSMUSG00000085908', 'lENSMUSG00000103692', 'lENSMUSG00000106828', 'lENSMUSG00000107766', 'lGm13291', 'lSnord11', 'lSnord67']","[1.0, 0.0, 1.0, 0.0, 0.0, 0.0, 1.0, 1.0, 0.0, 1.0, 0.0, 1.0, 1.0, 0.0, 1.0, 1.0, 0.0, 1.0, 1.0, 1.0, 0.0, 0.0, 0.0, 1.0, 0.0, 1.0, 1.0, 0.0, 1.0, 0.0, 1.0, 0.0, 1.0, 1.0, 0.0, 0.0, 0.0, 1.0, 1.0, 1.0, 0.0, 1.0, 0.0, 0.0, 0.0, 1.0, 1.0, 1.0, 0.0, 1.0, 0.0, 0.0, 0.0, 1.0, 1.0, 1.0, 1.0, 0.0, 0.0, 0.0, 1.0, 0.0, 0.0, 0.0, 0.0, 0.0, 0.0, 1.0, 1.0, 0.0, 1.0, 0.0, 1.0, 1.0, 1.0, 0.0, 1.0, 1.0, 0.0, 0.0, 1.0, 0.0, 0.0, 1.0, 0.0, 1.0, 0.0]",['lNONMMUG041948'],[1.0],[0],[-0.7421862898546285]
77,"['lNONMMUG000508', 'lNONMMUG002215', 'lNONMMUG002239', 'lNONMMUG009962', 'lNONMMUG013211', 'lNONMMUG017485', 'lNONMMUG017913', 'lNONMMUG020673', 'lNONMMUG023454', 'lNONMMUG026355', 'lNONMMUG029813', 'lNONMMUG030202', 'lNONMMUG033401', 'lNONMMUG034886', 'lNONMMUG038355', 'lNONMMUG039685', 'lNONMMUG041158', 'lNONMMUG041781', 'lNONMMUG045568', 'lNONMMUG045569', 'lNONMMUG045574', 'lENSMUSG00000044471', 'lENSMUSG00000075277', 'lENSMUSG00000078190', 'lENSMUSG00000078247', 'lENSMUSG00000085354', 'lENSMUSG00000085715', 'lENSMUSG00000085873', 'lENSMUSG00000086035', 'lENSMUSG00000086141', 'lENSMUSG00000090063', 'lENSMUSG00000097336', 'lENSMUSG00000097571', 'lENSMUSG00000097767', 'lENSMUSG00000098439', 'lENSMUSG00000101609', 'lENSMUSG00000106519', 'l9030622O22Rik', 'lDlx6os1', 'lDnm3os', 'lGas5', 'lGm12610', 'lMiat', 'lNeat1', 'lNONMMUG002771', 'lNONMMUG004366', 'lNONMMUG007120', 'lNONMMUG008199', 'lNONMMUG009173', 'lNONMMUG009235', 'lNONMMUG010099', 'lNONMMUG012984', 'lNONMMUG013851', 'lNONMMUG014034', 'lNONMMUG017321', 'lNONMMUG017372', 'lNONMMUG019692', 'lNONMMUG020560', 'lNONMMUG021010', 'lNONMMUG023106', 'lNONMMUG024809', 'lNONMMUG025805', 'lNONMMUG029789', 'lNONMMUG031524', 'lNONMMUG031860', 'lNONMMUG032531', 'lNONMMUG033434', 'lNONMMUG034060', 'lNONMMUG035589', 'lNONMMUG036314', 'lNONMMUG036495', 'lNONMMUG038170', 'lNONMMUG038692', 'lNONMMUG038718', 'lNONMMUG039825', 'lNONMMUG041948', 'lNONMMUG043393', 'lNONMMUG043843', 'lNONMMUG044302', 'lNONMMUG045259', 'lENSMUSG00000085908', 'lENSMUSG00000103692', 'lENSMUSG00000106828', 'lENSMUSG00000107766', 'lGm13291', 'lSnord11', 'lSnord67']","[1.0, 0.0, 1.0, 0.0, 0.0, 0.0, 1.0, 1.0, 0.0, 1.0, 0.0, 1.0, 1.0, 0.0, 1.0, 1.0, 0.0, 1.0, 1.0, 1.0, 0.0, 0.0, 0.0, 1.0, 0.0, 1.0, 1.0, 0.0, 1.0, 0.0, 1.0, 0.0, 1.0, 1.0, 0.0, 0.0, 0.0, 1.0, 1.0, 1.0, 0.0, 1.0, 0.0, 0.0, 0.0, 1.0, 1.0, 1.0, 0.0, 1.0, 0.0, 0.0, 0.0, 1.0, 1.0, 1.0, 1.0, 0.0, 0.0, 0.0, 1.0, 0.0, 0.0, 0.0, 0.0, 0.0, 0.0, 1.0, 1.0, 0.0, 1.0, 0.0, 1.0, 1.0, 1.0, 1.0, 1.0, 1.0, 0.0, 0.0, 1.0, 0.0, 0.0, 1.0, 0.0, 1.0, 0.0]",['lNONMMUG042190'],[0.0],[0],[-0.12174028091800895]
78,"['lNONMMUG000508', 'lNONMMUG002215', 'lNONMMUG002239', 'lNONMMUG009962', 'lNONMMUG013211', 'lNONMMUG017485', 'lNONMMUG017913', 'lNONMMUG020673', 'lNONMMUG023454', 'lNONMMUG026355', 'lNONMMUG029813', 'lNONMMUG030202', 'lNONMMUG033401', 'lNONMMUG034886', 'lNONMMUG038355', 'lNONMMUG039685', 'lNONMMUG041158', 'lNONMMUG041781', 'lNONMMUG045568', 'lNONMMUG045569', 'lNONMMUG045574', 'lENSMUSG00000044471', 'lENSMUSG00000075277', 'lENSMUSG00000078190', 'lENSMUSG00000078247', 'lENSMUSG00000085354', 'lENSMUSG00000085715', 'lENSMUSG00000085873', 'lENSMUSG00000086035', 'lENSMUSG00000086141', 'lENSMUSG00000090063', 'lENSMUSG00000097336', 'lENSMUSG00000097571', 'lENSMUSG00000097767', 'lENSMUSG00000098439', 'lENSMUSG00000101609', 'lENSMUSG00000106519', 'l9030622O22Rik', 'lDlx6os1', 'lDnm3os', 'lGas5', 'lGm12610', 'lMiat', 'lNeat1', 'lNONMMUG002771', 'lNONMMUG004366', 'lNONMMUG007120', 'lNONMMUG008199', 'lNONMMUG009173', 'lNONMMUG009235', 'lNONMMUG010099', 'lNONMMUG012984', 'lNONMMUG013851', 'lNONMMUG014034', 'lNONMMUG017321', 'lNONMMUG017372', 'lNONMMUG019692', 'lNONMMUG020560', 'lNONMMUG021010', 'lNONMMUG023106', 'lNONMMUG024809', 'lNONMMUG025805', 'lNONMMUG029789', 'lNONMMUG031524', 'lNONMMUG031860', 'lNONMMUG032531', 'lNONMMUG033434', 'lNONMMUG034060', 'lNONMMUG035589', 'lNONMMUG036314', 'lNONMMUG036495', 'lNONMMUG038170', 'lNONMMUG038692', 'lNONMMUG038718', 'lNONMMUG039825', 'lNONMMUG041948', 'lNONMMUG042190', 'lNONMMUG043843', 'lNONMMUG044302', 'lNONMMUG045259', 'lENSMUSG00000085908', 'lENSMUSG00000103692', 'lENSMUSG00000106828', 'lENSMUSG00000107766', 'lGm13291', 'lSnord11', 'lSnord67']","[1.0, 0.0, 1.0, 0.0, 0.0, 0.0, 1.0, 1.0, 0.0, 1.0, 0.0, 1.0, 1.0, 0.0, 1.0, 1.0, 0.0, 1.0, 1.0, 1.0, 0.0, 0.0, 0.0, 1.0, 0.0, 1.0, 1.0, 0.0, 1.0, 0.0, 1.0, 0.0, 1.0, 1.0, 0.0, 0.0, 0.0, 1.0, 1.0, 1.0, 0.0, 1.0, 0.0, 0.0, 0.0, 1.0, 1.0, 1.0, 0.0, 1.0, 0.0, 0.0, 0.0, 1.0, 1.0, 1.0, 1.0, 0.0, 0.0, 0.0, 1.0, 0.0, 0.0, 0.0, 0.0, 0.0, 0.0, 1.0, 1.0, 0.0, 1.0, 0.0, 1.0, 1.0, 1.0, 1.0, 0.0, 1.0, 0.0, 0.0, 1.0, 0.0, 0.0, 1.0, 0.0, 1.0, 0.0]",['lNONMMUG043393'],[1.0],[1],[0.46380496339413363]
79,"['lNONMMUG000508', 'lNONMMUG002215', 'lNONMMUG002239', 'lNONMMUG009962', 'lNONMMUG013211', 'lNONMMUG017485', 'lNONMMUG017913', 'lNONMMUG020673', 'lNONMMUG023454', 'lNONMMUG026355', 'lNONMMUG029813', 'lNONMMUG030202', 'lNONMMUG033401', 'lNONMMUG034886', 'lNONMMUG038355', 'lNONMMUG039685', 'lNONMMUG041158', 'lNONMMUG041781', 'lNONMMUG045568', 'lNONMMUG045569', 'lNONMMUG045574', 'lENSMUSG00000044471', 'lENSMUSG00000075277', 'lENSMUSG00000078190', 'lENSMUSG00000078247', 'lENSMUSG00000085354', 'lENSMUSG00000085715', 'lENSMUSG00000085873', 'lENSMUSG00000086035', 'lENSMUSG00000086141', 'lENSMUSG00000090063', 'lENSMUSG00000097336', 'lENSMUSG00000097571', 'lENSMUSG00000097767', 'lENSMUSG00000098439', 'lENSMUSG00000101609', 'lENSMUSG00000106519', 'l9030622O22Rik', 'lDlx6os1', 'lDnm3os', 'lGas5', 'lGm12610', 'lMiat', 'lNeat1', 'lNONMMUG002771', 'lNONMMUG004366', 'lNONMMUG007120', 'lNONMMUG008199', 'lNONMMUG009173', 'lNONMMUG009235', 'lNONMMUG010099', 'lNONMMUG012984', 'lNONMMUG013851', 'lNONMMUG014034', 'lNONMMUG017321', 'lNONMMUG017372', 'lNONMMUG019692', 'lNONMMUG020560', 'lNONMMUG021010', 'lNONMMUG023106', 'lNONMMUG024809', 'lNONMMUG025805', 'lNONMMUG029789', 'lNONMMUG031524', 'lNONMMUG031860', 'lNONMMUG032531', 'lNONMMUG033434', 'lNONMMUG034060', 'lNONMMUG035589', 'lNONMMUG036314', 'lNONMMUG036495', 'lNONMMUG038170', 'lNONMMUG038692', 'lNONMMUG038718', 'lNONMMUG039825', 'lNONMMUG041948', 'lNONMMUG042190', 'lNONMMUG043393', 'lNONMMUG044302', 'lNONMMUG045259', 'lENSMUSG00000085908', 'lENSMUSG00000103692', 'lENSMUSG00000106828', 'lENSMUSG00000107766', 'lGm13291', 'lSnord11', 'lSnord67']","[1.0, 0.0, 1.0, 0.0, 0.0, 0.0, 1.0, 1.0, 0.0, 1.0, 0.0, 1.0, 1.0, 0.0, 1.0, 1.0, 0.0, 1.0, 1.0, 1.0, 0.0, 0.0, 0.0, 1.0, 0.0, 1.0, 1.0, 0.0, 1.0, 0.0, 1.0, 0.0, 1.0, 1.0, 0.0, 0.0, 0.0, 1.0, 1.0, 1.0, 0.0, 1.0, 0.0, 0.0, 0.0, 1.0, 1.0, 1.0, 0.0, 1.0, 0.0, 0.0, 0.0, 1.0, 1.0, 1.0, 1.0, 0.0, 0.0, 0.0, 1.0, 0.0, 0.0, 0.0, 0.0, 0.0, 0.0, 1.0, 1.0, 0.0, 1.0, 0.0, 1.0, 1.0, 1.0, 1.0, 0.0, 1.0, 0.0, 0.0, 1.0, 0.0, 0.0, 1.0, 0.0, 1.0, 0.0]",['lNONMMUG043843'],[1.0],[1],[0.9480488996885614]
80,"['lNONMMUG000508', 'lNONMMUG002215', 'lNONMMUG002239', 'lNONMMUG009962', 'lNONMMUG013211', 'lNONMMUG017485', 'lNONMMUG017913', 'lNONMMUG020673', 'lNONMMUG023454', 'lNONMMUG026355', 'lNONMMUG029813', 'lNONMMUG030202', 'lNONMMUG033401', 'lNONMMUG034886', 'lNONMMUG038355', 'lNONMMUG039685', 'lNONMMUG041158', 'lNONMMUG041781', 'lNONMMUG045568', 'lNONMMUG045569', 'lNONMMUG045574', 'lENSMUSG00000044471', 'lENSMUSG00000075277', 'lENSMUSG00000078190', 'lENSMUSG00000078247', 'lENSMUSG00000085354', 'lENSMUSG00000085715', 'lENSMUSG00000085873', 'lENSMUSG00000086035', 'lENSMUSG00000086141', 'lENSMUSG00000090063', 'lENSMUSG00000097336', 'lENSMUSG00000097571', 'lENSMUSG00000097767', 'lENSMUSG00000098439', 'lENSMUSG00000101609', 'lENSMUSG00000106519', 'l9030622O22Rik', 'lDlx6os1', 'lDnm3os', 'lGas5', 'lGm12610', 'lMiat', 'lNeat1', 'lNONMMUG002771', 'lNONMMUG004366', 'lNONMMUG007120', 'lNONMMUG008199', 'lNONMMUG009173', 'lNONMMUG009235', 'lNONMMUG010099', 'lNONMMUG012984', 'lNONMMUG013851', 'lNONMMUG014034', 'lNONMMUG017321', 'lNONMMUG017372', 'lNONMMUG019692', 'lNONMMUG020560', 'lNONMMUG021010', 'lNONMMUG023106', 'lNONMMUG024809', 'lNONMMUG025805', 'lNONMMUG029789', 'lNONMMUG031524', 'lNONMMUG031860', 'lNONMMUG032531', 'lNONMMUG033434', 'lNONMMUG034060', 'lNONMMUG035589', 'lNONMMUG036314', 'lNONMMUG036495', 'lNONMMUG038170', 'lNONMMUG038692', 'lNONMMUG038718', 'lNONMMUG039825', 'lNONMMUG041948', 'lNONMMUG042190', 'lNONMMUG043393', 'lNONMMUG043843', 'lNONMMUG045259', 'lENSMUSG00000085908', 'lENSMUSG00000103692', 'lENSMUSG00000106828', 'lENSMUSG00000107766', 'lGm13291', 'lSnord11', 'lSnord67']","[1.0, 0.0, 1.0, 0.0, 0.0, 0.0, 1.0, 1.0, 0.0, 1.0, 0.0, 1.0, 1.0, 0.0, 1.0, 1.0, 0.0, 1.0, 1.0, 1.0, 0.0, 0.0, 0.0, 1.0, 0.0, 1.0, 1.0, 0.0, 1.0, 0.0, 1.0, 0.0, 1.0, 1.0, 0.0, 0.0, 0.0, 1.0, 1.0, 1.0, 0.0, 1.0, 0.0, 0.0, 0.0, 1.0, 1.0, 1.0, 0.0, 1.0, 0.0, 0.0, 0.0, 1.0, 1.0, 1.0, 1.0, 0.0, 0.0, 0.0, 1.0, 0.0, 0.0, 0.0, 0.0, 0.0, 0.0, 1.0, 1.0, 0.0, 1.0, 0.0, 1.0, 1.0, 1.0, 1.0, 0.0, 1.0, 1.0, 0.0, 1.0, 0.0, 0.0, 1.0, 0.0, 1.0, 0.0]",['lNONMMUG044302'],[0.0],[0],[-0.6024238332957811]
81,"['lNONMMUG000508', 'lNONMMUG002215', 'lNONMMUG002239', 'lNONMMUG009962', 'lNONMMUG013211', 'lNONMMUG017485', 'lNONMMUG017913', 'lNONMMUG020673', 'lNONMMUG023454', 'lNONMMUG026355', 'lNONMMUG029813', 'lNONMMUG030202', 'lNONMMUG033401', 'lNONMMUG034886', 'lNONMMUG038355', 'lNONMMUG039685', 'lNONMMUG041158', 'lNONMMUG041781', 'lNONMMUG045568', 'lNONMMUG045569', 'lNONMMUG045574', 'lENSMUSG00000044471', 'lENSMUSG00000075277', 'lENSMUSG00000078190', 'lENSMUSG00000078247', 'lENSMUSG00000085354', 'lENSMUSG00000085715', 'lENSMUSG00000085873', 'lENSMUSG00000086035', 'lENSMUSG00000086141', 'lENSMUSG00000090063', 'lENSMUSG00000097336', 'lENSMUSG00000097571', 'lENSMUSG00000097767', 'lENSMUSG00000098439', 'lENSMUSG00000101609', 'lENSMUSG00000106519', 'l9030622O22Rik', 'lDlx6os1', 'lDnm3os', 'lGas5', 'lGm12610', 'lMiat', 'lNeat1', 'lNONMMUG002771', 'lNONMMUG004366', 'lNONMMUG007120', 'lNONMMUG008199', 'lNONMMUG009173', 'lNONMMUG009235', 'lNONMMUG010099', 'lNONMMUG012984', 'lNONMMUG013851', 'lNONMMUG014034', 'lNONMMUG017321', 'lNONMMUG017372', 'lNONMMUG019692', 'lNONMMUG020560', 'lNONMMUG021010', 'lNONMMUG023106', 'lNONMMUG024809', 'lNONMMUG025805', 'lNONMMUG029789', 'lNONMMUG031524', 'lNONMMUG031860', 'lNONMMUG032531', 'lNONMMUG033434', 'lNONMMUG034060', 'lNONMMUG035589', 'lNONMMUG036314', 'lNONMMUG036495', 'lNONMMUG038170', 'lNONMMUG038692', 'lNONMMUG038718', 'lNONMMUG039825', 'lNONMMUG041948', 'lNONMMUG042190', 'lNONMMUG043393', 'lNONMMUG043843', 'lNONMMUG044302', 'lENSMUSG00000085908', 'lENSMUSG00000103692', 'lENSMUSG00000106828', 'lENSMUSG00000107766', 'lGm13291', 'lSnord11', 'lSnord67']","[1.0, 0.0, 1.0, 0.0, 0.0, 0.0, 1.0, 1.0, 0.0, 1.0, 0.0, 1.0, 1.0, 0.0, 1.0, 1.0, 0.0, 1.0, 1.0, 1.0, 0.0, 0.0, 0.0, 1.0, 0.0, 1.0, 1.0, 0.0, 1.0, 0.0, 1.0, 0.0, 1.0, 1.0, 0.0, 0.0, 0.0, 1.0, 1.0, 1.0, 0.0, 1.0, 0.0, 0.0, 0.0, 1.0, 1.0, 1.0, 0.0, 1.0, 0.0, 0.0, 0.0, 1.0, 1.0, 1.0, 1.0, 0.0, 0.0, 0.0, 1.0, 0.0, 0.0, 0.0, 0.0, 0.0, 0.0, 1.0, 1.0, 0.0, 1.0, 0.0, 1.0, 1.0, 1.0, 1.0, 0.0, 1.0, 1.0, 0.0, 1.0, 0.0, 0.0, 1.0, 0.0, 1.0, 0.0]",['lNONMMUG045259'],[0.0],[1],[0.025753173382420697]
82,"['lNONMMUG000508', 'lNONMMUG002215', 'lNONMMUG002239', 'lNONMMUG009962', 'lNONMMUG013211', 'lNONMMUG017485', 'lNONMMUG017913', 'lNONMMUG020673', 'lNONMMUG023454', 'lNONMMUG026355', 'lNONMMUG029813', 'lNONMMUG030202', 'lNONMMUG033401', 'lNONMMUG034886', 'lNONMMUG038355', 'lNONMMUG039685', 'lNONMMUG041158', 'lNONMMUG041781', 'lNONMMUG045568', 'lNONMMUG045569', 'lNONMMUG045574', 'lENSMUSG00000044471', 'lENSMUSG00000075277', 'lENSMUSG00000078190', 'lENSMUSG00000078247', 'lENSMUSG00000085354', 'lENSMUSG00000085715', 'lENSMUSG00000085873', 'lENSMUSG00000086035', 'lENSMUSG00000086141', 'lENSMUSG00000090063', 'lENSMUSG00000097336', 'lENSMUSG00000097571', 'lENSMUSG00000097767', 'lENSMUSG00000098439', 'lENSMUSG00000101609', 'lENSMUSG00000106519', 'l9030622O22Rik', 'lDlx6os1', 'lDnm3os', 'lGas5', 'lGm12610', 'lMiat', 'lNeat1', 'lNONMMUG002771', 'lNONMMUG004366', 'lNONMMUG007120', 'lNONMMUG008199', 'lNONMMUG009173', 'lNONMMUG009235', 'lNONMMUG010099', 'lNONMMUG012984', 'lNONMMUG013851', 'lNONMMUG014034', 'lNONMMUG017321', 'lNONMMUG017372', 'lNONMMUG019692', 'lNONMMUG020560', 'lNONMMUG021010', 'lNONMMUG023106', 'lNONMMUG024809', 'lNONMMUG025805', 'lNONMMUG029789', 'lNONMMUG031524', 'lNONMMUG031860', 'lNONMMUG032531', 'lNONMMUG033434', 'lNONMMUG034060', 'lNONMMUG035589', 'lNONMMUG036314', 'lNONMMUG036495', 'lNONMMUG038170', 'lNONMMUG038692', 'lNONMMUG038718', 'lNONMMUG039825', 'lNONMMUG041948', 'lNONMMUG042190', 'lNONMMUG043393', 'lNONMMUG043843', 'lNONMMUG044302', 'lNONMMUG045259', 'lENSMUSG00000103692', 'lENSMUSG00000106828', 'lENSMUSG00000107766', 'lGm13291', 'lSnord11', 'lSnord67']","[1.0, 0.0, 1.0, 0.0, 0.0, 0.0, 1.0, 1.0, 0.0, 1.0, 0.0, 1.0, 1.0, 0.0, 1.0, 1.0, 0.0, 1.0, 1.0, 1.0, 0.0, 0.0, 0.0, 1.0, 0.0, 1.0, 1.0, 0.0, 1.0, 0.0, 1.0, 0.0, 1.0, 1.0, 0.0, 0.0, 0.0, 1.0, 1.0, 1.0, 0.0, 1.0, 0.0, 0.0, 0.0, 1.0, 1.0, 1.0, 0.0, 1.0, 0.0, 0.0, 0.0, 1.0, 1.0, 1.0, 1.0, 0.0, 0.0, 0.0, 1.0, 0.0, 0.0, 0.0, 0.0, 0.0, 0.0, 1.0, 1.0, 0.0, 1.0, 0.0, 1.0, 1.0, 1.0, 1.0, 0.0, 1.0, 1.0, 0.0, 0.0, 0.0, 0.0, 1.0, 0.0, 1.0, 0.0]",['lENSMUSG00000085908'],[1.0],[1],[0.7822897656013096]
83,"['lNONMMUG000508', 'lNONMMUG002215', 'lNONMMUG002239', 'lNONMMUG009962', 'lNONMMUG013211', 'lNONMMUG017485', 'lNONMMUG017913', 'lNONMMUG020673', 'lNONMMUG023454', 'lNONMMUG026355', 'lNONMMUG029813', 'lNONMMUG030202', 'lNONMMUG033401', 'lNONMMUG034886', 'lNONMMUG038355', 'lNONMMUG039685', 'lNONMMUG041158', 'lNONMMUG041781', 'lNONMMUG045568', 'lNONMMUG045569', 'lNONMMUG045574', 'lENSMUSG00000044471', 'lENSMUSG00000075277', 'lENSMUSG00000078190', 'lENSMUSG00000078247', 'lENSMUSG00000085354', 'lENSMUSG00000085715', 'lENSMUSG00000085873', 'lENSMUSG00000086035', 'lENSMUSG00000086141', 'lENSMUSG00000090063', 'lENSMUSG00000097336', 'lENSMUSG00000097571', 'lENSMUSG00000097767', 'lENSMUSG00000098439', 'lENSMUSG00000101609', 'lENSMUSG00000106519', 'l9030622O22Rik', 'lDlx6os1', 'lDnm3os', 'lGas5', 'lGm12610', 'lMiat', 'lNeat1', 'lNONMMUG002771', 'lNONMMUG004366', 'lNONMMUG007120', 'lNONMMUG008199', 'lNONMMUG009173', 'lNONMMUG009235', 'lNONMMUG010099', 'lNONMMUG012984', 'lNONMMUG013851', 'lNONMMUG014034', 'lNONMMUG017321', 'lNONMMUG017372', 'lNONMMUG019692', 'lNONMMUG020560', 'lNONMMUG021010', 'lNONMMUG023106', 'lNONMMUG024809', 'lNONMMUG025805', 'lNONMMUG029789', 'lNONMMUG031524', 'lNONMMUG031860', 'lNONMMUG032531', 'lNONMMUG033434', 'lNONMMUG034060', 'lNONMMUG035589', 'lNONMMUG036314', 'lNONMMUG036495', 'lNONMMUG038170', 'lNONMMUG038692', 'lNONMMUG038718', 'lNONMMUG039825', 'lNONMMUG041948', 'lNONMMUG042190', 'lNONMMUG043393', 'lNONMMUG043843', 'lNONMMUG044302', 'lNONMMUG045259', 'lENSMUSG00000085908', 'lENSMUSG00000106828', 'lENSMUSG00000107766', 'lGm13291', 'lSnord11', 'lSnord67']","[1.0, 0.0, 1.0, 0.0, 0.0, 0.0, 1.0, 1.0, 0.0, 1.0, 0.0, 1.0, 1.0, 0.0, 1.0, 1.0, 0.0, 1.0, 1.0, 1.0, 0.0, 0.0, 0.0, 1.0, 0.0, 1.0, 1.0, 0.0, 1.0, 0.0, 1.0, 0.0, 1.0, 1.0, 0.0, 0.0, 0.0, 1.0, 1.0, 1.0, 0.0, 1.0, 0.0, 0.0, 0.0, 1.0, 1.0, 1.0, 0.0, 1.0, 0.0, 0.0, 0.0, 1.0, 1.0, 1.0, 1.0, 0.0, 0.0, 0.0, 1.0, 0.0, 0.0, 0.0, 0.0, 0.0, 0.0, 1.0, 1.0, 0.0, 1.0, 0.0, 1.0, 1.0, 1.0, 1.0, 0.0, 1.0, 1.0, 0.0, 0.0, 1.0, 0.0, 1.0, 0.0, 1.0, 0.0]",['lENSMUSG00000103692'],[0.0],[0],[-2.0483877648807147]
84,"['lNONMMUG000508', 'lNONMMUG002215', 'lNONMMUG002239', 'lNONMMUG009962', 'lNONMMUG013211', 'lNONMMUG017485', 'lNONMMUG017913', 'lNONMMUG020673', 'lNONMMUG023454', 'lNONMMUG026355', 'lNONMMUG029813', 'lNONMMUG030202', 'lNONMMUG033401', 'lNONMMUG034886', 'lNONMMUG038355', 'lNONMMUG039685', 'lNONMMUG041158', 'lNONMMUG041781', 'lNONMMUG045568', 'lNONMMUG045569', 'lNONMMUG045574', 'lENSMUSG00000044471', 'lENSMUSG00000075277', 'lENSMUSG00000078190', 'lENSMUSG00000078247', 'lENSMUSG00000085354', 'lENSMUSG00000085715', 'lENSMUSG00000085873', 'lENSMUSG00000086035', 'lENSMUSG00000086141', 'lENSMUSG00000090063', 'lENSMUSG00000097336', 'lENSMUSG00000097571', 'lENSMUSG00000097767', 'lENSMUSG00000098439', 'lENSMUSG00000101609', 'lENSMUSG00000106519', 'l9030622O22Rik', 'lDlx6os1', 'lDnm3os', 'lGas5', 'lGm12610', 'lMiat', 'lNeat1', 'lNONMMUG002771', 'lNONMMUG004366', 'lNONMMUG007120', 'lNONMMUG008199', 'lNONMMUG009173', 'lNONMMUG009235', 'lNONMMUG010099', 'lNONMMUG012984', 'lNONMMUG013851', 'lNONMMUG014034', 'lNONMMUG017321', 'lNONMMUG017372', 'lNONMMUG019692', 'lNONMMUG020560', 'lNONMMUG021010', 'lNONMMUG023106', 'lNONMMUG024809', 'lNONMMUG025805', 'lNONMMUG029789', 'lNONMMUG031524', 'lNONMMUG031860', 'lNONMMUG032531', 'lNONMMUG033434', 'lNONMMUG034060', 'lNONMMUG035589', 'lNONMMUG036314', 'lNONMMUG036495', 'lNONMMUG038170', 'lNONMMUG038692', 'lNONMMUG038718', 'lNONMMUG039825', 'lNONMMUG041948', 'lNONMMUG042190', 'lNONMMUG043393', 'lNONMMUG043843', 'lNONMMUG044302', 'lNONMMUG045259', 'lENSMUSG00000085908', 'lENSMUSG00000103692', 'lENSMUSG00000107766', 'lGm13291', 'lSnord11', 'lSnord67']","[1.0, 0.0, 1.0, 0.0, 0.0, 0.0, 1.0, 1.0, 0.0, 1.0, 0.0, 1.0, 1.0, 0.0, 1.0, 1.0, 0.0, 1.0, 1.0, 1.0, 0.0, 0.0, 0.0, 1.0, 0.0, 1.0, 1.0, 0.0, 1.0, 0.0, 1.0, 0.0, 1.0, 1.0, 0.0, 0.0, 0.0, 1.0, 1.0, 1.0, 0.0, 1.0, 0.0, 0.0, 0.0, 1.0, 1.0, 1.0, 0.0, 1.0, 0.0, 0.0, 0.0, 1.0, 1.0, 1.0, 1.0, 0.0, 0.0, 0.0, 1.0, 0.0, 0.0, 0.0, 0.0, 0.0, 0.0, 1.0, 1.0, 0.0, 1.0, 0.0, 1.0, 1.0, 1.0, 1.0, 0.0, 1.0, 1.0, 0.0, 0.0, 1.0, 0.0, 1.0, 0.0, 1.0, 0.0]",['lENSMUSG00000106828'],[0.0],[0],[-0.10337439138187354]
85,"['lNONMMUG000508', 'lNONMMUG002215', 'lNONMMUG002239', 'lNONMMUG009962', 'lNONMMUG013211', 'lNONMMUG017485', 'lNONMMUG017913', 'lNONMMUG020673', 'lNONMMUG023454', 'lNONMMUG026355', 'lNONMMUG029813', 'lNONMMUG030202', 'lNONMMUG033401', 'lNONMMUG034886', 'lNONMMUG038355', 'lNONMMUG039685', 'lNONMMUG041158', 'lNONMMUG041781', 'lNONMMUG045568', 'lNONMMUG045569', 'lNONMMUG045574', 'lENSMUSG00000044471', 'lENSMUSG00000075277', 'lENSMUSG00000078190', 'lENSMUSG00000078247', 'lENSMUSG00000085354', 'lENSMUSG00000085715', 'lENSMUSG00000085873', 'lENSMUSG00000086035', 'lENSMUSG00000086141', 'lENSMUSG00000090063', 'lENSMUSG00000097336', 'lENSMUSG00000097571', 'lENSMUSG00000097767', 'lENSMUSG00000098439', 'lENSMUSG00000101609', 'lENSMUSG00000106519', 'l9030622O22Rik', 'lDlx6os1', 'lDnm3os', 'lGas5', 'lGm12610', 'lMiat', 'lNeat1', 'lNONMMUG002771', 'lNONMMUG004366', 'lNONMMUG007120', 'lNONMMUG008199', 'lNONMMUG009173', 'lNONMMUG009235', 'lNONMMUG010099', 'lNONMMUG012984', 'lNONMMUG013851', 'lNONMMUG014034', 'lNONMMUG017321', 'lNONMMUG017372', 'lNONMMUG019692', 'lNONMMUG020560', 'lNONMMUG021010', 'lNONMMUG023106', 'lNONMMUG024809', 'lNONMMUG025805', 'lNONMMUG029789', 'lNONMMUG031524', 'lNONMMUG031860', 'lNONMMUG032531', 'lNONMMUG033434', 'lNONMMUG034060', 'lNONMMUG035589', 'lNONMMUG036314', 'lNONMMUG036495', 'lNONMMUG038170', 'lNONMMUG038692', 'lNONMMUG038718', 'lNONMMUG039825', 'lNONMMUG041948', 'lNONMMUG042190', 'lNONMMUG043393', 'lNONMMUG043843', 'lNONMMUG044302', 'lNONMMUG045259', 'lENSMUSG00000085908', 'lENSMUSG00000103692', 'lENSMUSG00000106828', 'lGm13291', 'lSnord11', 'lSnord67']","[1.0, 0.0, 1.0, 0.0, 0.0, 0.0, 1.0, 1.0, 0.0, 1.0, 0.0, 1.0, 1.0, 0.0, 1.0, 1.0, 0.0, 1.0, 1.0, 1.0, 0.0, 0.0, 0.0, 1.0, 0.0, 1.0, 1.0, 0.0, 1.0, 0.0, 1.0, 0.0, 1.0, 1.0, 0.0, 0.0, 0.0, 1.0, 1.0, 1.0, 0.0, 1.0, 0.0, 0.0, 0.0, 1.0, 1.0, 1.0, 0.0, 1.0, 0.0, 0.0, 0.0, 1.0, 1.0, 1.0, 1.0, 0.0, 0.0, 0.0, 1.0, 0.0, 0.0, 0.0, 0.0, 0.0, 0.0, 1.0, 1.0, 0.0, 1.0, 0.0, 1.0, 1.0, 1.0, 1.0, 0.0, 1.0, 1.0, 0.0, 0.0, 1.0, 0.0, 0.0, 0.0, 1.0, 0.0]",['lENSMUSG00000107766'],[1.0],[1],[0.5088870668703301]
86,"['lNONMMUG000508', 'lNONMMUG002215', 'lNONMMUG002239', 'lNONMMUG009962', 'lNONMMUG013211', 'lNONMMUG017485', 'lNONMMUG017913', 'lNONMMUG020673', 'lNONMMUG023454', 'lNONMMUG026355', 'lNONMMUG029813', 'lNONMMUG030202', 'lNONMMUG033401', 'lNONMMUG034886', 'lNONMMUG038355', 'lNONMMUG039685', 'lNONMMUG041158', 'lNONMMUG041781', 'lNONMMUG045568', 'lNONMMUG045569', 'lNONMMUG045574', 'lENSMUSG00000044471', 'lENSMUSG00000075277', 'lENSMUSG00000078190', 'lENSMUSG00000078247', 'lENSMUSG00000085354', 'lENSMUSG00000085715', 'lENSMUSG00000085873', 'lENSMUSG00000086035', 'lENSMUSG00000086141', 'lENSMUSG00000090063', 'lENSMUSG00000097336', 'lENSMUSG00000097571', 'lENSMUSG00000097767', 'lENSMUSG00000098439', 'lENSMUSG00000101609', 'lENSMUSG00000106519', 'l9030622O22Rik', 'lDlx6os1', 'lDnm3os', 'lGas5', 'lGm12610', 'lMiat', 'lNeat1', 'lNONMMUG002771', 'lNONMMUG004366', 'lNONMMUG007120', 'lNONMMUG008199', 'lNONMMUG009173', 'lNONMMUG009235', 'lNONMMUG010099', 'lNONMMUG012984', 'lNONMMUG013851', 'lNONMMUG014034', 'lNONMMUG017321', 'lNONMMUG017372', 'lNONMMUG019692', 'lNONMMUG020560', 'lNONMMUG021010', 'lNONMMUG023106', 'lNONMMUG024809', 'lNONMMUG025805', 'lNONMMUG029789', 'lNONMMUG031524', 'lNONMMUG031860', 'lNONMMUG032531', 'lNONMMUG033434', 'lNONMMUG034060', 'lNONMMUG035589', 'lNONMMUG036314', 'lNONMMUG036495', 'lNONMMUG038170', 'lNONMMUG038692', 'lNONMMUG038718', 'lNONMMUG039825', 'lNONMMUG041948', 'lNONMMUG042190', 'lNONMMUG043393', 'lNONMMUG043843', 'lNONMMUG044302', 'lNONMMUG045259', 'lENSMUSG00000085908', 'lENSMUSG00000103692', 'lENSMUSG00000106828', 'lENSMUSG00000107766', 'lSnord11', 'lSnord67']","[1.0, 0.0, 1.0, 0.0, 0.0, 0.0, 1.0, 1.0, 0.0, 1.0, 0.0, 1.0, 1.0, 0.0, 1.0, 1.0, 0.0, 1.0, 1.0, 1.0, 0.0, 0.0, 0.0, 1.0, 0.0, 1.0, 1.0, 0.0, 1.0, 0.0, 1.0, 0.0, 1.0, 1.0, 0.0, 0.0, 0.0, 1.0, 1.0, 1.0, 0.0, 1.0, 0.0, 0.0, 0.0, 1.0, 1.0, 1.0, 0.0, 1.0, 0.0, 0.0, 0.0, 1.0, 1.0, 1.0, 1.0, 0.0, 0.0, 0.0, 1.0, 0.0, 0.0, 0.0, 0.0, 0.0, 0.0, 1.0, 1.0, 0.0, 1.0, 0.0, 1.0, 1.0, 1.0, 1.0, 0.0, 1.0, 1.0, 0.0, 0.0, 1.0, 0.0, 0.0, 1.0, 1.0, 0.0]",['lGm13291'],[0.0],[1],[0.3200510540015064]
87,"['lNONMMUG000508', 'lNONMMUG002215', 'lNONMMUG002239', 'lNONMMUG009962', 'lNONMMUG013211', 'lNONMMUG017485', 'lNONMMUG017913', 'lNONMMUG020673', 'lNONMMUG023454', 'lNONMMUG026355', 'lNONMMUG029813', 'lNONMMUG030202', 'lNONMMUG033401', 'lNONMMUG034886', 'lNONMMUG038355', 'lNONMMUG039685', 'lNONMMUG041158', 'lNONMMUG041781', 'lNONMMUG045568', 'lNONMMUG045569', 'lNONMMUG045574', 'lENSMUSG00000044471', 'lENSMUSG00000075277', 'lENSMUSG00000078190', 'lENSMUSG00000078247', 'lENSMUSG00000085354', 'lENSMUSG00000085715', 'lENSMUSG00000085873', 'lENSMUSG00000086035', 'lENSMUSG00000086141', 'lENSMUSG00000090063', 'lENSMUSG00000097336', 'lENSMUSG00000097571', 'lENSMUSG00000097767', 'lENSMUSG00000098439', 'lENSMUSG00000101609', 'lENSMUSG00000106519', 'l9030622O22Rik', 'lDlx6os1', 'lDnm3os', 'lGas5', 'lGm12610', 'lMiat', 'lNeat1', 'lNONMMUG002771', 'lNONMMUG004366', 'lNONMMUG007120', 'lNONMMUG008199', 'lNONMMUG009173', 'lNONMMUG009235', 'lNONMMUG010099', 'lNONMMUG012984', 'lNONMMUG013851', 'lNONMMUG014034', 'lNONMMUG017321', 'lNONMMUG017372', 'lNONMMUG019692', 'lNONMMUG020560', 'lNONMMUG021010', 'lNONMMUG023106', 'lNONMMUG024809', 'lNONMMUG025805', 'lNONMMUG029789', 'lNONMMUG031524', 'lNONMMUG031860', 'lNONMMUG032531', 'lNONMMUG033434', 'lNONMMUG034060', 'lNONMMUG035589', 'lNONMMUG036314', 'lNONMMUG036495', 'lNONMMUG038170', 'lNONMMUG038692', 'lNONMMUG038718', 'lNONMMUG039825', 'lNONMMUG041948', 'lNONMMUG042190', 'lNONMMUG043393', 'lNONMMUG043843', 'lNONMMUG044302', 'lNONMMUG045259', 'lENSMUSG00000085908', 'lENSMUSG00000103692', 'lENSMUSG00000106828', 'lENSMUSG00000107766', 'lGm13291', 'lSnord67']","[1.0, 0.0, 1.0, 0.0, 0.0, 0.0, 1.0, 1.0, 0.0, 1.0, 0.0, 1.0, 1.0, 0.0, 1.0, 1.0, 0.0, 1.0, 1.0, 1.0, 0.0, 0.0, 0.0, 1.0, 0.0, 1.0, 1.0, 0.0, 1.0, 0.0, 1.0, 0.0, 1.0, 1.0, 0.0, 0.0, 0.0, 1.0, 1.0, 1.0, 0.0, 1.0, 0.0, 0.0, 0.0, 1.0, 1.0, 1.0, 0.0, 1.0, 0.0, 0.0, 0.0, 1.0, 1.0, 1.0, 1.0, 0.0, 0.0, 0.0, 1.0, 0.0, 0.0, 0.0, 0.0, 0.0, 0.0, 1.0, 1.0, 0.0, 1.0, 0.0, 1.0, 1.0, 1.0, 1.0, 0.0, 1.0, 1.0, 0.0, 0.0, 1.0, 0.0, 0.0, 1.0, 0.0, 0.0]",['lSnord11'],[1.0],[0],[-1.720467881651723]
88,"['lNONMMUG000508', 'lNONMMUG002215', 'lNONMMUG002239', 'lNONMMUG009962', 'lNONMMUG013211', 'lNONMMUG017485', 'lNONMMUG017913', 'lNONMMUG020673', 'lNONMMUG023454', 'lNONMMUG026355', 'lNONMMUG029813', 'lNONMMUG030202', 'lNONMMUG033401', 'lNONMMUG034886', 'lNONMMUG038355', 'lNONMMUG039685', 'lNONMMUG041158', 'lNONMMUG041781', 'lNONMMUG045568', 'lNONMMUG045569', 'lNONMMUG045574', 'lENSMUSG00000044471', 'lENSMUSG00000075277', 'lENSMUSG00000078190', 'lENSMUSG00000078247', 'lENSMUSG00000085354', 'lENSMUSG00000085715', 'lENSMUSG00000085873', 'lENSMUSG00000086035', 'lENSMUSG00000086141', 'lENSMUSG00000090063', 'lENSMUSG00000097336', 'lENSMUSG00000097571', 'lENSMUSG00000097767', 'lENSMUSG00000098439', 'lENSMUSG00000101609', 'lENSMUSG00000106519', 'l9030622O22Rik', 'lDlx6os1', 'lDnm3os', 'lGas5', 'lGm12610', 'lMiat', 'lNeat1', 'lNONMMUG002771', 'lNONMMUG004366', 'lNONMMUG007120', 'lNONMMUG008199', 'lNONMMUG009173', 'lNONMMUG009235', 'lNONMMUG010099', 'lNONMMUG012984', 'lNONMMUG013851', 'lNONMMUG014034', 'lNONMMUG017321', 'lNONMMUG017372', 'lNONMMUG019692', 'lNONMMUG020560', 'lNONMMUG021010', 'lNONMMUG023106', 'lNONMMUG024809', 'lNONMMUG025805', 'lNONMMUG029789', 'lNONMMUG031524', 'lNONMMUG031860', 'lNONMMUG032531', 'lNONMMUG033434', 'lNONMMUG034060', 'lNONMMUG035589', 'lNONMMUG036314', 'lNONMMUG036495', 'lNONMMUG038170', 'lNONMMUG038692', 'lNONMMUG038718', 'lNONMMUG039825', 'lNONMMUG041948', 'lNONMMUG042190', 'lNONMMUG043393', 'lNONMMUG043843', 'lNONMMUG044302', 'lNONMMUG045259', 'lENSMUSG00000085908', 'lENSMUSG00000103692', 'lENSMUSG00000106828', 'lENSMUSG00000107766', 'lGm13291', 'lSnord11']","[1.0, 0.0, 1.0, 0.0, 0.0, 0.0, 1.0, 1.0, 0.0, 1.0, 0.0, 1.0, 1.0, 0.0, 1.0, 1.0, 0.0, 1.0, 1.0, 1.0, 0.0, 0.0, 0.0, 1.0, 0.0, 1.0, 1.0, 0.0, 1.0, 0.0, 1.0, 0.0, 1.0, 1.0, 0.0, 0.0, 0.0, 1.0, 1.0, 1.0, 0.0, 1.0, 0.0, 0.0, 0.0, 1.0, 1.0, 1.0, 0.0, 1.0, 0.0, 0.0, 0.0, 1.0, 1.0, 1.0, 1.0, 0.0, 0.0, 0.0, 1.0, 0.0, 0.0, 0.0, 0.0, 0.0, 0.0, 1.0, 1.0, 0.0, 1.0, 0.0, 1.0, 1.0, 1.0, 1.0, 0.0, 1.0, 1.0, 0.0, 0.0, 1.0, 0.0, 0.0, 1.0, 0.0, 1.0]",['lSnord67'],[0.0],[0],[-0.34226093371915456]
