Fold,Train_IDs,Train_Labels,Test_IDs,Test_Labels,Predictions,Decision_Scores
1,"['lNONHSAG000047', 'lNONHSAG000059', 'lNONHSAG000069', 'lNONHSAG000130', 'lNONHSAG000158', 'lNONHSAG000195', 'lNONHSAG000241', 'lNONHSAG000253', 'lNONHSAG000310', 'lNONHSAG000311', 'lNONHSAG000374', 'lNONHSAG000381', 'lNONHSAG000464', 'lNONHSAG000498', 'lNONHSAG000579', 'lNONHSAG000603', 'lNONHSAG000625', 'lNONHSAG000742', 'lNONHSAG000769', 'lNONHSAG000840', 'lNONHSAG000843', 'lNONHSAG000863', 'lNONHSAG000884', 'lNONHSAG000938', 'lNONHSAG000967', 'lNONHSAG001142', 'lNONHSAG001238', 'lNONHSAG001278', 'lNONHSAG001284', 'lNONHSAG001360', 'lNONHSAG001375', 'lNONHSAG001448', 'lNONHSAG001468', 'lNONHSAG001499', 'lNONHSAG001513', 'lNONHSAG001696', 'lNONHSAG001724', 'lNONHSAG001941', 'lNONHSAG001993', 'lNONHSAG002056', 'lNONHSAG002058', 'lNONHSAG002086', 'lNONHSAG002343', 'lNONHSAG002359', 'lNONHSAG002376', 'lNONHSAG002378', 'lNONHSAG002454', 'lNONHSAG002490', 'lNONHSAG002549', 'lNONHSAG002617', 'lNONHSAG002669', 'lNONHSAG002701', 'lNONHSAG002731', 'lNONHSAG002752', 'lNONHSAG002859', 'lNONHSAG002883', 'lNONHSAG002978', 'lNONHSAG003053', 'lNONHSAG003068', 'lNONHSAG003074', 'lNONHSAG003077', 'lNONHSAG003119', 'lNONHSAG003134', 'lNONHSAG003198', 'lNONHSAG003244', 'lNONHSAG003260', 'lNONHSAG003269', 'lNONHSAG003303', 'lNONHSAG003374', 'lNONHSAG003504', 'lNONHSAG003505', 'lNONHSAG003512', 'lNONHSAG003645', 'lNONHSAG003820', 'lNONHSAG003874', 'lNONHSAG003884', 'lNONHSAG003886', 'lNONHSAG003900', 'lNONHSAG003911', 'lNONHSAG003938', 'lNONHSAG003957', 'lNONHSAG003976', 'lNONHSAG004013', 'lNONHSAG004026', 'lNONHSAG004054', 'lNONHSAG004095', 'lNONHSAG004247', 'lNONHSAG004305', 'lNONHSAG004373', 'lNONHSAG004619', 'lNONHSAG004673', 'lNONHSAG004674', 'lNONHSAG004714', 'lNONHSAG004743', 'lNONHSAG004779', 'lNONHSAG004868', 'lNONHSAG005084', 'lNONHSAG005153', 'lNONHSAG005339', 'lNONHSAG005377', 'lNONHSAG005403', 'lNONHSAG005482', 'lNONHSAG005669', 'lNONHSAG005699', 'lNONHSAG005721', 'lNONHSAG005728', 'lNONHSAG005732', 'lNONHSAG005742', 'lNONHSAG005780', 'lNONHSAG005838', 'lNONHSAG005866', 'lNONHSAG005920', 'lNONHSAG006007', 'lNONHSAG006049', 'lNONHSAG006050', 'lNONHSAG006054', 'lNONHSAG006071', 'lNONHSAG006204', 'lNONHSAG006212', 'lNONHSAG006238', 'lNONHSAG006301', 'lNONHSAG006362', 'lNONHSAG006454', 'lNONHSAG006457', 'lNONHSAG006474', 'lNONHSAG006526', 'lNONHSAG006633', 'lNONHSAG006678', 'lNONHSAG006692', 'lNONHSAG006756', 'lNONHSAG006763', 'lNONHSAG006865', 'lNONHSAG006945', 'lNONHSAG006966', 'lNONHSAG007109', 'lNONHSAG007295', 'lNONHSAG007324', 'lNONHSAG007384', 'lNONHSAG007430', 'lNONHSAG007431', 'lNONHSAG007434', 'lNONHSAG007455', 'lNONHSAG007463', 'lNONHSAG007487', 'lNONHSAG007538', 'lNONHSAG007602', 'lNONHSAG007631', 'lNONHSAG007692', 'lNONHSAG007715', 'lNONHSAG007868', 'lNONHSAG007984', 'lNONHSAG008015', 'lNONHSAG008037', 'lNONHSAG008167', 'lNONHSAG008199', 'lNONHSAG008220', 'lNONHSAG008354', 'lNONHSAG008552', 'lNONHSAG008589', 'lNONHSAG008615', 'lNONHSAG008654', 'lNONHSAG008670', 'lNONHSAG008675', 'lNONHSAG008693', 'lNONHSAG008728', 'lNONHSAG008859', 'lNONHSAG008937', 'lNONHSAG008952', 'lNONHSAG008966', 'lNONHSAG009021', 'lNONHSAG009039', 'lNONHSAG009059', 'lNONHSAG009062', 'lNONHSAG009130', 'lNONHSAG009133', 'lNONHSAG009134', 'lNONHSAG009174', 'lNONHSAG009180', 'lNONHSAG009193', 'lNONHSAG009228', 'lNONHSAG009546', 'lNONHSAG009613', 'lNONHSAG009728', 'lNONHSAG009747', 'lNONHSAG009755', 'lNONHSAG009782', 'lNONHSAG009913', 'lNONHSAG009938', 'lNONHSAG009945', 'lNONHSAG009950', 'lNONHSAG009968', 'lNONHSAG009989', 'lNONHSAG010021', 'lNONHSAG010117', 'lNONHSAG010179', 'lNONHSAG010186', 'lNONHSAG010189', 'lNONHSAG010190', 'lNONHSAG010193', 'lNONHSAG010194', 'lNONHSAG010200', 'lNONHSAG010348', 'lNONHSAG010352', 'lNONHSAG010405', 'lNONHSAG010657', 'lNONHSAG010658', 'lNONHSAG010716', 'lNONHSAG010792', 'lNONHSAG010798', 'lNONHSAG010940', 'lNONHSAG010986', 'lNONHSAG010989', 'lNONHSAG011028', 'lNONHSAG011057', 'lNONHSAG011084', 'lNONHSAG011086', 'lNONHSAG011121', 'lNONHSAG011230', 'lNONHSAG011264', 'lNONHSAG011337', 'lNONHSAG011343', 'lNONHSAG011375', 'lNONHSAG011446', 'lNONHSAG011518', 'lNONHSAG011524', 'lNONHSAG011576', 'lNONHSAG011633', 'lNONHSAG011658', 'lNONHSAG011854', 'lNONHSAG011870', 'lNONHSAG011935', 'lNONHSAG012025', 'lNONHSAG012076', 'lNONHSAG012077', 'lNONHSAG012099', 'lNONHSAG012297', 'lNONHSAG012339', 'lNONHSAG012367', 'lNONHSAG012375', 'lNONHSAG012423', 'lNONHSAG012476', 'lNONHSAG012505', 'lNONHSAG012534', 'lNONHSAG012540', 'lNONHSAG012549', 'lNONHSAG012594', 'lNONHSAG012617', 'lNONHSAG012751', 'lNONHSAG012791', 'lNONHSAG013005', 'lNONHSAG013060', 'lNONHSAG013095', 'lNONHSAG013388', 'lNONHSAG013431', 'lNONHSAG013475', 'lNONHSAG013515', 'lNONHSAG013534', 'lNONHSAG013568', 'lNONHSAG013708', 'lNONHSAG013730', 'lNONHSAG013790', 'lNONHSAG013912', 'lNONHSAG013917', 'lNONHSAG013940', 'lNONHSAG013942', 'lNONHSAG013946', 'lNONHSAG013954', 'lNONHSAG013992', 'lNONHSAG014098', 'lNONHSAG014112', 'lNONHSAG014130', 'lNONHSAG014332', 'lNONHSAG014362', 'lNONHSAG014373', 'lNONHSAG014381', 'lNONHSAG014496', 'lNONHSAG014502', 'lNONHSAG014546', 'lNONHSAG014672', 'lNONHSAG014679', 'lNONHSAG014730', 'lNONHSAG014890', 'lNONHSAG014891', 'lNONHSAG014914', 'lNONHSAG015044', 'lNONHSAG015163', 'lNONHSAG015215', 'lNONHSAG015234', 'lNONHSAG015352', 'lNONHSAG015417', 'lNONHSAG015454', 'lNONHSAG015505', 'lNONHSAG015591', 'lNONHSAG015623', 'lNONHSAG015692', 'lNONHSAG015723', 'lNONHSAG015787', 'lNONHSAG015788', 'lNONHSAG015961', 'lNONHSAG016021', 'lNONHSAG016068', 'lNONHSAG016118', 'lNONHSAG016199', 'lNONHSAG016307', 'lNONHSAG016395', 'lNONHSAG016403', 'lNONHSAG016486', 'lNONHSAG016487', 'lNONHSAG016576', 'lNONHSAG016611', 'lNONHSAG016618', 'lNONHSAG016623', 'lNONHSAG016733', 'lNONHSAG016741', 'lNONHSAG016749', 'lNONHSAG016771', 'lNONHSAG016822', 'lNONHSAG016893', 'lNONHSAG017020', 'lNONHSAG017060', 'lNONHSAG017232', 'lNONHSAG017238', 'lNONHSAG017254', 'lNONHSAG017282', 'lNONHSAG017288', 'lNONHSAG017344', 'lNONHSAG017347', 'lNONHSAG017349', 'lNONHSAG017376', 'lNONHSAG017377', 'lNONHSAG017379', 'lNONHSAG017486', 'lNONHSAG017504', 'lNONHSAG017567', 'lNONHSAG017666', 'lNONHSAG017767', 'lNONHSAG017882', 'lNONHSAG017890', 'lNONHSAG017899', 'lNONHSAG018053', 'lNONHSAG018054', 'lNONHSAG018058', 'lNONHSAG018110', 'lNONHSAG018180', 'lNONHSAG018203', 'lNONHSAG018236', 'lNONHSAG018313', 'lNONHSAG018322', 'lNONHSAG018326', 'lNONHSAG018341', 'lNONHSAG018372', 'lNONHSAG018415', 'lNONHSAG018416', 'lNONHSAG018420', 'lNONHSAG018530', 'lNONHSAG018586', 'lNONHSAG018621', 'lNONHSAG018635', 'lNONHSAG018656', 'lNONHSAG018659', 'lNONHSAG018707', 'lNONHSAG018709', 'lNONHSAG018711', 'lNONHSAG018829', 'lNONHSAG018889', 'lNONHSAG018893', 'lNONHSAG018903', 'lNONHSAG019003', 'lNONHSAG019014', 'lNONHSAG019021', 'lNONHSAG019023', 'lNONHSAG019031', 'lNONHSAG019049', 'lNONHSAG019079', 'lNONHSAG019090', 'lNONHSAG019115', 'lNONHSAG019221', 'lNONHSAG019270', 'lNONHSAG019332', 'lNONHSAG019370', 'lNONHSAG019439', 'lNONHSAG019613', 'lNONHSAG019667', 'lNONHSAG019670', 'lNONHSAG019711', 'lNONHSAG019767', 'lNONHSAG019813', 'lNONHSAG019814', 'lNONHSAG019848', 'lNONHSAG019852', 'lNONHSAG019878', 'lNONHSAG019898', 'lNONHSAG019967', 'lNONHSAG020066', 'lNONHSAG020068', 'lNONHSAG020075', 'lNONHSAG020091', 'lNONHSAG020107', 'lNONHSAG020153', 'lNONHSAG020155', 'lNONHSAG020218', 'lNONHSAG020223', 'lNONHSAG020252', 'lNONHSAG020259', 'lNONHSAG020260', 'lNONHSAG020273', 'lNONHSAG020274', 'lNONHSAG020277', 'lNONHSAG020281', 'lNONHSAG020298', 'lNONHSAG020304', 'lNONHSAG020307', 'lNONHSAG020312', 'lNONHSAG020339', 'lNONHSAG020361', 'lNONHSAG020367', 'lNONHSAG020372', 'lNONHSAG020374', 'lNONHSAG020382', 'lNONHSAG020403', 'lNONHSAG020474', 'lNONHSAG020600', 'lNONHSAG020616', 'lNONHSAG020729', 'lNONHSAG020731', 'lNONHSAG020755', 'lNONHSAG020759', 'lNONHSAG020760', 'lNONHSAG020762', 'lNONHSAG020771', 'lNONHSAG020869', 'lNONHSAG021042', 'lNONHSAG021072', 'lNONHSAG021307', 'lNONHSAG021315', 'lNONHSAG021335', 'lNONHSAG021342', 'lNONHSAG021347', 'lNONHSAG021370', 'lNONHSAG021390', 'lNONHSAG021400', 'lNONHSAG021408', 'lNONHSAG021410', 'lNONHSAG021431', 'lNONHSAG021432', 'lNONHSAG021433', 'lNONHSAG021471', 'lNONHSAG021557', 'lNONHSAG021566', 'lNONHSAG021638', 'lNONHSAG021641', 'lNONHSAG021698', 'lNONHSAG021760', 'lNONHSAG021780', 'lNONHSAG021820', 'lNONHSAG021846', 'lNONHSAG021874', 'lNONHSAG021878', 'lNONHSAG021882', 'lNONHSAG021893', 'lNONHSAG021909', 'lNONHSAG021976', 'lNONHSAG021981', 'lNONHSAG022009', 'lNONHSAG022030', 'lNONHSAG022058', 'lNONHSAG022078', 'lNONHSAG022088', 'lNONHSAG022094', 'lNONHSAG022103', 'lNONHSAG022110', 'lNONHSAG022125', 'lNONHSAG022127', 'lNONHSAG022162', 'lNONHSAG022311', 'lNONHSAG022327', 'lNONHSAG022328', 'lNONHSAG022335', 'lNONHSAG022339', 'lNONHSAG022378', 'lNONHSAG022495', 'lNONHSAG022510', 'lNONHSAG022551', 'lNONHSAG022579', 'lNONHSAG022597', 'lNONHSAG022655', 'lNONHSAG022743', 'lNONHSAG022750', 'lNONHSAG022806', 'lNONHSAG022836', 'lNONHSAG022845', 'lNONHSAG022851', 'lNONHSAG022888', 'lNONHSAG022893', 'lNONHSAG022965', 'lNONHSAG022972', 'lNONHSAG022982', 'lNONHSAG023003', 'lNONHSAG023049', 'lNONHSAG023051', 'lNONHSAG023073', 'lNONHSAG023175', 'lNONHSAG023237', 'lNONHSAG023375', 'lNONHSAG023387', 'lNONHSAG023392', 'lNONHSAG023494', 'lNONHSAG023512', 'lNONHSAG023553', 'lNONHSAG023579', 'lNONHSAG023598', 'lNONHSAG023607', 'lNONHSAG023614', 'lNONHSAG023633', 'lNONHSAG023635', 'lNONHSAG023668', 'lNONHSAG023740', 'lNONHSAG023837', 'lNONHSAG023864', 'lNONHSAG023885', 'lNONHSAG023888', 'lNONHSAG023930', 'lNONHSAG023964', 'lNONHSAG024117', 'lNONHSAG024141', 'lNONHSAG024171', 'lNONHSAG024244', 'lNONHSAG024282', 'lNONHSAG024332', 'lNONHSAG024340', 'lNONHSAG024341', 'lNONHSAG024354', 'lNONHSAG024361', 'lNONHSAG024362', 'lNONHSAG024381', 'lNONHSAG024391', 'lNONHSAG024393', 'lNONHSAG024395', 'lNONHSAG024428', 'lNONHSAG024540', 'lNONHSAG024542', 'lNONHSAG024637', 'lNONHSAG024668', 'lNONHSAG024676', 'lNONHSAG024681', 'lNONHSAG024741', 'lNONHSAG024809', 'lNONHSAG024810', 'lNONHSAG024818', 'lNONHSAG024826', 'lNONHSAG024903', 'lNONHSAG024905', 'lNONHSAG024908', 'lNONHSAG024921', 'lNONHSAG024923', 'lNONHSAG024925', 'lNONHSAG024979', 'lNONHSAG025011', 'lNONHSAG025135', 'lNONHSAG025137', 'lNONHSAG025157', 'lNONHSAG025185', 'lNONHSAG025319', 'lNONHSAG025352', 'lNONHSAG025483', 'lNONHSAG025485', 'lNONHSAG025609', 'lNONHSAG025712', 'lNONHSAG025743', 'lNONHSAG025744', 'lNONHSAG025864', 'lNONHSAG025865', 'lNONHSAG025867', 'lNONHSAG025907', 'lNONHSAG025934', 'lNONHSAG025939', 'lNONHSAG025964', 'lNONHSAG025997', 'lNONHSAG026053', 'lNONHSAG026089', 'lNONHSAG026091', 'lNONHSAG026103', 'lNONHSAG026153', 'lNONHSAG026176', 'lNONHSAG026205', 'lNONHSAG026274', 'lNONHSAG026364', 'lNONHSAG026386', 'lNONHSAG026599', 'lNONHSAG026661', 'lNONHSAG026721', 'lNONHSAG026737', 'lNONHSAG026743', 'lNONHSAG026781', 'lNONHSAG026794', 'lNONHSAG026852', 'lNONHSAG026854', 'lNONHSAG026856', 'lNONHSAG027075', 'lNONHSAG027276', 'lNONHSAG027323', 'lNONHSAG027342', 'lNONHSAG027374', 'lNONHSAG027421', 'lNONHSAG027482', 'lNONHSAG027598', 'lNONHSAG027618', 'lNONHSAG027675', 'lNONHSAG027682', 'lNONHSAG027692', 'lNONHSAG027694', 'lNONHSAG027709', 'lNONHSAG027837', 'lNONHSAG027874', 'lNONHSAG027876', 'lNONHSAG028045', 'lNONHSAG028083', 'lNONHSAG028093', 'lNONHSAG028112', 'lNONHSAG028141', 'lNONHSAG028142', 'lNONHSAG028159', 'lNONHSAG028403', 'lNONHSAG028713', 'lNONHSAG028720', 'lNONHSAG028817', 'lNONHSAG028820', 'lNONHSAG028857', 'lNONHSAG028870', 'lNONHSAG028913', 'lNONHSAG028918', 'lNONHSAG028996', 'lNONHSAG029033', 'lNONHSAG029080', 'lNONHSAG029124', 'lNONHSAG029267', 'lNONHSAG029312', 'lNONHSAG029336', 'lNONHSAG029377', 'lNONHSAG029467', 'lNONHSAG029668', 'lNONHSAG029792', 'lNONHSAG029830', 'lNONHSAG029873', 'lNONHSAG029880', 'lNONHSAG029956', 'lNONHSAG029957', 'lNONHSAG029958', 'lNONHSAG029960', 'lNONHSAG029961', 'lNONHSAG029962', 'lNONHSAG029964', 'lNONHSAG029965', 'lNONHSAG029985', 'lNONHSAG030074', 'lNONHSAG030113', 'lNONHSAG030129', 'lNONHSAG030244', 'lNONHSAG030258', 'lNONHSAG030278', 'lNONHSAG030304', 'lNONHSAG030333', 'lNONHSAG030410', 'lNONHSAG030440', 'lNONHSAG030487', 'lNONHSAG030525', 'lNONHSAG030582', 'lNONHSAG030583', 'lNONHSAG030738', 'lNONHSAG030739', 'lNONHSAG030742', 'lNONHSAG031025', 'lNONHSAG031035', 'lNONHSAG031123', 'lNONHSAG031261', 'lNONHSAG031425', 'lNONHSAG031452', 'lNONHSAG031453', 'lNONHSAG031456', 'lNONHSAG031481', 'lNONHSAG031563', 'lNONHSAG031565', 'lNONHSAG031581', 'lNONHSAG031584', 'lNONHSAG031636', 'lNONHSAG031696', 'lNONHSAG031853', 'lNONHSAG031900', 'lNONHSAG031913', 'lNONHSAG031991', 'lNONHSAG032063', 'lNONHSAG032126', 'lNONHSAG032267', 'lNONHSAG032297', 'lNONHSAG032302', 'lNONHSAG032312', 'lNONHSAG032537', 'lNONHSAG032560', 'lNONHSAG032664', 'lNONHSAG032682', 'lNONHSAG032724', 'lNONHSAG032735', 'lNONHSAG032737', 'lNONHSAG032750', 'lNONHSAG033027', 'lNONHSAG033061', 'lNONHSAG033100', 'lNONHSAG033105', 'lNONHSAG033107', 'lNONHSAG033121', 'lNONHSAG033168', 'lNONHSAG033170', 'lNONHSAG033216', 'lNONHSAG033224', 'lNONHSAG033254', 'lNONHSAG033263', 'lNONHSAG033266', 'lNONHSAG033298', 'lNONHSAG033328', 'lNONHSAG033334', 'lNONHSAG033342', 'lNONHSAG033348', 'lNONHSAG033352', 'lNONHSAG033368', 'lNONHSAG033390', 'lNONHSAG033459', 'lNONHSAG033471', 'lNONHSAG033480', 'lNONHSAG033528', 'lNONHSAG033589', 'lNONHSAG033611', 'lNONHSAG033645', 'lNONHSAG033716', 'lNONHSAG033735', 'lNONHSAG033748', 'lNONHSAG033810', 'lNONHSAG033862', 'lNONHSAG033896', 'lNONHSAG033898', 'lNONHSAG033899', 'lNONHSAG033937', 'lNONHSAG033940', 'lNONHSAG034006', 'lNONHSAG034014', 'lNONHSAG034021', 'lNONHSAG034032', 'lNONHSAG034217', 'lNONHSAG034316', 'lNONHSAG034417', 'lNONHSAG034418', 'lNONHSAG034492', 'lNONHSAG034508', 'lNONHSAG034527', 'lNONHSAG034676', 'lNONHSAG034678', 'lNONHSAG034801', 'lNONHSAG034846', 'lNONHSAG034935', 'lNONHSAG035096', 'lNONHSAG035103', 'lNONHSAG035262', 'lNONHSAG035287', 'lNONHSAG035382', 'lNONHSAG035456', 'lNONHSAG035531', 'lNONHSAG035568', 'lNONHSAG035806', 'lNONHSAG035914', 'lNONHSAG035916', 'lNONHSAG035919', 'lNONHSAG035923', 'lNONHSAG036047', 'lNONHSAG036054', 'lNONHSAG036115', 'lNONHSAG036120', 'lNONHSAG036255', 'lNONHSAG036263', 'lNONHSAG036403', 'lNONHSAG036407', 'lNONHSAG036412', 'lNONHSAG036413', 'lNONHSAG036612', 'lNONHSAG036615', 'lNONHSAG036667', 'lNONHSAG036718', 'lNONHSAG036783', 'lNONHSAG036866', 'lNONHSAG036922', 'lNONHSAG036926', 'lNONHSAG037061', 'lNONHSAG037072', 'lNONHSAG037073', 'lNONHSAG037080', 'lNONHSAG037082', 'lNONHSAG037083', 'lNONHSAG037137', 'lNONHSAG037146', 'lNONHSAG037164', 'lNONHSAG037241', 'lNONHSAG037348', 'lNONHSAG037420', 'lNONHSAG037559', 'lNONHSAG037827', 'lNONHSAG037891', 'lNONHSAG037936', 'lNONHSAG037946', 'lNONHSAG038001', 'lNONHSAG038024', 'lNONHSAG038060', 'lNONHSAG038091', 'lNONHSAG038162', 'lNONHSAG038343', 'lNONHSAG038344', 'lNONHSAG038502', 'lNONHSAG038530', 'lNONHSAG038578', 'lNONHSAG038663', 'lNONHSAG038675', 'lNONHSAG038676', 'lNONHSAG038682', 'lNONHSAG038836', 'lNONHSAG039037', 'lNONHSAG039038', 'lNONHSAG039147', 'lNONHSAG039293', 'lNONHSAG039295', 'lNONHSAG039319', 'lNONHSAG039620', 'lNONHSAG039654', 'lNONHSAG039664', 'lNONHSAG039669', 'lNONHSAG039749', 'lNONHSAG039872', 'lNONHSAG039951', 'lNONHSAG040179', 'lNONHSAG040188', 'lNONHSAG040226', 'lNONHSAG040241', 'lNONHSAG040269', 'lNONHSAG040320', 'lNONHSAG040329', 'lNONHSAG040408', 'lNONHSAG040444', 'lNONHSAG040481', 'lNONHSAG040542', 'lNONHSAG040544', 'lNONHSAG040560', 'lNONHSAG040601', 'lNONHSAG040692', 'lNONHSAG040700', 'lNONHSAG040729', 'lNONHSAG040859', 'lNONHSAG040870', 'lNONHSAG040909', 'lNONHSAG040945', 'lNONHSAG040958', 'lNONHSAG040969', 'lNONHSAG041002', 'lNONHSAG041017', 'lNONHSAG041023', 'lNONHSAG041241', 'lNONHSAG041250', 'lNONHSAG041256', 'lNONHSAG041257', 'lNONHSAG041480', 'lNONHSAG041528', 'lNONHSAG041529', 'lNONHSAG041592', 'lNONHSAG041670', 'lNONHSAG041707', 'lNONHSAG041758', 'lNONHSAG041844', 'lNONHSAG041883', 'lNONHSAG041938', 'lNONHSAG041966', 'lNONHSAG041981', 'lNONHSAG042033', 'lNONHSAG042050', 'lNONHSAG042062', 'lNONHSAG042080', 'lNONHSAG042138', 'lNONHSAG042218', 'lNONHSAG042257', 'lNONHSAG042270', 'lNONHSAG042306', 'lNONHSAG042307', 'lNONHSAG042370', 'lNONHSAG042433', 'lNONHSAG042491', 'lNONHSAG042500', 'lNONHSAG042722', 'lNONHSAG042724', 'lNONHSAG042836', 'lNONHSAG042855', 'lNONHSAG042957', 'lNONHSAG042970', 'lNONHSAG042991', 'lNONHSAG043138', 'lNONHSAG043229', 'lNONHSAG043250', 'lNONHSAG043303', 'lNONHSAG043433', 'lNONHSAG043550', 'lNONHSAG043592', 'lNONHSAG043657', 'lNONHSAG043770', 'lNONHSAG043934', 'lNONHSAG044022', 'lNONHSAG044041', 'lNONHSAG044064', 'lNONHSAG044283', 'lNONHSAG044350', 'lNONHSAG044406', 'lNONHSAG044429', 'lNONHSAG044533', 'lNONHSAG044624', 'lNONHSAG044666', 'lNONHSAG044751', 'lNONHSAG044791', 'lNONHSAG045131', 'lNONHSAG045160', 'lNONHSAG045163', 'lNONHSAG045166', 'lNONHSAG045306', 'lNONHSAG045430', 'lNONHSAG046722', 'lNONHSAG046730', 'lNONHSAG046765', 'lNONHSAG046781', 'lNONHSAG046811', 'lNONHSAG046839', 'lNONHSAG046953', 'lNONHSAG047182', 'lNONHSAG047191', 'lNONHSAG047197', 'lNONHSAG047319', 'lNONHSAG047433', 'lNONHSAG047463', 'lNONHSAG047469', 'lNONHSAG047471', 'lNONHSAG047507', 'lNONHSAG047543', 'lNONHSAG047544', 'lNONHSAG047547', 'lNONHSAG047619', 'lNONHSAG047725', 'lNONHSAG047792', 'lNONHSAG047796', 'lNONHSAG047830', 'lNONHSAG047840', 'lNONHSAG047842', 'lNONHSAG047851', 'lNONHSAG047951', 'lNONHSAG047973', 'lNONHSAG047974', 'lNONHSAG048057', 'lNONHSAG048101', 'lNONHSAG048114', 'lNONHSAG048189', 'lNONHSAG048191', 'lNONHSAG048201', 'lNONHSAG048228', 'lNONHSAG048231', 'lNONHSAG048270', 'lNONHSAG048302', 'lNONHSAG048323', 'lNONHSAG048354', 'lNONHSAG048439', 'lNONHSAG048464', 'lNONHSAG048598', 'lNONHSAG048602', 'lNONHSAG048603', 'lNONHSAG048610', 'lNONHSAG048623', 'lNONHSAG048624', 'lNONHSAG048641', 'lNONHSAG048695', 'lNONHSAG048781', 'lNONHSAG048817', 'lNONHSAG049037', 'lNONHSAG049050', 'lNONHSAG049119', 'lNONHSAG049129', 'lNONHSAG049157', 'lNONHSAG049185', 'lNONHSAG049191', 'lNONHSAG049288', 'lNONHSAG049303', 'lNONHSAG049356', 'lNONHSAG049421', 'lNONHSAG049507', 'lNONHSAG049626', 'lNONHSAG049655', 'lNONHSAG049801', 'lNONHSAG049901', 'lNONHSAG050073', 'lNONHSAG050104', 'lNONHSAG050167', 'lNONHSAG050168', 'lNONHSAG050273', 'lNONHSAG050284', 'lNONHSAG050345', 'lNONHSAG050445', 'lNONHSAG050493', 'lNONHSAG050518', 'lNONHSAG050670', 'lNONHSAG050725', 'lNONHSAG050769', 'lNONHSAG050786', 'lNONHSAG050929', 'lNONHSAG050985', 'lNONHSAG051015', 'lNONHSAG051166', 'lNONHSAG051196', 'lNONHSAG051245', 'lNONHSAG051250', 'lNONHSAG051255', 'lNONHSAG051259', 'lNONHSAG051260', 'lNONHSAG051263', 'lNONHSAG051291', 'lNONHSAG051448', 'lNONHSAG051454', 'lNONHSAG051484', 'lNONHSAG051514', 'lNONHSAG051517', 'lNONHSAG051523', 'lNONHSAG051542', 'lNONHSAG051567', 'lNONHSAG051568', 'lNONHSAG051603', 'lNONHSAG051770', 'lNONHSAG051898', 'lNONHSAG051958', 'lNONHSAG052082', 'lNONHSAG052097', 'lNONHSAG052119', 'lNONHSAG052149', 'lNONHSAG052151', 'lNONHSAG052179', 'lNONHSAG052454', 'lNONHSAG052459', 'lNONHSAG052491', 'lNONHSAG052492', 'lNONHSAG052495', 'lNONHSAG052510', 'lNONHSAG052609', 'lNONHSAG052680', 'lNONHSAG052686', 'lNONHSAG052709', 'lNONHSAG052726', 'lNONHSAG052853', 'lNONHSAG052908', 'lNONHSAG052925', 'lNONHSAG052929', 'lNONHSAG052931', 'lNONHSAG052933', 'lNONHSAG052943', 'lNONHSAG053007', 'lNONHSAG053014', 'lNONHSAG053028', 'lNONHSAG053033', 'lNONHSAG053082', 'lNONHSAG053108', 'lNONHSAG053228', 'lNONHSAG053419', 'lNONHSAG053456', 'lNONHSAG053500', 'lNONHSAG053502', 'lNONHSAG053546', 'lNONHSAG053547', 'lNONHSAG053590', 'lNONHSAG053602', 'lNONHSAG053626', 'lNONHSAG053631', 'lNONHSAG053651', 'lNONHSAG053716', 'lNONHSAG053719', 'lNONHSAG053796', 'lNONHSAG053802', 'lNONHSAG053842', 'lNONHSAG054024', 'lNONHSAG054038', 'lNONHSAG054212', 'lNONHSAG054213', 'lNONHSAG054214', 'lNONHSAG054215', 'lNONHSAG054216', 'lNONHSAG054301', 'lNONHSAG054699', 'lNONHSAG054716', 'lNONHSAG054717', 'lNONHSAG054718', 'lNONHSAG054780', 'lNONHSAG054791', 'lNONHSAG054807', 'lNONHSAG054832', 'lNONHSAG055008', 'lNONHSAG055088', 'lNONHSAG055092', 'lNONHSAG055151', 'lNONHSAG055258', 'lNONHSAG055350', 'lNONHSAG055418', 'lNONHSAG055450', 'lNONHSAG055546', 'lNONHSAG055558', 'lNONHSAG055565', 'lNONHSAG055577', 'lNONHSAG055582', 'lNONHSAG056025', 'lNONHSAG056029', 'lNONHSAG056053', 'lNONHSAG056451', 'lNONHSAG056733', 'lNONHSAG056746', 'lNONHSAG056868', 'lNONHSAG056875', 'lNONHSAG057043', 'lNONHSAG057222', 'lNONHSAG057260', 'lNONHSAG058109', 'lNONHSAG058112', 'lNONHSAG058128', 'lNONHSAG058533', 'lNONHSAG058967', 'lNONHSAG059768', 'lNONHSAG060586', 'lNONHSAG061096', 'lNONHSAG061404', 'lNONHSAG061492', 'lNONHSAG063700', 'lNONHSAG064784', 'lNONHSAG064962', 'lNONHSAG065252', 'lNONHSAG065364', 'lNONHSAG066253', 'lNONHSAG068639', 'lNONHSAG069030', 'lNONHSAG069277', 'lNONHSAG069876', 'lNONHSAG070257', 'lNONHSAG071444', 'lNONHSAG072176', 'lNONHSAG072945', 'lNONHSAG073025', 'lNONHSAG073380', 'lNONHSAG073406', 'lNONHSAG073419', 'lNONHSAG073786', 'lNONHSAG074052', 'lNONHSAG074661', 'lNONHSAG075363', 'lNONHSAG077475', 'lNONHSAG077527', 'lNONHSAG077551', 'lNONHSAG079231', 'lNONHSAG080772', 'lNONHSAG081227', 'lNONHSAG081583', 'lNONHSAG081993', 'lNONHSAG082891', 'lNONHSAG083209', 'lNONHSAG083289', 'lNONHSAG083615', 'lNONHSAG083859', 'lNONHSAG083883', 'lNONHSAG083894', 'lNONHSAG084701', 'lNONHSAG084937', 'lNONHSAG085975', 'lNONHSAG088562', 'lNONHSAG089857', 'lNONHSAG091116', 'lNONHSAG091284', 'lNONHSAG091452', 'lNONHSAG091943', 'lNONHSAG092907', 'lNONHSAG093064', 'lNONHSAG093078', 'lNONHSAG093517', 'lNONHSAG094075', 'lNONHSAG094269', 'lNONHSAG096130', 'lNONHSAG096227', 'lNONHSAG096627', 'lNONHSAG097344', 'lNONHSAG097347', 'lNONHSAG098653', 'lNONHSAG099082', 'lNONHSAG099120', 'lNONHSAG099126', 'lNONHSAG099742', 'lNONHSAG099774', 'lNONHSAG101229', 'lNONHSAG101725', 'lNONHSAG102979', 'lNONHSAG103259', 'lNONHSAG103457', 'lNONHSAG103817', 'lNONHSAG104186', 'lNONHSAG110420', 'lNONHSAG110858', 'lNONHSAG111667', 'lNONHSAG112396', 'lENSG00000103472', 'lENSG00000163364', 'lENSG00000171889', 'lENSG00000175061', 'lENSG00000177410', 'lENSG00000179406', 'lENSG00000179523', 'lENSG00000189295', 'lENSG00000198468', 'lENSG00000203497', 'lENSG00000205611', 'lENSG00000223783', 'lENSG00000224057', 'lENSG00000224614', 'lENSG00000225470', 'lENSG00000225506', 'lENSG00000225855', 'lENSG00000226115', 'lENSG00000226137', 'lENSG00000227082', 'lENSG00000227256', 'lENSG00000227963', 'lENSG00000228022', 'lENSG00000228526', 'lENSG00000229267', 'lENSG00000229335', 'lENSG00000229388', 'lENSG00000230061', 'lENSG00000230257', 'lENSG00000230313', 'lENSG00000230400', 'lENSG00000230866', 'lENSG00000231019', 'lENSG00000231437', 'lENSG00000231473', 'lENSG00000231663', 'lENSG00000232265', 'lENSG00000232415', 'lENSG00000232442', 'lENSG00000232500', 'lENSG00000233047', 'lENSG00000233387', 'lENSG00000233532', 'lENSG00000233590', 'lENSG00000234169', 'lENSG00000234222', 'lENSG00000234455', 'lENSG00000234546', 'lENSG00000234625', 'lENSG00000235385', 'lENSG00000235535', 'lENSG00000235724', 'lENSG00000236240', 'lENSG00000236535', 'lENSG00000236671', 'lENSG00000237167', 'lENSG00000237880', 'lENSG00000241388', 'lENSG00000242207', 'lENSG00000243479', 'lENSG00000244124', 'lENSG00000245067', 'lENSG00000245146', 'lENSG00000245614', 'lENSG00000246560', 'lENSG00000247373', 'lENSG00000247400', 'lENSG00000247498', 'lENSG00000249786', 'lENSG00000249835', 'lENSG00000249993', 'lENSG00000250635', 'lENSG00000251003', 'lENSG00000251061', 'lENSG00000253315', 'lENSG00000254418', 'lENSG00000254480', 'lENSG00000254635', 'lENSG00000254791', 'lENSG00000255363', 'lENSG00000255427', 'lENSG00000255553', 'lENSG00000255850', 'lENSG00000256742', 'lENSG00000256769', 'lENSG00000257084', 'lENSG00000257557', 'lENSG00000258197', 'lENSG00000258912', 'lENSG00000259289', 'lENSG00000259424', 'lENSG00000260455', 'lENSG00000260924', 'lENSG00000260969', 'lENSG00000261183', 'lENSG00000261780', 'lENSG00000263718', 'lENSG00000264672', 'lENSG00000265374', 'lENSG00000266970', 'lENSG00000267296', 'lENSG00000267395', 'lENSG00000267413', 'lENSG00000267440', 'lENSG00000267858', 'lENSG00000269019', 'lENSG00000269911', 'lENSG00000269939', 'lENSG00000270344', 'lENSG00000270959', 'lENSG00000272769', 'lENSG00000274372', 'lENSG00000278709', 'lENSG00000278970', 'lENSG00000279296', 'lENSG00000284070', 'lENSG00000285644', 'lENSG00000286004', 'lENSG00000286737', 'lENSG00000288080', 'lENSG00000224167', 'lENSG00000224739', 'lA1BG-AS1', 'lADAMTS9-AS2', 'lANKRD62P1-PARP4P3', 'lAQP4-AS1', 'lBANCR', 'lCCAT2', 'lCDKN2B-AS1', 'lCRNDE', 'lDGKK', 'lEGOT', 'lFEZF1-AS1', 'lGATA3-AS1', 'lGATA6-AS1', 'lGHET1', 'lHEIH', 'lHOTAIRM1', 'lHOXA-AS3', 'lJPX', 'lJRK', 'lKCTD21-AS1', 'lKTN1-AS1', 'lLAMTOR5-AS1', 'lLBX2-AS1', 'lLINC00173', 'lLINC00174', 'lLINC00240', 'lLINC00333', 'lLINC00472', 'lLPP-AS2', 'lMCM3AP-AS1', 'lMEG3', 'lMIR181A1HG', 'lMIR31HG', 'lMYLK-AS1', 'lPANDAR', 'lPCGEM1', 'lPVT1', 'lRHPN1-AS1', 'lRMST', 'lSNHG15', 'lSNHG16', 'lTEN1-CDK3', 'lTPTEP1', 'lTRAM2-AS1', 'lVCAN-AS1', 'lZFAS1', 'lZNF286B', 'lZNF503-AS2', 'lLINC00461', 'lLINC00514', 'lSLC2A1-AS1', 'lAC007009.1', 'lAC061992.2', 'lAC135048.13', 'lAC137723.5', 'lAC137932.5', 'lAP001058.3', 'lCTB-60B18.10', 'lCTB-91J4.1', 'lCTC-338M12.2', 'lCTD-2165H16.4', 'lCTD-2195B23.3', 'lCTD-2540L5.5', 'lKB-7G2.8', 'lLA16c-321D4.2', 'lLA16c-380H5.3', 'lLL22NC03-23C6.13', 'lRP1-283E3.8', 'lRP11-104E19.1', 'lRP11-108M9.3', 'lRP11-123O10.4', 'lRP11-137H2.4', 'lRP11-197N18.2', 'lRP11-21J18.1', 'lRP11-227H15.4', 'lRP11-24P14.1', 'lRP11-276H7.2', 'lRP11-2C24.4', 'lRP11-305P14.1', 'lRP11-467J12.4', 'lRP11-49K24.4', 'lRP11-514P8.8', 'lRP11-54O7.3', 'lRP11-550C4.6', 'lRP11-680A11.5', 'lRP4-756H11.3', 'lRP4-790G17.7', 'lRP5-1061H20.4', 'lRP5-1074L1.1', 'lRP5-1160K1.8', 'lXXbac-B444P24.8', 'lXXbac-BPG300A18.13', 'lAC018766.4', 'lCTD-2231H16.1', 'lHNRNPU-AS1', 'lRP11-429J17.8', 'lRP5-1063M23.1', 'lRP11-495P10.8', 'lCTA-250D10.23', 'lLINC00035', 'lRP11-408H20.2', 'lNONHSAG000157', 'lNONHSAG000265', 'lNONHSAG000297', 'lNONHSAG000298', 'lNONHSAG000623', 'lNONHSAG000636', 'lNONHSAG000677', 'lNONHSAG000896', 'lNONHSAG000969', 'lNONHSAG000994', 'lNONHSAG001008', 'lNONHSAG001030', 'lNONHSAG001033', 'lNONHSAG001147', 'lNONHSAG001171', 'lNONHSAG001240', 'lNONHSAG001258', 'lNONHSAG001419', 'lNONHSAG001435', 'lNONHSAG001613', 'lNONHSAG002403', 'lNONHSAG002487', 'lNONHSAG002619', 'lNONHSAG002726', 'lNONHSAG002790', 'lNONHSAG002816', 'lNONHSAG003227', 'lNONHSAG003308', 'lNONHSAG003418', 'lNONHSAG003459', 'lNONHSAG003810', 'lNONHSAG003881', 'lNONHSAG004227', 'lNONHSAG004351', 'lNONHSAG004475', 'lNONHSAG004507', 'lNONHSAG004638', 'lNONHSAG004893', 'lNONHSAG005249', 'lNONHSAG005363', 'lNONHSAG005473', 'lNONHSAG005522', 'lNONHSAG005652', 'lNONHSAG005679', 'lNONHSAG005690', 'lNONHSAG005717', 'lNONHSAG005725', 'lNONHSAG005727', 'lNONHSAG005739', 'lNONHSAG005746', 'lNONHSAG005747', 'lNONHSAG005761', 'lNONHSAG005769', 'lNONHSAG005789', 'lNONHSAG005797', 'lNONHSAG005809', 'lNONHSAG005821', 'lNONHSAG005830', 'lNONHSAG005842', 'lNONHSAG005847', 'lNONHSAG005851', 'lNONHSAG005853', 'lNONHSAG005855', 'lNONHSAG005856', 'lNONHSAG005857', 'lNONHSAG005859', 'lNONHSAG005862', 'lNONHSAG005867', 'lNONHSAG005870', 'lNONHSAG005885', 'lNONHSAG005901', 'lNONHSAG005915', 'lNONHSAG005935', 'lNONHSAG005936', 'lNONHSAG005939', 'lNONHSAG005985', 'lNONHSAG005986', 'lNONHSAG006012', 'lNONHSAG006022', 'lNONHSAG006078', 'lNONHSAG006086', 'lNONHSAG006091', 'lNONHSAG006103', 'lNONHSAG006160', 'lNONHSAG006166', 'lNONHSAG006183', 'lNONHSAG006186', 'lNONHSAG006187', 'lNONHSAG006188', 'lNONHSAG006206', 'lNONHSAG006220', 'lNONHSAG006221', 'lNONHSAG006235', 'lNONHSAG006240', 'lNONHSAG006274', 'lNONHSAG006279', 'lNONHSAG006290', 'lNONHSAG006293', 'lNONHSAG006324', 'lNONHSAG006376', 'lNONHSAG006377', 'lNONHSAG006382', 'lNONHSAG006388', 'lNONHSAG006395', 'lNONHSAG006399', 'lNONHSAG006405', 'lNONHSAG006407', 'lNONHSAG006412', 'lNONHSAG006415', 'lNONHSAG006434', 'lNONHSAG006440', 'lNONHSAG006450', 'lNONHSAG006479', 'lNONHSAG006487', 'lNONHSAG006493', 'lNONHSAG006507', 'lNONHSAG006527', 'lNONHSAG006536', 'lNONHSAG006551', 'lNONHSAG006554', 'lNONHSAG006555', 'lNONHSAG006557', 'lNONHSAG006573', 'lNONHSAG006581', 'lNONHSAG006586', 'lNONHSAG006591', 'lNONHSAG006602', 'lNONHSAG006646', 'lNONHSAG006653', 'lNONHSAG006669', 'lNONHSAG006716', 'lNONHSAG006748', 'lNONHSAG006750', 'lNONHSAG006765', 'lNONHSAG006779', 'lNONHSAG006808', 'lNONHSAG006830', 'lNONHSAG006832', 'lNONHSAG006837', 'lNONHSAG006855', 'lNONHSAG006863', 'lNONHSAG006883', 'lNONHSAG006897', 'lNONHSAG006909', 'lNONHSAG006915', 'lNONHSAG006922', 'lNONHSAG006967', 'lNONHSAG007000', 'lNONHSAG007008', 'lNONHSAG007020', 'lNONHSAG007023', 'lNONHSAG007029', 'lNONHSAG007031', 'lNONHSAG007035', 'lNONHSAG007063', 'lNONHSAG007065', 'lNONHSAG007087', 'lNONHSAG007093', 'lNONHSAG007118', 'lNONHSAG007123', 'lNONHSAG007129', 'lNONHSAG007139', 'lNONHSAG007155', 'lNONHSAG007166', 'lNONHSAG007172', 'lNONHSAG007203', 'lNONHSAG007222', 'lNONHSAG007224', 'lNONHSAG007225', 'lNONHSAG007242', 'lNONHSAG007259', 'lNONHSAG007268', 'lNONHSAG007278', 'lNONHSAG007286', 'lNONHSAG007298', 'lNONHSAG007414', 'lNONHSAG007419', 'lNONHSAG007458', 'lNONHSAG007488', 'lNONHSAG007507', 'lNONHSAG007531', 'lNONHSAG007533', 'lNONHSAG007543', 'lNONHSAG007544', 'lNONHSAG007554', 'lNONHSAG007563', 'lNONHSAG007574', 'lNONHSAG007578', 'lNONHSAG007587', 'lNONHSAG007599', 'lNONHSAG007621', 'lNONHSAG007632', 'lNONHSAG007638', 'lNONHSAG007730', 'lNONHSAG007932', 'lENSG00000083622', 'lENSG00000167920', 'lENSG00000175746', 'lENSG00000177596', 'lENSG00000178248', 'lENSG00000197644', 'lENSG00000198054', 'lENSG00000198671', 'lENSG00000203434', 'lENSG00000203469', 'lENSG00000203472', 'lENSG00000203565', 'lENSG00000203605', 'lENSG00000203864', 'lENSG00000204393', 'lENSG00000204464', 'lENSG00000205018', 'lENSG00000205500', 'lENSG00000212856', 'lENSG00000219410', 'lENSG00000221845', 'lENSG00000222000', 'lENSG00000222032', 'lENSG00000222044', 'lENSG00000223374', 'lENSG00000223381', 'lENSG00000223387', 'lENSG00000223400', 'lENSG00000223537', 'lENSG00000223563', 'lENSG00000223598', 'lENSG00000223634', 'lENSG00000223641', 'lENSG00000223643', 'lENSG00000223647', 'lENSG00000223720', 'lENSG00000223727', 'lENSG00000223786', 'lENSG00000223809', 'lENSG00000223870', 'lENSG00000223881', 'lENSG00000223966', 'lENSG00000223993', 'lENSG00000224031', 'lENSG00000224075', 'lENSG00000224087', 'lENSG00000224095', 'lENSG00000224220', 'lENSG00000224277', 'lENSG00000224330', 'lENSG00000224384', 'lENSG00000224500', 'lENSG00000224535', 'lENSG00000224541', 'lENSG00000224549', 'lENSG00000224595', 'lENSG00000224645', 'lENSG00000224655', 'lENSG00000224794', 'lENSG00000224821', 'lENSG00000224844', 'lENSG00000224857', 'lENSG00000224885', 'lENSG00000224922', 'lENSG00000224972', 'lENSG00000225012', 'lENSG00000225050', 'lENSG00000225129', 'lENSG00000225146', 'lENSG00000225218', 'lENSG00000225325', 'lENSG00000225334', 'lENSG00000225378', 'lENSG00000225457', 'lENSG00000225537', 'lENSG00000225588', 'lENSG00000225647', 'lENSG00000225750', 'lENSG00000225751', 'lENSG00000225761', 'lENSG00000225798', 'lENSG00000225886', 'lENSG00000225919', 'lENSG00000225929', 'lENSG00000226047', 'lENSG00000226089', 'lENSG00000226133', 'lENSG00000226143', 'lENSG00000226193', 'lENSG00000226238', 'lENSG00000226323', 'lENSG00000226337', 'lENSG00000226352', 'lENSG00000226398', 'lENSG00000226442', 'lENSG00000226454', 'lENSG00000226486', 'lENSG00000226508', 'lENSG00000226522', 'lENSG00000226542', 'lENSG00000226562', 'lENSG00000226576', 'lENSG00000226601', 'lENSG00000226647', 'lENSG00000226699', 'lENSG00000226770', 'lENSG00000226813', 'lENSG00000226883', 'lENSG00000226925', 'lENSG00000226957', 'lENSG00000227075', 'lENSG00000227076', 'lENSG00000227125', 'lENSG00000227131', 'lENSG00000227181', 'lENSG00000227197', 'lENSG00000227330', 'lENSG00000227360', 'lENSG00000227409', 'lENSG00000227459', 'lENSG00000227482', 'lENSG00000227496', 'lENSG00000227509', 'lENSG00000227512', 'lENSG00000227549', 'lENSG00000227579', 'lENSG00000227606', 'lENSG00000227680', 'lENSG00000227716', 'lENSG00000227718', 'lENSG00000227769', 'lENSG00000227863', 'lENSG00000227893', 'lENSG00000227930', 'lENSG00000227958', 'lENSG00000227960', 'lENSG00000228028', 'lENSG00000228082', 'lENSG00000228108', 'lENSG00000228136', 'lENSG00000228170', 'lENSG00000228215', 'lENSG00000228231', 'lENSG00000228272', 'lENSG00000228351', 'lENSG00000228372', 'lENSG00000228383', 'lENSG00000228470', 'lENSG00000228485', 'lENSG00000228548', 'lENSG00000228596', 'lENSG00000228627', 'lENSG00000228804', 'lENSG00000228826', 'lENSG00000228852', 'lENSG00000228939', 'lENSG00000228950', 'lENSG00000229152', 'lENSG00000229162', 'lENSG00000229167', 'lENSG00000229190', 'lENSG00000229224', 'lENSG00000229283', 'lENSG00000229297', 'lENSG00000229331', 'lENSG00000229345', 'lENSG00000229370', 'lENSG00000229379', 'lENSG00000229444', 'lENSG00000229457', 'lENSG00000229487', 'lENSG00000229498', 'lENSG00000229502', 'lENSG00000229528', 'lENSG00000229531', 'lENSG00000229673', 'lENSG00000229679', 'lENSG00000229688', 'lENSG00000229848', 'lENSG00000229851', 'lENSG00000229953', 'lENSG00000229999', 'lENSG00000230010', 'lENSG00000230065', 'lENSG00000230105', 'lENSG00000230109', 'lENSG00000230121', 'lENSG00000230131', 'lENSG00000230155', 'lENSG00000230190', 'lENSG00000230197', 'lENSG00000230212', 'lENSG00000230233', 'lENSG00000230234', 'lENSG00000230323', 'lENSG00000230483', 'lENSG00000230499', 'lENSG00000230599', 'lENSG00000230668', 'lENSG00000230735', 'lENSG00000230741', 'lENSG00000230790', 'lENSG00000230794', 'lENSG00000230826', 'lENSG00000230830', 'lENSG00000230912', 'lENSG00000230918', 'lENSG00000230972', 'lENSG00000231081', 'lENSG00000231082', 'lENSG00000231092', 'lENSG00000231102', 'lENSG00000231114', 'lENSG00000231143', 'lENSG00000231272', 'lENSG00000231407', 'lENSG00000231413', 'lENSG00000231440', 'lENSG00000231492', 'lENSG00000231539', 'lENSG00000231597', 'lENSG00000231678', 'lENSG00000231681', 'lENSG00000231724', 'lENSG00000231760', 'lENSG00000231772', 'lENSG00000231781', 'lENSG00000231912', 'lENSG00000231914', 'lENSG00000231937', 'lENSG00000231953', 'lENSG00000232031', 'lENSG00000232058', 'lENSG00000232072', 'lENSG00000232086', 'lENSG00000232120', 'lENSG00000232192', 'lENSG00000232197', 'lENSG00000232252', 'lENSG00000232286', 'lENSG00000232310', 'lENSG00000232328', 'lENSG00000232335', 'lENSG00000232363', 'lENSG00000232396', 'lENSG00000232451', 'lENSG00000232464', 'lENSG00000232564', 'lENSG00000232596', 'lENSG00000232719', 'lENSG00000232746', 'lENSG00000232806', 'lENSG00000232893', 'lENSG00000232895', 'lENSG00000232930', 'lENSG00000232964', 'lENSG00000233070', 'lENSG00000233079', 'lENSG00000233178', 'lENSG00000233179', 'lENSG00000233219', 'lENSG00000233222', 'lENSG00000233330', 'lENSG00000233339', 'lENSG00000233407', 'lENSG00000233472', 'lENSG00000233534', 'lENSG00000233574', 'lENSG00000233581', 'lENSG00000233613', 'lENSG00000233625', 'lENSG00000233656', 'lENSG00000233665', 'lENSG00000233706', 'lENSG00000233851', 'lENSG00000233891', 'lENSG00000233953', 'lENSG00000233960', 'lENSG00000233969', 'lENSG00000233985', 'lENSG00000234021', 'lENSG00000234055', 'lENSG00000234117', 'lENSG00000234149', 'lENSG00000234160', 'lENSG00000234172', 'lENSG00000234191', 'lENSG00000234318', 'lENSG00000234504', 'lENSG00000234567', 'lENSG00000234622', 'lENSG00000234626', 'lENSG00000234653', 'lENSG00000234690', 'lENSG00000234693', 'lENSG00000234714', 'lENSG00000234756', 'lENSG00000234860', 'lENSG00000234900', 'lENSG00000234953', 'lENSG00000234961', 'lENSG00000234979', 'lENSG00000235011', 'lENSG00000235035', 'lENSG00000235050', 'lENSG00000235059', 'lENSG00000235086', 'lENSG00000235122', 'lENSG00000235168', 'lENSG00000235262', 'lENSG00000235435', 'lENSG00000235494', 'lENSG00000235503', 'lENSG00000235533', 'lENSG00000235628', 'lENSG00000235635', 'lENSG00000235637', 'lENSG00000235669', 'lENSG00000235786', 'lENSG00000235813', 'lENSG00000236022', 'lENSG00000236031', 'lENSG00000236065', 'lENSG00000236109', 'lENSG00000236242', 'lENSG00000236267', 'lENSG00000236272', 'lENSG00000236324', 'lENSG00000236326', 'lENSG00000236358', 'lENSG00000236366', 'lENSG00000236414', 'lENSG00000236452', 'lENSG00000236463', 'lENSG00000236498', 'lENSG00000236559', 'lENSG00000236648', 'lENSG00000236662', 'lENSG00000236723', 'lENSG00000236744', 'lENSG00000236758', 'lENSG00000236800', 'lENSG00000236854', 'lENSG00000236921', 'lENSG00000236951', 'lENSG00000236953', 'lENSG00000236975', 'lENSG00000237015', 'lENSG00000237058', 'lENSG00000237073', 'lENSG00000237200', 'lENSG00000237293', 'lENSG00000237312', 'lENSG00000237331', 'lENSG00000237337', 'lENSG00000237373', 'lENSG00000237435', 'lENSG00000237463', 'lENSG00000237477', 'lENSG00000237481', 'lENSG00000237494', 'lENSG00000237520', 'lENSG00000237571', 'lENSG00000237576', 'lENSG00000237581', 'lENSG00000237670', 'lENSG00000237687', 'lENSG00000237734', 'lENSG00000237756', 'lENSG00000237768', 'lENSG00000237802', 'lENSG00000237919', 'lENSG00000237921', 'lENSG00000237937', 'lENSG00000238131', 'lENSG00000238140', 'lENSG00000238185', 'lENSG00000238282', 'lENSG00000238291', 'lENSG00000239314', 'lENSG00000239415', 'lENSG00000239482', 'lENSG00000239593', 'lENSG00000240354', 'lENSG00000240573', 'lENSG00000240868', 'lENSG00000241383', 'lENSG00000241397', 'lENSG00000241577', 'lENSG00000241593', 'lENSG00000241666', 'lENSG00000241985', 'lENSG00000242012', 'lENSG00000242072', 'lENSG00000242339', 'lENSG00000242391', 'lENSG00000242545', 'lENSG00000242568', 'lENSG00000242618', 'lENSG00000243149', 'lENSG00000243230', 'lENSG00000243273', 'lENSG00000243368', 'lENSG00000243797', 'lENSG00000243903', 'lENSG00000243961', 'lENSG00000244278', 'lENSG00000244327', 'lENSG00000244461', 'lENSG00000244701', 'lENSG00000245148', 'lENSG00000245385', 'lENSG00000246541', 'lENSG00000247867', 'lENSG00000247925', 'lENSG00000248125', 'lENSG00000248145', 'lENSG00000248148', 'lENSG00000248172', 'lENSG00000248245', 'lENSG00000248358', 'lENSG00000248373', 'lENSG00000248393', 'lENSG00000248397', 'lENSG00000248416', 'lENSG00000248457', 'lENSG00000248482', 'lENSG00000248490', 'lENSG00000248576', 'lENSG00000248599', 'lENSG00000248627', 'lENSG00000248758', 'lENSG00000248789', 'lENSG00000248802', 'lENSG00000248935', 'lENSG00000248969', 'lENSG00000248975', 'lENSG00000248984', 'lENSG00000248995', 'lENSG00000249066', 'lENSG00000249071', 'lENSG00000249099', 'lENSG00000249334', 'lENSG00000249409', 'lENSG00000249419', 'lENSG00000249426', 'lENSG00000249441', 'lENSG00000249451', 'lENSG00000249474', 'lENSG00000249547', 'lENSG00000249605', 'lENSG00000249613', 'lENSG00000249697', 'lENSG00000249706', 'lENSG00000249742', 'lENSG00000249753', 'lENSG00000249782', 'lENSG00000249806', 'lENSG00000249830', 'lENSG00000249865', 'lENSG00000249892', 'lENSG00000250062', 'lENSG00000250092', 'lENSG00000250186', 'lENSG00000250195', 'lENSG00000250242', 'lENSG00000250541', 'lENSG00000250626', 'lENSG00000250629', 'lENSG00000250665', 'lENSG00000250698', 'lENSG00000250761', 'lENSG00000250791', 'lENSG00000250820', 'lENSG00000250855', 'lENSG00000250865', 'lENSG00000250866', 'lENSG00000250877', 'lENSG00000250910', 'lENSG00000250917', 'lENSG00000250929', 'lENSG00000250945', 'lENSG00000250949', 'lENSG00000250993', 'lENSG00000251088', 'lENSG00000251185', 'lENSG00000251194', 'lENSG00000251256', 'lENSG00000251266', 'lENSG00000251281', 'lENSG00000251283', 'lENSG00000251414', 'lENSG00000251438', 'lENSG00000251688', 'lENSG00000253134', 'lENSG00000253142', 'lENSG00000253147', 'lENSG00000253167', 'lENSG00000253171', 'lENSG00000253189', 'lENSG00000253282', 'lENSG00000253356', 'lENSG00000253397', 'lENSG00000253449', 'lENSG00000253456', 'lENSG00000253503', 'lENSG00000253507', 'lENSG00000253526', 'lENSG00000253530', 'lENSG00000253539', 'lENSG00000253577', 'lENSG00000253616', 'lENSG00000253619', 'lENSG00000253627', 'lENSG00000253643', 'lENSG00000253645', 'lENSG00000253660', 'lENSG00000253665', 'lENSG00000253717', 'lENSG00000253722', 'lENSG00000253754', 'lENSG00000253782', 'lENSG00000253834', 'lENSG00000253851', 'lENSG00000253858', 'lENSG00000253865', 'lENSG00000253871', 'lENSG00000253875', 'lENSG00000253927', 'lENSG00000253947', 'lENSG00000253976', 'lENSG00000254011', 'lENSG00000254021', 'lENSG00000254026', 'lENSG00000254031', 'lENSG00000254035', 'lENSG00000254043', 'lENSG00000254084', 'lENSG00000254094', 'lENSG00000254123', 'lENSG00000254141', 'lENSG00000254171', 'lENSG00000254177', 'lENSG00000254207', 'lENSG00000254239', 'lENSG00000254242', 'lENSG00000254263', 'lENSG00000254314', 'lENSG00000254325', 'lENSG00000254330', 'lENSG00000254347', 'lENSG00000254350', 'lENSG00000254380', 'lENSG00000254428', 'lENSG00000254429', 'lENSG00000254456', 'lENSG00000254516', 'lENSG00000254526', 'lENSG00000254559', 'lENSG00000254563', 'lENSG00000254574', 'lENSG00000254592', 'lENSG00000254604', 'lENSG00000254620', 'lENSG00000254626', 'lENSG00000254627', 'lENSG00000254689', 'lENSG00000254739', 'lENSG00000254775', 'lENSG00000254787', 'lENSG00000254829', 'lENSG00000254842', 'lENSG00000254847', 'lENSG00000254864', 'lENSG00000254879', 'lENSG00000254913', 'lENSG00000254921', 'lENSG00000254928', 'lENSG00000254930', 'lENSG00000254972', 'lENSG00000254983', 'lENSG00000254990', 'lENSG00000255027', 'lENSG00000255039', 'lENSG00000255041', 'lENSG00000255084', 'lENSG00000255114', 'lENSG00000255121', 'lENSG00000255167', 'lENSG00000255227', 'lENSG00000255241', 'lENSG00000255247', 'lENSG00000255252', 'lENSG00000255271', 'lENSG00000255300', 'lENSG00000255327', 'lENSG00000255343', 'lENSG00000255357', 'lENSG00000255366', 'lENSG00000255375', 'lENSG00000255388', 'lENSG00000255390', 'lENSG00000255443', 'lENSG00000255462', 'lENSG00000255478', 'lENSG00000255482', 'lENSG00000255487', 'lENSG00000255496', 'lENSG00000255498', 'lENSG00000255506', 'lENSG00000255523', 'lENSG00000255555', 'lENSG00000255565', 'lENSG00000255572', 'lENSG00000255580', 'lENSG00000255808', 'lENSG00000255839', 'lENSG00000255893', 'lENSG00000255949', 'lENSG00000256007', 'lENSG00000256071', 'lENSG00000256083', 'lENSG00000256209', 'lENSG00000256226', 'lENSG00000256234', 'lENSG00000256292', 'lENSG00000256314', 'lENSG00000256364', 'lENSG00000256448', 'lENSG00000256452', 'lENSG00000256482', 'lENSG00000256484', 'lENSG00000256568', 'lENSG00000256582', 'lENSG00000256733', 'lENSG00000256897', 'lENSG00000256972', 'lENSG00000257004', 'lENSG00000257022', 'lENSG00000257096', 'lENSG00000257105', 'lENSG00000257137', 'lENSG00000257165', 'lENSG00000257235', 'lENSG00000257261', 'lENSG00000257264', 'lENSG00000257265', 'lENSG00000257271', 'lENSG00000257275', 'lENSG00000257342', 'lENSG00000257381', 'lENSG00000257470', 'lENSG00000257488', 'lENSG00000257500', 'lENSG00000257514', 'lENSG00000257527', 'lENSG00000257541', 'lENSG00000257587', 'lENSG00000257634', 'lENSG00000257682', 'lENSG00000257732', 'lENSG00000257750', 'lENSG00000257764', 'lENSG00000257787', 'lENSG00000257904', 'lENSG00000257925', 'lENSG00000257997', 'lENSG00000258044', 'lENSG00000258084', 'lENSG00000258108', 'lENSG00000258167', 'lENSG00000258185', 'lENSG00000258210', 'lENSG00000258220', 'lENSG00000258234', 'lENSG00000258272', 'lENSG00000258308', 'lENSG00000258312', 'lENSG00000258313', 'lENSG00000258323', 'lENSG00000258331', 'lENSG00000258378', 'lENSG00000258379', 'lENSG00000258390', 'lENSG00000258394', 'lENSG00000258425', 'lENSG00000258451', 'lENSG00000258460', 'lENSG00000258515', 'lENSG00000258516', 'lENSG00000258520', 'lENSG00000258610', 'lENSG00000258657', 'lENSG00000258670', 'lENSG00000258690', 'lENSG00000258695', 'lENSG00000258698', 'lENSG00000258742', 'lENSG00000258745', 'lENSG00000258784', 'lENSG00000258800', 'lENSG00000258824', 'lENSG00000258829', 'lENSG00000258850', 'lENSG00000258869', 'lENSG00000258892', 'lENSG00000258904', 'lENSG00000258908', 'lENSG00000258944', 'lENSG00000258958', 'lENSG00000259007', 'lENSG00000259026', 'lENSG00000259187', 'lENSG00000259188', 'lENSG00000259202', 'lENSG00000259223', 'lENSG00000259256', 'lENSG00000259265', 'lENSG00000259268', 'lENSG00000259290', 'lENSG00000259294', 'lENSG00000259342', 'lENSG00000259351', 'lENSG00000259352', 'lENSG00000259360', 'lENSG00000259385', 'lENSG00000259432', 'lENSG00000259503', 'lENSG00000259532', 'lENSG00000259544', 'lENSG00000259595', 'lENSG00000259631', 'lENSG00000259636', 'lENSG00000259649', 'lENSG00000259659', 'lENSG00000259678', 'lENSG00000259757', 'lENSG00000259759', 'lENSG00000259767', 'lENSG00000259798', 'lENSG00000259805', 'lENSG00000259945', 'lENSG00000259955', 'lENSG00000259967', 'lENSG00000260003', 'lENSG00000260017', 'lENSG00000260022', 'lENSG00000260058', 'lENSG00000260158', 'lENSG00000260186', 'lENSG00000260190', 'lENSG00000260237', 'lENSG00000260246', 'lENSG00000260304', 'lENSG00000260454', 'lENSG00000260476', 'lENSG00000260586', 'lENSG00000260605', 'lENSG00000260626', 'lENSG00000260659', 'lENSG00000260720', 'lENSG00000260741', 'lENSG00000260773', 'lENSG00000260798', 'lENSG00000260814', 'lENSG00000260884', 'lENSG00000260911', 'lENSG00000260934', 'lENSG00000260970', 'lENSG00000260986', 'lENSG00000260999', 'lENSG00000261014', 'lENSG00000261036', 'lENSG00000261065', 'lENSG00000261066', 'lENSG00000261070', 'lENSG00000261243', 'lENSG00000261248', 'lENSG00000261261', 'lENSG00000261266', 'lENSG00000261307', 'lENSG00000261332', 'lENSG00000261379', 'lENSG00000261432', 'lENSG00000261475', 'lENSG00000261507', 'lENSG00000261523', 'lENSG00000261552', 'lENSG00000261569', 'lENSG00000261633', 'lENSG00000261663', 'lENSG00000261671', 'lENSG00000261695', 'lENSG00000261697', 'lENSG00000261723', 'lENSG00000261729', 'lENSG00000261731', 'lENSG00000261761', 'lENSG00000261838', 'lENSG00000262151', 'lENSG00000262298', 'lENSG00000262434', 'lENSG00000262533', 'lENSG00000262692', 'lENSG00000262777', 'lENSG00000262810', 'lENSG00000262815', 'lENSG00000263080', 'lENSG00000263237', 'lENSG00000263257', 'lENSG00000263300', 'lENSG00000263321', 'lENSG00000263335', 'lENSG00000263417', 'lENSG00000263466', 'lENSG00000263585', 'lENSG00000263594', 'lENSG00000263618', 'lENSG00000263684', 'lENSG00000263709', 'lENSG00000263765', 'lENSG00000263797', 'lENSG00000263847', 'lENSG00000263873', 'lENSG00000263982', 'lENSG00000263986', 'lENSG00000264016', 'lENSG00000264023', 'lENSG00000264066', 'lENSG00000264116', 'lENSG00000264151', 'lENSG00000264254', 'lENSG00000264269', 'lENSG00000264486', 'lENSG00000264513', 'lENSG00000264520', 'lENSG00000264546', 'lENSG00000264558', 'lENSG00000264577', 'lENSG00000264595', 'lENSG00000264622', 'lENSG00000264734', 'lENSG00000264825', 'lENSG00000264924', 'lENSG00000265125', 'lENSG00000265205', 'lENSG00000265265', 'lENSG00000265334', 'lENSG00000265400', 'lENSG00000265443', 'lENSG00000265474', 'lENSG00000265625', 'lENSG00000265643', 'lENSG00000265728', 'lENSG00000265739', 'lENSG00000265743', 'lENSG00000265791', 'lENSG00000265800', 'lENSG00000265840', 'lENSG00000265844', 'lENSG00000265845', 'lENSG00000265980', 'lENSG00000265987', 'lENSG00000266102', 'lENSG00000266153', 'lENSG00000266311', 'lENSG00000266341', 'lENSG00000266368', 'lENSG00000266397', 'lENSG00000266535', 'lENSG00000266538', 'lENSG00000266541', 'lENSG00000266651', 'lENSG00000266696', 'lENSG00000266801', 'lENSG00000266844', 'lENSG00000266877', 'lENSG00000266936', 'lENSG00000266981', 'lENSG00000266985', 'lENSG00000266993', 'lENSG00000267000', 'lENSG00000267028', 'lENSG00000267057', 'lENSG00000267063', 'lENSG00000267177', 'lENSG00000267225', 'lENSG00000267234', 'lENSG00000267255', 'lENSG00000267263', 'lENSG00000267274', 'lENSG00000267286', 'lENSG00000267320', 'lENSG00000267341', 'lENSG00000267354', 'lENSG00000267364', 'lENSG00000267378', 'lENSG00000267387', 'lENSG00000267436', 'lENSG00000267437', 'lENSG00000267510', 'lENSG00000267543', 'lENSG00000267583', 'lENSG00000267593', 'lENSG00000267615', 'lENSG00000267617', 'lENSG00000267638', 'lENSG00000267665', 'lENSG00000267711', 'lENSG00000267791', 'lENSG00000267838', 'lENSG00000267922', 'lENSG00000267980', 'lENSG00000268015', 'lENSG00000268049', 'lENSG00000268051', 'lENSG00000268069', 'lENSG00000268078', 'lENSG00000268191', 'lENSG00000268203', 'lENSG00000268240', 'lENSG00000268289', 'lENSG00000268292', 'lENSG00000268296', 'lENSG00000268520', 'lENSG00000268605', 'lENSG00000268734', 'lENSG00000268743', 'lENSG00000268798', 'lENSG00000268906', 'lENSG00000268912', 'lENSG00000269044', 'lENSG00000269085', 'lENSG00000269145', 'lENSG00000269191', 'lENSG00000269292', 'lENSG00000269321', 'lENSG00000269350', 'lENSG00000269495', 'lENSG00000269504', 'lENSG00000269578', 'lENSG00000269621', 'lENSG00000269656', 'lENSG00000269729', 'lENSG00000269802', 'lENSG00000269826', 'lENSG00000269843', 'lENSG00000269867', 'lENSG00000269950', 'lENSG00000269987', 'lENSG00000270082', 'lENSG00000270094', 'lENSG00000270108', 'lENSG00000270380', 'lENSG00000270726', 'lENSG00000270871', 'lENSG00000270996', 'lENSG00000271032', 'lENSG00000271218', 'lENSG00000271314', 'lENSG00000271717', 'lENSG00000271763', 'lENSG00000271901', 'lENSG00000271936', 'lENSG00000271945', 'lENSG00000271983', 'lENSG00000272027', 'lENSG00000272149', 'lENSG00000272159', 'lENSG00000272338', 'lENSG00000272510', 'lENSG00000272540', 'lENSG00000272575', 'lENSG00000272642', 'lENSG00000272742', 'lENSG00000272814', 'lENSG00000272866', 'lENSG00000272995', 'lENSG00000273035', 'lENSG00000273110', 'lENSG00000273198', 'lENSG00000273226', 'lENSG00000273271', 'lENSG00000273275', 'lENSG00000273360', 'lENSG00000273449', 'lENSG00000273461', 'lENSG00000273485', 'lENSG00000273493', 'lENSG00000273550', 'lENSG00000273568', 'lENSG00000273838', 'lENSG00000273919', 'lENSG00000274177', 'lENSG00000274227', 'lENSG00000274561', 'lENSG00000274624', 'lENSG00000274737', 'lENSG00000274863', 'lENSG00000274893', 'lENSG00000275345', 'lENSG00000275356', 'lENSG00000275401', 'lENSG00000275484', 'lENSG00000275576', 'lENSG00000275638', 'lENSG00000275871', 'lENSG00000275963', 'lENSG00000276054', 'lENSG00000276107', 'lENSG00000276266', 'lENSG00000276488', 'lENSG00000276527', 'lENSG00000276533', 'lENSG00000276668', 'lENSG00000276997', 'lENSG00000277173', 'lENSG00000277332', 'lENSG00000277675', 'lENSG00000278000', 'lENSG00000278202', 'lENSG00000278351', 'lENSG00000278630', 'lENSG00000278944', 'lENSG00000279088', 'lENSG00000279240', 'lENSG00000279501', 'lENSG00000279623', 'lENSG00000279687', 'lENSG00000279751', 'lENSG00000279920', 'lENSG00000280206', 'lENSG00000280224', 'lENSG00000280580', 'lENSG00000280703', 'lENSG00000280870', 'lENSG00000280881', 'lENSG00000281021', 'lENSG00000281831', 'lENSG00000282478', 'lENSG00000282828', 'lENSG00000282950', 'lENSG00000283083', 'lENSG00000283286', 'lENSG00000283375', 'lENSG00000283436', 'lENSG00000283573', 'lENSG00000283631', 'lENSG00000283766', 'lENSG00000283973', 'lENSG00000284418', 'lENSG00000284500', 'lENSG00000284513', 'lENSG00000284608', 'lENSG00000284846', 'lENSG00000284994', 'lENSG00000285012', 'lENSG00000285040', 'lENSG00000285117', 'lENSG00000285325', 'lENSG00000285354', 'lENSG00000285409', 'lENSG00000285473', 'lENSG00000285518', 'lENSG00000285524', 'lENSG00000285550', 'lENSG00000285551', 'lENSG00000285619', 'lENSG00000285654', 'lENSG00000285709', 'lENSG00000285780', 'lENSG00000285857', 'lENSG00000285861', 'lENSG00000285889', 'lENSG00000285954', 'lENSG00000285998', 'lENSG00000286002', 'lENSG00000286010', 'lENSG00000286018', 'lENSG00000286020', 'lENSG00000286050', 'lENSG00000286076', 'lENSG00000286093', 'lENSG00000286101', 'lENSG00000286168', 'lENSG00000286188', 'lENSG00000286194', 'lENSG00000286197', 'lENSG00000286206', 'lENSG00000286242', 'lENSG00000286244', 'lENSG00000286276', 'lENSG00000286303', 'lENSG00000286331', 'lENSG00000286333', 'lENSG00000286338', 'lENSG00000286357', 'lENSG00000286419', 'lENSG00000286430', 'lENSG00000286436', 'lENSG00000286441', 'lENSG00000286453', 'lENSG00000286461', 'lENSG00000286515', 'lENSG00000286565', 'lENSG00000286578', 'lENSG00000286581', 'lENSG00000286584', 'lENSG00000286588', 'lENSG00000286598', 'lENSG00000286617', 'lENSG00000286639', 'lENSG00000286645', 'lENSG00000286670', 'lENSG00000286689', 'lENSG00000286690', 'lENSG00000286698', 'lENSG00000286716', 'lENSG00000286735', 'lENSG00000286738', 'lENSG00000286740', 'lENSG00000286751', 'lENSG00000286759', 'lENSG00000286770', 'lENSG00000286776', 'lENSG00000286781', 'lENSG00000286795', 'lENSG00000286803', 'lENSG00000286820', 'lENSG00000286822', 'lENSG00000286838', 'lENSG00000286843', 'lENSG00000286850', 'lENSG00000286887', 'lENSG00000286908', 'lENSG00000286963', 'lENSG00000287005', 'lENSG00000287020', 'lENSG00000287028', 'lENSG00000287030', 'lENSG00000287066', 'lENSG00000287094', 'lENSG00000287107', 'lENSG00000287108', 'lENSG00000287128', 'lENSG00000287159', 'lENSG00000287191', 'lENSG00000287198', 'lENSG00000287202', 'lENSG00000287213', 'lENSG00000287236', 'lENSG00000287270', 'lENSG00000287285', 'lENSG00000287321', 'lENSG00000287335', 'lENSG00000287359', 'lENSG00000287366', 'lENSG00000287367', 'lENSG00000287381', 'lENSG00000287423', 'lENSG00000287441', 'lENSG00000287451', 'lENSG00000287456', 'lENSG00000287462', 'lENSG00000287501', 'lENSG00000287511', 'lENSG00000287517', 'lENSG00000287518', 'lENSG00000287545', 'lENSG00000287550', 'lENSG00000287551', 'lENSG00000287556', 'lENSG00000287587', 'lENSG00000287618', 'lENSG00000287660', 'lENSG00000287664', 'lENSG00000287684', 'lENSG00000287687', 'lENSG00000287691', 'lENSG00000211683', 'lENSG00000223379', 'lENSG00000223795', 'lENSG00000225393', 'lENSG00000225836', 'lENSG00000228255', 'lENSG00000228538', 'lENSG00000229454', 'lENSG00000229458', 'lENSG00000229628', 'lENSG00000229964', 'lENSG00000230600', 'lENSG00000230649', 'lENSG00000231212', 'lENSG00000231616', 'lENSG00000232056', 'lENSG00000232636', 'lENSG00000233200', 'lENSG00000233987', 'lENSG00000234083', 'lENSG00000234810', 'lENSG00000234998', 'lENSG00000235795', 'lENSG00000236453', 'lENSG00000239801', 'lENSG00000241792', 'lENSG00000242375', 'lENSG00000244620', 'lENSG00000247810', 'lENSG00000248991', 'lENSG00000249159', 'lENSG00000250481', 'lENSG00000250567', 'lENSG00000250670', 'lENSG00000250686', 'lENSG00000250777', 'lENSG00000250948', 'lENSG00000251506', 'lENSG00000251654', 'lENSG00000253766', 'lENSG00000254306', 'lENSG00000254927', 'lENSG00000255279', 'lENSG00000255325', 'lENSG00000255644', 'lENSG00000256686', 'lENSG00000257603', 'lENSG00000257962', 'lENSG00000258196', 'lENSG00000258386', 'lENSG00000258949', 'lENSG00000259123', 'lENSG00000259209', 'lENSG00000259222', 'lENSG00000259244', 'lENSG00000259255', 'lENSG00000259274', 'lENSG00000259306', 'lENSG00000259407', 'lENSG00000260511', 'lENSG00000260983', 'lENSG00000261193', 'lENSG00000261445', 'lENSG00000261470', 'lENSG00000261775', 'lENSG00000264660', 'lENSG00000265174', 'lENSG00000266893', 'lENSG00000267081', 'lENSG00000267521', 'lENSG00000269391', 'lENSG00000269460', 'lENSG00000272304', 'lENSG00000272369', 'lENSG00000273138', 'lENSG00000273403', 'lENSG00000273486', 'lENSG00000274902', 'lENSG00000275232', 'lENSG00000278514', 'lENSG00000279672', 'lENSG00000282887', 'lENSG00000286164', 'lENSG00000226032', 'lENSG00000235736', 'lENSG00000263316', 'lENSG00000258631', 'lENSG00000260141', 'lENSG00000279472', 'lENSG00000271870', 'lENSG00000272934', 'lENSG00000265556', 'lENSG00000271840', 'lENSG00000253701', 'lENSG00000281408', 'lALG13-AS1', 'lDGUOK-AS1', 'lDSCR8', 'lMIR145', 'lMIR24-2', 'lMIR3179-2', 'lMIR3654', 'lACA64', 'lCDKN2B-AS', 'lC3orf65']","[1.0, 1.0, 1.0, 0.0, 1.0, 0.0, 1.0, 0.0, 0.0, 0.0, 0.0, 1.0, 1.0, 0.0, 0.0, 1.0, 0.0, 0.0, 0.0, 0.0, 0.0, 1.0, 0.0, 0.0, 0.0, 1.0, 1.0, 0.0, 1.0, 0.0, 1.0, 1.0, 0.0, 1.0, 0.0, 1.0, 0.0, 0.0, 0.0, 0.0, 1.0, 0.0, 1.0, 1.0, 0.0, 1.0, 1.0, 0.0, 0.0, 1.0, 0.0, 0.0, 1.0, 1.0, 1.0, 0.0, 0.0, 0.0, 1.0, 1.0, 1.0, 1.0, 1.0, 0.0, 1.0, 0.0, 0.0, 1.0, 1.0, 1.0, 1.0, 1.0, 0.0, 0.0, 1.0, 1.0, 0.0, 1.0, 0.0, 1.0, 1.0, 0.0, 1.0, 0.0, 1.0, 1.0, 1.0, 0.0, 1.0, 1.0, 0.0, 1.0, 0.0, 0.0, 0.0, 1.0, 0.0, 0.0, 1.0, 1.0, 1.0, 1.0, 1.0, 1.0, 0.0, 1.0, 1.0, 1.0, 1.0, 0.0, 1.0, 0.0, 0.0, 1.0, 1.0, 1.0, 0.0, 0.0, 0.0, 0.0, 0.0, 1.0, 1.0, 0.0, 0.0, 0.0, 1.0, 1.0, 0.0, 1.0, 1.0, 1.0, 0.0, 1.0, 1.0, 1.0, 0.0, 0.0, 0.0, 0.0, 1.0, 0.0, 1.0, 1.0, 0.0, 0.0, 1.0, 1.0, 0.0, 1.0, 1.0, 1.0, 0.0, 1.0, 0.0, 1.0, 0.0, 0.0, 0.0, 1.0, 0.0, 1.0, 0.0, 0.0, 0.0, 0.0, 0.0, 1.0, 0.0, 0.0, 1.0, 0.0, 0.0, 0.0, 0.0, 1.0, 0.0, 0.0, 0.0, 1.0, 0.0, 1.0, 1.0, 1.0, 1.0, 0.0, 0.0, 1.0, 0.0, 0.0, 0.0, 1.0, 1.0, 1.0, 1.0, 1.0, 0.0, 1.0, 1.0, 0.0, 1.0, 1.0, 0.0, 1.0, 0.0, 1.0, 1.0, 0.0, 1.0, 1.0, 0.0, 0.0, 0.0, 1.0, 0.0, 1.0, 1.0, 1.0, 0.0, 1.0, 1.0, 1.0, 1.0, 0.0, 0.0, 1.0, 1.0, 1.0, 1.0, 1.0, 0.0, 0.0, 1.0, 1.0, 1.0, 1.0, 1.0, 0.0, 1.0, 1.0, 0.0, 0.0, 1.0, 1.0, 1.0, 1.0, 1.0, 0.0, 1.0, 1.0, 0.0, 0.0, 1.0, 0.0, 0.0, 1.0, 1.0, 0.0, 1.0, 0.0, 0.0, 0.0, 1.0, 1.0, 1.0, 0.0, 1.0, 0.0, 0.0, 0.0, 0.0, 1.0, 1.0, 1.0, 1.0, 1.0, 0.0, 1.0, 0.0, 0.0, 0.0, 1.0, 1.0, 0.0, 1.0, 1.0, 1.0, 0.0, 0.0, 1.0, 0.0, 1.0, 1.0, 0.0, 1.0, 0.0, 1.0, 1.0, 1.0, 0.0, 1.0, 1.0, 1.0, 1.0, 1.0, 0.0, 0.0, 1.0, 0.0, 0.0, 1.0, 1.0, 1.0, 1.0, 1.0, 0.0, 1.0, 0.0, 1.0, 1.0, 0.0, 0.0, 1.0, 1.0, 0.0, 1.0, 0.0, 1.0, 0.0, 1.0, 0.0, 0.0, 0.0, 1.0, 0.0, 1.0, 1.0, 0.0, 0.0, 1.0, 0.0, 0.0, 1.0, 0.0, 0.0, 1.0, 1.0, 1.0, 0.0, 1.0, 1.0, 0.0, 1.0, 1.0, 1.0, 1.0, 0.0, 1.0, 0.0, 1.0, 0.0, 0.0, 1.0, 0.0, 0.0, 0.0, 1.0, 1.0, 1.0, 1.0, 0.0, 0.0, 1.0, 0.0, 0.0, 1.0, 0.0, 0.0, 1.0, 0.0, 0.0, 1.0, 0.0, 1.0, 1.0, 0.0, 1.0, 1.0, 1.0, 1.0, 0.0, 0.0, 0.0, 1.0, 0.0, 1.0, 0.0, 0.0, 0.0, 0.0, 1.0, 1.0, 1.0, 1.0, 0.0, 0.0, 0.0, 0.0, 1.0, 0.0, 0.0, 0.0, 0.0, 1.0, 0.0, 0.0, 0.0, 0.0, 0.0, 0.0, 0.0, 0.0, 1.0, 0.0, 0.0, 0.0, 1.0, 0.0, 0.0, 1.0, 0.0, 0.0, 0.0, 0.0, 0.0, 0.0, 1.0, 1.0, 1.0, 0.0, 0.0, 0.0, 1.0, 1.0, 0.0, 0.0, 1.0, 0.0, 1.0, 0.0, 1.0, 1.0, 1.0, 1.0, 1.0, 1.0, 1.0, 1.0, 1.0, 0.0, 0.0, 0.0, 1.0, 0.0, 1.0, 0.0, 1.0, 0.0, 0.0, 0.0, 0.0, 1.0, 1.0, 0.0, 1.0, 0.0, 0.0, 1.0, 0.0, 1.0, 1.0, 1.0, 0.0, 1.0, 1.0, 1.0, 1.0, 0.0, 1.0, 1.0, 0.0, 0.0, 1.0, 0.0, 1.0, 0.0, 1.0, 1.0, 1.0, 1.0, 1.0, 0.0, 1.0, 0.0, 1.0, 1.0, 1.0, 1.0, 1.0, 0.0, 0.0, 0.0, 0.0, 0.0, 1.0, 1.0, 0.0, 1.0, 1.0, 1.0, 0.0, 0.0, 0.0, 0.0, 1.0, 0.0, 0.0, 0.0, 1.0, 1.0, 0.0, 1.0, 0.0, 0.0, 0.0, 1.0, 0.0, 1.0, 0.0, 1.0, 1.0, 1.0, 0.0, 1.0, 1.0, 1.0, 1.0, 1.0, 0.0, 1.0, 1.0, 0.0, 1.0, 1.0, 0.0, 0.0, 0.0, 1.0, 0.0, 1.0, 0.0, 1.0, 1.0, 1.0, 1.0, 1.0, 0.0, 1.0, 0.0, 0.0, 0.0, 1.0, 1.0, 0.0, 0.0, 1.0, 1.0, 1.0, 0.0, 0.0, 1.0, 1.0, 1.0, 1.0, 1.0, 0.0, 1.0, 0.0, 1.0, 0.0, 1.0, 0.0, 0.0, 1.0, 1.0, 0.0, 0.0, 0.0, 1.0, 1.0, 1.0, 0.0, 1.0, 1.0, 0.0, 1.0, 1.0, 1.0, 1.0, 0.0, 1.0, 0.0, 0.0, 0.0, 1.0, 1.0, 1.0, 0.0, 1.0, 1.0, 1.0, 1.0, 0.0, 0.0, 1.0, 1.0, 1.0, 1.0, 1.0, 0.0, 0.0, 0.0, 1.0, 1.0, 1.0, 1.0, 0.0, 1.0, 1.0, 0.0, 0.0, 1.0, 0.0, 1.0, 0.0, 1.0, 1.0, 0.0, 1.0, 0.0, 1.0, 1.0, 0.0, 0.0, 1.0, 1.0, 0.0, 0.0, 0.0, 1.0, 1.0, 0.0, 1.0, 0.0, 0.0, 1.0, 0.0, 0.0, 0.0, 1.0, 0.0, 0.0, 1.0, 0.0, 0.0, 1.0, 1.0, 0.0, 1.0, 1.0, 0.0, 0.0, 1.0, 0.0, 1.0, 1.0, 1.0, 1.0, 1.0, 0.0, 0.0, 1.0, 0.0, 1.0, 0.0, 0.0, 0.0, 1.0, 0.0, 1.0, 1.0, 0.0, 1.0, 0.0, 1.0, 0.0, 0.0, 1.0, 1.0, 1.0, 0.0, 0.0, 0.0, 0.0, 0.0, 1.0, 0.0, 0.0, 1.0, 0.0, 1.0, 0.0, 0.0, 1.0, 1.0, 1.0, 0.0, 0.0, 0.0, 1.0, 1.0, 1.0, 0.0, 0.0, 0.0, 1.0, 0.0, 0.0, 0.0, 0.0, 0.0, 1.0, 0.0, 0.0, 1.0, 0.0, 0.0, 0.0, 1.0, 0.0, 1.0, 0.0, 1.0, 0.0, 1.0, 0.0, 0.0, 1.0, 0.0, 1.0, 1.0, 0.0, 1.0, 1.0, 0.0, 0.0, 1.0, 0.0, 0.0, 1.0, 0.0, 1.0, 0.0, 1.0, 0.0, 0.0, 1.0, 1.0, 0.0, 1.0, 1.0, 1.0, 0.0, 1.0, 1.0, 1.0, 1.0, 1.0, 0.0, 1.0, 1.0, 0.0, 1.0, 0.0, 1.0, 0.0, 0.0, 1.0, 1.0, 0.0, 0.0, 1.0, 0.0, 0.0, 0.0, 0.0, 1.0, 0.0, 1.0, 0.0, 0.0, 1.0, 1.0, 0.0, 0.0, 0.0, 1.0, 0.0, 1.0, 0.0, 1.0, 1.0, 1.0, 0.0, 1.0, 0.0, 0.0, 1.0, 1.0, 1.0, 0.0, 0.0, 0.0, 1.0, 1.0, 0.0, 0.0, 0.0, 1.0, 1.0, 1.0, 1.0, 1.0, 1.0, 1.0, 0.0, 1.0, 1.0, 0.0, 1.0, 0.0, 1.0, 1.0, 1.0, 0.0, 0.0, 1.0, 0.0, 1.0, 0.0, 0.0, 1.0, 1.0, 1.0, 0.0, 0.0, 0.0, 1.0, 0.0, 0.0, 0.0, 0.0, 1.0, 1.0, 1.0, 1.0, 0.0, 1.0, 1.0, 1.0, 1.0, 0.0, 0.0, 0.0, 0.0, 1.0, 0.0, 0.0, 1.0, 0.0, 1.0, 0.0, 1.0, 0.0, 1.0, 1.0, 0.0, 0.0, 0.0, 0.0, 0.0, 0.0, 1.0, 1.0, 1.0, 1.0, 0.0, 0.0, 1.0, 0.0, 0.0, 1.0, 0.0, 0.0, 1.0, 1.0, 1.0, 1.0, 1.0, 0.0, 1.0, 1.0, 1.0, 1.0, 0.0, 1.0, 0.0, 0.0, 0.0, 0.0, 0.0, 1.0, 1.0, 0.0, 1.0, 0.0, 1.0, 0.0, 1.0, 0.0, 1.0, 0.0, 0.0, 1.0, 1.0, 0.0, 1.0, 0.0, 0.0, 0.0, 0.0, 1.0, 1.0, 1.0, 0.0, 1.0, 0.0, 0.0, 0.0, 0.0, 0.0, 1.0, 1.0, 0.0, 1.0, 1.0, 0.0, 0.0, 1.0, 1.0, 1.0, 1.0, 0.0, 0.0, 0.0, 0.0, 0.0, 0.0, 0.0, 1.0, 0.0, 0.0, 0.0, 1.0, 0.0, 0.0, 1.0, 1.0, 0.0, 1.0, 1.0, 0.0, 1.0, 1.0, 0.0, 0.0, 0.0, 0.0, 1.0, 1.0, 1.0, 1.0, 1.0, 1.0, 0.0, 0.0, 0.0, 0.0, 1.0, 0.0, 0.0, 0.0, 1.0, 0.0, 0.0, 1.0, 1.0, 0.0, 0.0, 1.0, 1.0, 0.0, 0.0, 0.0, 0.0, 0.0, 1.0, 0.0, 1.0, 1.0, 1.0, 1.0, 1.0, 1.0, 0.0, 0.0, 0.0, 1.0, 0.0, 1.0, 1.0, 0.0, 1.0, 1.0, 1.0, 1.0, 0.0, 0.0, 0.0, 0.0, 1.0, 1.0, 1.0, 1.0, 0.0, 0.0, 1.0, 0.0, 1.0, 0.0, 0.0, 0.0, 1.0, 0.0, 1.0, 0.0, 0.0, 1.0, 1.0, 0.0, 1.0, 1.0, 1.0, 1.0, 1.0, 1.0, 0.0, 1.0, 0.0, 1.0, 0.0, 1.0, 1.0, 1.0, 1.0, 0.0, 1.0, 1.0, 0.0, 1.0, 0.0, 0.0, 1.0, 0.0, 0.0, 0.0, 1.0, 1.0, 1.0, 0.0, 1.0, 0.0, 1.0, 1.0, 0.0, 1.0, 0.0, 0.0, 0.0, 0.0, 0.0, 1.0, 1.0, 0.0, 1.0, 0.0, 0.0, 0.0, 1.0, 1.0, 1.0, 0.0, 0.0, 1.0, 0.0, 1.0, 1.0, 0.0, 1.0, 0.0, 0.0, 1.0, 1.0, 1.0, 1.0, 1.0, 0.0, 1.0, 1.0, 1.0, 1.0, 1.0, 1.0, 1.0, 0.0, 0.0, 0.0, 1.0, 1.0, 1.0, 1.0, 1.0, 1.0, 1.0, 1.0, 0.0, 0.0, 0.0, 1.0, 0.0, 1.0, 1.0, 1.0, 1.0, 1.0, 0.0, 0.0, 0.0, 1.0, 0.0, 0.0, 1.0, 0.0, 1.0, 1.0, 1.0, 1.0, 0.0, 0.0, 1.0, 0.0, 1.0, 0.0, 0.0, 0.0, 1.0, 0.0, 1.0, 1.0, 1.0, 0.0, 1.0, 0.0, 1.0, 0.0, 0.0, 1.0, 0.0, 0.0, 1.0, 0.0, 0.0, 1.0, 1.0, 0.0, 1.0, 1.0, 1.0, 1.0, 0.0, 0.0, 1.0, 1.0, 0.0, 0.0, 0.0, 0.0, 1.0, 1.0, 1.0, 0.0, 1.0, 0.0, 1.0, 1.0, 1.0, 0.0, 0.0, 1.0, 1.0, 1.0, 0.0, 0.0, 0.0, 1.0, 0.0, 0.0, 0.0, 0.0, 0.0, 1.0, 0.0, 0.0, 0.0, 0.0, 1.0, 0.0, 0.0, 0.0, 0.0, 0.0, 1.0, 0.0, 1.0, 0.0, 0.0, 1.0, 1.0, 0.0, 0.0, 1.0, 1.0, 1.0, 0.0, 1.0, 1.0, 1.0, 0.0, 0.0, 0.0, 0.0, 0.0, 1.0, 1.0, 1.0, 1.0, 1.0, 1.0, 0.0, 1.0, 1.0, 1.0, 1.0, 1.0, 1.0, 1.0, 1.0, 1.0, 1.0, 1.0, 1.0, 1.0, 1.0, 1.0, 1.0, 1.0, 1.0, 0.0, 0.0, 1.0, 1.0, 0.0, 1.0, 0.0, 0.0, 0.0, 1.0, 1.0, 1.0, 1.0, 1.0, 0.0, 0.0, 1.0, 1.0, 1.0, 0.0, 1.0, 1.0, 0.0, 1.0, 1.0, 1.0, 0.0, 0.0, 0.0, 0.0, 0.0, 1.0, 0.0, 1.0, 0.0, 1.0, 1.0, 1.0, 0.0, 1.0, 1.0, 0.0, 0.0, 0.0, 0.0, 1.0, 0.0, 1.0, 1.0, 1.0, 0.0, 1.0, 1.0, 1.0, 1.0, 1.0, 1.0, 1.0, 1.0, 0.0, 1.0, 1.0, 0.0, 1.0, 1.0, 0.0, 1.0, 1.0, 0.0, 0.0, 0.0, 0.0, 0.0, 0.0, 0.0, 0.0, 0.0, 1.0, 1.0, 1.0, 0.0, 1.0, 1.0, 0.0, 0.0, 1.0, 1.0, 1.0, 1.0, 0.0, 0.0, 0.0, 0.0, 0.0, 0.0, 0.0, 0.0, 0.0, 1.0, 0.0, 1.0, 0.0, 1.0, 1.0, 1.0, 0.0, 1.0, 0.0, 1.0, 0.0, 0.0, 1.0, 0.0, 0.0, 0.0, 0.0, 1.0, 0.0, 1.0, 1.0, 1.0, 1.0, 0.0, 0.0, 0.0, 0.0, 1.0, 0.0, 0.0, 1.0, 1.0, 0.0, 0.0, 0.0, 0.0, 1.0, 0.0, 0.0, 0.0, 0.0, 0.0, 1.0, 1.0, 0.0, 0.0, 0.0, 1.0, 0.0, 0.0, 1.0, 1.0, 1.0, 1.0, 0.0, 0.0, 1.0, 0.0, 1.0, 0.0, 1.0, 1.0, 0.0, 1.0, 1.0, 1.0, 1.0, 0.0, 0.0, 0.0, 1.0, 0.0, 0.0, 0.0, 0.0, 0.0, 0.0, 0.0, 0.0, 0.0, 0.0, 1.0, 0.0, 0.0, 1.0, 0.0, 1.0, 0.0, 1.0, 1.0, 0.0, 0.0, 0.0, 0.0, 1.0, 0.0, 1.0, 1.0, 0.0, 0.0, 1.0, 0.0, 1.0, 0.0, 1.0, 0.0, 0.0, 1.0, 1.0, 1.0, 0.0, 1.0, 0.0, 1.0, 0.0, 1.0, 0.0, 1.0, 0.0, 0.0, 0.0, 0.0, 0.0, 0.0, 1.0, 0.0, 0.0, 1.0, 1.0, 0.0, 0.0, 0.0, 1.0, 1.0, 1.0, 1.0, 0.0, 1.0, 0.0, 0.0, 1.0, 1.0, 0.0, 0.0, 0.0, 0.0, 0.0, 1.0, 1.0, 0.0, 1.0, 1.0, 0.0, 0.0, 1.0, 0.0, 0.0, 0.0, 0.0, 0.0, 0.0, 1.0, 0.0, 1.0, 0.0, 0.0, 0.0, 0.0, 0.0, 0.0, 1.0, 1.0, 1.0, 0.0, 1.0, 0.0, 1.0, 0.0, 1.0, 1.0, 0.0, 0.0, 1.0, 0.0, 0.0, 0.0, 0.0, 1.0, 1.0, 1.0, 0.0, 1.0, 1.0, 1.0, 0.0, 1.0, 0.0, 0.0, 0.0, 0.0, 1.0, 1.0, 1.0, 0.0, 1.0, 0.0, 1.0, 1.0, 0.0, 0.0, 1.0, 0.0, 0.0, 0.0, 1.0, 1.0, 1.0, 1.0, 1.0, 1.0, 1.0, 0.0, 0.0, 0.0, 1.0, 1.0, 0.0, 1.0, 0.0, 1.0, 0.0, 0.0, 0.0, 0.0, 1.0, 1.0, 0.0, 1.0, 1.0, 0.0, 1.0, 1.0, 1.0, 1.0, 0.0, 0.0, 0.0, 1.0, 0.0, 1.0, 0.0, 0.0, 0.0, 0.0, 1.0, 1.0, 1.0, 0.0, 1.0, 1.0, 0.0, 1.0, 0.0, 1.0, 1.0, 0.0, 0.0, 1.0, 1.0, 0.0, 1.0, 0.0, 1.0, 0.0, 1.0, 1.0, 0.0, 1.0, 0.0, 1.0, 1.0, 1.0, 0.0, 0.0, 1.0, 0.0, 0.0, 0.0, 1.0, 0.0, 1.0, 0.0, 0.0, 1.0, 0.0, 1.0, 0.0, 0.0, 1.0, 0.0, 1.0, 0.0, 0.0, 1.0, 0.0, 0.0, 1.0, 1.0, 1.0, 1.0, 0.0, 0.0, 1.0, 0.0, 1.0, 1.0, 1.0, 0.0, 0.0, 1.0, 1.0, 1.0, 1.0, 0.0, 1.0, 1.0, 0.0, 1.0, 0.0, 1.0, 0.0, 0.0, 0.0, 1.0, 1.0, 1.0, 1.0, 0.0, 1.0, 0.0, 1.0, 1.0, 1.0, 1.0, 0.0, 1.0, 0.0, 1.0, 0.0, 1.0, 1.0, 1.0, 0.0, 0.0, 1.0, 1.0, 0.0, 1.0, 1.0, 0.0, 0.0, 0.0, 0.0, 1.0, 1.0, 1.0, 1.0, 1.0, 0.0, 1.0, 1.0, 0.0, 0.0, 0.0, 1.0, 1.0, 0.0, 0.0, 1.0, 0.0, 1.0, 1.0, 0.0, 0.0, 1.0, 1.0, 0.0, 1.0, 0.0, 1.0, 0.0, 1.0, 1.0, 1.0, 0.0, 0.0, 0.0, 1.0, 1.0, 1.0, 0.0, 1.0, 0.0, 0.0, 1.0, 1.0, 1.0, 1.0, 1.0, 0.0, 0.0, 1.0, 0.0, 1.0, 0.0, 1.0, 0.0, 1.0, 1.0, 1.0, 0.0, 0.0, 0.0, 1.0, 1.0, 0.0, 1.0, 1.0, 0.0, 0.0, 0.0, 1.0, 1.0, 1.0, 1.0, 0.0, 1.0, 0.0, 0.0, 1.0, 0.0, 0.0, 1.0, 0.0, 1.0, 1.0, 0.0, 1.0, 0.0, 0.0, 0.0, 0.0, 1.0, 1.0, 0.0, 0.0, 1.0, 0.0, 0.0, 1.0, 1.0, 0.0, 0.0, 0.0, 1.0, 0.0, 1.0, 0.0, 0.0, 1.0, 0.0, 1.0, 1.0, 1.0, 1.0, 1.0, 0.0, 0.0, 0.0, 1.0, 0.0, 0.0, 0.0, 1.0, 1.0, 0.0, 1.0, 1.0, 1.0, 1.0, 0.0, 0.0, 0.0, 1.0, 0.0, 0.0, 1.0, 1.0, 0.0, 0.0, 1.0, 0.0, 0.0, 0.0, 1.0, 1.0, 0.0, 0.0, 0.0, 0.0, 1.0, 1.0, 0.0, 1.0, 0.0, 1.0, 1.0, 0.0, 1.0, 0.0, 1.0, 0.0, 0.0, 0.0, 0.0, 1.0, 1.0, 1.0, 0.0, 0.0, 0.0, 1.0, 1.0, 1.0, 1.0, 0.0, 1.0, 1.0, 0.0, 0.0, 1.0, 0.0, 0.0, 1.0, 1.0, 1.0, 1.0, 0.0, 0.0, 1.0, 0.0, 1.0, 0.0, 0.0, 1.0, 0.0, 0.0, 0.0, 1.0, 0.0, 1.0, 1.0, 1.0, 1.0, 1.0, 0.0, 1.0, 0.0, 1.0, 1.0, 1.0, 1.0, 0.0, 0.0, 0.0, 0.0, 1.0, 0.0, 0.0, 1.0, 0.0, 0.0, 0.0, 0.0, 1.0, 0.0, 1.0, 1.0, 0.0, 0.0, 1.0, 1.0, 0.0, 1.0, 0.0, 0.0, 1.0, 0.0, 1.0, 0.0, 1.0, 0.0, 1.0, 0.0, 1.0, 0.0, 0.0, 1.0, 1.0, 1.0, 1.0, 1.0, 0.0, 0.0, 0.0, 0.0, 1.0, 0.0, 1.0, 1.0, 0.0, 0.0, 0.0, 1.0, 1.0, 0.0, 0.0, 0.0, 0.0, 1.0, 0.0, 1.0, 0.0, 1.0, 0.0, 0.0, 1.0, 0.0, 0.0, 0.0, 0.0, 1.0, 1.0, 0.0, 0.0, 0.0, 1.0, 0.0, 1.0, 0.0, 0.0, 1.0, 1.0, 0.0, 1.0, 0.0, 1.0, 1.0, 0.0, 0.0, 0.0, 1.0, 0.0, 0.0, 0.0, 1.0, 0.0, 0.0, 0.0, 1.0, 1.0, 1.0, 1.0, 0.0, 1.0, 1.0, 1.0, 1.0, 0.0, 1.0, 0.0, 1.0, 0.0, 1.0, 1.0, 1.0, 1.0, 0.0, 0.0, 1.0, 0.0, 1.0, 1.0, 1.0, 1.0, 1.0, 0.0, 0.0, 1.0, 0.0, 1.0, 1.0, 0.0, 1.0, 0.0, 0.0, 1.0, 1.0, 1.0, 1.0, 1.0, 1.0, 1.0, 0.0, 0.0, 0.0, 1.0, 1.0, 1.0, 1.0, 1.0, 1.0, 1.0, 0.0, 1.0, 1.0, 1.0, 0.0, 0.0, 0.0, 1.0, 0.0, 0.0, 1.0, 1.0, 0.0, 1.0, 1.0, 0.0, 1.0, 1.0, 0.0, 1.0, 0.0, 0.0, 0.0, 0.0, 0.0, 1.0, 0.0, 1.0, 0.0, 0.0, 1.0, 1.0, 0.0, 1.0, 0.0, 0.0, 0.0, 1.0, 1.0, 1.0, 0.0, 0.0, 0.0, 1.0, 1.0, 0.0, 0.0, 1.0, 1.0, 1.0, 1.0, 0.0, 0.0, 1.0, 0.0, 1.0, 1.0, 1.0, 0.0, 1.0, 0.0, 1.0, 0.0, 0.0, 0.0, 1.0, 0.0, 1.0, 1.0, 0.0, 1.0, 1.0, 1.0, 1.0, 0.0, 0.0, 1.0, 1.0, 0.0, 0.0, 1.0, 0.0, 0.0, 1.0, 0.0, 0.0, 0.0, 0.0, 0.0, 0.0, 1.0, 1.0, 1.0, 0.0, 1.0, 0.0, 0.0, 1.0, 0.0, 1.0, 0.0, 0.0, 0.0, 0.0, 0.0, 1.0, 0.0, 0.0, 0.0, 1.0, 0.0, 1.0, 0.0, 0.0, 1.0, 0.0, 1.0, 0.0, 1.0, 1.0, 0.0, 0.0, 1.0, 0.0, 1.0, 1.0, 0.0, 0.0, 1.0, 0.0, 0.0, 1.0, 0.0, 0.0, 0.0, 0.0, 1.0, 0.0, 0.0, 0.0, 0.0, 1.0, 1.0, 1.0, 1.0, 1.0, 1.0, 1.0, 0.0, 1.0, 1.0, 1.0, 0.0, 0.0, 1.0, 1.0, 1.0, 0.0, 1.0, 0.0, 0.0, 1.0, 1.0, 0.0, 1.0, 1.0, 1.0, 0.0, 0.0, 1.0, 0.0, 0.0, 1.0, 1.0, 1.0, 1.0, 1.0, 1.0, 1.0, 0.0, 0.0, 0.0, 0.0, 0.0, 0.0, 0.0, 0.0, 1.0, 1.0, 1.0, 0.0, 1.0, 0.0, 0.0, 0.0, 1.0, 1.0, 0.0, 1.0, 0.0, 1.0, 0.0, 0.0, 1.0, 0.0, 1.0, 0.0, 1.0, 1.0, 0.0, 0.0, 0.0, 1.0, 0.0, 0.0, 1.0, 0.0, 0.0, 0.0, 1.0, 1.0, 0.0, 0.0, 0.0, 0.0, 0.0, 0.0, 0.0, 1.0, 0.0, 0.0, 1.0, 0.0, 1.0, 0.0, 0.0, 1.0, 0.0, 0.0, 0.0, 1.0, 0.0, 0.0, 1.0, 1.0, 1.0, 1.0, 1.0, 0.0, 1.0, 1.0, 1.0, 0.0, 1.0, 1.0, 0.0, 0.0, 1.0, 1.0, 0.0, 1.0, 0.0, 1.0, 0.0, 1.0, 1.0, 1.0, 0.0, 0.0, 1.0, 1.0, 1.0, 1.0, 1.0, 0.0, 1.0, 1.0, 1.0, 0.0, 1.0, 1.0, 1.0, 0.0, 1.0, 1.0, 0.0, 1.0, 0.0, 1.0, 1.0, 0.0, 0.0, 1.0, 0.0, 1.0, 0.0, 0.0, 0.0, 0.0, 0.0, 1.0, 1.0, 0.0, 0.0, 0.0, 0.0, 0.0, 0.0, 1.0, 1.0, 0.0, 0.0, 0.0, 0.0, 0.0, 1.0, 0.0, 1.0, 0.0, 1.0, 1.0, 1.0, 0.0, 1.0, 0.0, 1.0, 0.0, 0.0, 1.0, 0.0, 0.0, 0.0, 1.0, 1.0, 0.0, 0.0, 0.0, 0.0, 1.0, 1.0, 0.0, 0.0, 0.0, 0.0, 1.0, 1.0, 0.0, 1.0, 0.0, 0.0, 0.0, 0.0, 0.0, 0.0, 1.0, 0.0, 1.0, 0.0, 0.0, 1.0, 0.0, 0.0, 0.0, 1.0, 0.0, 1.0, 0.0, 0.0, 0.0, 1.0, 0.0, 0.0, 0.0, 1.0, 1.0, 0.0, 0.0, 1.0, 1.0, 1.0, 1.0, 1.0, 1.0, 0.0, 0.0, 1.0, 0.0, 1.0, 1.0, 1.0, 0.0, 1.0, 1.0, 0.0, 0.0, 0.0, 0.0, 1.0, 0.0, 1.0, 0.0, 0.0, 1.0, 1.0, 1.0, 0.0, 1.0, 0.0, 1.0, 1.0, 0.0, 1.0, 1.0, 0.0, 0.0, 0.0, 0.0, 1.0, 1.0, 0.0, 0.0, 0.0, 0.0, 0.0, 0.0, 1.0, 0.0, 0.0, 0.0, 1.0, 1.0, 0.0, 0.0, 0.0, 0.0, 1.0, 0.0, 1.0, 1.0, 0.0, 1.0, 0.0, 1.0, 0.0, 1.0, 0.0, 1.0, 0.0, 1.0, 1.0, 1.0, 0.0, 1.0, 1.0, 1.0, 1.0, 0.0, 1.0, 1.0, 0.0, 1.0, 0.0, 1.0, 0.0, 1.0, 0.0, 0.0, 0.0, 1.0, 0.0, 0.0, 0.0, 0.0, 1.0, 0.0, 1.0, 0.0, 1.0, 1.0, 0.0, 1.0, 1.0, 1.0, 1.0, 1.0, 1.0, 0.0, 1.0, 0.0, 1.0, 0.0, 1.0, 0.0, 1.0, 0.0, 1.0, 0.0, 1.0, 1.0, 1.0, 0.0, 0.0, 0.0, 0.0, 0.0, 1.0, 0.0, 1.0, 1.0, 0.0, 1.0, 0.0, 1.0, 0.0, 0.0, 1.0, 0.0, 0.0, 1.0, 0.0, 0.0, 0.0, 1.0, 0.0, 1.0, 1.0, 0.0, 0.0, 0.0, 0.0, 1.0, 0.0, 0.0, 0.0, 1.0, 1.0, 0.0, 0.0, 1.0, 1.0, 0.0, 1.0, 1.0, 0.0, 0.0, 0.0, 1.0, 0.0, 0.0, 1.0, 0.0, 0.0, 1.0, 0.0, 1.0, 0.0, 0.0, 1.0, 0.0, 0.0, 0.0, 0.0, 1.0, 0.0, 0.0, 1.0, 1.0, 0.0, 0.0, 0.0, 1.0, 0.0, 1.0, 1.0, 1.0, 1.0, 0.0, 0.0, 0.0, 0.0, 1.0, 1.0, 1.0, 1.0, 0.0, 1.0, 1.0, 1.0, 0.0, 0.0, 1.0, 0.0, 1.0, 0.0, 1.0, 1.0, 1.0, 1.0, 0.0, 1.0, 1.0, 0.0, 0.0, 0.0, 1.0, 1.0, 1.0, 0.0, 0.0, 0.0, 0.0, 1.0, 0.0, 0.0, 1.0, 0.0, 1.0, 0.0, 0.0, 1.0, 0.0, 0.0, 0.0, 1.0, 0.0, 1.0, 1.0, 1.0, 0.0, 0.0, 0.0, 0.0, 1.0, 1.0, 1.0, 1.0, 0.0, 0.0, 0.0, 0.0, 0.0, 0.0, 1.0, 1.0, 1.0, 0.0, 1.0, 0.0, 1.0, 0.0, 1.0, 0.0, 1.0, 1.0, 1.0, 0.0, 0.0, 1.0, 1.0, 0.0, 0.0, 0.0, 0.0, 0.0, 0.0, 0.0, 0.0, 1.0, 1.0, 0.0, 0.0, 0.0, 0.0, 1.0, 1.0, 1.0, 1.0, 1.0, 1.0, 0.0, 1.0, 0.0, 0.0, 1.0, 0.0, 1.0, 1.0, 0.0, 1.0, 0.0, 0.0, 1.0, 1.0, 1.0, 0.0, 1.0, 1.0, 1.0, 1.0, 0.0, 0.0, 0.0, 0.0, 0.0, 1.0, 0.0, 1.0, 0.0, 1.0, 0.0, 0.0, 0.0, 1.0, 1.0, 0.0, 0.0, 1.0, 1.0, 0.0, 1.0, 1.0, 1.0, 0.0, 1.0, 0.0, 1.0, 0.0, 0.0, 1.0, 0.0, 0.0, 1.0, 0.0, 0.0, 0.0, 1.0, 1.0, 0.0, 0.0, 1.0, 0.0, 1.0, 0.0, 0.0, 0.0, 1.0, 0.0, 0.0, 0.0, 0.0, 0.0, 1.0, 1.0, 1.0, 1.0, 0.0, 1.0, 1.0, 1.0, 1.0, 1.0, 1.0, 1.0, 1.0, 1.0, 0.0, 1.0, 1.0, 1.0, 1.0, 0.0, 0.0, 1.0, 1.0, 1.0, 1.0, 1.0, 0.0, 0.0, 0.0, 1.0, 0.0, 1.0, 0.0, 1.0, 0.0, 1.0, 1.0]","['lNONHSAG000008', 'lNONHSAG000484', 'lNONHSAG000584', 'lNONHSAG000918', 'lNONHSAG001172', 'lNONHSAG001247', 'lNONHSAG001259', 'lNONHSAG001773', 'lNONHSAG001837', 'lNONHSAG002134', 'lNONHSAG002135', 'lNONHSAG002719', 'lNONHSAG003056', 'lNONHSAG003156', 'lNONHSAG003912', 'lNONHSAG004303', 'lNONHSAG005711', 'lNONHSAG006163', 'lNONHSAG006341', 'lNONHSAG006477', 'lNONHSAG006735', 'lNONHSAG006772', 'lNONHSAG007708', 'lNONHSAG007961', 'lNONHSAG007983', 'lNONHSAG008056', 'lNONHSAG008517', 'lNONHSAG008540', 'lNONHSAG008726', 'lNONHSAG008759', 'lNONHSAG009124', 'lNONHSAG009544', 'lNONHSAG009636', 'lNONHSAG009757', 'lNONHSAG010184', 'lNONHSAG010416', 'lNONHSAG010543', 'lNONHSAG011070', 'lNONHSAG011090', 'lNONHSAG011125', 'lNONHSAG011211', 'lNONHSAG011439', 'lNONHSAG011790', 'lNONHSAG012303', 'lNONHSAG012555', 'lNONHSAG012614', 'lNONHSAG013098', 'lNONHSAG013109', 'lNONHSAG013809', 'lNONHSAG013944', 'lNONHSAG014267', 'lNONHSAG014289', 'lNONHSAG014372', 'lNONHSAG014562', 'lNONHSAG014591', 'lNONHSAG015461', 'lNONHSAG017417', 'lNONHSAG017783', 'lNONHSAG018344', 'lNONHSAG018374', 'lNONHSAG018414', 'lNONHSAG018417', 'lNONHSAG018461', 'lNONHSAG018980', 'lNONHSAG019012', 'lNONHSAG019051', 'lNONHSAG019134', 'lNONHSAG019158', 'lNONHSAG019493', 'lNONHSAG019569', 'lNONHSAG020053', 'lNONHSAG020278', 'lNONHSAG020321', 'lNONHSAG020325', 'lNONHSAG020476', 'lNONHSAG020957', 'lNONHSAG020990', 'lNONHSAG021309', 'lNONHSAG021567', 'lNONHSAG021584', 'lNONHSAG022595', 'lNONHSAG022690', 'lNONHSAG022980', 'lNONHSAG023630', 'lNONHSAG023661', 'lNONHSAG024146', 'lNONHSAG024224', 'lNONHSAG024364', 'lNONHSAG024671', 'lNONHSAG024913', 'lNONHSAG026575', 'lNONHSAG026631', 'lNONHSAG026720', 'lNONHSAG027017', 'lNONHSAG027110', 'lNONHSAG027278', 'lNONHSAG028948', 'lNONHSAG029933', 'lNONHSAG029959', 'lNONHSAG030279', 'lNONHSAG030516', 'lNONHSAG031385', 'lNONHSAG032247', 'lNONHSAG032309', 'lNONHSAG032748', 'lNONHSAG033386', 'lNONHSAG033435', 'lNONHSAG033691', 'lNONHSAG034845', 'lNONHSAG034973', 'lNONHSAG036273', 'lNONHSAG037025', 'lNONHSAG037096', 'lNONHSAG038397', 'lNONHSAG038561', 'lNONHSAG039617', 'lNONHSAG039634', 'lNONHSAG039637', 'lNONHSAG040804', 'lNONHSAG040976', 'lNONHSAG041716', 'lNONHSAG042132', 'lNONHSAG042476', 'lNONHSAG042966', 'lNONHSAG043159', 'lNONHSAG043625', 'lNONHSAG043851', 'lNONHSAG044709', 'lNONHSAG045383', 'lNONHSAG047260', 'lNONHSAG047620', 'lNONHSAG048626', 'lNONHSAG048682', 'lNONHSAG049051', 'lNONHSAG049754', 'lNONHSAG050272', 'lNONHSAG050423', 'lNONHSAG050815', 'lNONHSAG051010', 'lNONHSAG051266', 'lNONHSAG052046', 'lNONHSAG052511', 'lNONHSAG053162', 'lNONHSAG053499', 'lNONHSAG053748', 'lNONHSAG054360', 'lNONHSAG054432', 'lNONHSAG058006', 'lNONHSAG058118', 'lNONHSAG068402', 'lNONHSAG069147', 'lNONHSAG084832', 'lNONHSAG094129', 'lNONHSAG096230', 'lNONHSAG102572', 'lNONHSAG113761', 'lNONHSAG114445', 'lENSG00000198221', 'lENSG00000223764', 'lENSG00000224078', 'lENSG00000230046', 'lENSG00000237396', 'lENSG00000247095', 'lENSG00000249532', 'lENSG00000254508', 'lENSG00000260219', 'lENSG00000260280', 'lENSG00000261423', 'lENSG00000266402', 'lENSG00000267321', 'lENSG00000270084', 'lENSG00000281189', 'lASMTL-AS1', 'lDLX6-AS1', 'lINHBA-AS1', 'lSNX29P2', 'lSRP14-AS1', 'lPWAR6', 'lAC004840.8', 'lAC103564.7', 'lAL928742.12', 'lRP11-100F15.1', 'lRP11-243J18.2', 'lRP11-264B17.3', 'lRP11-439K3.1', 'lRP11-672A2.1', 'lRP4-610C12.4', 'lNONHSAG001014', 'lNONHSAG001028', 'lNONHSAG001207', 'lNONHSAG005740', 'lNONHSAG005760', 'lNONHSAG005852', 'lNONHSAG006097', 'lNONHSAG006300', 'lNONHSAG006314', 'lNONHSAG006459', 'lNONHSAG006576', 'lNONHSAG006579', 'lNONHSAG006889', 'lNONHSAG006894', 'lNONHSAG006970', 'lNONHSAG006976', 'lNONHSAG007103', 'lNONHSAG007429', 'lENSG00000105501', 'lENSG00000122043', 'lENSG00000149443', 'lENSG00000197880', 'lENSG00000203307', 'lENSG00000205452', 'lENSG00000223831', 'lENSG00000225570', 'lENSG00000226194', 'lENSG00000226566', 'lENSG00000226956', 'lENSG00000227611', 'lENSG00000228261', 'lENSG00000230153', 'lENSG00000230432', 'lENSG00000230759', 'lENSG00000231253', 'lENSG00000231496', 'lENSG00000231964', 'lENSG00000232359', 'lENSG00000232465', 'lENSG00000232604', 'lENSG00000232710', 'lENSG00000232939', 'lENSG00000233479', 'lENSG00000233689', 'lENSG00000236828', 'lENSG00000237324', 'lENSG00000237993', 'lENSG00000242795', 'lENSG00000242861', 'lENSG00000248925', 'lENSG00000249111', 'lENSG00000249114', 'lENSG00000249297', 'lENSG00000249382', 'lENSG00000250524', 'lENSG00000250646', 'lENSG00000250657', 'lENSG00000250950', 'lENSG00000250955', 'lENSG00000251059', 'lENSG00000251072', 'lENSG00000251412', 'lENSG00000253880', 'lENSG00000254033', 'lENSG00000254846', 'lENSG00000255159', 'lENSG00000255528', 'lENSG00000255539', 'lENSG00000256072', 'lENSG00000256670', 'lENSG00000257407', 'lENSG00000257494', 'lENSG00000257653', 'lENSG00000257860', 'lENSG00000258007', 'lENSG00000258292', 'lENSG00000258826', 'lENSG00000259194', 'lENSG00000259211', 'lENSG00000259250', 'lENSG00000259307', 'lENSG00000259935', 'lENSG00000261864', 'lENSG00000262652', 'lENSG00000263952', 'lENSG00000264107', 'lENSG00000264769', 'lENSG00000265168', 'lENSG00000265359', 'lENSG00000265554', 'lENSG00000265994', 'lENSG00000266839', 'lENSG00000267501', 'lENSG00000267633', 'lENSG00000268833', 'lENSG00000268981', 'lENSG00000269901', 'lENSG00000271579', 'lENSG00000271787', 'lENSG00000271833', 'lENSG00000272072', 'lENSG00000272661', 'lENSG00000272810', 'lENSG00000273257', 'lENSG00000273877', 'lENSG00000274678', 'lENSG00000275173', 'lENSG00000277639', 'lENSG00000278013', 'lENSG00000278766', 'lENSG00000279484', 'lENSG00000280455', 'lENSG00000283347', 'lENSG00000283457', 'lENSG00000284376', 'lENSG00000284699', 'lENSG00000285621', 'lENSG00000285699', 'lENSG00000286089', 'lENSG00000286474', 'lENSG00000286715', 'lENSG00000286722', 'lENSG00000286767', 'lENSG00000287006', 'lENSG00000287155', 'lENSG00000287358', 'lENSG00000287704', 'lENSG00000214955', 'lENSG00000224884', 'lENSG00000235337', 'lENSG00000248359', 'lENSG00000257715', 'lENSG00000258088', 'lENSG00000267581', 'lENSG00000251613', 'lENSG00000268166']","[0.0, 1.0, 0.0, 0.0, 1.0, 1.0, 1.0, 0.0, 1.0, 1.0, 1.0, 1.0, 0.0, 1.0, 1.0, 0.0, 0.0, 1.0, 1.0, 0.0, 1.0, 0.0, 0.0, 0.0, 1.0, 1.0, 1.0, 1.0, 1.0, 1.0, 1.0, 0.0, 0.0, 0.0, 1.0, 1.0, 1.0, 0.0, 1.0, 1.0, 1.0, 1.0, 0.0, 1.0, 0.0, 1.0, 0.0, 0.0, 1.0, 0.0, 0.0, 0.0, 1.0, 0.0, 0.0, 0.0, 0.0, 1.0, 1.0, 0.0, 0.0, 0.0, 0.0, 1.0, 0.0, 1.0, 1.0, 1.0, 0.0, 0.0, 0.0, 1.0, 0.0, 1.0, 1.0, 0.0, 0.0, 1.0, 0.0, 1.0, 0.0, 0.0, 0.0, 1.0, 1.0, 0.0, 0.0, 1.0, 1.0, 1.0, 0.0, 1.0, 1.0, 1.0, 1.0, 0.0, 1.0, 0.0, 0.0, 0.0, 1.0, 1.0, 0.0, 1.0, 1.0, 1.0, 0.0, 0.0, 0.0, 0.0, 0.0, 0.0, 1.0, 1.0, 1.0, 0.0, 0.0, 1.0, 1.0, 0.0, 1.0, 1.0, 1.0, 1.0, 1.0, 0.0, 1.0, 1.0, 0.0, 0.0, 1.0, 1.0, 0.0, 1.0, 1.0, 0.0, 1.0, 1.0, 1.0, 0.0, 0.0, 1.0, 0.0, 1.0, 0.0, 0.0, 0.0, 0.0, 0.0, 0.0, 0.0, 0.0, 1.0, 1.0, 1.0, 0.0, 0.0, 1.0, 1.0, 0.0, 0.0, 0.0, 0.0, 0.0, 1.0, 0.0, 0.0, 1.0, 0.0, 1.0, 0.0, 1.0, 1.0, 0.0, 0.0, 0.0, 1.0, 1.0, 0.0, 1.0, 0.0, 1.0, 0.0, 0.0, 1.0, 0.0, 0.0, 1.0, 0.0, 1.0, 1.0, 1.0, 1.0, 1.0, 0.0, 0.0, 0.0, 1.0, 0.0, 1.0, 0.0, 0.0, 0.0, 0.0, 1.0, 0.0, 0.0, 1.0, 1.0, 0.0, 0.0, 0.0, 1.0, 0.0, 0.0, 0.0, 0.0, 0.0, 0.0, 0.0, 1.0, 0.0, 1.0, 0.0, 1.0, 1.0, 1.0, 1.0, 0.0, 1.0, 1.0, 0.0, 0.0, 0.0, 1.0, 0.0, 1.0, 0.0, 0.0, 0.0, 0.0, 0.0, 1.0, 0.0, 0.0, 0.0, 1.0, 1.0, 0.0, 1.0, 1.0, 0.0, 0.0, 0.0, 0.0, 0.0, 0.0, 1.0, 1.0, 0.0, 0.0, 1.0, 1.0, 0.0, 1.0, 1.0, 0.0, 1.0, 0.0, 1.0, 0.0, 1.0, 0.0, 1.0, 1.0, 1.0, 1.0, 1.0, 0.0, 1.0, 0.0, 1.0, 1.0, 0.0, 1.0, 1.0, 1.0, 1.0, 0.0, 1.0, 0.0, 1.0, 0.0, 1.0, 0.0, 1.0, 1.0, 1.0, 0.0, 1.0, 0.0, 1.0, 0.0, 1.0, 0.0, 1.0, 1.0, 1.0, 1.0, 0.0, 0.0, 0.0, 1.0, 0.0, 1.0, 0.0, 0.0, 1.0, 1.0, 1.0, 0.0, 0.0, 0.0]","[1, 0, 1, 1, 0, 0, 1, 1, 0, 1, 1, 0, 1, 0, 0, 1, 0, 1, 1, 0, 1, 1, 0, 0, 0, 0, 1, 1, 0, 0, 0, 0, 1, 1, 0, 0, 1, 0, 0, 0, 1, 1, 1, 0, 1, 0, 0, 1, 1, 1, 0, 1, 0, 1, 0, 0, 1, 1, 0, 1, 1, 1, 1, 1, 1, 0, 0, 0, 0, 1, 1, 1, 0, 1, 1, 1, 0, 1, 0, 1, 1, 0, 1, 1, 1, 0, 0, 1, 1, 0, 1, 1, 0, 0, 0, 0, 0, 1, 0, 1, 1, 1, 0, 0, 1, 1, 1, 0, 1, 1, 1, 1, 0, 1, 1, 1, 1, 0, 1, 0, 0, 1, 1, 0, 0, 0, 0, 1, 0, 1, 0, 1, 1, 1, 1, 1, 0, 0, 0, 1, 1, 0, 1, 0, 1, 0, 1, 1, 1, 0, 1, 0, 0, 1, 0, 0, 0, 1, 1, 1, 1, 1, 0, 1, 1, 1, 0, 1, 0, 0, 0, 1, 1, 0, 1, 1, 1, 0, 0, 1, 1, 1, 0, 1, 1, 0, 0, 0, 1, 0, 1, 0, 0, 1, 1, 0, 0, 1, 0, 1, 0, 0, 0, 0, 1, 1, 0, 1, 1, 0, 1, 1, 0, 0, 1, 0, 1, 1, 1, 1, 1, 0, 0, 0, 0, 0, 0, 0, 0, 0, 0, 0, 1, 0, 1, 1, 1, 1, 1, 1, 0, 1, 0, 0, 1, 0, 1, 1, 1, 1, 1, 1, 1, 0, 0, 1, 0, 1, 0, 0, 1, 0, 1, 1, 1, 1, 0, 1, 0, 1, 1, 1, 1, 1, 0, 0, 1, 0, 1, 0, 1, 1, 1, 0, 1, 0, 0, 0, 0, 0, 1, 1, 0, 0, 0, 1, 0, 1, 1, 1, 0, 0, 0, 0, 1, 0, 1, 0, 0, 1, 0, 0, 1, 1, 1, 0, 0, 1, 0, 1, 0, 0, 1]","[0.07559554516759887, -0.06812301347371769, 0.12567090932025232, 0.004107578175007676, -0.0635814343200361, -0.08940653874341647, 0.18126506001963166, 0.11508335355582217, -0.006316585594706103, 0.05070127045498379, 0.079951156617656, -0.15742620790476997, 0.032475663622505146, -0.1663464097721819, -0.13792365935393663, 0.15922363385502697, -0.06840921306504916, 0.12693436304272282, 0.04367461918261156, -0.2531475199126892, 0.407805851529535, 0.0397911675023534, -0.189609984324898, -0.043890098880651485, -0.026954335243978333, -0.0072505375813128325, 0.40228129601231627, 0.21810950174970672, -0.06994898295249025, -0.01069715142106814, -0.1900343631984152, -0.20107820948908112, 0.11422004991908524, 0.17545863566017056, -0.03904559649482492, -0.05871797188216116, 0.2365043049368642, -0.21251289003097812, -0.07087749416298778, -0.0023280988826411275, 0.13915437172402528, 0.3806314611597505, 0.1623778230147454, -0.0808042157937115, 0.3728794837402311, -0.026371153425151006, -0.1094093651826627, 0.08195127033555755, 0.18281746694953588, 0.013424440921473602, -0.2373124031223624, 0.02836480984388151, -0.10804214132906603, 0.2783103320087021, -0.056193192874546105, -0.1015428770317986, 0.16346011160526647, 0.08274016204254048, -0.23027928203095588, 0.004358008636678734, 0.1252138354176004, 0.08724325593271581, 0.10602017809490055, 0.12544635219177586, 0.03602711234663308, -0.06651416128791349, -0.1956824631334842, -0.3606814908037706, -0.036648630418565864, 0.06503078437093363, 0.08945516723109387, 0.34003318456198167, -0.08371414435922869, 0.03607085774004787, 0.01811274359098286, 0.1298660962571096, -0.17289418683133478, 0.09135711816866093, -0.14606209606691506, 0.19115575351644581, 0.2006751821964356, -0.011125865696494819, 0.16332146634159, 0.010920345569008505, 0.21221774642873686, -0.1139371218713166, -0.10974299388983427, 0.09738995627709185, 0.0639885520345364, -0.1994779742621074, 0.026309092493254693, 0.18548417771281395, -0.18694788754138086, -0.3016346335309415, -0.23860649672553774, -0.007149421972172887, -0.1169408751138295, 0.3380226429974628, -0.2362675396471144, 0.2589896703953744, 0.31031810580318403, 0.00029166016559750707, -0.11667728940988825, -0.1073916101146129, 0.7459519140588895, 0.13583851847235312, 0.21549948770580046, -0.10810105605868708, 0.013027626832369188, 0.201262164145453, 0.053763809947648455, 0.2873328214359003, -0.2747309641047702, 0.06661592465309146, 0.09884481060751232, 0.07187464229520918, 0.007561584586146475, -0.18967151155394607, 0.03689004739596141, -0.21608590715001347, -0.011446971336134537, 0.16166712233285002, 0.04620669293433982, -0.0023243573166263354, -0.1201741180538472, -0.087412957131134, -0.07513345174792768, 0.02954286602297168, -0.23810087521977558, 0.023985957382202938, -0.049545745696738364, 0.03843736930398384, 0.13173697286346536, 0.16750761681414422, 0.10418882279037328, 0.1149168061821419, -0.07193788497869674, -0.18123485185051097, -0.10079566752040764, 0.127469718492712, 0.06551572284805024, -0.2739722024439529, 0.19364611492253786, -0.22943710729970063, 0.0030866715193695327, -0.07007690316612353, 0.19114306568416056, 0.0901076834034828, 0.08521238992359187, -0.0016880923490916744, 0.5933453580641648, -0.03929343088203391, -0.1685236938682984, 0.29176910713788823, -0.05111787865605205, -0.1431621910544521, -0.04875701552935047, 0.19375217959556362, 0.5204835514962554, 0.13879744755583528, 0.05589394206542225, 0.03317601915368712, -0.18383170482127836, 0.14185235665757373, 0.26599000037217996, 0.1955516084183197, -0.005400656941969173, 0.10300867036266842, -0.216978577571382, -0.056241523812871785, -0.20574104533666931, 0.27177574378415187, 0.050547377152251494, -0.1239092473339643, 0.20093369102943542, 0.11745801952141205, 0.019952542206945034, -0.02695522157073721, -0.1311582639420124, 0.027799772591962257, 0.028980026646712564, 0.08599672295038013, -0.25081759878284743, 0.12263902330751358, 0.029458757020506654, -0.39455332450915487, -0.09462645054842517, -0.21058646915719242, 0.07958525104398267, -0.26420386551965797, 0.04674171302673352, -0.13819303116342013, -0.02367182127905748, 0.10552256125384302, 0.0990620043405323, -0.11853741413528512, -0.23472741486554455, 0.0923034402446889, -0.026452579920187402, 0.12190861693148575, -0.06318165886211441, -0.3023601802816485, -0.29160538594071556, -0.19117855385004395, 0.19884404446574727, 0.15734049532430666, -0.09102971664703668, 0.16851939216912365, 0.2262954208623124, -0.03913399304255322, 0.052957438181285565, 0.1743134734378579, -0.09963381776380636, -0.03078137810671594, 0.08913713643440552, -0.02125645294738071, 0.11838744623642133, 0.4923684726978283, 0.3668650014528109, 0.3282626534294248, 0.05520833637340011, -0.06910349061888793, -0.09539093863888898, -0.0525617520336375, -0.057072043636074155, -0.15462075373774514, -0.5224154251846427, -0.36560387288102364, -0.1132617079630685, -0.09644633596636548, -0.05193366442138109, -0.13771604718329927, 0.3317030328680825, -0.005989851832152893, 0.09429432303964708, 0.10681268025714225, 0.5369223201364264, 0.14400822165871746, 0.08819119145313431, 0.051489625958497987, -0.04593575054934457, 0.18409167762861273, -0.06331060755705892, -0.09322239457933318, 0.14049412899182284, -0.061047356748008375, 0.03825958484853137, 0.36139379016159484, 0.24941860902786533, 0.09868773179710905, 0.11405344692451885, 0.0468378892964782, 0.011278664593356635, -0.11096237524899749, -0.0726254984700479, 0.09450492918110015, -0.1729739126618775, 0.019496635963194675, -0.26812313726094944, -0.023582267640150312, 0.31516641712913923, -0.17348968209322818, 0.40715332031426404, 0.015720216161486833, 0.07946789055256914, 0.01107583223571934, -0.08701079767844627, 0.11624863430162152, -0.2976520074714274, 0.3106870313486593, 0.08351120033021425, 0.04543754793810212, 0.055710612379550495, 0.18111718446343777, -0.01232188529314554, -0.010046842988981786, 0.1265291868102329, -0.0035981028726875253, 0.09445458764938292, -0.15275288344863364, 0.08247067849455408, 0.5104987803319543, 0.1738223908602778, -0.012145020477793589, 0.2988516434445722, -0.010270733608396532, -0.087751692502885, -0.08465986982963974, -0.20691577902691055, -0.28299129796493944, 0.19421061644572019, 0.21260878724258653, -0.16642677758828267, -0.24817793893779122, -0.004298422322741635, 0.16022297461825236, -0.11592483324517794, 0.11637723045962661, 0.18866406471858393, 0.23259449782576297, -0.05200755961816311, -0.05456068393983454, -0.12181181408533398, -0.12079193482198974, 0.013881020015917345, -0.09021190333007906, 0.12130065210167168, -0.13138135733848572, -0.14643145930250917, 0.2181568522634864, -0.20220479934839314, -0.016396293099628922, 0.21365556587187745, 0.07365928312505993, 0.0928320107087614, -0.16031459733103098, -0.06566067484160426, 0.1696439046731632, -0.0957663955101023, 0.20941524700402153, -0.101781870378221, -0.08226717748275197, 0.19980020503601809]"
2,"['lNONHSAG000008', 'lNONHSAG000047', 'lNONHSAG000059', 'lNONHSAG000069', 'lNONHSAG000130', 'lNONHSAG000158', 'lNONHSAG000195', 'lNONHSAG000241', 'lNONHSAG000253', 'lNONHSAG000310', 'lNONHSAG000311', 'lNONHSAG000374', 'lNONHSAG000381', 'lNONHSAG000464', 'lNONHSAG000484', 'lNONHSAG000498', 'lNONHSAG000579', 'lNONHSAG000584', 'lNONHSAG000603', 'lNONHSAG000625', 'lNONHSAG000742', 'lNONHSAG000769', 'lNONHSAG000840', 'lNONHSAG000843', 'lNONHSAG000863', 'lNONHSAG000918', 'lNONHSAG000938', 'lNONHSAG000967', 'lNONHSAG001142', 'lNONHSAG001172', 'lNONHSAG001247', 'lNONHSAG001259', 'lNONHSAG001278', 'lNONHSAG001284', 'lNONHSAG001360', 'lNONHSAG001375', 'lNONHSAG001448', 'lNONHSAG001468', 'lNONHSAG001499', 'lNONHSAG001513', 'lNONHSAG001696', 'lNONHSAG001724', 'lNONHSAG001773', 'lNONHSAG001837', 'lNONHSAG001941', 'lNONHSAG001993', 'lNONHSAG002058', 'lNONHSAG002086', 'lNONHSAG002134', 'lNONHSAG002135', 'lNONHSAG002343', 'lNONHSAG002359', 'lNONHSAG002376', 'lNONHSAG002454', 'lNONHSAG002549', 'lNONHSAG002617', 'lNONHSAG002669', 'lNONHSAG002701', 'lNONHSAG002719', 'lNONHSAG002731', 'lNONHSAG002752', 'lNONHSAG002859', 'lNONHSAG002978', 'lNONHSAG003056', 'lNONHSAG003068', 'lNONHSAG003074', 'lNONHSAG003119', 'lNONHSAG003134', 'lNONHSAG003156', 'lNONHSAG003198', 'lNONHSAG003244', 'lNONHSAG003260', 'lNONHSAG003303', 'lNONHSAG003374', 'lNONHSAG003504', 'lNONHSAG003505', 'lNONHSAG003512', 'lNONHSAG003645', 'lNONHSAG003820', 'lNONHSAG003884', 'lNONHSAG003886', 'lNONHSAG003900', 'lNONHSAG003911', 'lNONHSAG003912', 'lNONHSAG003938', 'lNONHSAG003957', 'lNONHSAG003976', 'lNONHSAG004013', 'lNONHSAG004026', 'lNONHSAG004054', 'lNONHSAG004095', 'lNONHSAG004247', 'lNONHSAG004303', 'lNONHSAG004305', 'lNONHSAG004373', 'lNONHSAG004619', 'lNONHSAG004673', 'lNONHSAG004674', 'lNONHSAG004743', 'lNONHSAG004779', 'lNONHSAG005084', 'lNONHSAG005153', 'lNONHSAG005339', 'lNONHSAG005377', 'lNONHSAG005403', 'lNONHSAG005482', 'lNONHSAG005669', 'lNONHSAG005699', 'lNONHSAG005711', 'lNONHSAG005721', 'lNONHSAG005728', 'lNONHSAG005732', 'lNONHSAG005780', 'lNONHSAG005838', 'lNONHSAG005866', 'lNONHSAG005920', 'lNONHSAG006007', 'lNONHSAG006049', 'lNONHSAG006050', 'lNONHSAG006054', 'lNONHSAG006071', 'lNONHSAG006163', 'lNONHSAG006212', 'lNONHSAG006238', 'lNONHSAG006301', 'lNONHSAG006341', 'lNONHSAG006362', 'lNONHSAG006457', 'lNONHSAG006474', 'lNONHSAG006477', 'lNONHSAG006526', 'lNONHSAG006633', 'lNONHSAG006678', 'lNONHSAG006692', 'lNONHSAG006735', 'lNONHSAG006756', 'lNONHSAG006763', 'lNONHSAG006772', 'lNONHSAG006865', 'lNONHSAG006945', 'lNONHSAG006966', 'lNONHSAG007109', 'lNONHSAG007295', 'lNONHSAG007324', 'lNONHSAG007384', 'lNONHSAG007430', 'lNONHSAG007431', 'lNONHSAG007455', 'lNONHSAG007463', 'lNONHSAG007487', 'lNONHSAG007602', 'lNONHSAG007631', 'lNONHSAG007692', 'lNONHSAG007708', 'lNONHSAG007715', 'lNONHSAG007868', 'lNONHSAG007961', 'lNONHSAG007983', 'lNONHSAG008056', 'lNONHSAG008167', 'lNONHSAG008199', 'lNONHSAG008220', 'lNONHSAG008354', 'lNONHSAG008517', 'lNONHSAG008540', 'lNONHSAG008552', 'lNONHSAG008589', 'lNONHSAG008615', 'lNONHSAG008670', 'lNONHSAG008675', 'lNONHSAG008693', 'lNONHSAG008726', 'lNONHSAG008728', 'lNONHSAG008759', 'lNONHSAG008859', 'lNONHSAG008952', 'lNONHSAG008966', 'lNONHSAG009021', 'lNONHSAG009039', 'lNONHSAG009059', 'lNONHSAG009062', 'lNONHSAG009124', 'lNONHSAG009130', 'lNONHSAG009133', 'lNONHSAG009134', 'lNONHSAG009174', 'lNONHSAG009193', 'lNONHSAG009228', 'lNONHSAG009544', 'lNONHSAG009546', 'lNONHSAG009613', 'lNONHSAG009636', 'lNONHSAG009728', 'lNONHSAG009747', 'lNONHSAG009755', 'lNONHSAG009757', 'lNONHSAG009782', 'lNONHSAG009913', 'lNONHSAG009938', 'lNONHSAG009945', 'lNONHSAG009950', 'lNONHSAG009968', 'lNONHSAG009989', 'lNONHSAG010021', 'lNONHSAG010117', 'lNONHSAG010179', 'lNONHSAG010184', 'lNONHSAG010186', 'lNONHSAG010189', 'lNONHSAG010190', 'lNONHSAG010194', 'lNONHSAG010200', 'lNONHSAG010348', 'lNONHSAG010352', 'lNONHSAG010405', 'lNONHSAG010416', 'lNONHSAG010543', 'lNONHSAG010657', 'lNONHSAG010658', 'lNONHSAG010716', 'lNONHSAG010792', 'lNONHSAG010798', 'lNONHSAG010989', 'lNONHSAG011028', 'lNONHSAG011057', 'lNONHSAG011070', 'lNONHSAG011084', 'lNONHSAG011086', 'lNONHSAG011090', 'lNONHSAG011121', 'lNONHSAG011125', 'lNONHSAG011211', 'lNONHSAG011230', 'lNONHSAG011264', 'lNONHSAG011337', 'lNONHSAG011343', 'lNONHSAG011375', 'lNONHSAG011439', 'lNONHSAG011446', 'lNONHSAG011518', 'lNONHSAG011576', 'lNONHSAG011633', 'lNONHSAG011658', 'lNONHSAG011790', 'lNONHSAG011854', 'lNONHSAG011870', 'lNONHSAG011935', 'lNONHSAG012025', 'lNONHSAG012076', 'lNONHSAG012077', 'lNONHSAG012099', 'lNONHSAG012303', 'lNONHSAG012339', 'lNONHSAG012367', 'lNONHSAG012375', 'lNONHSAG012423', 'lNONHSAG012476', 'lNONHSAG012505', 'lNONHSAG012534', 'lNONHSAG012540', 'lNONHSAG012549', 'lNONHSAG012555', 'lNONHSAG012594', 'lNONHSAG012614', 'lNONHSAG012617', 'lNONHSAG012751', 'lNONHSAG012791', 'lNONHSAG013005', 'lNONHSAG013095', 'lNONHSAG013098', 'lNONHSAG013109', 'lNONHSAG013388', 'lNONHSAG013431', 'lNONHSAG013475', 'lNONHSAG013515', 'lNONHSAG013534', 'lNONHSAG013568', 'lNONHSAG013708', 'lNONHSAG013730', 'lNONHSAG013790', 'lNONHSAG013809', 'lNONHSAG013912', 'lNONHSAG013917', 'lNONHSAG013940', 'lNONHSAG013944', 'lNONHSAG013946', 'lNONHSAG013954', 'lNONHSAG013992', 'lNONHSAG014112', 'lNONHSAG014130', 'lNONHSAG014267', 'lNONHSAG014289', 'lNONHSAG014332', 'lNONHSAG014372', 'lNONHSAG014373', 'lNONHSAG014381', 'lNONHSAG014496', 'lNONHSAG014502', 'lNONHSAG014546', 'lNONHSAG014562', 'lNONHSAG014591', 'lNONHSAG014672', 'lNONHSAG014679', 'lNONHSAG014730', 'lNONHSAG014890', 'lNONHSAG014891', 'lNONHSAG014914', 'lNONHSAG015044', 'lNONHSAG015163', 'lNONHSAG015215', 'lNONHSAG015234', 'lNONHSAG015417', 'lNONHSAG015454', 'lNONHSAG015461', 'lNONHSAG015505', 'lNONHSAG015591', 'lNONHSAG015623', 'lNONHSAG015692', 'lNONHSAG015723', 'lNONHSAG015787', 'lNONHSAG015788', 'lNONHSAG016021', 'lNONHSAG016068', 'lNONHSAG016118', 'lNONHSAG016199', 'lNONHSAG016307', 'lNONHSAG016395', 'lNONHSAG016486', 'lNONHSAG016487', 'lNONHSAG016576', 'lNONHSAG016611', 'lNONHSAG016618', 'lNONHSAG016623', 'lNONHSAG016741', 'lNONHSAG016771', 'lNONHSAG016822', 'lNONHSAG016893', 'lNONHSAG017020', 'lNONHSAG017060', 'lNONHSAG017232', 'lNONHSAG017238', 'lNONHSAG017254', 'lNONHSAG017282', 'lNONHSAG017288', 'lNONHSAG017344', 'lNONHSAG017347', 'lNONHSAG017349', 'lNONHSAG017376', 'lNONHSAG017377', 'lNONHSAG017379', 'lNONHSAG017417', 'lNONHSAG017486', 'lNONHSAG017504', 'lNONHSAG017567', 'lNONHSAG017666', 'lNONHSAG017767', 'lNONHSAG017783', 'lNONHSAG017882', 'lNONHSAG017890', 'lNONHSAG017899', 'lNONHSAG018053', 'lNONHSAG018054', 'lNONHSAG018058', 'lNONHSAG018110', 'lNONHSAG018180', 'lNONHSAG018236', 'lNONHSAG018313', 'lNONHSAG018322', 'lNONHSAG018326', 'lNONHSAG018341', 'lNONHSAG018344', 'lNONHSAG018372', 'lNONHSAG018374', 'lNONHSAG018414', 'lNONHSAG018415', 'lNONHSAG018416', 'lNONHSAG018417', 'lNONHSAG018420', 'lNONHSAG018461', 'lNONHSAG018530', 'lNONHSAG018586', 'lNONHSAG018621', 'lNONHSAG018635', 'lNONHSAG018656', 'lNONHSAG018659', 'lNONHSAG018709', 'lNONHSAG018711', 'lNONHSAG018829', 'lNONHSAG018889', 'lNONHSAG018893', 'lNONHSAG018903', 'lNONHSAG018980', 'lNONHSAG019003', 'lNONHSAG019012', 'lNONHSAG019021', 'lNONHSAG019023', 'lNONHSAG019049', 'lNONHSAG019051', 'lNONHSAG019090', 'lNONHSAG019115', 'lNONHSAG019134', 'lNONHSAG019158', 'lNONHSAG019221', 'lNONHSAG019270', 'lNONHSAG019332', 'lNONHSAG019370', 'lNONHSAG019439', 'lNONHSAG019493', 'lNONHSAG019569', 'lNONHSAG019613', 'lNONHSAG019667', 'lNONHSAG019670', 'lNONHSAG019711', 'lNONHSAG019767', 'lNONHSAG019813', 'lNONHSAG019848', 'lNONHSAG019852', 'lNONHSAG019878', 'lNONHSAG019898', 'lNONHSAG019967', 'lNONHSAG020053', 'lNONHSAG020066', 'lNONHSAG020068', 'lNONHSAG020075', 'lNONHSAG020091', 'lNONHSAG020153', 'lNONHSAG020155', 'lNONHSAG020252', 'lNONHSAG020259', 'lNONHSAG020260', 'lNONHSAG020273', 'lNONHSAG020274', 'lNONHSAG020278', 'lNONHSAG020281', 'lNONHSAG020298', 'lNONHSAG020304', 'lNONHSAG020307', 'lNONHSAG020312', 'lNONHSAG020321', 'lNONHSAG020325', 'lNONHSAG020339', 'lNONHSAG020361', 'lNONHSAG020367', 'lNONHSAG020372', 'lNONHSAG020374', 'lNONHSAG020382', 'lNONHSAG020403', 'lNONHSAG020474', 'lNONHSAG020476', 'lNONHSAG020600', 'lNONHSAG020616', 'lNONHSAG020729', 'lNONHSAG020731', 'lNONHSAG020755', 'lNONHSAG020760', 'lNONHSAG020762', 'lNONHSAG020771', 'lNONHSAG020869', 'lNONHSAG020957', 'lNONHSAG020990', 'lNONHSAG021042', 'lNONHSAG021072', 'lNONHSAG021307', 'lNONHSAG021309', 'lNONHSAG021315', 'lNONHSAG021335', 'lNONHSAG021342', 'lNONHSAG021347', 'lNONHSAG021370', 'lNONHSAG021390', 'lNONHSAG021400', 'lNONHSAG021408', 'lNONHSAG021410', 'lNONHSAG021431', 'lNONHSAG021432', 'lNONHSAG021433', 'lNONHSAG021471', 'lNONHSAG021557', 'lNONHSAG021566', 'lNONHSAG021567', 'lNONHSAG021584', 'lNONHSAG021638', 'lNONHSAG021641', 'lNONHSAG021698', 'lNONHSAG021780', 'lNONHSAG021820', 'lNONHSAG021874', 'lNONHSAG021878', 'lNONHSAG021893', 'lNONHSAG021909', 'lNONHSAG021976', 'lNONHSAG021981', 'lNONHSAG022009', 'lNONHSAG022058', 'lNONHSAG022078', 'lNONHSAG022094', 'lNONHSAG022103', 'lNONHSAG022110', 'lNONHSAG022125', 'lNONHSAG022127', 'lNONHSAG022162', 'lNONHSAG022328', 'lNONHSAG022339', 'lNONHSAG022378', 'lNONHSAG022495', 'lNONHSAG022510', 'lNONHSAG022551', 'lNONHSAG022579', 'lNONHSAG022595', 'lNONHSAG022655', 'lNONHSAG022690', 'lNONHSAG022750', 'lNONHSAG022806', 'lNONHSAG022836', 'lNONHSAG022851', 'lNONHSAG022888', 'lNONHSAG022893', 'lNONHSAG022965', 'lNONHSAG022972', 'lNONHSAG022980', 'lNONHSAG022982', 'lNONHSAG023003', 'lNONHSAG023073', 'lNONHSAG023175', 'lNONHSAG023237', 'lNONHSAG023375', 'lNONHSAG023387', 'lNONHSAG023392', 'lNONHSAG023494', 'lNONHSAG023512', 'lNONHSAG023553', 'lNONHSAG023579', 'lNONHSAG023598', 'lNONHSAG023614', 'lNONHSAG023630', 'lNONHSAG023633', 'lNONHSAG023661', 'lNONHSAG023668', 'lNONHSAG023864', 'lNONHSAG023885', 'lNONHSAG023930', 'lNONHSAG023964', 'lNONHSAG024117', 'lNONHSAG024141', 'lNONHSAG024146', 'lNONHSAG024224', 'lNONHSAG024244', 'lNONHSAG024282', 'lNONHSAG024332', 'lNONHSAG024340', 'lNONHSAG024341', 'lNONHSAG024354', 'lNONHSAG024361', 'lNONHSAG024362', 'lNONHSAG024364', 'lNONHSAG024381', 'lNONHSAG024391', 'lNONHSAG024393', 'lNONHSAG024395', 'lNONHSAG024428', 'lNONHSAG024540', 'lNONHSAG024542', 'lNONHSAG024637', 'lNONHSAG024668', 'lNONHSAG024671', 'lNONHSAG024676', 'lNONHSAG024681', 'lNONHSAG024741', 'lNONHSAG024809', 'lNONHSAG024810', 'lNONHSAG024818', 'lNONHSAG024826', 'lNONHSAG024903', 'lNONHSAG024905', 'lNONHSAG024908', 'lNONHSAG024913', 'lNONHSAG024921', 'lNONHSAG024923', 'lNONHSAG024925', 'lNONHSAG024979', 'lNONHSAG025011', 'lNONHSAG025135', 'lNONHSAG025137', 'lNONHSAG025157', 'lNONHSAG025185', 'lNONHSAG025319', 'lNONHSAG025352', 'lNONHSAG025609', 'lNONHSAG025712', 'lNONHSAG025743', 'lNONHSAG025744', 'lNONHSAG025864', 'lNONHSAG025865', 'lNONHSAG025867', 'lNONHSAG025907', 'lNONHSAG025934', 'lNONHSAG025939', 'lNONHSAG025964', 'lNONHSAG025997', 'lNONHSAG026053', 'lNONHSAG026089', 'lNONHSAG026103', 'lNONHSAG026153', 'lNONHSAG026176', 'lNONHSAG026205', 'lNONHSAG026274', 'lNONHSAG026386', 'lNONHSAG026575', 'lNONHSAG026631', 'lNONHSAG026661', 'lNONHSAG026720', 'lNONHSAG026721', 'lNONHSAG026737', 'lNONHSAG026743', 'lNONHSAG026781', 'lNONHSAG026794', 'lNONHSAG026852', 'lNONHSAG026854', 'lNONHSAG026856', 'lNONHSAG027017', 'lNONHSAG027075', 'lNONHSAG027110', 'lNONHSAG027276', 'lNONHSAG027278', 'lNONHSAG027323', 'lNONHSAG027342', 'lNONHSAG027374', 'lNONHSAG027421', 'lNONHSAG027598', 'lNONHSAG027618', 'lNONHSAG027675', 'lNONHSAG027682', 'lNONHSAG027694', 'lNONHSAG027709', 'lNONHSAG027837', 'lNONHSAG027874', 'lNONHSAG027876', 'lNONHSAG028045', 'lNONHSAG028083', 'lNONHSAG028093', 'lNONHSAG028112', 'lNONHSAG028141', 'lNONHSAG028142', 'lNONHSAG028159', 'lNONHSAG028713', 'lNONHSAG028720', 'lNONHSAG028817', 'lNONHSAG028820', 'lNONHSAG028857', 'lNONHSAG028870', 'lNONHSAG028913', 'lNONHSAG028918', 'lNONHSAG028948', 'lNONHSAG028996', 'lNONHSAG029080', 'lNONHSAG029124', 'lNONHSAG029267', 'lNONHSAG029312', 'lNONHSAG029336', 'lNONHSAG029377', 'lNONHSAG029467', 'lNONHSAG029668', 'lNONHSAG029792', 'lNONHSAG029830', 'lNONHSAG029873', 'lNONHSAG029880', 'lNONHSAG029933', 'lNONHSAG029956', 'lNONHSAG029957', 'lNONHSAG029958', 'lNONHSAG029959', 'lNONHSAG029960', 'lNONHSAG029961', 'lNONHSAG029962', 'lNONHSAG029964', 'lNONHSAG029965', 'lNONHSAG029985', 'lNONHSAG030074', 'lNONHSAG030113', 'lNONHSAG030258', 'lNONHSAG030278', 'lNONHSAG030279', 'lNONHSAG030304', 'lNONHSAG030410', 'lNONHSAG030440', 'lNONHSAG030516', 'lNONHSAG030525', 'lNONHSAG030582', 'lNONHSAG030583', 'lNONHSAG030738', 'lNONHSAG030739', 'lNONHSAG030742', 'lNONHSAG031035', 'lNONHSAG031123', 'lNONHSAG031261', 'lNONHSAG031385', 'lNONHSAG031425', 'lNONHSAG031452', 'lNONHSAG031453', 'lNONHSAG031456', 'lNONHSAG031481', 'lNONHSAG031563', 'lNONHSAG031565', 'lNONHSAG031581', 'lNONHSAG031636', 'lNONHSAG031696', 'lNONHSAG031853', 'lNONHSAG031900', 'lNONHSAG031913', 'lNONHSAG031991', 'lNONHSAG032063', 'lNONHSAG032126', 'lNONHSAG032247', 'lNONHSAG032267', 'lNONHSAG032297', 'lNONHSAG032302', 'lNONHSAG032309', 'lNONHSAG032312', 'lNONHSAG032537', 'lNONHSAG032664', 'lNONHSAG032724', 'lNONHSAG032735', 'lNONHSAG032737', 'lNONHSAG032748', 'lNONHSAG032750', 'lNONHSAG033027', 'lNONHSAG033105', 'lNONHSAG033107', 'lNONHSAG033121', 'lNONHSAG033168', 'lNONHSAG033170', 'lNONHSAG033224', 'lNONHSAG033254', 'lNONHSAG033263', 'lNONHSAG033266', 'lNONHSAG033298', 'lNONHSAG033328', 'lNONHSAG033334', 'lNONHSAG033342', 'lNONHSAG033348', 'lNONHSAG033352', 'lNONHSAG033368', 'lNONHSAG033386', 'lNONHSAG033390', 'lNONHSAG033435', 'lNONHSAG033459', 'lNONHSAG033471', 'lNONHSAG033480', 'lNONHSAG033528', 'lNONHSAG033589', 'lNONHSAG033611', 'lNONHSAG033645', 'lNONHSAG033691', 'lNONHSAG033716', 'lNONHSAG033735', 'lNONHSAG033748', 'lNONHSAG033810', 'lNONHSAG033862', 'lNONHSAG033896', 'lNONHSAG033898', 'lNONHSAG033899', 'lNONHSAG033937', 'lNONHSAG033940', 'lNONHSAG034006', 'lNONHSAG034014', 'lNONHSAG034021', 'lNONHSAG034032', 'lNONHSAG034217', 'lNONHSAG034316', 'lNONHSAG034417', 'lNONHSAG034492', 'lNONHSAG034508', 'lNONHSAG034527', 'lNONHSAG034676', 'lNONHSAG034678', 'lNONHSAG034801', 'lNONHSAG034845', 'lNONHSAG034846', 'lNONHSAG034935', 'lNONHSAG034973', 'lNONHSAG035096', 'lNONHSAG035103', 'lNONHSAG035262', 'lNONHSAG035287', 'lNONHSAG035382', 'lNONHSAG035456', 'lNONHSAG035568', 'lNONHSAG035806', 'lNONHSAG035914', 'lNONHSAG035916', 'lNONHSAG035919', 'lNONHSAG035923', 'lNONHSAG036054', 'lNONHSAG036115', 'lNONHSAG036120', 'lNONHSAG036255', 'lNONHSAG036263', 'lNONHSAG036273', 'lNONHSAG036403', 'lNONHSAG036412', 'lNONHSAG036413', 'lNONHSAG036612', 'lNONHSAG036615', 'lNONHSAG036667', 'lNONHSAG036718', 'lNONHSAG036783', 'lNONHSAG036922', 'lNONHSAG036926', 'lNONHSAG037025', 'lNONHSAG037061', 'lNONHSAG037072', 'lNONHSAG037080', 'lNONHSAG037082', 'lNONHSAG037083', 'lNONHSAG037096', 'lNONHSAG037137', 'lNONHSAG037146', 'lNONHSAG037164', 'lNONHSAG037241', 'lNONHSAG037420', 'lNONHSAG037559', 'lNONHSAG037827', 'lNONHSAG037891', 'lNONHSAG037936', 'lNONHSAG037946', 'lNONHSAG038001', 'lNONHSAG038024', 'lNONHSAG038060', 'lNONHSAG038091', 'lNONHSAG038162', 'lNONHSAG038343', 'lNONHSAG038344', 'lNONHSAG038397', 'lNONHSAG038530', 'lNONHSAG038561', 'lNONHSAG038578', 'lNONHSAG038663', 'lNONHSAG038676', 'lNONHSAG038682', 'lNONHSAG038836', 'lNONHSAG039037', 'lNONHSAG039147', 'lNONHSAG039293', 'lNONHSAG039319', 'lNONHSAG039617', 'lNONHSAG039620', 'lNONHSAG039634', 'lNONHSAG039637', 'lNONHSAG039654', 'lNONHSAG039664', 'lNONHSAG039669', 'lNONHSAG039749', 'lNONHSAG039872', 'lNONHSAG039951', 'lNONHSAG040188', 'lNONHSAG040226', 'lNONHSAG040241', 'lNONHSAG040269', 'lNONHSAG040320', 'lNONHSAG040329', 'lNONHSAG040408', 'lNONHSAG040444', 'lNONHSAG040481', 'lNONHSAG040542', 'lNONHSAG040544', 'lNONHSAG040560', 'lNONHSAG040601', 'lNONHSAG040692', 'lNONHSAG040700', 'lNONHSAG040729', 'lNONHSAG040804', 'lNONHSAG040859', 'lNONHSAG040870', 'lNONHSAG040909', 'lNONHSAG040945', 'lNONHSAG040958', 'lNONHSAG040969', 'lNONHSAG040976', 'lNONHSAG041002', 'lNONHSAG041023', 'lNONHSAG041241', 'lNONHSAG041250', 'lNONHSAG041256', 'lNONHSAG041257', 'lNONHSAG041480', 'lNONHSAG041528', 'lNONHSAG041529', 'lNONHSAG041592', 'lNONHSAG041670', 'lNONHSAG041707', 'lNONHSAG041716', 'lNONHSAG041758', 'lNONHSAG041844', 'lNONHSAG041883', 'lNONHSAG041938', 'lNONHSAG041966', 'lNONHSAG041981', 'lNONHSAG042033', 'lNONHSAG042050', 'lNONHSAG042062', 'lNONHSAG042080', 'lNONHSAG042132', 'lNONHSAG042138', 'lNONHSAG042257', 'lNONHSAG042270', 'lNONHSAG042307', 'lNONHSAG042370', 'lNONHSAG042433', 'lNONHSAG042476', 'lNONHSAG042491', 'lNONHSAG042500', 'lNONHSAG042722', 'lNONHSAG042724', 'lNONHSAG042836', 'lNONHSAG042855', 'lNONHSAG042957', 'lNONHSAG042966', 'lNONHSAG042970', 'lNONHSAG042991', 'lNONHSAG043138', 'lNONHSAG043159', 'lNONHSAG043250', 'lNONHSAG043433', 'lNONHSAG043592', 'lNONHSAG043625', 'lNONHSAG043657', 'lNONHSAG043770', 'lNONHSAG043851', 'lNONHSAG043934', 'lNONHSAG044022', 'lNONHSAG044041', 'lNONHSAG044283', 'lNONHSAG044350', 'lNONHSAG044406', 'lNONHSAG044429', 'lNONHSAG044624', 'lNONHSAG044666', 'lNONHSAG044709', 'lNONHSAG044751', 'lNONHSAG044791', 'lNONHSAG045131', 'lNONHSAG045163', 'lNONHSAG045166', 'lNONHSAG045306', 'lNONHSAG045383', 'lNONHSAG045430', 'lNONHSAG046722', 'lNONHSAG046765', 'lNONHSAG046781', 'lNONHSAG046811', 'lNONHSAG046839', 'lNONHSAG046953', 'lNONHSAG047182', 'lNONHSAG047191', 'lNONHSAG047197', 'lNONHSAG047260', 'lNONHSAG047319', 'lNONHSAG047433', 'lNONHSAG047463', 'lNONHSAG047471', 'lNONHSAG047507', 'lNONHSAG047543', 'lNONHSAG047544', 'lNONHSAG047547', 'lNONHSAG047619', 'lNONHSAG047620', 'lNONHSAG047725', 'lNONHSAG047792', 'lNONHSAG047796', 'lNONHSAG047830', 'lNONHSAG047840', 'lNONHSAG047842', 'lNONHSAG047851', 'lNONHSAG047951', 'lNONHSAG047973', 'lNONHSAG047974', 'lNONHSAG048057', 'lNONHSAG048101', 'lNONHSAG048114', 'lNONHSAG048189', 'lNONHSAG048191', 'lNONHSAG048201', 'lNONHSAG048228', 'lNONHSAG048231', 'lNONHSAG048270', 'lNONHSAG048302', 'lNONHSAG048323', 'lNONHSAG048354', 'lNONHSAG048439', 'lNONHSAG048464', 'lNONHSAG048598', 'lNONHSAG048602', 'lNONHSAG048610', 'lNONHSAG048623', 'lNONHSAG048624', 'lNONHSAG048626', 'lNONHSAG048641', 'lNONHSAG048682', 'lNONHSAG048695', 'lNONHSAG048781', 'lNONHSAG048817', 'lNONHSAG049037', 'lNONHSAG049050', 'lNONHSAG049051', 'lNONHSAG049119', 'lNONHSAG049129', 'lNONHSAG049185', 'lNONHSAG049191', 'lNONHSAG049288', 'lNONHSAG049303', 'lNONHSAG049356', 'lNONHSAG049421', 'lNONHSAG049626', 'lNONHSAG049655', 'lNONHSAG049754', 'lNONHSAG049901', 'lNONHSAG050073', 'lNONHSAG050104', 'lNONHSAG050167', 'lNONHSAG050168', 'lNONHSAG050272', 'lNONHSAG050284', 'lNONHSAG050345', 'lNONHSAG050423', 'lNONHSAG050445', 'lNONHSAG050493', 'lNONHSAG050518', 'lNONHSAG050670', 'lNONHSAG050725', 'lNONHSAG050769', 'lNONHSAG050786', 'lNONHSAG050815', 'lNONHSAG050929', 'lNONHSAG050985', 'lNONHSAG051010', 'lNONHSAG051015', 'lNONHSAG051166', 'lNONHSAG051196', 'lNONHSAG051245', 'lNONHSAG051250', 'lNONHSAG051255', 'lNONHSAG051259', 'lNONHSAG051260', 'lNONHSAG051263', 'lNONHSAG051266', 'lNONHSAG051291', 'lNONHSAG051448', 'lNONHSAG051454', 'lNONHSAG051484', 'lNONHSAG051514', 'lNONHSAG051517', 'lNONHSAG051523', 'lNONHSAG051542', 'lNONHSAG051567', 'lNONHSAG051568', 'lNONHSAG051603', 'lNONHSAG051770', 'lNONHSAG051898', 'lNONHSAG051958', 'lNONHSAG052046', 'lNONHSAG052082', 'lNONHSAG052097', 'lNONHSAG052119', 'lNONHSAG052151', 'lNONHSAG052179', 'lNONHSAG052459', 'lNONHSAG052491', 'lNONHSAG052492', 'lNONHSAG052495', 'lNONHSAG052510', 'lNONHSAG052511', 'lNONHSAG052609', 'lNONHSAG052680', 'lNONHSAG052709', 'lNONHSAG052853', 'lNONHSAG052908', 'lNONHSAG052925', 'lNONHSAG052929', 'lNONHSAG052931', 'lNONHSAG052933', 'lNONHSAG052943', 'lNONHSAG053014', 'lNONHSAG053028', 'lNONHSAG053033', 'lNONHSAG053082', 'lNONHSAG053108', 'lNONHSAG053162', 'lNONHSAG053228', 'lNONHSAG053419', 'lNONHSAG053456', 'lNONHSAG053499', 'lNONHSAG053502', 'lNONHSAG053546', 'lNONHSAG053547', 'lNONHSAG053590', 'lNONHSAG053602', 'lNONHSAG053626', 'lNONHSAG053631', 'lNONHSAG053651', 'lNONHSAG053716', 'lNONHSAG053719', 'lNONHSAG053748', 'lNONHSAG053796', 'lNONHSAG053802', 'lNONHSAG053842', 'lNONHSAG054024', 'lNONHSAG054038', 'lNONHSAG054212', 'lNONHSAG054213', 'lNONHSAG054214', 'lNONHSAG054215', 'lNONHSAG054360', 'lNONHSAG054432', 'lNONHSAG054699', 'lNONHSAG054717', 'lNONHSAG054718', 'lNONHSAG054780', 'lNONHSAG054791', 'lNONHSAG054807', 'lNONHSAG054832', 'lNONHSAG055088', 'lNONHSAG055092', 'lNONHSAG055151', 'lNONHSAG055258', 'lNONHSAG055350', 'lNONHSAG055418', 'lNONHSAG055546', 'lNONHSAG055558', 'lNONHSAG055565', 'lNONHSAG055577', 'lNONHSAG055582', 'lNONHSAG056025', 'lNONHSAG056053', 'lNONHSAG056451', 'lNONHSAG056733', 'lNONHSAG056746', 'lNONHSAG056868', 'lNONHSAG056875', 'lNONHSAG057043', 'lNONHSAG057222', 'lNONHSAG057260', 'lNONHSAG058006', 'lNONHSAG058109', 'lNONHSAG058118', 'lNONHSAG058128', 'lNONHSAG058533', 'lNONHSAG058967', 'lNONHSAG059768', 'lNONHSAG060586', 'lNONHSAG061096', 'lNONHSAG061404', 'lNONHSAG061492', 'lNONHSAG063700', 'lNONHSAG064784', 'lNONHSAG064962', 'lNONHSAG065364', 'lNONHSAG066253', 'lNONHSAG068402', 'lNONHSAG068639', 'lNONHSAG069030', 'lNONHSAG069147', 'lNONHSAG069277', 'lNONHSAG069876', 'lNONHSAG070257', 'lNONHSAG071444', 'lNONHSAG072176', 'lNONHSAG072945', 'lNONHSAG073025', 'lNONHSAG073380', 'lNONHSAG073406', 'lNONHSAG073419', 'lNONHSAG073786', 'lNONHSAG074052', 'lNONHSAG075363', 'lNONHSAG077475', 'lNONHSAG077527', 'lNONHSAG077551', 'lNONHSAG079231', 'lNONHSAG080772', 'lNONHSAG081227', 'lNONHSAG081583', 'lNONHSAG081993', 'lNONHSAG082891', 'lNONHSAG083209', 'lNONHSAG083289', 'lNONHSAG083615', 'lNONHSAG083859', 'lNONHSAG083894', 'lNONHSAG084701', 'lNONHSAG084832', 'lNONHSAG084937', 'lNONHSAG085975', 'lNONHSAG089857', 'lNONHSAG091116', 'lNONHSAG091284', 'lNONHSAG091452', 'lNONHSAG091943', 'lNONHSAG092907', 'lNONHSAG093078', 'lNONHSAG093517', 'lNONHSAG094075', 'lNONHSAG094129', 'lNONHSAG094269', 'lNONHSAG096130', 'lNONHSAG096227', 'lNONHSAG096230', 'lNONHSAG096627', 'lNONHSAG097347', 'lNONHSAG098653', 'lNONHSAG099082', 'lNONHSAG099120', 'lNONHSAG099126', 'lNONHSAG099742', 'lNONHSAG099774', 'lNONHSAG101229', 'lNONHSAG101725', 'lNONHSAG102572', 'lNONHSAG103259', 'lNONHSAG103457', 'lNONHSAG103817', 'lNONHSAG104186', 'lNONHSAG110420', 'lNONHSAG110858', 'lNONHSAG111667', 'lNONHSAG112396', 'lNONHSAG113761', 'lNONHSAG114445', 'lENSG00000163364', 'lENSG00000171889', 'lENSG00000175061', 'lENSG00000179406', 'lENSG00000179523', 'lENSG00000189295', 'lENSG00000198221', 'lENSG00000198468', 'lENSG00000203497', 'lENSG00000223764', 'lENSG00000223783', 'lENSG00000224078', 'lENSG00000224614', 'lENSG00000225470', 'lENSG00000225506', 'lENSG00000226115', 'lENSG00000226137', 'lENSG00000227082', 'lENSG00000227256', 'lENSG00000227963', 'lENSG00000228022', 'lENSG00000228526', 'lENSG00000229267', 'lENSG00000229335', 'lENSG00000229388', 'lENSG00000230046', 'lENSG00000230061', 'lENSG00000230257', 'lENSG00000230313', 'lENSG00000230400', 'lENSG00000230866', 'lENSG00000231019', 'lENSG00000231437', 'lENSG00000231473', 'lENSG00000231663', 'lENSG00000232265', 'lENSG00000232415', 'lENSG00000232442', 'lENSG00000232500', 'lENSG00000233047', 'lENSG00000233387', 'lENSG00000233532', 'lENSG00000233590', 'lENSG00000234169', 'lENSG00000234222', 'lENSG00000234455', 'lENSG00000234546', 'lENSG00000234625', 'lENSG00000235385', 'lENSG00000235535', 'lENSG00000235724', 'lENSG00000236240', 'lENSG00000236671', 'lENSG00000237167', 'lENSG00000237396', 'lENSG00000237880', 'lENSG00000241388', 'lENSG00000242207', 'lENSG00000243479', 'lENSG00000244124', 'lENSG00000245067', 'lENSG00000245146', 'lENSG00000245614', 'lENSG00000247095', 'lENSG00000247373', 'lENSG00000247400', 'lENSG00000247498', 'lENSG00000249532', 'lENSG00000249835', 'lENSG00000249993', 'lENSG00000250635', 'lENSG00000251003', 'lENSG00000251061', 'lENSG00000253315', 'lENSG00000254418', 'lENSG00000254480', 'lENSG00000254508', 'lENSG00000254791', 'lENSG00000255363', 'lENSG00000255427', 'lENSG00000255553', 'lENSG00000255850', 'lENSG00000256742', 'lENSG00000256769', 'lENSG00000257557', 'lENSG00000258197', 'lENSG00000258912', 'lENSG00000259424', 'lENSG00000260219', 'lENSG00000260280', 'lENSG00000260455', 'lENSG00000260924', 'lENSG00000260969', 'lENSG00000261183', 'lENSG00000261423', 'lENSG00000261780', 'lENSG00000263718', 'lENSG00000264672', 'lENSG00000265374', 'lENSG00000266402', 'lENSG00000266970', 'lENSG00000267296', 'lENSG00000267321', 'lENSG00000267395', 'lENSG00000267413', 'lENSG00000267440', 'lENSG00000267858', 'lENSG00000269019', 'lENSG00000269911', 'lENSG00000269939', 'lENSG00000270084', 'lENSG00000270344', 'lENSG00000270959', 'lENSG00000272769', 'lENSG00000274372', 'lENSG00000278709', 'lENSG00000278970', 'lENSG00000279296', 'lENSG00000281189', 'lENSG00000284070', 'lENSG00000285644', 'lENSG00000286004', 'lENSG00000286737', 'lENSG00000288080', 'lENSG00000224739', 'lA1BG-AS1', 'lADAMTS9-AS2', 'lANKRD62P1-PARP4P3', 'lAQP4-AS1', 'lASMTL-AS1', 'lBANCR', 'lCCAT2', 'lCRNDE', 'lDGKK', 'lDLX6-AS1', 'lFEZF1-AS1', 'lGATA3-AS1', 'lGATA6-AS1', 'lGHET1', 'lHEIH', 'lHOTAIRM1', 'lHOXA-AS3', 'lINHBA-AS1', 'lJPX', 'lJRK', 'lKCTD21-AS1', 'lKTN1-AS1', 'lLAMTOR5-AS1', 'lLBX2-AS1', 'lLINC00174', 'lLINC00240', 'lLINC00333', 'lLINC00472', 'lLPP-AS2', 'lMCM3AP-AS1', 'lMEG3', 'lMIR181A1HG', 'lMIR31HG', 'lMYLK-AS1', 'lRHPN1-AS1', 'lRMST', 'lSNHG15', 'lSNHG16', 'lSNX29P2', 'lTEN1-CDK3', 'lTPTEP1', 'lTRAM2-AS1', 'lVCAN-AS1', 'lZFAS1', 'lZNF286B', 'lZNF503-AS2', 'lLINC00461', 'lLINC00514', 'lSLC2A1-AS1', 'lSRP14-AS1', 'lAC007009.1', 'lPWAR6', 'lAC004840.8', 'lAC061992.2', 'lAC103564.7', 'lAC135048.13', 'lAC137723.5', 'lAC137932.5', 'lAL928742.12', 'lAP001058.3', 'lCTB-60B18.10', 'lCTD-2165H16.4', 'lCTD-2195B23.3', 'lCTD-2540L5.5', 'lKB-7G2.8', 'lLA16c-380H5.3', 'lLL22NC03-23C6.13', 'lRP1-283E3.8', 'lRP11-100F15.1', 'lRP11-104E19.1', 'lRP11-108M9.3', 'lRP11-123O10.4', 'lRP11-137H2.4', 'lRP11-197N18.2', 'lRP11-21J18.1', 'lRP11-227H15.4', 'lRP11-243J18.2', 'lRP11-24P14.1', 'lRP11-264B17.3', 'lRP11-276H7.2', 'lRP11-305P14.1', 'lRP11-439K3.1', 'lRP11-467J12.4', 'lRP11-49K24.4', 'lRP11-514P8.8', 'lRP11-54O7.3', 'lRP11-550C4.6', 'lRP11-680A11.5', 'lRP4-756H11.3', 'lRP4-790G17.7', 'lRP5-1061H20.4', 'lRP5-1074L1.1', 'lXXbac-B444P24.8', 'lXXbac-BPG300A18.13', 'lAC018766.4', 'lCTD-2231H16.1', 'lRP11-429J17.8', 'lRP11-672A2.1', 'lRP5-1063M23.1', 'lRP11-495P10.8', 'lRP4-610C12.4', 'lRP11-408H20.2', 'lNONHSAG000157', 'lNONHSAG000265', 'lNONHSAG000297', 'lNONHSAG000298', 'lNONHSAG000623', 'lNONHSAG000636', 'lNONHSAG000896', 'lNONHSAG000969', 'lNONHSAG000994', 'lNONHSAG001008', 'lNONHSAG001014', 'lNONHSAG001028', 'lNONHSAG001030', 'lNONHSAG001033', 'lNONHSAG001147', 'lNONHSAG001171', 'lNONHSAG001207', 'lNONHSAG001240', 'lNONHSAG001258', 'lNONHSAG001419', 'lNONHSAG001435', 'lNONHSAG001613', 'lNONHSAG002403', 'lNONHSAG002487', 'lNONHSAG002619', 'lNONHSAG002726', 'lNONHSAG002790', 'lNONHSAG002816', 'lNONHSAG003227', 'lNONHSAG003308', 'lNONHSAG003418', 'lNONHSAG003810', 'lNONHSAG003881', 'lNONHSAG004227', 'lNONHSAG004351', 'lNONHSAG004475', 'lNONHSAG004507', 'lNONHSAG004638', 'lNONHSAG004893', 'lNONHSAG005249', 'lNONHSAG005363', 'lNONHSAG005473', 'lNONHSAG005522', 'lNONHSAG005652', 'lNONHSAG005679', 'lNONHSAG005690', 'lNONHSAG005717', 'lNONHSAG005725', 'lNONHSAG005739', 'lNONHSAG005740', 'lNONHSAG005746', 'lNONHSAG005747', 'lNONHSAG005760', 'lNONHSAG005769', 'lNONHSAG005789', 'lNONHSAG005797', 'lNONHSAG005809', 'lNONHSAG005821', 'lNONHSAG005830', 'lNONHSAG005842', 'lNONHSAG005847', 'lNONHSAG005851', 'lNONHSAG005852', 'lNONHSAG005853', 'lNONHSAG005855', 'lNONHSAG005856', 'lNONHSAG005857', 'lNONHSAG005859', 'lNONHSAG005862', 'lNONHSAG005867', 'lNONHSAG005870', 'lNONHSAG005901', 'lNONHSAG005915', 'lNONHSAG005935', 'lNONHSAG005936', 'lNONHSAG005939', 'lNONHSAG005985', 'lNONHSAG005986', 'lNONHSAG006012', 'lNONHSAG006022', 'lNONHSAG006078', 'lNONHSAG006086', 'lNONHSAG006091', 'lNONHSAG006097', 'lNONHSAG006103', 'lNONHSAG006160', 'lNONHSAG006166', 'lNONHSAG006183', 'lNONHSAG006186', 'lNONHSAG006187', 'lNONHSAG006188', 'lNONHSAG006206', 'lNONHSAG006220', 'lNONHSAG006235', 'lNONHSAG006240', 'lNONHSAG006279', 'lNONHSAG006290', 'lNONHSAG006293', 'lNONHSAG006300', 'lNONHSAG006314', 'lNONHSAG006324', 'lNONHSAG006376', 'lNONHSAG006377', 'lNONHSAG006382', 'lNONHSAG006388', 'lNONHSAG006395', 'lNONHSAG006399', 'lNONHSAG006412', 'lNONHSAG006434', 'lNONHSAG006440', 'lNONHSAG006450', 'lNONHSAG006459', 'lNONHSAG006479', 'lNONHSAG006487', 'lNONHSAG006493', 'lNONHSAG006536', 'lNONHSAG006551', 'lNONHSAG006554', 'lNONHSAG006555', 'lNONHSAG006557', 'lNONHSAG006576', 'lNONHSAG006579', 'lNONHSAG006581', 'lNONHSAG006586', 'lNONHSAG006591', 'lNONHSAG006602', 'lNONHSAG006653', 'lNONHSAG006669', 'lNONHSAG006716', 'lNONHSAG006748', 'lNONHSAG006750', 'lNONHSAG006765', 'lNONHSAG006779', 'lNONHSAG006808', 'lNONHSAG006830', 'lNONHSAG006832', 'lNONHSAG006837', 'lNONHSAG006855', 'lNONHSAG006863', 'lNONHSAG006883', 'lNONHSAG006889', 'lNONHSAG006894', 'lNONHSAG006897', 'lNONHSAG006909', 'lNONHSAG006915', 'lNONHSAG006922', 'lNONHSAG006970', 'lNONHSAG006976', 'lNONHSAG007000', 'lNONHSAG007023', 'lNONHSAG007029', 'lNONHSAG007031', 'lNONHSAG007035', 'lNONHSAG007063', 'lNONHSAG007065', 'lNONHSAG007087', 'lNONHSAG007093', 'lNONHSAG007103', 'lNONHSAG007118', 'lNONHSAG007123', 'lNONHSAG007129', 'lNONHSAG007139', 'lNONHSAG007155', 'lNONHSAG007166', 'lNONHSAG007172', 'lNONHSAG007203', 'lNONHSAG007222', 'lNONHSAG007224', 'lNONHSAG007225', 'lNONHSAG007242', 'lNONHSAG007259', 'lNONHSAG007268', 'lNONHSAG007278', 'lNONHSAG007286', 'lNONHSAG007298', 'lNONHSAG007414', 'lNONHSAG007429', 'lNONHSAG007458', 'lNONHSAG007488', 'lNONHSAG007507', 'lNONHSAG007533', 'lNONHSAG007543', 'lNONHSAG007544', 'lNONHSAG007554', 'lNONHSAG007574', 'lNONHSAG007578', 'lNONHSAG007587', 'lNONHSAG007599', 'lNONHSAG007621', 'lNONHSAG007632', 'lNONHSAG007638', 'lNONHSAG007730', 'lNONHSAG007932', 'lENSG00000083622', 'lENSG00000105501', 'lENSG00000122043', 'lENSG00000149443', 'lENSG00000167920', 'lENSG00000175746', 'lENSG00000177596', 'lENSG00000178248', 'lENSG00000197644', 'lENSG00000197880', 'lENSG00000198054', 'lENSG00000198671', 'lENSG00000203307', 'lENSG00000203434', 'lENSG00000203469', 'lENSG00000203472', 'lENSG00000203565', 'lENSG00000203605', 'lENSG00000203864', 'lENSG00000204393', 'lENSG00000204464', 'lENSG00000205018', 'lENSG00000205452', 'lENSG00000205500', 'lENSG00000212856', 'lENSG00000219410', 'lENSG00000221845', 'lENSG00000222000', 'lENSG00000222032', 'lENSG00000222044', 'lENSG00000223374', 'lENSG00000223381', 'lENSG00000223387', 'lENSG00000223537', 'lENSG00000223563', 'lENSG00000223598', 'lENSG00000223634', 'lENSG00000223641', 'lENSG00000223643', 'lENSG00000223720', 'lENSG00000223727', 'lENSG00000223786', 'lENSG00000223809', 'lENSG00000223831', 'lENSG00000223870', 'lENSG00000223881', 'lENSG00000223966', 'lENSG00000223993', 'lENSG00000224031', 'lENSG00000224075', 'lENSG00000224087', 'lENSG00000224095', 'lENSG00000224277', 'lENSG00000224330', 'lENSG00000224384', 'lENSG00000224535', 'lENSG00000224541', 'lENSG00000224595', 'lENSG00000224645', 'lENSG00000224655', 'lENSG00000224794', 'lENSG00000224844', 'lENSG00000224857', 'lENSG00000224885', 'lENSG00000224922', 'lENSG00000224972', 'lENSG00000225012', 'lENSG00000225050', 'lENSG00000225146', 'lENSG00000225218', 'lENSG00000225325', 'lENSG00000225334', 'lENSG00000225378', 'lENSG00000225457', 'lENSG00000225537', 'lENSG00000225570', 'lENSG00000225588', 'lENSG00000225647', 'lENSG00000225751', 'lENSG00000225761', 'lENSG00000225798', 'lENSG00000225886', 'lENSG00000225919', 'lENSG00000225929', 'lENSG00000226047', 'lENSG00000226089', 'lENSG00000226133', 'lENSG00000226143', 'lENSG00000226193', 'lENSG00000226194', 'lENSG00000226238', 'lENSG00000226337', 'lENSG00000226352', 'lENSG00000226398', 'lENSG00000226442', 'lENSG00000226454', 'lENSG00000226486', 'lENSG00000226508', 'lENSG00000226522', 'lENSG00000226542', 'lENSG00000226562', 'lENSG00000226566', 'lENSG00000226576', 'lENSG00000226601', 'lENSG00000226647', 'lENSG00000226699', 'lENSG00000226770', 'lENSG00000226813', 'lENSG00000226883', 'lENSG00000226925', 'lENSG00000226956', 'lENSG00000226957', 'lENSG00000227076', 'lENSG00000227125', 'lENSG00000227131', 'lENSG00000227181', 'lENSG00000227330', 'lENSG00000227409', 'lENSG00000227459', 'lENSG00000227482', 'lENSG00000227496', 'lENSG00000227549', 'lENSG00000227579', 'lENSG00000227606', 'lENSG00000227611', 'lENSG00000227716', 'lENSG00000227718', 'lENSG00000227769', 'lENSG00000227863', 'lENSG00000227893', 'lENSG00000227930', 'lENSG00000227958', 'lENSG00000227960', 'lENSG00000228028', 'lENSG00000228082', 'lENSG00000228108', 'lENSG00000228136', 'lENSG00000228170', 'lENSG00000228215', 'lENSG00000228231', 'lENSG00000228261', 'lENSG00000228272', 'lENSG00000228351', 'lENSG00000228372', 'lENSG00000228383', 'lENSG00000228485', 'lENSG00000228548', 'lENSG00000228596', 'lENSG00000228627', 'lENSG00000228804', 'lENSG00000228826', 'lENSG00000228852', 'lENSG00000228939', 'lENSG00000228950', 'lENSG00000229152', 'lENSG00000229162', 'lENSG00000229167', 'lENSG00000229190', 'lENSG00000229224', 'lENSG00000229283', 'lENSG00000229297', 'lENSG00000229345', 'lENSG00000229370', 'lENSG00000229379', 'lENSG00000229444', 'lENSG00000229457', 'lENSG00000229498', 'lENSG00000229502', 'lENSG00000229528', 'lENSG00000229531', 'lENSG00000229673', 'lENSG00000229679', 'lENSG00000229688', 'lENSG00000229851', 'lENSG00000229953', 'lENSG00000229999', 'lENSG00000230010', 'lENSG00000230065', 'lENSG00000230105', 'lENSG00000230109', 'lENSG00000230121', 'lENSG00000230131', 'lENSG00000230153', 'lENSG00000230190', 'lENSG00000230212', 'lENSG00000230233', 'lENSG00000230234', 'lENSG00000230323', 'lENSG00000230432', 'lENSG00000230483', 'lENSG00000230499', 'lENSG00000230599', 'lENSG00000230668', 'lENSG00000230735', 'lENSG00000230741', 'lENSG00000230759', 'lENSG00000230790', 'lENSG00000230826', 'lENSG00000230830', 'lENSG00000230912', 'lENSG00000230972', 'lENSG00000231081', 'lENSG00000231082', 'lENSG00000231092', 'lENSG00000231102', 'lENSG00000231114', 'lENSG00000231253', 'lENSG00000231272', 'lENSG00000231407', 'lENSG00000231413', 'lENSG00000231440', 'lENSG00000231492', 'lENSG00000231496', 'lENSG00000231539', 'lENSG00000231597', 'lENSG00000231678', 'lENSG00000231681', 'lENSG00000231724', 'lENSG00000231760', 'lENSG00000231772', 'lENSG00000231781', 'lENSG00000231912', 'lENSG00000231914', 'lENSG00000231937', 'lENSG00000231953', 'lENSG00000231964', 'lENSG00000232031', 'lENSG00000232058', 'lENSG00000232072', 'lENSG00000232086', 'lENSG00000232120', 'lENSG00000232197', 'lENSG00000232252', 'lENSG00000232310', 'lENSG00000232328', 'lENSG00000232335', 'lENSG00000232359', 'lENSG00000232363', 'lENSG00000232396', 'lENSG00000232451', 'lENSG00000232464', 'lENSG00000232465', 'lENSG00000232596', 'lENSG00000232604', 'lENSG00000232710', 'lENSG00000232719', 'lENSG00000232746', 'lENSG00000232806', 'lENSG00000232895', 'lENSG00000232930', 'lENSG00000232939', 'lENSG00000232964', 'lENSG00000233070', 'lENSG00000233079', 'lENSG00000233178', 'lENSG00000233179', 'lENSG00000233219', 'lENSG00000233330', 'lENSG00000233339', 'lENSG00000233407', 'lENSG00000233472', 'lENSG00000233479', 'lENSG00000233534', 'lENSG00000233574', 'lENSG00000233581', 'lENSG00000233613', 'lENSG00000233625', 'lENSG00000233656', 'lENSG00000233665', 'lENSG00000233689', 'lENSG00000233706', 'lENSG00000233851', 'lENSG00000233891', 'lENSG00000233953', 'lENSG00000233960', 'lENSG00000233969', 'lENSG00000233985', 'lENSG00000234021', 'lENSG00000234055', 'lENSG00000234117', 'lENSG00000234149', 'lENSG00000234172', 'lENSG00000234191', 'lENSG00000234318', 'lENSG00000234504', 'lENSG00000234567', 'lENSG00000234626', 'lENSG00000234653', 'lENSG00000234690', 'lENSG00000234693', 'lENSG00000234714', 'lENSG00000234756', 'lENSG00000234860', 'lENSG00000234900', 'lENSG00000234961', 'lENSG00000234979', 'lENSG00000235011', 'lENSG00000235035', 'lENSG00000235050', 'lENSG00000235059', 'lENSG00000235086', 'lENSG00000235122', 'lENSG00000235168', 'lENSG00000235262', 'lENSG00000235435', 'lENSG00000235494', 'lENSG00000235503', 'lENSG00000235533', 'lENSG00000235628', 'lENSG00000235635', 'lENSG00000235637', 'lENSG00000235669', 'lENSG00000235813', 'lENSG00000236022', 'lENSG00000236031', 'lENSG00000236065', 'lENSG00000236109', 'lENSG00000236242', 'lENSG00000236267', 'lENSG00000236272', 'lENSG00000236326', 'lENSG00000236358', 'lENSG00000236366', 'lENSG00000236463', 'lENSG00000236498', 'lENSG00000236559', 'lENSG00000236648', 'lENSG00000236662', 'lENSG00000236723', 'lENSG00000236744', 'lENSG00000236828', 'lENSG00000236854', 'lENSG00000236921', 'lENSG00000236951', 'lENSG00000236953', 'lENSG00000236975', 'lENSG00000237015', 'lENSG00000237058', 'lENSG00000237073', 'lENSG00000237200', 'lENSG00000237293', 'lENSG00000237312', 'lENSG00000237324', 'lENSG00000237331', 'lENSG00000237337', 'lENSG00000237373', 'lENSG00000237435', 'lENSG00000237463', 'lENSG00000237477', 'lENSG00000237481', 'lENSG00000237494', 'lENSG00000237520', 'lENSG00000237571', 'lENSG00000237576', 'lENSG00000237581', 'lENSG00000237670', 'lENSG00000237687', 'lENSG00000237734', 'lENSG00000237756', 'lENSG00000237768', 'lENSG00000237802', 'lENSG00000237919', 'lENSG00000237937', 'lENSG00000237993', 'lENSG00000238131', 'lENSG00000238140', 'lENSG00000238282', 'lENSG00000238291', 'lENSG00000239314', 'lENSG00000239415', 'lENSG00000239482', 'lENSG00000239593', 'lENSG00000240354', 'lENSG00000240573', 'lENSG00000240868', 'lENSG00000241383', 'lENSG00000241397', 'lENSG00000241577', 'lENSG00000241593', 'lENSG00000241666', 'lENSG00000242012', 'lENSG00000242072', 'lENSG00000242339', 'lENSG00000242391', 'lENSG00000242545', 'lENSG00000242568', 'lENSG00000242618', 'lENSG00000242795', 'lENSG00000242861', 'lENSG00000243149', 'lENSG00000243230', 'lENSG00000243273', 'lENSG00000243368', 'lENSG00000243961', 'lENSG00000244278', 'lENSG00000244327', 'lENSG00000244461', 'lENSG00000244701', 'lENSG00000245148', 'lENSG00000245385', 'lENSG00000246541', 'lENSG00000247925', 'lENSG00000248145', 'lENSG00000248148', 'lENSG00000248172', 'lENSG00000248245', 'lENSG00000248358', 'lENSG00000248373', 'lENSG00000248393', 'lENSG00000248416', 'lENSG00000248457', 'lENSG00000248482', 'lENSG00000248490', 'lENSG00000248576', 'lENSG00000248599', 'lENSG00000248627', 'lENSG00000248758', 'lENSG00000248802', 'lENSG00000248925', 'lENSG00000248935', 'lENSG00000248969', 'lENSG00000248975', 'lENSG00000248984', 'lENSG00000248995', 'lENSG00000249066', 'lENSG00000249071', 'lENSG00000249099', 'lENSG00000249111', 'lENSG00000249114', 'lENSG00000249297', 'lENSG00000249334', 'lENSG00000249382', 'lENSG00000249409', 'lENSG00000249426', 'lENSG00000249441', 'lENSG00000249451', 'lENSG00000249474', 'lENSG00000249547', 'lENSG00000249605', 'lENSG00000249697', 'lENSG00000249706', 'lENSG00000249753', 'lENSG00000249782', 'lENSG00000249806', 'lENSG00000249865', 'lENSG00000249892', 'lENSG00000250062', 'lENSG00000250092', 'lENSG00000250186', 'lENSG00000250242', 'lENSG00000250524', 'lENSG00000250541', 'lENSG00000250626', 'lENSG00000250629', 'lENSG00000250646', 'lENSG00000250657', 'lENSG00000250665', 'lENSG00000250698', 'lENSG00000250761', 'lENSG00000250791', 'lENSG00000250855', 'lENSG00000250865', 'lENSG00000250866', 'lENSG00000250877', 'lENSG00000250910', 'lENSG00000250917', 'lENSG00000250929', 'lENSG00000250945', 'lENSG00000250949', 'lENSG00000250950', 'lENSG00000250955', 'lENSG00000250993', 'lENSG00000251059', 'lENSG00000251072', 'lENSG00000251088', 'lENSG00000251185', 'lENSG00000251194', 'lENSG00000251266', 'lENSG00000251283', 'lENSG00000251412', 'lENSG00000251414', 'lENSG00000251438', 'lENSG00000251688', 'lENSG00000253134', 'lENSG00000253147', 'lENSG00000253167', 'lENSG00000253171', 'lENSG00000253282', 'lENSG00000253356', 'lENSG00000253397', 'lENSG00000253449', 'lENSG00000253456', 'lENSG00000253503', 'lENSG00000253507', 'lENSG00000253526', 'lENSG00000253530', 'lENSG00000253539', 'lENSG00000253577', 'lENSG00000253616', 'lENSG00000253619', 'lENSG00000253627', 'lENSG00000253643', 'lENSG00000253645', 'lENSG00000253660', 'lENSG00000253665', 'lENSG00000253717', 'lENSG00000253722', 'lENSG00000253754', 'lENSG00000253782', 'lENSG00000253834', 'lENSG00000253851', 'lENSG00000253858', 'lENSG00000253865', 'lENSG00000253875', 'lENSG00000253880', 'lENSG00000253947', 'lENSG00000253976', 'lENSG00000254011', 'lENSG00000254021', 'lENSG00000254026', 'lENSG00000254031', 'lENSG00000254033', 'lENSG00000254043', 'lENSG00000254084', 'lENSG00000254094', 'lENSG00000254123', 'lENSG00000254141', 'lENSG00000254171', 'lENSG00000254177', 'lENSG00000254207', 'lENSG00000254239', 'lENSG00000254242', 'lENSG00000254263', 'lENSG00000254314', 'lENSG00000254325', 'lENSG00000254330', 'lENSG00000254347', 'lENSG00000254350', 'lENSG00000254380', 'lENSG00000254428', 'lENSG00000254456', 'lENSG00000254516', 'lENSG00000254526', 'lENSG00000254559', 'lENSG00000254563', 'lENSG00000254574', 'lENSG00000254592', 'lENSG00000254604', 'lENSG00000254620', 'lENSG00000254626', 'lENSG00000254627', 'lENSG00000254689', 'lENSG00000254739', 'lENSG00000254775', 'lENSG00000254787', 'lENSG00000254829', 'lENSG00000254842', 'lENSG00000254846', 'lENSG00000254864', 'lENSG00000254879', 'lENSG00000254913', 'lENSG00000254921', 'lENSG00000254928', 'lENSG00000254930', 'lENSG00000254972', 'lENSG00000254983', 'lENSG00000254990', 'lENSG00000255027', 'lENSG00000255039', 'lENSG00000255084', 'lENSG00000255114', 'lENSG00000255121', 'lENSG00000255159', 'lENSG00000255167', 'lENSG00000255227', 'lENSG00000255241', 'lENSG00000255247', 'lENSG00000255252', 'lENSG00000255271', 'lENSG00000255300', 'lENSG00000255327', 'lENSG00000255343', 'lENSG00000255357', 'lENSG00000255366', 'lENSG00000255375', 'lENSG00000255388', 'lENSG00000255390', 'lENSG00000255443', 'lENSG00000255462', 'lENSG00000255478', 'lENSG00000255482', 'lENSG00000255487', 'lENSG00000255506', 'lENSG00000255523', 'lENSG00000255528', 'lENSG00000255539', 'lENSG00000255555', 'lENSG00000255565', 'lENSG00000255572', 'lENSG00000255580', 'lENSG00000255808', 'lENSG00000255839', 'lENSG00000255893', 'lENSG00000256007', 'lENSG00000256071', 'lENSG00000256072', 'lENSG00000256083', 'lENSG00000256209', 'lENSG00000256226', 'lENSG00000256234', 'lENSG00000256292', 'lENSG00000256314', 'lENSG00000256364', 'lENSG00000256448', 'lENSG00000256452', 'lENSG00000256482', 'lENSG00000256484', 'lENSG00000256568', 'lENSG00000256670', 'lENSG00000256733', 'lENSG00000256897', 'lENSG00000256972', 'lENSG00000257004', 'lENSG00000257022', 'lENSG00000257096', 'lENSG00000257105', 'lENSG00000257137', 'lENSG00000257165', 'lENSG00000257235', 'lENSG00000257261', 'lENSG00000257264', 'lENSG00000257265', 'lENSG00000257271', 'lENSG00000257275', 'lENSG00000257342', 'lENSG00000257407', 'lENSG00000257470', 'lENSG00000257488', 'lENSG00000257494', 'lENSG00000257500', 'lENSG00000257514', 'lENSG00000257527', 'lENSG00000257541', 'lENSG00000257587', 'lENSG00000257634', 'lENSG00000257653', 'lENSG00000257682', 'lENSG00000257732', 'lENSG00000257750', 'lENSG00000257764', 'lENSG00000257787', 'lENSG00000257860', 'lENSG00000257904', 'lENSG00000257925', 'lENSG00000257997', 'lENSG00000258007', 'lENSG00000258044', 'lENSG00000258084', 'lENSG00000258108', 'lENSG00000258167', 'lENSG00000258185', 'lENSG00000258210', 'lENSG00000258220', 'lENSG00000258234', 'lENSG00000258292', 'lENSG00000258308', 'lENSG00000258312', 'lENSG00000258313', 'lENSG00000258323', 'lENSG00000258331', 'lENSG00000258379', 'lENSG00000258390', 'lENSG00000258394', 'lENSG00000258425', 'lENSG00000258451', 'lENSG00000258460', 'lENSG00000258516', 'lENSG00000258520', 'lENSG00000258610', 'lENSG00000258657', 'lENSG00000258670', 'lENSG00000258690', 'lENSG00000258695', 'lENSG00000258698', 'lENSG00000258742', 'lENSG00000258745', 'lENSG00000258784', 'lENSG00000258800', 'lENSG00000258824', 'lENSG00000258826', 'lENSG00000258829', 'lENSG00000258850', 'lENSG00000258869', 'lENSG00000258892', 'lENSG00000258904', 'lENSG00000258944', 'lENSG00000258958', 'lENSG00000259026', 'lENSG00000259187', 'lENSG00000259188', 'lENSG00000259194', 'lENSG00000259202', 'lENSG00000259211', 'lENSG00000259223', 'lENSG00000259250', 'lENSG00000259256', 'lENSG00000259265', 'lENSG00000259268', 'lENSG00000259290', 'lENSG00000259294', 'lENSG00000259307', 'lENSG00000259342', 'lENSG00000259351', 'lENSG00000259352', 'lENSG00000259360', 'lENSG00000259385', 'lENSG00000259432', 'lENSG00000259503', 'lENSG00000259532', 'lENSG00000259544', 'lENSG00000259595', 'lENSG00000259636', 'lENSG00000259649', 'lENSG00000259659', 'lENSG00000259678', 'lENSG00000259757', 'lENSG00000259767', 'lENSG00000259798', 'lENSG00000259935', 'lENSG00000259945', 'lENSG00000259955', 'lENSG00000259967', 'lENSG00000260017', 'lENSG00000260058', 'lENSG00000260158', 'lENSG00000260186', 'lENSG00000260190', 'lENSG00000260237', 'lENSG00000260304', 'lENSG00000260454', 'lENSG00000260476', 'lENSG00000260586', 'lENSG00000260605', 'lENSG00000260626', 'lENSG00000260659', 'lENSG00000260720', 'lENSG00000260741', 'lENSG00000260773', 'lENSG00000260798', 'lENSG00000260814', 'lENSG00000260934', 'lENSG00000260970', 'lENSG00000260986', 'lENSG00000260999', 'lENSG00000261065', 'lENSG00000261066', 'lENSG00000261070', 'lENSG00000261243', 'lENSG00000261261', 'lENSG00000261266', 'lENSG00000261307', 'lENSG00000261332', 'lENSG00000261432', 'lENSG00000261475', 'lENSG00000261507', 'lENSG00000261523', 'lENSG00000261569', 'lENSG00000261633', 'lENSG00000261663', 'lENSG00000261671', 'lENSG00000261695', 'lENSG00000261697', 'lENSG00000261723', 'lENSG00000261729', 'lENSG00000261731', 'lENSG00000261761', 'lENSG00000261838', 'lENSG00000261864', 'lENSG00000262151', 'lENSG00000262298', 'lENSG00000262434', 'lENSG00000262533', 'lENSG00000262652', 'lENSG00000262692', 'lENSG00000262777', 'lENSG00000262810', 'lENSG00000262815', 'lENSG00000263080', 'lENSG00000263237', 'lENSG00000263257', 'lENSG00000263300', 'lENSG00000263335', 'lENSG00000263417', 'lENSG00000263466', 'lENSG00000263585', 'lENSG00000263594', 'lENSG00000263618', 'lENSG00000263709', 'lENSG00000263765', 'lENSG00000263797', 'lENSG00000263847', 'lENSG00000263873', 'lENSG00000263952', 'lENSG00000263982', 'lENSG00000263986', 'lENSG00000264016', 'lENSG00000264023', 'lENSG00000264066', 'lENSG00000264107', 'lENSG00000264116', 'lENSG00000264151', 'lENSG00000264254', 'lENSG00000264269', 'lENSG00000264486', 'lENSG00000264520', 'lENSG00000264546', 'lENSG00000264558', 'lENSG00000264577', 'lENSG00000264595', 'lENSG00000264622', 'lENSG00000264734', 'lENSG00000264769', 'lENSG00000264825', 'lENSG00000264924', 'lENSG00000265125', 'lENSG00000265168', 'lENSG00000265205', 'lENSG00000265265', 'lENSG00000265334', 'lENSG00000265359', 'lENSG00000265400', 'lENSG00000265443', 'lENSG00000265474', 'lENSG00000265554', 'lENSG00000265625', 'lENSG00000265643', 'lENSG00000265728', 'lENSG00000265739', 'lENSG00000265743', 'lENSG00000265800', 'lENSG00000265840', 'lENSG00000265845', 'lENSG00000265980', 'lENSG00000265987', 'lENSG00000265994', 'lENSG00000266153', 'lENSG00000266311', 'lENSG00000266341', 'lENSG00000266397', 'lENSG00000266535', 'lENSG00000266538', 'lENSG00000266541', 'lENSG00000266651', 'lENSG00000266696', 'lENSG00000266801', 'lENSG00000266839', 'lENSG00000266844', 'lENSG00000266877', 'lENSG00000266981', 'lENSG00000266985', 'lENSG00000266993', 'lENSG00000267000', 'lENSG00000267028', 'lENSG00000267057', 'lENSG00000267063', 'lENSG00000267177', 'lENSG00000267255', 'lENSG00000267274', 'lENSG00000267286', 'lENSG00000267341', 'lENSG00000267354', 'lENSG00000267364', 'lENSG00000267378', 'lENSG00000267387', 'lENSG00000267436', 'lENSG00000267437', 'lENSG00000267501', 'lENSG00000267510', 'lENSG00000267543', 'lENSG00000267583', 'lENSG00000267593', 'lENSG00000267615', 'lENSG00000267617', 'lENSG00000267633', 'lENSG00000267638', 'lENSG00000267665', 'lENSG00000267791', 'lENSG00000267838', 'lENSG00000267980', 'lENSG00000268015', 'lENSG00000268049', 'lENSG00000268069', 'lENSG00000268078', 'lENSG00000268191', 'lENSG00000268203', 'lENSG00000268240', 'lENSG00000268289', 'lENSG00000268292', 'lENSG00000268296', 'lENSG00000268520', 'lENSG00000268734', 'lENSG00000268743', 'lENSG00000268798', 'lENSG00000268833', 'lENSG00000268906', 'lENSG00000268912', 'lENSG00000268981', 'lENSG00000269044', 'lENSG00000269145', 'lENSG00000269191', 'lENSG00000269292', 'lENSG00000269321', 'lENSG00000269350', 'lENSG00000269495', 'lENSG00000269504', 'lENSG00000269578', 'lENSG00000269621', 'lENSG00000269656', 'lENSG00000269729', 'lENSG00000269802', 'lENSG00000269826', 'lENSG00000269843', 'lENSG00000269867', 'lENSG00000269901', 'lENSG00000269987', 'lENSG00000270082', 'lENSG00000270094', 'lENSG00000270108', 'lENSG00000270380', 'lENSG00000270726', 'lENSG00000270871', 'lENSG00000270996', 'lENSG00000271032', 'lENSG00000271218', 'lENSG00000271314', 'lENSG00000271579', 'lENSG00000271717', 'lENSG00000271763', 'lENSG00000271787', 'lENSG00000271833', 'lENSG00000271901', 'lENSG00000271945', 'lENSG00000271983', 'lENSG00000272027', 'lENSG00000272072', 'lENSG00000272149', 'lENSG00000272159', 'lENSG00000272338', 'lENSG00000272575', 'lENSG00000272642', 'lENSG00000272661', 'lENSG00000272742', 'lENSG00000272810', 'lENSG00000272814', 'lENSG00000272866', 'lENSG00000272995', 'lENSG00000273035', 'lENSG00000273110', 'lENSG00000273198', 'lENSG00000273226', 'lENSG00000273257', 'lENSG00000273271', 'lENSG00000273275', 'lENSG00000273360', 'lENSG00000273449', 'lENSG00000273461', 'lENSG00000273485', 'lENSG00000273493', 'lENSG00000273568', 'lENSG00000273838', 'lENSG00000273877', 'lENSG00000273919', 'lENSG00000274227', 'lENSG00000274561', 'lENSG00000274624', 'lENSG00000274678', 'lENSG00000274737', 'lENSG00000274863', 'lENSG00000275173', 'lENSG00000275345', 'lENSG00000275356', 'lENSG00000275401', 'lENSG00000275576', 'lENSG00000275638', 'lENSG00000275871', 'lENSG00000275963', 'lENSG00000276054', 'lENSG00000276266', 'lENSG00000276527', 'lENSG00000276533', 'lENSG00000276668', 'lENSG00000277173', 'lENSG00000277332', 'lENSG00000277639', 'lENSG00000277675', 'lENSG00000278000', 'lENSG00000278013', 'lENSG00000278202', 'lENSG00000278630', 'lENSG00000278766', 'lENSG00000278944', 'lENSG00000279088', 'lENSG00000279240', 'lENSG00000279484', 'lENSG00000279501', 'lENSG00000279687', 'lENSG00000279751', 'lENSG00000279920', 'lENSG00000280206', 'lENSG00000280224', 'lENSG00000280455', 'lENSG00000280580', 'lENSG00000280703', 'lENSG00000280870', 'lENSG00000280881', 'lENSG00000281021', 'lENSG00000281831', 'lENSG00000282478', 'lENSG00000282950', 'lENSG00000283083', 'lENSG00000283286', 'lENSG00000283347', 'lENSG00000283375', 'lENSG00000283436', 'lENSG00000283457', 'lENSG00000283573', 'lENSG00000283766', 'lENSG00000283973', 'lENSG00000284376', 'lENSG00000284418', 'lENSG00000284500', 'lENSG00000284513', 'lENSG00000284608', 'lENSG00000284699', 'lENSG00000284846', 'lENSG00000284994', 'lENSG00000285012', 'lENSG00000285040', 'lENSG00000285117', 'lENSG00000285325', 'lENSG00000285409', 'lENSG00000285473', 'lENSG00000285524', 'lENSG00000285619', 'lENSG00000285621', 'lENSG00000285654', 'lENSG00000285699', 'lENSG00000285709', 'lENSG00000285780', 'lENSG00000285857', 'lENSG00000285861', 'lENSG00000285889', 'lENSG00000285998', 'lENSG00000286002', 'lENSG00000286010', 'lENSG00000286018', 'lENSG00000286020', 'lENSG00000286076', 'lENSG00000286089', 'lENSG00000286093', 'lENSG00000286101', 'lENSG00000286168', 'lENSG00000286188', 'lENSG00000286194', 'lENSG00000286197', 'lENSG00000286206', 'lENSG00000286242', 'lENSG00000286244', 'lENSG00000286276', 'lENSG00000286303', 'lENSG00000286331', 'lENSG00000286338', 'lENSG00000286357', 'lENSG00000286419', 'lENSG00000286436', 'lENSG00000286441', 'lENSG00000286461', 'lENSG00000286474', 'lENSG00000286515', 'lENSG00000286565', 'lENSG00000286578', 'lENSG00000286581', 'lENSG00000286584', 'lENSG00000286639', 'lENSG00000286645', 'lENSG00000286670', 'lENSG00000286689', 'lENSG00000286690', 'lENSG00000286698', 'lENSG00000286715', 'lENSG00000286722', 'lENSG00000286735', 'lENSG00000286740', 'lENSG00000286751', 'lENSG00000286759', 'lENSG00000286767', 'lENSG00000286770', 'lENSG00000286776', 'lENSG00000286781', 'lENSG00000286795', 'lENSG00000286803', 'lENSG00000286820', 'lENSG00000286822', 'lENSG00000286838', 'lENSG00000286843', 'lENSG00000286850', 'lENSG00000286887', 'lENSG00000286908', 'lENSG00000286963', 'lENSG00000287005', 'lENSG00000287006', 'lENSG00000287020', 'lENSG00000287028', 'lENSG00000287030', 'lENSG00000287094', 'lENSG00000287108', 'lENSG00000287128', 'lENSG00000287155', 'lENSG00000287159', 'lENSG00000287191', 'lENSG00000287198', 'lENSG00000287202', 'lENSG00000287213', 'lENSG00000287236', 'lENSG00000287270', 'lENSG00000287285', 'lENSG00000287321', 'lENSG00000287335', 'lENSG00000287358', 'lENSG00000287359', 'lENSG00000287366', 'lENSG00000287367', 'lENSG00000287381', 'lENSG00000287423', 'lENSG00000287441', 'lENSG00000287451', 'lENSG00000287456', 'lENSG00000287462', 'lENSG00000287501', 'lENSG00000287511', 'lENSG00000287517', 'lENSG00000287518', 'lENSG00000287545', 'lENSG00000287550', 'lENSG00000287551', 'lENSG00000287556', 'lENSG00000287587', 'lENSG00000287618', 'lENSG00000287664', 'lENSG00000287684', 'lENSG00000287687', 'lENSG00000287691', 'lENSG00000287704', 'lENSG00000211683', 'lENSG00000214955', 'lENSG00000223379', 'lENSG00000223795', 'lENSG00000224884', 'lENSG00000225393', 'lENSG00000225836', 'lENSG00000228255', 'lENSG00000228538', 'lENSG00000229454', 'lENSG00000229458', 'lENSG00000229628', 'lENSG00000229964', 'lENSG00000230600', 'lENSG00000230649', 'lENSG00000231212', 'lENSG00000231616', 'lENSG00000232056', 'lENSG00000232636', 'lENSG00000233200', 'lENSG00000233987', 'lENSG00000234083', 'lENSG00000234810', 'lENSG00000234998', 'lENSG00000235337', 'lENSG00000235795', 'lENSG00000236453', 'lENSG00000242375', 'lENSG00000244620', 'lENSG00000248359', 'lENSG00000248991', 'lENSG00000249159', 'lENSG00000250481', 'lENSG00000250567', 'lENSG00000250670', 'lENSG00000250686', 'lENSG00000250948', 'lENSG00000251506', 'lENSG00000251654', 'lENSG00000253766', 'lENSG00000254306', 'lENSG00000254927', 'lENSG00000255279', 'lENSG00000255325', 'lENSG00000255644', 'lENSG00000256686', 'lENSG00000257603', 'lENSG00000257715', 'lENSG00000257962', 'lENSG00000258088', 'lENSG00000258196', 'lENSG00000258386', 'lENSG00000258949', 'lENSG00000259123', 'lENSG00000259209', 'lENSG00000259222', 'lENSG00000259244', 'lENSG00000259255', 'lENSG00000259274', 'lENSG00000259306', 'lENSG00000259407', 'lENSG00000260511', 'lENSG00000260983', 'lENSG00000261445', 'lENSG00000261470', 'lENSG00000261775', 'lENSG00000264660', 'lENSG00000265174', 'lENSG00000266893', 'lENSG00000267081', 'lENSG00000267521', 'lENSG00000267581', 'lENSG00000269391', 'lENSG00000269460', 'lENSG00000272304', 'lENSG00000272369', 'lENSG00000273138', 'lENSG00000273403', 'lENSG00000273486', 'lENSG00000274902', 'lENSG00000275232', 'lENSG00000278514', 'lENSG00000279672', 'lENSG00000282887', 'lENSG00000286164', 'lENSG00000226032', 'lENSG00000235736', 'lENSG00000251613', 'lENSG00000263316', 'lENSG00000258631', 'lENSG00000260141', 'lENSG00000279472', 'lENSG00000271870', 'lENSG00000272934', 'lENSG00000265556', 'lENSG00000271840', 'lENSG00000253701', 'lENSG00000281408', 'lENSG00000268166', 'lALG13-AS1', 'lDGUOK-AS1', 'lMIR145', 'lMIR24-2', 'lMIR3654', 'lACA64', 'lCDKN2B-AS', 'lC3orf65']","[0.0, 1.0, 1.0, 1.0, 0.0, 1.0, 0.0, 1.0, 0.0, 0.0, 0.0, 0.0, 1.0, 1.0, 1.0, 0.0, 0.0, 0.0, 1.0, 0.0, 0.0, 0.0, 0.0, 0.0, 1.0, 0.0, 0.0, 0.0, 1.0, 1.0, 1.0, 1.0, 0.0, 1.0, 0.0, 1.0, 1.0, 0.0, 1.0, 0.0, 1.0, 0.0, 0.0, 1.0, 0.0, 0.0, 1.0, 0.0, 1.0, 1.0, 1.0, 1.0, 0.0, 1.0, 0.0, 1.0, 0.0, 0.0, 1.0, 1.0, 1.0, 1.0, 0.0, 0.0, 1.0, 1.0, 1.0, 1.0, 1.0, 0.0, 1.0, 0.0, 1.0, 1.0, 1.0, 1.0, 1.0, 0.0, 0.0, 1.0, 0.0, 1.0, 0.0, 1.0, 1.0, 1.0, 0.0, 1.0, 0.0, 1.0, 1.0, 1.0, 0.0, 0.0, 1.0, 1.0, 0.0, 1.0, 0.0, 0.0, 0.0, 0.0, 1.0, 1.0, 1.0, 1.0, 1.0, 1.0, 0.0, 0.0, 1.0, 1.0, 1.0, 0.0, 1.0, 0.0, 0.0, 1.0, 1.0, 1.0, 0.0, 1.0, 0.0, 0.0, 0.0, 1.0, 1.0, 0.0, 0.0, 0.0, 0.0, 1.0, 1.0, 0.0, 1.0, 1.0, 1.0, 0.0, 1.0, 0.0, 1.0, 1.0, 1.0, 0.0, 0.0, 0.0, 0.0, 0.0, 1.0, 1.0, 0.0, 1.0, 1.0, 0.0, 0.0, 1.0, 0.0, 1.0, 1.0, 1.0, 0.0, 1.0, 0.0, 1.0, 1.0, 0.0, 0.0, 1.0, 1.0, 0.0, 0.0, 1.0, 0.0, 1.0, 0.0, 1.0, 0.0, 0.0, 1.0, 0.0, 0.0, 1.0, 0.0, 0.0, 1.0, 0.0, 0.0, 1.0, 0.0, 0.0, 1.0, 0.0, 1.0, 1.0, 1.0, 0.0, 0.0, 0.0, 1.0, 0.0, 0.0, 0.0, 1.0, 1.0, 1.0, 1.0, 1.0, 1.0, 0.0, 1.0, 0.0, 1.0, 1.0, 0.0, 1.0, 1.0, 1.0, 0.0, 1.0, 1.0, 0.0, 1.0, 0.0, 0.0, 1.0, 0.0, 0.0, 1.0, 1.0, 1.0, 1.0, 1.0, 1.0, 0.0, 1.0, 1.0, 1.0, 1.0, 1.0, 0.0, 1.0, 1.0, 1.0, 0.0, 1.0, 1.0, 0.0, 0.0, 1.0, 1.0, 1.0, 1.0, 1.0, 0.0, 1.0, 1.0, 0.0, 0.0, 1.0, 1.0, 1.0, 0.0, 1.0, 1.0, 1.0, 0.0, 1.0, 1.0, 0.0, 0.0, 0.0, 1.0, 0.0, 0.0, 1.0, 1.0, 0.0, 1.0, 0.0, 0.0, 1.0, 0.0, 1.0, 1.0, 0.0, 0.0, 1.0, 0.0, 0.0, 0.0, 0.0, 0.0, 1.0, 1.0, 1.0, 1.0, 1.0, 0.0, 1.0, 0.0, 0.0, 0.0, 0.0, 0.0, 1.0, 1.0, 0.0, 1.0, 1.0, 1.0, 0.0, 1.0, 0.0, 0.0, 1.0, 1.0, 0.0, 1.0, 0.0, 1.0, 1.0, 0.0, 1.0, 1.0, 1.0, 1.0, 1.0, 0.0, 1.0, 0.0, 0.0, 1.0, 1.0, 1.0, 0.0, 1.0, 0.0, 1.0, 1.0, 0.0, 0.0, 1.0, 1.0, 0.0, 1.0, 0.0, 1.0, 0.0, 1.0, 0.0, 0.0, 0.0, 0.0, 1.0, 0.0, 1.0, 1.0, 1.0, 0.0, 0.0, 1.0, 0.0, 0.0, 1.0, 0.0, 1.0, 1.0, 1.0, 0.0, 1.0, 1.0, 1.0, 0.0, 0.0, 0.0, 1.0, 0.0, 1.0, 0.0, 1.0, 1.0, 0.0, 1.0, 0.0, 1.0, 0.0, 1.0, 0.0, 0.0, 0.0, 1.0, 1.0, 1.0, 0.0, 1.0, 0.0, 1.0, 1.0, 0.0, 1.0, 1.0, 1.0, 0.0, 0.0, 1.0, 0.0, 0.0, 0.0, 0.0, 1.0, 0.0, 1.0, 1.0, 0.0, 1.0, 1.0, 1.0, 0.0, 0.0, 0.0, 0.0, 1.0, 0.0, 1.0, 0.0, 0.0, 0.0, 1.0, 1.0, 0.0, 0.0, 0.0, 1.0, 1.0, 0.0, 0.0, 0.0, 0.0, 0.0, 1.0, 1.0, 0.0, 0.0, 0.0, 0.0, 0.0, 0.0, 0.0, 1.0, 0.0, 1.0, 0.0, 0.0, 0.0, 0.0, 0.0, 1.0, 0.0, 0.0, 0.0, 0.0, 0.0, 0.0, 1.0, 0.0, 0.0, 1.0, 1.0, 1.0, 0.0, 0.0, 0.0, 1.0, 1.0, 0.0, 0.0, 1.0, 0.0, 1.0, 0.0, 1.0, 0.0, 1.0, 1.0, 1.0, 1.0, 1.0, 1.0, 0.0, 0.0, 0.0, 1.0, 0.0, 0.0, 1.0, 0.0, 0.0, 0.0, 1.0, 1.0, 0.0, 0.0, 0.0, 1.0, 1.0, 1.0, 0.0, 1.0, 0.0, 1.0, 0.0, 0.0, 1.0, 1.0, 0.0, 1.0, 0.0, 1.0, 0.0, 0.0, 1.0, 1.0, 1.0, 0.0, 1.0, 0.0, 1.0, 1.0, 1.0, 1.0, 1.0, 0.0, 0.0, 0.0, 1.0, 0.0, 1.0, 1.0, 1.0, 1.0, 0.0, 0.0, 0.0, 1.0, 0.0, 0.0, 0.0, 0.0, 1.0, 1.0, 0.0, 1.0, 0.0, 0.0, 1.0, 0.0, 1.0, 0.0, 1.0, 0.0, 1.0, 1.0, 1.0, 0.0, 1.0, 1.0, 1.0, 1.0, 1.0, 1.0, 0.0, 1.0, 1.0, 0.0, 1.0, 1.0, 1.0, 0.0, 0.0, 0.0, 1.0, 0.0, 1.0, 0.0, 1.0, 1.0, 1.0, 0.0, 1.0, 0.0, 0.0, 0.0, 1.0, 1.0, 0.0, 0.0, 1.0, 1.0, 1.0, 0.0, 0.0, 1.0, 1.0, 1.0, 1.0, 0.0, 0.0, 0.0, 1.0, 0.0, 1.0, 1.0, 0.0, 0.0, 1.0, 1.0, 0.0, 0.0, 0.0, 1.0, 1.0, 1.0, 1.0, 0.0, 1.0, 0.0, 1.0, 1.0, 1.0, 1.0, 1.0, 1.0, 1.0, 0.0, 0.0, 0.0, 1.0, 1.0, 1.0, 0.0, 1.0, 1.0, 1.0, 1.0, 0.0, 1.0, 1.0, 1.0, 1.0, 1.0, 0.0, 0.0, 1.0, 0.0, 1.0, 1.0, 1.0, 0.0, 1.0, 1.0, 0.0, 0.0, 1.0, 0.0, 1.0, 0.0, 0.0, 1.0, 1.0, 0.0, 0.0, 1.0, 0.0, 1.0, 1.0, 0.0, 0.0, 1.0, 1.0, 0.0, 1.0, 0.0, 1.0, 1.0, 0.0, 1.0, 1.0, 0.0, 0.0, 0.0, 1.0, 0.0, 1.0, 0.0, 0.0, 1.0, 1.0, 1.0, 0.0, 1.0, 1.0, 0.0, 0.0, 1.0, 1.0, 1.0, 1.0, 1.0, 1.0, 0.0, 0.0, 1.0, 0.0, 0.0, 1.0, 0.0, 1.0, 0.0, 0.0, 0.0, 1.0, 0.0, 1.0, 1.0, 0.0, 1.0, 1.0, 1.0, 1.0, 0.0, 0.0, 0.0, 0.0, 1.0, 0.0, 0.0, 1.0, 0.0, 1.0, 0.0, 0.0, 1.0, 1.0, 1.0, 0.0, 1.0, 0.0, 0.0, 0.0, 1.0, 1.0, 1.0, 0.0, 0.0, 0.0, 0.0, 1.0, 0.0, 0.0, 0.0, 0.0, 0.0, 1.0, 0.0, 0.0, 1.0, 0.0, 0.0, 0.0, 1.0, 1.0, 0.0, 1.0, 0.0, 1.0, 0.0, 0.0, 0.0, 1.0, 0.0, 0.0, 1.0, 1.0, 0.0, 1.0, 1.0, 0.0, 1.0, 0.0, 0.0, 1.0, 0.0, 0.0, 1.0, 0.0, 0.0, 1.0, 0.0, 1.0, 1.0, 1.0, 1.0, 0.0, 1.0, 1.0, 1.0, 1.0, 0.0, 0.0, 1.0, 1.0, 1.0, 0.0, 1.0, 1.0, 0.0, 0.0, 1.0, 1.0, 0.0, 1.0, 0.0, 0.0, 0.0, 0.0, 1.0, 0.0, 1.0, 0.0, 0.0, 1.0, 1.0, 1.0, 0.0, 1.0, 0.0, 1.0, 1.0, 0.0, 1.0, 1.0, 0.0, 1.0, 0.0, 0.0, 1.0, 0.0, 1.0, 1.0, 1.0, 0.0, 0.0, 0.0, 1.0, 0.0, 0.0, 0.0, 1.0, 1.0, 1.0, 1.0, 1.0, 1.0, 1.0, 0.0, 1.0, 1.0, 0.0, 1.0, 0.0, 1.0, 1.0, 1.0, 1.0, 0.0, 0.0, 1.0, 0.0, 0.0, 0.0, 0.0, 1.0, 1.0, 1.0, 0.0, 0.0, 0.0, 1.0, 0.0, 0.0, 1.0, 0.0, 0.0, 1.0, 1.0, 1.0, 1.0, 0.0, 1.0, 1.0, 1.0, 1.0, 1.0, 0.0, 0.0, 1.0, 0.0, 0.0, 1.0, 1.0, 0.0, 1.0, 0.0, 1.0, 0.0, 1.0, 1.0, 1.0, 0.0, 0.0, 1.0, 0.0, 0.0, 1.0, 0.0, 1.0, 1.0, 1.0, 0.0, 0.0, 1.0, 0.0, 1.0, 0.0, 0.0, 1.0, 1.0, 1.0, 1.0, 1.0, 0.0, 1.0, 1.0, 1.0, 0.0, 0.0, 1.0, 0.0, 0.0, 0.0, 0.0, 1.0, 1.0, 0.0, 1.0, 0.0, 0.0, 1.0, 0.0, 0.0, 1.0, 0.0, 0.0, 1.0, 1.0, 1.0, 0.0, 1.0, 0.0, 0.0, 0.0, 0.0, 1.0, 1.0, 1.0, 0.0, 1.0, 0.0, 0.0, 0.0, 0.0, 0.0, 1.0, 1.0, 0.0, 1.0, 1.0, 0.0, 0.0, 1.0, 1.0, 1.0, 0.0, 0.0, 0.0, 1.0, 0.0, 0.0, 0.0, 0.0, 0.0, 1.0, 0.0, 1.0, 0.0, 0.0, 0.0, 0.0, 1.0, 1.0, 0.0, 1.0, 0.0, 1.0, 1.0, 0.0, 0.0, 0.0, 0.0, 1.0, 0.0, 1.0, 1.0, 1.0, 1.0, 1.0, 0.0, 0.0, 0.0, 0.0, 1.0, 1.0, 0.0, 0.0, 1.0, 0.0, 1.0, 0.0, 0.0, 1.0, 1.0, 0.0, 0.0, 1.0, 0.0, 1.0, 0.0, 0.0, 0.0, 0.0, 0.0, 1.0, 0.0, 1.0, 1.0, 1.0, 1.0, 1.0, 1.0, 0.0, 0.0, 0.0, 0.0, 0.0, 1.0, 0.0, 1.0, 1.0, 1.0, 1.0, 1.0, 0.0, 0.0, 0.0, 1.0, 1.0, 1.0, 0.0, 0.0, 1.0, 0.0, 0.0, 0.0, 0.0, 1.0, 0.0, 0.0, 1.0, 0.0, 0.0, 1.0, 1.0, 0.0, 1.0, 1.0, 1.0, 1.0, 1.0, 1.0, 0.0, 1.0, 0.0, 0.0, 1.0, 0.0, 1.0, 1.0, 1.0, 1.0, 0.0, 1.0, 0.0, 0.0, 1.0, 0.0, 1.0, 0.0, 0.0, 0.0, 1.0, 1.0, 0.0, 1.0, 0.0, 1.0, 1.0, 1.0, 0.0, 0.0, 0.0, 0.0, 0.0, 1.0, 0.0, 1.0, 0.0, 0.0, 0.0, 1.0, 1.0, 1.0, 0.0, 0.0, 0.0, 1.0, 0.0, 1.0, 1.0, 0.0, 1.0, 0.0, 0.0, 1.0, 1.0, 1.0, 1.0, 0.0, 0.0, 1.0, 1.0, 0.0, 1.0, 1.0, 1.0, 1.0, 1.0, 0.0, 0.0, 0.0, 1.0, 1.0, 1.0, 1.0, 1.0, 1.0, 1.0, 0.0, 0.0, 0.0, 1.0, 0.0, 1.0, 1.0, 1.0, 1.0, 1.0, 0.0, 0.0, 1.0, 0.0, 0.0, 0.0, 0.0, 1.0, 1.0, 1.0, 1.0, 0.0, 1.0, 0.0, 1.0, 1.0, 0.0, 0.0, 0.0, 1.0, 1.0, 1.0, 1.0, 1.0, 0.0, 1.0, 0.0, 1.0, 0.0, 0.0, 1.0, 0.0, 0.0, 1.0, 0.0, 0.0, 1.0, 1.0, 0.0, 0.0, 0.0, 1.0, 1.0, 1.0, 0.0, 1.0, 1.0, 1.0, 0.0, 0.0, 1.0, 0.0, 0.0, 1.0, 1.0, 0.0, 0.0, 1.0, 1.0, 1.0, 0.0, 0.0, 1.0, 1.0, 1.0, 0.0, 0.0, 0.0, 0.0, 1.0, 0.0, 0.0, 0.0, 0.0, 0.0, 1.0, 0.0, 0.0, 0.0, 0.0, 1.0, 0.0, 0.0, 0.0, 0.0, 0.0, 1.0, 0.0, 1.0, 0.0, 0.0, 1.0, 1.0, 0.0, 1.0, 0.0, 1.0, 1.0, 0.0, 1.0, 1.0, 1.0, 0.0, 0.0, 0.0, 0.0, 0.0, 1.0, 0.0, 1.0, 1.0, 1.0, 1.0, 0.0, 1.0, 1.0, 1.0, 1.0, 1.0, 1.0, 1.0, 1.0, 1.0, 1.0, 1.0, 1.0, 1.0, 1.0, 1.0, 0.0, 0.0, 1.0, 0.0, 0.0, 1.0, 1.0, 1.0, 0.0, 1.0, 0.0, 0.0, 0.0, 0.0, 1.0, 1.0, 1.0, 1.0, 1.0, 1.0, 0.0, 0.0, 0.0, 1.0, 1.0, 1.0, 0.0, 1.0, 1.0, 0.0, 1.0, 1.0, 1.0, 1.0, 0.0, 0.0, 0.0, 0.0, 1.0, 0.0, 1.0, 1.0, 0.0, 1.0, 1.0, 0.0, 0.0, 1.0, 0.0, 0.0, 0.0, 0.0, 1.0, 0.0, 0.0, 1.0, 1.0, 1.0, 0.0, 1.0, 1.0, 1.0, 1.0, 1.0, 1.0, 1.0, 0.0, 1.0, 1.0, 0.0, 1.0, 1.0, 0.0, 0.0, 0.0, 0.0, 0.0, 0.0, 0.0, 0.0, 0.0, 0.0, 1.0, 1.0, 1.0, 0.0, 1.0, 1.0, 1.0, 0.0, 1.0, 1.0, 0.0, 0.0, 1.0, 0.0, 1.0, 1.0, 0.0, 0.0, 0.0, 0.0, 0.0, 0.0, 0.0, 1.0, 1.0, 0.0, 1.0, 0.0, 1.0, 1.0, 1.0, 0.0, 0.0, 0.0, 1.0, 1.0, 1.0, 0.0, 0.0, 1.0, 0.0, 0.0, 0.0, 0.0, 1.0, 0.0, 1.0, 1.0, 1.0, 0.0, 0.0, 0.0, 0.0, 1.0, 0.0, 0.0, 1.0, 0.0, 0.0, 0.0, 0.0, 1.0, 0.0, 0.0, 0.0, 0.0, 1.0, 1.0, 0.0, 1.0, 0.0, 0.0, 0.0, 1.0, 1.0, 0.0, 0.0, 1.0, 1.0, 1.0, 1.0, 0.0, 0.0, 1.0, 0.0, 1.0, 0.0, 1.0, 0.0, 1.0, 1.0, 1.0, 1.0, 0.0, 0.0, 0.0, 1.0, 0.0, 0.0, 0.0, 0.0, 0.0, 0.0, 0.0, 0.0, 0.0, 1.0, 1.0, 0.0, 1.0, 1.0, 0.0, 1.0, 0.0, 1.0, 1.0, 0.0, 0.0, 0.0, 1.0, 0.0, 1.0, 0.0, 1.0, 1.0, 0.0, 0.0, 1.0, 1.0, 0.0, 1.0, 0.0, 0.0, 1.0, 1.0, 1.0, 0.0, 1.0, 0.0, 1.0, 1.0, 0.0, 1.0, 0.0, 1.0, 0.0, 0.0, 0.0, 0.0, 0.0, 1.0, 0.0, 1.0, 1.0, 0.0, 0.0, 0.0, 0.0, 0.0, 1.0, 1.0, 1.0, 1.0, 0.0, 0.0, 1.0, 0.0, 0.0, 0.0, 0.0, 0.0, 0.0, 0.0, 1.0, 1.0, 0.0, 0.0, 1.0, 0.0, 0.0, 0.0, 0.0, 0.0, 0.0, 1.0, 0.0, 1.0, 0.0, 0.0, 0.0, 0.0, 0.0, 0.0, 1.0, 1.0, 1.0, 0.0, 1.0, 0.0, 1.0, 0.0, 1.0, 0.0, 0.0, 0.0, 1.0, 1.0, 0.0, 0.0, 0.0, 0.0, 1.0, 1.0, 1.0, 0.0, 0.0, 1.0, 1.0, 1.0, 0.0, 1.0, 0.0, 0.0, 0.0, 0.0, 1.0, 1.0, 1.0, 0.0, 1.0, 0.0, 1.0, 1.0, 1.0, 0.0, 1.0, 0.0, 0.0, 1.0, 1.0, 1.0, 1.0, 1.0, 1.0, 0.0, 0.0, 0.0, 1.0, 1.0, 0.0, 1.0, 0.0, 0.0, 1.0, 0.0, 1.0, 0.0, 0.0, 0.0, 1.0, 0.0, 1.0, 0.0, 1.0, 0.0, 1.0, 1.0, 0.0, 1.0, 1.0, 1.0, 1.0, 0.0, 0.0, 0.0, 0.0, 1.0, 0.0, 1.0, 0.0, 0.0, 0.0, 0.0, 1.0, 1.0, 0.0, 1.0, 1.0, 0.0, 0.0, 1.0, 1.0, 0.0, 0.0, 0.0, 1.0, 1.0, 0.0, 1.0, 0.0, 1.0, 0.0, 1.0, 0.0, 1.0, 1.0, 1.0, 0.0, 0.0, 1.0, 0.0, 0.0, 1.0, 0.0, 1.0, 0.0, 0.0, 1.0, 1.0, 0.0, 0.0, 1.0, 0.0, 1.0, 0.0, 1.0, 0.0, 1.0, 0.0, 1.0, 1.0, 1.0, 1.0, 0.0, 0.0, 1.0, 0.0, 1.0, 1.0, 0.0, 1.0, 0.0, 1.0, 1.0, 1.0, 1.0, 0.0, 1.0, 1.0, 0.0, 1.0, 0.0, 0.0, 1.0, 0.0, 0.0, 0.0, 1.0, 1.0, 1.0, 0.0, 1.0, 1.0, 0.0, 1.0, 1.0, 1.0, 1.0, 0.0, 1.0, 0.0, 1.0, 0.0, 0.0, 0.0, 1.0, 0.0, 1.0, 1.0, 0.0, 0.0, 0.0, 0.0, 1.0, 1.0, 1.0, 1.0, 1.0, 0.0, 1.0, 0.0, 1.0, 0.0, 0.0, 0.0, 1.0, 0.0, 0.0, 1.0, 0.0, 1.0, 1.0, 0.0, 0.0, 1.0, 1.0, 0.0, 1.0, 0.0, 1.0, 0.0, 1.0, 1.0, 0.0, 0.0, 0.0, 1.0, 1.0, 0.0, 1.0, 0.0, 0.0, 1.0, 1.0, 1.0, 1.0, 0.0, 0.0, 1.0, 0.0, 1.0, 0.0, 0.0, 0.0, 1.0, 1.0, 0.0, 0.0, 0.0, 0.0, 1.0, 1.0, 0.0, 1.0, 1.0, 1.0, 0.0, 0.0, 1.0, 1.0, 1.0, 0.0, 1.0, 0.0, 0.0, 1.0, 0.0, 0.0, 1.0, 0.0, 1.0, 1.0, 1.0, 0.0, 1.0, 0.0, 0.0, 0.0, 0.0, 1.0, 1.0, 0.0, 0.0, 1.0, 0.0, 0.0, 0.0, 1.0, 1.0, 0.0, 0.0, 1.0, 0.0, 0.0, 0.0, 1.0, 1.0, 0.0, 1.0, 1.0, 1.0, 1.0, 1.0, 1.0, 1.0, 0.0, 0.0, 0.0, 0.0, 0.0, 0.0, 0.0, 1.0, 1.0, 0.0, 1.0, 1.0, 1.0, 0.0, 0.0, 0.0, 1.0, 1.0, 0.0, 0.0, 1.0, 1.0, 0.0, 0.0, 1.0, 1.0, 0.0, 0.0, 0.0, 1.0, 1.0, 0.0, 0.0, 0.0, 0.0, 1.0, 0.0, 1.0, 0.0, 1.0, 1.0, 1.0, 0.0, 1.0, 0.0, 0.0, 0.0, 0.0, 1.0, 1.0, 0.0, 0.0, 0.0, 1.0, 1.0, 1.0, 1.0, 0.0, 1.0, 1.0, 0.0, 0.0, 1.0, 0.0, 0.0, 1.0, 1.0, 1.0, 0.0, 0.0, 1.0, 0.0, 1.0, 0.0, 0.0, 0.0, 0.0, 0.0, 1.0, 1.0, 1.0, 1.0, 1.0, 0.0, 1.0, 0.0, 1.0, 1.0, 1.0, 0.0, 0.0, 0.0, 0.0, 1.0, 0.0, 0.0, 1.0, 0.0, 0.0, 0.0, 0.0, 0.0, 1.0, 0.0, 1.0, 1.0, 0.0, 0.0, 1.0, 1.0, 0.0, 1.0, 0.0, 0.0, 1.0, 0.0, 1.0, 1.0, 0.0, 0.0, 1.0, 1.0, 0.0, 0.0, 1.0, 1.0, 1.0, 1.0, 1.0, 0.0, 0.0, 0.0, 0.0, 1.0, 0.0, 1.0, 0.0, 0.0, 0.0, 1.0, 1.0, 0.0, 1.0, 0.0, 0.0, 0.0, 0.0, 1.0, 0.0, 1.0, 0.0, 0.0, 1.0, 0.0, 0.0, 0.0, 1.0, 0.0, 0.0, 0.0, 1.0, 0.0, 1.0, 0.0, 1.0, 1.0, 0.0, 1.0, 0.0, 1.0, 1.0, 0.0, 0.0, 1.0, 1.0, 0.0, 0.0, 0.0, 1.0, 0.0, 0.0, 0.0, 0.0, 0.0, 0.0, 1.0, 0.0, 1.0, 1.0, 0.0, 1.0, 1.0, 1.0, 1.0, 1.0, 0.0, 0.0, 1.0, 1.0, 1.0, 0.0, 0.0, 1.0, 0.0, 1.0, 0.0, 1.0, 1.0, 1.0, 1.0, 0.0, 0.0, 0.0, 1.0, 0.0, 1.0, 0.0, 1.0, 0.0, 0.0, 1.0, 1.0, 1.0, 1.0, 0.0, 0.0, 1.0, 1.0, 1.0, 1.0, 1.0, 0.0, 0.0, 1.0, 0.0, 1.0, 1.0, 1.0, 1.0, 0.0, 1.0, 1.0, 0.0, 0.0, 0.0, 1.0, 0.0, 0.0, 1.0, 1.0, 0.0, 1.0, 1.0, 0.0, 1.0, 1.0, 0.0, 1.0, 0.0, 0.0, 0.0, 0.0, 0.0, 1.0, 0.0, 1.0, 0.0, 0.0, 1.0, 1.0, 1.0, 0.0, 0.0, 0.0, 1.0, 1.0, 1.0, 0.0, 0.0, 0.0, 1.0, 1.0, 0.0, 0.0, 1.0, 1.0, 1.0, 1.0, 0.0, 0.0, 1.0, 0.0, 1.0, 1.0, 1.0, 1.0, 0.0, 1.0, 0.0, 0.0, 0.0, 1.0, 0.0, 1.0, 1.0, 0.0, 1.0, 1.0, 1.0, 1.0, 0.0, 0.0, 0.0, 1.0, 0.0, 0.0, 1.0, 0.0, 0.0, 1.0, 0.0, 0.0, 0.0, 0.0, 0.0, 1.0, 1.0, 0.0, 1.0, 0.0, 1.0, 0.0, 0.0, 1.0, 0.0, 1.0, 0.0, 0.0, 0.0, 0.0, 0.0, 1.0, 0.0, 0.0, 0.0, 1.0, 0.0, 0.0, 1.0, 0.0, 0.0, 0.0, 1.0, 0.0, 1.0, 1.0, 0.0, 0.0, 0.0, 1.0, 0.0, 1.0, 0.0, 0.0, 1.0, 0.0, 0.0, 1.0, 0.0, 0.0, 0.0, 0.0, 1.0, 0.0, 0.0, 0.0, 0.0, 1.0, 1.0, 1.0, 1.0, 1.0, 1.0, 1.0, 0.0, 1.0, 1.0, 1.0, 0.0, 0.0, 1.0, 1.0, 1.0, 1.0, 0.0, 1.0, 0.0, 0.0, 1.0, 1.0, 0.0, 0.0, 1.0, 1.0, 1.0, 0.0, 0.0, 0.0, 1.0, 0.0, 1.0, 0.0, 1.0, 1.0, 1.0, 1.0, 1.0, 1.0, 1.0, 1.0, 0.0, 0.0, 0.0, 0.0, 0.0, 0.0, 1.0, 1.0, 1.0, 0.0, 1.0, 0.0, 0.0, 1.0, 1.0, 0.0, 1.0, 0.0, 1.0, 0.0, 0.0, 1.0, 0.0, 1.0, 0.0, 0.0, 1.0, 1.0, 0.0, 0.0, 1.0, 0.0, 1.0, 0.0, 0.0, 1.0, 0.0, 1.0, 1.0, 0.0, 1.0, 0.0, 0.0, 0.0, 0.0, 1.0, 0.0, 0.0, 0.0, 1.0, 0.0, 0.0, 1.0, 0.0, 1.0, 0.0, 1.0, 0.0, 0.0, 0.0, 1.0, 0.0, 1.0, 0.0, 1.0, 1.0, 1.0, 1.0, 1.0, 0.0, 1.0, 1.0, 0.0, 1.0, 1.0, 0.0, 1.0, 0.0, 1.0, 0.0, 1.0, 1.0, 1.0, 0.0, 0.0, 1.0, 1.0, 1.0, 0.0, 1.0, 0.0, 1.0, 1.0, 0.0, 1.0, 1.0, 0.0, 0.0, 1.0, 1.0, 0.0, 1.0, 0.0, 1.0, 0.0, 0.0, 0.0, 0.0, 0.0, 1.0, 1.0, 0.0, 1.0, 0.0, 0.0, 0.0, 0.0, 0.0, 0.0, 1.0, 1.0, 0.0, 0.0, 0.0, 0.0, 0.0, 0.0, 1.0, 0.0, 1.0, 1.0, 1.0, 1.0, 0.0, 1.0, 0.0, 0.0, 1.0, 1.0, 0.0, 0.0, 0.0, 1.0, 0.0, 1.0, 0.0, 0.0, 0.0, 0.0, 1.0, 0.0, 0.0, 0.0, 0.0, 1.0, 1.0, 1.0, 0.0, 1.0, 0.0, 1.0, 0.0, 0.0, 0.0, 1.0, 0.0, 0.0, 1.0, 1.0, 0.0, 1.0, 0.0, 0.0, 1.0, 0.0, 0.0, 0.0, 1.0, 0.0, 1.0, 0.0, 1.0, 0.0, 0.0, 1.0, 1.0, 0.0, 0.0, 1.0, 1.0, 0.0, 1.0, 1.0, 1.0, 0.0, 0.0, 1.0, 0.0, 1.0, 1.0, 1.0, 1.0, 0.0, 0.0, 1.0, 0.0, 1.0, 0.0, 0.0, 1.0, 1.0, 1.0, 1.0, 0.0, 1.0, 0.0, 1.0, 1.0, 0.0, 0.0, 1.0, 0.0, 0.0, 0.0, 1.0, 1.0, 0.0, 0.0, 0.0, 0.0, 0.0, 1.0, 0.0, 0.0, 0.0, 1.0, 0.0, 0.0, 1.0, 0.0, 0.0, 1.0, 1.0, 1.0, 1.0, 0.0, 1.0, 0.0, 1.0, 0.0, 1.0, 0.0, 1.0, 0.0, 1.0, 1.0, 1.0, 0.0, 0.0, 1.0, 1.0, 1.0, 0.0, 1.0, 1.0, 0.0, 1.0, 0.0, 1.0, 0.0, 1.0, 1.0, 0.0, 1.0, 1.0, 0.0, 1.0, 0.0, 0.0, 1.0, 0.0, 0.0, 1.0, 0.0, 1.0, 0.0, 1.0, 1.0, 0.0, 1.0, 1.0, 1.0, 1.0, 1.0, 1.0, 0.0, 0.0, 1.0, 0.0, 1.0, 0.0, 1.0, 0.0, 0.0, 1.0, 1.0, 0.0, 1.0, 1.0, 0.0, 0.0, 0.0, 0.0, 1.0, 0.0, 1.0, 0.0, 1.0, 0.0, 1.0, 0.0, 1.0, 0.0, 0.0, 0.0, 1.0, 0.0, 0.0, 0.0, 1.0, 0.0, 1.0, 1.0, 0.0, 1.0, 0.0, 0.0, 0.0, 1.0, 1.0, 0.0, 0.0, 1.0, 1.0, 0.0, 0.0, 0.0, 1.0, 1.0, 0.0, 1.0, 1.0, 0.0, 0.0, 1.0, 0.0, 1.0, 0.0, 1.0, 0.0, 0.0, 1.0, 0.0, 1.0, 1.0, 0.0, 0.0, 1.0, 0.0, 0.0, 0.0, 0.0, 0.0, 1.0, 0.0, 1.0, 1.0, 0.0, 0.0, 1.0, 1.0, 0.0, 1.0, 1.0, 1.0, 0.0, 0.0, 0.0, 1.0, 1.0, 1.0, 1.0, 1.0, 1.0, 1.0, 1.0, 0.0, 0.0, 1.0, 0.0, 1.0, 0.0, 1.0, 1.0, 1.0, 1.0, 1.0, 1.0, 0.0, 0.0, 1.0, 1.0, 1.0, 0.0, 0.0, 0.0, 0.0, 1.0, 0.0, 1.0, 0.0, 0.0, 1.0, 0.0, 1.0, 1.0, 0.0, 0.0, 1.0, 1.0, 0.0, 1.0, 0.0, 0.0, 0.0, 0.0, 1.0, 1.0, 1.0, 1.0, 0.0, 0.0, 0.0, 0.0, 0.0, 0.0, 0.0, 1.0, 1.0, 0.0, 0.0, 1.0, 0.0, 0.0, 1.0, 0.0, 1.0, 1.0, 1.0, 0.0, 0.0, 1.0, 1.0, 1.0, 0.0, 0.0, 0.0, 0.0, 0.0, 0.0, 0.0, 0.0, 1.0, 1.0, 0.0, 0.0, 0.0, 0.0, 1.0, 1.0, 1.0, 1.0, 1.0, 0.0, 1.0, 0.0, 0.0, 0.0, 1.0, 1.0, 0.0, 1.0, 0.0, 1.0, 0.0, 1.0, 0.0, 0.0, 1.0, 1.0, 1.0, 0.0, 1.0, 1.0, 1.0, 1.0, 0.0, 0.0, 0.0, 0.0, 0.0, 1.0, 0.0, 0.0, 1.0, 0.0, 0.0, 1.0, 1.0, 1.0, 0.0, 0.0, 1.0, 1.0, 1.0, 1.0, 1.0, 0.0, 1.0, 0.0, 1.0, 0.0, 0.0, 1.0, 0.0, 1.0, 0.0, 1.0, 1.0, 0.0, 0.0, 0.0, 1.0, 1.0, 0.0, 0.0, 1.0, 0.0, 1.0, 0.0, 0.0, 1.0, 0.0, 0.0, 0.0, 0.0, 0.0, 1.0, 1.0, 0.0, 1.0, 1.0, 0.0, 1.0, 1.0, 1.0, 1.0, 1.0, 1.0, 1.0, 1.0, 1.0, 0.0, 1.0, 1.0, 0.0, 1.0, 1.0, 0.0, 0.0, 1.0, 1.0, 1.0, 1.0, 1.0, 0.0, 0.0, 0.0, 0.0, 0.0, 1.0, 1.0, 0.0, 1.0, 1.0]","['lNONHSAG000884', 'lNONHSAG001238', 'lNONHSAG002056', 'lNONHSAG002378', 'lNONHSAG002490', 'lNONHSAG002883', 'lNONHSAG003053', 'lNONHSAG003077', 'lNONHSAG003269', 'lNONHSAG003874', 'lNONHSAG004714', 'lNONHSAG004868', 'lNONHSAG005742', 'lNONHSAG006204', 'lNONHSAG006454', 'lNONHSAG007434', 'lNONHSAG007538', 'lNONHSAG007984', 'lNONHSAG008015', 'lNONHSAG008037', 'lNONHSAG008654', 'lNONHSAG008937', 'lNONHSAG009180', 'lNONHSAG010193', 'lNONHSAG010940', 'lNONHSAG010986', 'lNONHSAG011524', 'lNONHSAG012297', 'lNONHSAG013060', 'lNONHSAG013942', 'lNONHSAG014098', 'lNONHSAG014362', 'lNONHSAG015352', 'lNONHSAG015961', 'lNONHSAG016403', 'lNONHSAG016733', 'lNONHSAG016749', 'lNONHSAG018203', 'lNONHSAG018707', 'lNONHSAG019014', 'lNONHSAG019031', 'lNONHSAG019079', 'lNONHSAG019814', 'lNONHSAG020107', 'lNONHSAG020218', 'lNONHSAG020223', 'lNONHSAG020277', 'lNONHSAG020759', 'lNONHSAG021760', 'lNONHSAG021846', 'lNONHSAG021882', 'lNONHSAG022030', 'lNONHSAG022088', 'lNONHSAG022311', 'lNONHSAG022327', 'lNONHSAG022335', 'lNONHSAG022597', 'lNONHSAG022743', 'lNONHSAG022845', 'lNONHSAG023049', 'lNONHSAG023051', 'lNONHSAG023607', 'lNONHSAG023635', 'lNONHSAG023740', 'lNONHSAG023837', 'lNONHSAG023888', 'lNONHSAG024171', 'lNONHSAG025483', 'lNONHSAG025485', 'lNONHSAG026091', 'lNONHSAG026364', 'lNONHSAG026599', 'lNONHSAG027482', 'lNONHSAG027692', 'lNONHSAG028403', 'lNONHSAG029033', 'lNONHSAG030129', 'lNONHSAG030244', 'lNONHSAG030333', 'lNONHSAG030487', 'lNONHSAG031025', 'lNONHSAG031584', 'lNONHSAG032560', 'lNONHSAG032682', 'lNONHSAG033061', 'lNONHSAG033100', 'lNONHSAG033216', 'lNONHSAG034418', 'lNONHSAG035531', 'lNONHSAG036047', 'lNONHSAG036407', 'lNONHSAG036866', 'lNONHSAG037073', 'lNONHSAG037348', 'lNONHSAG038502', 'lNONHSAG038675', 'lNONHSAG039038', 'lNONHSAG039295', 'lNONHSAG040179', 'lNONHSAG041017', 'lNONHSAG042218', 'lNONHSAG042306', 'lNONHSAG043229', 'lNONHSAG043303', 'lNONHSAG043550', 'lNONHSAG044064', 'lNONHSAG044533', 'lNONHSAG045160', 'lNONHSAG046730', 'lNONHSAG047469', 'lNONHSAG048603', 'lNONHSAG049157', 'lNONHSAG049507', 'lNONHSAG049801', 'lNONHSAG050273', 'lNONHSAG052149', 'lNONHSAG052454', 'lNONHSAG052686', 'lNONHSAG052726', 'lNONHSAG053007', 'lNONHSAG053500', 'lNONHSAG054216', 'lNONHSAG054301', 'lNONHSAG054716', 'lNONHSAG055008', 'lNONHSAG055450', 'lNONHSAG056029', 'lNONHSAG058112', 'lNONHSAG065252', 'lNONHSAG074661', 'lNONHSAG083883', 'lNONHSAG088562', 'lNONHSAG093064', 'lNONHSAG097344', 'lNONHSAG102979', 'lENSG00000103472', 'lENSG00000177410', 'lENSG00000205611', 'lENSG00000224057', 'lENSG00000225855', 'lENSG00000236535', 'lENSG00000246560', 'lENSG00000249786', 'lENSG00000254635', 'lENSG00000257084', 'lENSG00000259289', 'lENSG00000224167', 'lCDKN2B-AS1', 'lEGOT', 'lLINC00173', 'lPANDAR', 'lPCGEM1', 'lPVT1', 'lCTB-91J4.1', 'lCTC-338M12.2', 'lLA16c-321D4.2', 'lRP11-2C24.4', 'lRP5-1160K1.8', 'lHNRNPU-AS1', 'lCTA-250D10.23', 'lLINC00035', 'lNONHSAG000677', 'lNONHSAG003459', 'lNONHSAG005727', 'lNONHSAG005761', 'lNONHSAG005885', 'lNONHSAG006221', 'lNONHSAG006274', 'lNONHSAG006405', 'lNONHSAG006407', 'lNONHSAG006415', 'lNONHSAG006507', 'lNONHSAG006527', 'lNONHSAG006573', 'lNONHSAG006646', 'lNONHSAG006967', 'lNONHSAG007008', 'lNONHSAG007020', 'lNONHSAG007419', 'lNONHSAG007531', 'lNONHSAG007563', 'lENSG00000223400', 'lENSG00000223647', 'lENSG00000224220', 'lENSG00000224500', 'lENSG00000224549', 'lENSG00000224821', 'lENSG00000225129', 'lENSG00000225750', 'lENSG00000226323', 'lENSG00000227075', 'lENSG00000227197', 'lENSG00000227360', 'lENSG00000227509', 'lENSG00000227512', 'lENSG00000227680', 'lENSG00000228470', 'lENSG00000229331', 'lENSG00000229487', 'lENSG00000229848', 'lENSG00000230155', 'lENSG00000230197', 'lENSG00000230794', 'lENSG00000230918', 'lENSG00000231143', 'lENSG00000232192', 'lENSG00000232286', 'lENSG00000232564', 'lENSG00000232893', 'lENSG00000233222', 'lENSG00000234160', 'lENSG00000234622', 'lENSG00000234953', 'lENSG00000235786', 'lENSG00000236324', 'lENSG00000236414', 'lENSG00000236452', 'lENSG00000236758', 'lENSG00000236800', 'lENSG00000237921', 'lENSG00000238185', 'lENSG00000241985', 'lENSG00000243797', 'lENSG00000243903', 'lENSG00000247867', 'lENSG00000248125', 'lENSG00000248397', 'lENSG00000248789', 'lENSG00000249419', 'lENSG00000249613', 'lENSG00000249742', 'lENSG00000249830', 'lENSG00000250195', 'lENSG00000250820', 'lENSG00000251256', 'lENSG00000251281', 'lENSG00000253142', 'lENSG00000253189', 'lENSG00000253871', 'lENSG00000253927', 'lENSG00000254035', 'lENSG00000254429', 'lENSG00000254847', 'lENSG00000255041', 'lENSG00000255496', 'lENSG00000255498', 'lENSG00000255949', 'lENSG00000256582', 'lENSG00000257381', 'lENSG00000258272', 'lENSG00000258378', 'lENSG00000258515', 'lENSG00000258908', 'lENSG00000259007', 'lENSG00000259631', 'lENSG00000259759', 'lENSG00000259805', 'lENSG00000260003', 'lENSG00000260022', 'lENSG00000260246', 'lENSG00000260884', 'lENSG00000260911', 'lENSG00000261014', 'lENSG00000261036', 'lENSG00000261248', 'lENSG00000261379', 'lENSG00000261552', 'lENSG00000263321', 'lENSG00000263684', 'lENSG00000264513', 'lENSG00000265791', 'lENSG00000265844', 'lENSG00000266102', 'lENSG00000266368', 'lENSG00000266936', 'lENSG00000267225', 'lENSG00000267234', 'lENSG00000267263', 'lENSG00000267320', 'lENSG00000267711', 'lENSG00000267922', 'lENSG00000268051', 'lENSG00000268605', 'lENSG00000269085', 'lENSG00000269950', 'lENSG00000271936', 'lENSG00000272510', 'lENSG00000272540', 'lENSG00000273550', 'lENSG00000274177', 'lENSG00000274893', 'lENSG00000275484', 'lENSG00000276107', 'lENSG00000276488', 'lENSG00000276997', 'lENSG00000278351', 'lENSG00000279623', 'lENSG00000282828', 'lENSG00000283631', 'lENSG00000285354', 'lENSG00000285518', 'lENSG00000285550', 'lENSG00000285551', 'lENSG00000285954', 'lENSG00000286050', 'lENSG00000286333', 'lENSG00000286430', 'lENSG00000286453', 'lENSG00000286588', 'lENSG00000286598', 'lENSG00000286617', 'lENSG00000286716', 'lENSG00000286738', 'lENSG00000287066', 'lENSG00000287107', 'lENSG00000287660', 'lENSG00000239801', 'lENSG00000241792', 'lENSG00000247810', 'lENSG00000250777', 'lENSG00000261193', 'lDSCR8', 'lMIR3179-2']","[0.0, 1.0, 0.0, 1.0, 0.0, 0.0, 0.0, 1.0, 0.0, 1.0, 0.0, 1.0, 1.0, 0.0, 1.0, 1.0, 0.0, 1.0, 1.0, 0.0, 0.0, 0.0, 0.0, 1.0, 1.0, 0.0, 0.0, 1.0, 0.0, 1.0, 0.0, 1.0, 0.0, 1.0, 0.0, 1.0, 1.0, 0.0, 0.0, 1.0, 0.0, 0.0, 1.0, 0.0, 1.0, 1.0, 0.0, 1.0, 1.0, 1.0, 1.0, 1.0, 0.0, 1.0, 0.0, 1.0, 1.0, 1.0, 0.0, 1.0, 1.0, 0.0, 1.0, 0.0, 1.0, 0.0, 0.0, 1.0, 1.0, 1.0, 1.0, 1.0, 0.0, 0.0, 0.0, 1.0, 0.0, 0.0, 0.0, 0.0, 0.0, 0.0, 1.0, 1.0, 0.0, 0.0, 0.0, 0.0, 0.0, 1.0, 0.0, 1.0, 0.0, 0.0, 0.0, 0.0, 1.0, 0.0, 1.0, 1.0, 0.0, 0.0, 0.0, 0.0, 1.0, 0.0, 1.0, 1.0, 0.0, 1.0, 1.0, 1.0, 1.0, 1.0, 1.0, 1.0, 1.0, 0.0, 1.0, 1.0, 1.0, 1.0, 0.0, 0.0, 1.0, 0.0, 1.0, 0.0, 1.0, 1.0, 0.0, 1.0, 0.0, 0.0, 1.0, 1.0, 0.0, 0.0, 1.0, 1.0, 0.0, 0.0, 1.0, 1.0, 1.0, 1.0, 0.0, 1.0, 1.0, 1.0, 1.0, 0.0, 1.0, 1.0, 0.0, 0.0, 0.0, 1.0, 0.0, 0.0, 1.0, 0.0, 1.0, 0.0, 0.0, 0.0, 0.0, 0.0, 1.0, 0.0, 1.0, 1.0, 1.0, 1.0, 0.0, 1.0, 0.0, 0.0, 0.0, 0.0, 1.0, 1.0, 1.0, 1.0, 0.0, 1.0, 0.0, 0.0, 0.0, 0.0, 0.0, 1.0, 0.0, 1.0, 1.0, 1.0, 1.0, 1.0, 1.0, 1.0, 1.0, 1.0, 0.0, 1.0, 0.0, 0.0, 1.0, 1.0, 1.0, 1.0, 1.0, 0.0, 1.0, 1.0, 1.0, 1.0, 0.0, 0.0, 1.0, 0.0, 0.0, 1.0, 0.0, 1.0, 0.0, 1.0, 0.0, 0.0, 1.0, 0.0, 1.0, 1.0, 1.0, 1.0, 0.0, 1.0, 1.0, 1.0, 1.0, 0.0, 1.0, 0.0, 1.0, 0.0, 1.0, 0.0, 1.0, 0.0, 1.0, 0.0, 0.0, 0.0, 0.0, 0.0, 0.0, 0.0, 1.0, 0.0, 1.0, 0.0, 1.0, 1.0, 1.0, 1.0, 1.0, 1.0, 0.0, 1.0, 0.0, 1.0, 0.0, 1.0, 0.0, 0.0, 1.0, 0.0, 1.0, 0.0, 0.0, 1.0, 0.0, 0.0, 1.0, 0.0, 1.0, 0.0, 0.0, 1.0, 1.0, 1.0, 0.0, 1.0, 0.0, 1.0, 0.0, 1.0, 0.0, 0.0, 0.0, 0.0, 0.0, 0.0, 1.0, 0.0, 0.0, 0.0, 0.0, 1.0, 0.0, 0.0, 1.0, 0.0, 1.0, 1.0, 1.0, 1.0, 0.0, 1.0, 0.0, 0.0, 0.0, 1.0, 0.0]","[1, 1, 0, 1, 0, 0, 0, 0, 0, 0, 0, 0, 1, 0, 1, 1, 0, 0, 1, 1, 0, 1, 1, 0, 1, 1, 0, 0, 1, 0, 1, 1, 1, 1, 1, 0, 0, 0, 0, 0, 1, 0, 1, 1, 1, 0, 0, 1, 0, 1, 1, 1, 0, 0, 1, 1, 1, 1, 0, 0, 0, 0, 0, 1, 0, 0, 1, 0, 1, 0, 0, 0, 1, 0, 0, 1, 0, 1, 1, 1, 0, 1, 1, 1, 0, 0, 1, 1, 1, 1, 0, 1, 1, 1, 1, 1, 1, 1, 1, 0, 0, 0, 1, 1, 0, 0, 0, 1, 0, 0, 1, 0, 1, 0, 1, 0, 1, 0, 1, 1, 1, 1, 0, 1, 1, 1, 1, 1, 1, 1, 1, 0, 1, 1, 0, 1, 0, 1, 0, 0, 0, 0, 0, 0, 1, 1, 1, 0, 0, 0, 1, 1, 1, 0, 1, 0, 1, 0, 1, 0, 0, 0, 0, 0, 0, 1, 1, 0, 1, 0, 0, 1, 0, 1, 1, 0, 0, 0, 1, 0, 0, 1, 1, 1, 0, 0, 1, 0, 1, 0, 1, 0, 1, 0, 0, 1, 0, 0, 0, 1, 1, 1, 1, 0, 1, 1, 0, 0, 1, 0, 0, 1, 0, 0, 0, 1, 0, 1, 0, 1, 0, 1, 1, 1, 1, 0, 0, 1, 1, 1, 1, 0, 1, 0, 1, 0, 0, 0, 1, 0, 1, 1, 1, 1, 1, 0, 1, 1, 1, 1, 1, 0, 0, 1, 0, 0, 1, 1, 1, 0, 0, 1, 1, 1, 0, 0, 1, 0, 1, 1, 0, 1, 0, 1, 0, 0, 0, 0, 1, 1, 0, 1, 1, 1, 1, 0, 1, 0, 0, 0, 0, 0, 1, 0, 0, 0, 0, 1, 0, 1, 1, 0, 1, 0, 1, 1, 1, 1, 1, 0, 1, 1, 0, 0, 0, 0, 0, 0, 1, 1, 0, 1, 1]","[0.06870022128587427, 0.012889481117513313, -0.1320264477156381, 0.2625342326001925, -0.09889385606245016, -0.0037531417799683275, -0.01953313016726055, -0.08708350618089011, -0.2319179787529353, -0.2564220254596017, -0.2011410837821921, -0.23126253353499804, 0.12198667072832592, -0.04209758199375413, 0.3045381224432817, 0.12153960437263889, -0.06964172165838223, -0.014398252896805186, 0.0456890934321863, 0.23798702265535665, -0.1335659113864156, 0.46877104192961605, 0.04982154163243946, -0.03263541408500581, 0.10572713371408593, 0.2067875589629269, -0.013643723755251802, -0.019811006893549976, 0.15237702081691173, -0.029432643062052843, 0.25895600237292804, 0.07454021077842965, 0.012165870177116567, 0.3561915192590903, 0.13127526234109022, -0.13842899407748588, -0.10137883623700317, -0.0027172813025422293, -0.2524449469675747, -0.13116582101667662, 0.20180300196459333, -0.09121532385127606, 0.30503360994294004, 0.0013811361262647814, 0.3437410729099297, -0.0875059256322106, -0.19148038780418064, 0.3593552216607927, -0.2665637218834891, 0.0375125980675981, 0.22686793958693618, 0.039721955654922425, -0.111711406211505, -0.14130706428915962, 0.35097146324520523, 0.16527367671447024, 0.0316456180052076, 0.11960492900744457, -0.11482323787044058, -0.4608518103794297, -0.05648632233302475, -0.16160673864534036, -0.306703413278838, 0.1581804298613756, -0.3037267291782846, -0.13748697457858272, 0.0901756060421306, -0.2520637844937661, 0.0024631867009268227, -0.20171894835933157, -0.05249590040677843, -0.6690631401909335, 0.15630357868739386, -0.2049712204417493, -0.05901106351622376, 0.1614141889121541, -0.2053972837888045, 0.22835350501193075, 0.1316932283541754, 0.012174151412470469, -0.35822874932615223, 0.02444912887431494, 0.12716089364311234, 0.017366638503907073, -0.1117551769382108, -0.1486140641273228, 0.07241057911764148, 0.1329062865854964, 0.12599573769401173, 0.16772765656016997, -0.11815609948423111, 0.06538720293624989, 0.0042011683840330605, 0.2461578069688004, 0.14367762182412802, 0.04479135848278348, 0.10813885725488381, 0.11727014680450498, 0.1230954100197148, -0.0958751624229226, -0.09233946102611901, -0.17782196297431563, 0.12351683187879514, 0.03058419373671084, -0.13164317831002137, -0.11738424521628277, -0.03705943315440763, 0.12316808333930362, -0.08255571460201994, -0.005378437496502908, 0.15790754627128978, -0.15974590152111423, 0.1091330781253741, -0.0016932880827704722, 0.04733239564060687, -0.3163595101466887, 0.40553359335658135, -0.05632839464354067, 0.18314385160372693, 0.053223370030385464, 0.013260380253465875, 0.34116858024479635, -0.3930691217718345, 0.16300772072630032, 0.6635933526386686, 0.019475034813371206, 0.5671716969421374, 0.9109151840096396, 0.0009051264121642255, 0.6068179809846208, 0.07118972813092439, -0.01406671689440131, 0.6959444698721584, 0.16029617261782847, -0.008030846012013093, 0.17687235398087964, -0.04229777789977396, 0.11069037046088237, -0.08421258651374242, -0.014476978856425848, -0.18744488825910421, -0.020297167614846234, -0.19952816631250814, -0.008329706691091232, 0.250248737855149, 0.21277047627437895, 0.19031615615510722, -0.10364118451174731, -0.14368189749890714, -0.16051555635128567, 0.8762651201359053, 0.018930832983952595, 0.32045722187216574, -0.04177604360392584, 0.1432802034416234, -0.12386031176467815, 0.2976784174306828, -0.05731529598025453, 0.08825294703778441, -0.14088102090367594, -0.03995046151717352, -0.052801468934142726, -0.332229999845961, -0.16138601176757073, -0.16268585755559473, 0.19879834352807735, 0.41982668739954265, -0.25892899910083367, 0.08329200183840912, -0.00035484965841225957, -0.24700493094836462, 0.011979341869867932, -0.2390286175187155, 0.09735504594642252, 0.03417990213752686, -0.21304731797596377, -0.06565815796235608, -0.0668714257144134, 0.08875849495020871, -0.14179264852392803, -0.20655855413879243, 0.027602855517192992, 0.02800213439978405, 0.27993065311716103, -0.12864231020092332, -0.018940237564372353, 0.010331089513492042, -0.11827446733047098, 0.009162716114611502, -0.01745408348191413, 0.10390908245013897, -0.034284395911938326, 0.06887286250772062, -0.034536104033960235, -0.07589362850983727, 0.2086283939045943, -0.19781908649863267, -0.027438419856220087, -0.2019859688336294, 0.11110257213454444, 0.09622744320801235, 0.06896430179662882, 0.016765177917842156, -0.16040612403256693, 0.13124223150887593, 0.035049788343097354, -0.05655300989803824, -0.13954587495467008, 0.15836203102493585, -0.03864528368826514, -0.10748815426185587, 0.12796753531863736, -0.054271532157417646, -0.09028585513016552, -0.08800813351155634, 0.04748318438155552, -0.001877418519999896, 0.02144790531189056, -0.11673834883548784, 0.0526550549424063, -0.1295535413744462, 0.2690604491128443, 0.2117789600298563, 0.11754732088735009, 0.198888514691284, -0.10310779712215101, -0.041180651836470794, 0.06437431343999522, 0.05255517427494505, 0.1972276227588825, 0.006723468685250644, -0.07888200407931356, 0.25486946640639374, -0.07523056097965286, 0.0009819222135307726, -0.21139025752175655, -0.19257148604921903, -0.21106712496219493, 0.04346932929910219, -0.11216444988460994, 0.30641471478788196, 0.19182687154905942, 0.09310671824912786, 0.03254482694525773, 0.4299222964831637, -0.7883048985047254, 0.10959245182400323, 0.030189601242754716, 0.2866265619919683, 0.16227314789520797, 0.18099266693936444, -0.11127926093146812, -0.08133303151918048, 0.10932068956614138, -0.10689131711177113, -0.012546991540679286, 0.39256106002203284, 0.14001387641034269, 0.12736135842440843, -0.0015474591458157771, -0.1323374703737885, 0.0670898699483291, 0.15003383840429363, 0.111436767609844, -0.14989990845182177, -0.03720828063654524, 0.006329609113208345, -0.11876181326720592, 0.011375520304596876, 0.10795124437184045, -0.08557461309840697, 0.15462441175738562, -0.8425029415774179, 0.09113102182661859, -0.17609104906511108, -0.158195299502093, -0.09958457082148664, -0.2659362317141878, 0.12048539355076926, 0.19890216649262404, -0.060933331756740206, 0.02251580813945253, 0.31946767402405385, 0.25930420927909514, 0.08042186776784854, -0.05347618952201616, 0.008757652074782296, -0.2346769477862991, -0.009337366697930172, -0.21423423683316933, -0.09137969573868254, -0.07892326846968034, 8.461720293384545e-05, -0.23386768643865308, -0.2723599507795349, -0.3100263194332511, -0.36273261439686033, 0.18230850417950806, -0.2755287804885884, 0.0050691291752213985, 0.0009772325337484844, -0.22810707768148175, 0.07217321410184363, -0.14260929128101907, 0.10029540676395987, 0.060556873886376206, 0.070880459470815, 0.03778613049389867, 0.23627599244547737, -0.028701246070434117, 0.017297038475942994, 0.06828334150206672, -0.10036891700934225, -0.0979716090763838, -0.026624002257078505, -0.11873806173857515, -0.15790160834027755, -0.022065946318642116, 0.0774833560704642, 0.22830835203699085, -0.023889248328218038, 0.10571066730753431, 0.2946443282551465]"
3,"['lNONHSAG000008', 'lNONHSAG000047', 'lNONHSAG000059', 'lNONHSAG000069', 'lNONHSAG000130', 'lNONHSAG000158', 'lNONHSAG000195', 'lNONHSAG000253', 'lNONHSAG000310', 'lNONHSAG000311', 'lNONHSAG000374', 'lNONHSAG000464', 'lNONHSAG000484', 'lNONHSAG000498', 'lNONHSAG000579', 'lNONHSAG000584', 'lNONHSAG000603', 'lNONHSAG000625', 'lNONHSAG000742', 'lNONHSAG000769', 'lNONHSAG000843', 'lNONHSAG000863', 'lNONHSAG000884', 'lNONHSAG000918', 'lNONHSAG000938', 'lNONHSAG000967', 'lNONHSAG001172', 'lNONHSAG001238', 'lNONHSAG001247', 'lNONHSAG001259', 'lNONHSAG001278', 'lNONHSAG001284', 'lNONHSAG001360', 'lNONHSAG001375', 'lNONHSAG001448', 'lNONHSAG001468', 'lNONHSAG001499', 'lNONHSAG001513', 'lNONHSAG001696', 'lNONHSAG001773', 'lNONHSAG001837', 'lNONHSAG001941', 'lNONHSAG001993', 'lNONHSAG002056', 'lNONHSAG002058', 'lNONHSAG002086', 'lNONHSAG002134', 'lNONHSAG002135', 'lNONHSAG002343', 'lNONHSAG002359', 'lNONHSAG002376', 'lNONHSAG002378', 'lNONHSAG002454', 'lNONHSAG002490', 'lNONHSAG002617', 'lNONHSAG002669', 'lNONHSAG002701', 'lNONHSAG002719', 'lNONHSAG002731', 'lNONHSAG002752', 'lNONHSAG002859', 'lNONHSAG002883', 'lNONHSAG002978', 'lNONHSAG003053', 'lNONHSAG003056', 'lNONHSAG003068', 'lNONHSAG003074', 'lNONHSAG003077', 'lNONHSAG003119', 'lNONHSAG003134', 'lNONHSAG003156', 'lNONHSAG003198', 'lNONHSAG003244', 'lNONHSAG003260', 'lNONHSAG003269', 'lNONHSAG003303', 'lNONHSAG003374', 'lNONHSAG003504', 'lNONHSAG003505', 'lNONHSAG003512', 'lNONHSAG003645', 'lNONHSAG003874', 'lNONHSAG003884', 'lNONHSAG003886', 'lNONHSAG003900', 'lNONHSAG003911', 'lNONHSAG003912', 'lNONHSAG003938', 'lNONHSAG003957', 'lNONHSAG004013', 'lNONHSAG004026', 'lNONHSAG004054', 'lNONHSAG004095', 'lNONHSAG004247', 'lNONHSAG004303', 'lNONHSAG004305', 'lNONHSAG004619', 'lNONHSAG004673', 'lNONHSAG004674', 'lNONHSAG004714', 'lNONHSAG004779', 'lNONHSAG004868', 'lNONHSAG005084', 'lNONHSAG005153', 'lNONHSAG005339', 'lNONHSAG005377', 'lNONHSAG005403', 'lNONHSAG005482', 'lNONHSAG005669', 'lNONHSAG005699', 'lNONHSAG005711', 'lNONHSAG005721', 'lNONHSAG005728', 'lNONHSAG005742', 'lNONHSAG005780', 'lNONHSAG005838', 'lNONHSAG005866', 'lNONHSAG005920', 'lNONHSAG006007', 'lNONHSAG006049', 'lNONHSAG006050', 'lNONHSAG006054', 'lNONHSAG006071', 'lNONHSAG006163', 'lNONHSAG006204', 'lNONHSAG006212', 'lNONHSAG006238', 'lNONHSAG006301', 'lNONHSAG006341', 'lNONHSAG006362', 'lNONHSAG006454', 'lNONHSAG006457', 'lNONHSAG006474', 'lNONHSAG006477', 'lNONHSAG006526', 'lNONHSAG006633', 'lNONHSAG006678', 'lNONHSAG006692', 'lNONHSAG006735', 'lNONHSAG006756', 'lNONHSAG006763', 'lNONHSAG006772', 'lNONHSAG006865', 'lNONHSAG006945', 'lNONHSAG006966', 'lNONHSAG007109', 'lNONHSAG007295', 'lNONHSAG007324', 'lNONHSAG007384', 'lNONHSAG007430', 'lNONHSAG007431', 'lNONHSAG007434', 'lNONHSAG007463', 'lNONHSAG007487', 'lNONHSAG007538', 'lNONHSAG007602', 'lNONHSAG007692', 'lNONHSAG007708', 'lNONHSAG007715', 'lNONHSAG007868', 'lNONHSAG007961', 'lNONHSAG007983', 'lNONHSAG007984', 'lNONHSAG008015', 'lNONHSAG008037', 'lNONHSAG008056', 'lNONHSAG008167', 'lNONHSAG008199', 'lNONHSAG008220', 'lNONHSAG008354', 'lNONHSAG008517', 'lNONHSAG008540', 'lNONHSAG008552', 'lNONHSAG008589', 'lNONHSAG008615', 'lNONHSAG008654', 'lNONHSAG008670', 'lNONHSAG008675', 'lNONHSAG008693', 'lNONHSAG008726', 'lNONHSAG008728', 'lNONHSAG008759', 'lNONHSAG008859', 'lNONHSAG008937', 'lNONHSAG008952', 'lNONHSAG008966', 'lNONHSAG009039', 'lNONHSAG009059', 'lNONHSAG009062', 'lNONHSAG009124', 'lNONHSAG009130', 'lNONHSAG009133', 'lNONHSAG009134', 'lNONHSAG009174', 'lNONHSAG009180', 'lNONHSAG009193', 'lNONHSAG009544', 'lNONHSAG009613', 'lNONHSAG009636', 'lNONHSAG009728', 'lNONHSAG009747', 'lNONHSAG009755', 'lNONHSAG009757', 'lNONHSAG009945', 'lNONHSAG009950', 'lNONHSAG009968', 'lNONHSAG009989', 'lNONHSAG010179', 'lNONHSAG010184', 'lNONHSAG010186', 'lNONHSAG010190', 'lNONHSAG010193', 'lNONHSAG010194', 'lNONHSAG010200', 'lNONHSAG010348', 'lNONHSAG010405', 'lNONHSAG010416', 'lNONHSAG010543', 'lNONHSAG010657', 'lNONHSAG010658', 'lNONHSAG010716', 'lNONHSAG010792', 'lNONHSAG010798', 'lNONHSAG010940', 'lNONHSAG010986', 'lNONHSAG010989', 'lNONHSAG011028', 'lNONHSAG011057', 'lNONHSAG011070', 'lNONHSAG011086', 'lNONHSAG011090', 'lNONHSAG011121', 'lNONHSAG011125', 'lNONHSAG011211', 'lNONHSAG011230', 'lNONHSAG011337', 'lNONHSAG011343', 'lNONHSAG011375', 'lNONHSAG011439', 'lNONHSAG011446', 'lNONHSAG011518', 'lNONHSAG011524', 'lNONHSAG011576', 'lNONHSAG011633', 'lNONHSAG011658', 'lNONHSAG011790', 'lNONHSAG011854', 'lNONHSAG011935', 'lNONHSAG012025', 'lNONHSAG012076', 'lNONHSAG012099', 'lNONHSAG012297', 'lNONHSAG012303', 'lNONHSAG012339', 'lNONHSAG012367', 'lNONHSAG012476', 'lNONHSAG012505', 'lNONHSAG012534', 'lNONHSAG012540', 'lNONHSAG012555', 'lNONHSAG012594', 'lNONHSAG012614', 'lNONHSAG012617', 'lNONHSAG012751', 'lNONHSAG012791', 'lNONHSAG013005', 'lNONHSAG013060', 'lNONHSAG013095', 'lNONHSAG013098', 'lNONHSAG013109', 'lNONHSAG013388', 'lNONHSAG013431', 'lNONHSAG013475', 'lNONHSAG013515', 'lNONHSAG013534', 'lNONHSAG013568', 'lNONHSAG013708', 'lNONHSAG013730', 'lNONHSAG013790', 'lNONHSAG013809', 'lNONHSAG013912', 'lNONHSAG013917', 'lNONHSAG013940', 'lNONHSAG013942', 'lNONHSAG013944', 'lNONHSAG013946', 'lNONHSAG013954', 'lNONHSAG013992', 'lNONHSAG014098', 'lNONHSAG014112', 'lNONHSAG014130', 'lNONHSAG014267', 'lNONHSAG014289', 'lNONHSAG014332', 'lNONHSAG014362', 'lNONHSAG014372', 'lNONHSAG014373', 'lNONHSAG014381', 'lNONHSAG014496', 'lNONHSAG014502', 'lNONHSAG014546', 'lNONHSAG014562', 'lNONHSAG014591', 'lNONHSAG014672', 'lNONHSAG014679', 'lNONHSAG014730', 'lNONHSAG014890', 'lNONHSAG014891', 'lNONHSAG014914', 'lNONHSAG015044', 'lNONHSAG015163', 'lNONHSAG015215', 'lNONHSAG015234', 'lNONHSAG015352', 'lNONHSAG015417', 'lNONHSAG015454', 'lNONHSAG015461', 'lNONHSAG015505', 'lNONHSAG015591', 'lNONHSAG015623', 'lNONHSAG015787', 'lNONHSAG015788', 'lNONHSAG015961', 'lNONHSAG016021', 'lNONHSAG016068', 'lNONHSAG016118', 'lNONHSAG016307', 'lNONHSAG016395', 'lNONHSAG016403', 'lNONHSAG016486', 'lNONHSAG016487', 'lNONHSAG016576', 'lNONHSAG016733', 'lNONHSAG016741', 'lNONHSAG016749', 'lNONHSAG016771', 'lNONHSAG016822', 'lNONHSAG016893', 'lNONHSAG017020', 'lNONHSAG017060', 'lNONHSAG017232', 'lNONHSAG017238', 'lNONHSAG017254', 'lNONHSAG017282', 'lNONHSAG017288', 'lNONHSAG017347', 'lNONHSAG017349', 'lNONHSAG017376', 'lNONHSAG017377', 'lNONHSAG017379', 'lNONHSAG017417', 'lNONHSAG017486', 'lNONHSAG017504', 'lNONHSAG017567', 'lNONHSAG017666', 'lNONHSAG017767', 'lNONHSAG017783', 'lNONHSAG017882', 'lNONHSAG017890', 'lNONHSAG017899', 'lNONHSAG018053', 'lNONHSAG018054', 'lNONHSAG018058', 'lNONHSAG018110', 'lNONHSAG018180', 'lNONHSAG018203', 'lNONHSAG018236', 'lNONHSAG018313', 'lNONHSAG018322', 'lNONHSAG018326', 'lNONHSAG018344', 'lNONHSAG018372', 'lNONHSAG018374', 'lNONHSAG018414', 'lNONHSAG018415', 'lNONHSAG018416', 'lNONHSAG018417', 'lNONHSAG018461', 'lNONHSAG018530', 'lNONHSAG018586', 'lNONHSAG018621', 'lNONHSAG018656', 'lNONHSAG018707', 'lNONHSAG018709', 'lNONHSAG018711', 'lNONHSAG018829', 'lNONHSAG018889', 'lNONHSAG018893', 'lNONHSAG018903', 'lNONHSAG018980', 'lNONHSAG019003', 'lNONHSAG019012', 'lNONHSAG019014', 'lNONHSAG019021', 'lNONHSAG019031', 'lNONHSAG019049', 'lNONHSAG019051', 'lNONHSAG019079', 'lNONHSAG019090', 'lNONHSAG019115', 'lNONHSAG019134', 'lNONHSAG019158', 'lNONHSAG019221', 'lNONHSAG019270', 'lNONHSAG019332', 'lNONHSAG019370', 'lNONHSAG019439', 'lNONHSAG019493', 'lNONHSAG019569', 'lNONHSAG019613', 'lNONHSAG019667', 'lNONHSAG019670', 'lNONHSAG019711', 'lNONHSAG019767', 'lNONHSAG019814', 'lNONHSAG019848', 'lNONHSAG019852', 'lNONHSAG019898', 'lNONHSAG020053', 'lNONHSAG020068', 'lNONHSAG020075', 'lNONHSAG020091', 'lNONHSAG020107', 'lNONHSAG020153', 'lNONHSAG020155', 'lNONHSAG020218', 'lNONHSAG020223', 'lNONHSAG020252', 'lNONHSAG020259', 'lNONHSAG020260', 'lNONHSAG020273', 'lNONHSAG020274', 'lNONHSAG020277', 'lNONHSAG020278', 'lNONHSAG020281', 'lNONHSAG020298', 'lNONHSAG020304', 'lNONHSAG020307', 'lNONHSAG020312', 'lNONHSAG020321', 'lNONHSAG020325', 'lNONHSAG020339', 'lNONHSAG020361', 'lNONHSAG020367', 'lNONHSAG020374', 'lNONHSAG020382', 'lNONHSAG020403', 'lNONHSAG020474', 'lNONHSAG020476', 'lNONHSAG020600', 'lNONHSAG020616', 'lNONHSAG020731', 'lNONHSAG020755', 'lNONHSAG020759', 'lNONHSAG020760', 'lNONHSAG020762', 'lNONHSAG020771', 'lNONHSAG020869', 'lNONHSAG020957', 'lNONHSAG020990', 'lNONHSAG021042', 'lNONHSAG021307', 'lNONHSAG021309', 'lNONHSAG021315', 'lNONHSAG021335', 'lNONHSAG021342', 'lNONHSAG021347', 'lNONHSAG021370', 'lNONHSAG021390', 'lNONHSAG021408', 'lNONHSAG021410', 'lNONHSAG021433', 'lNONHSAG021471', 'lNONHSAG021557', 'lNONHSAG021566', 'lNONHSAG021567', 'lNONHSAG021584', 'lNONHSAG021638', 'lNONHSAG021641', 'lNONHSAG021698', 'lNONHSAG021760', 'lNONHSAG021820', 'lNONHSAG021846', 'lNONHSAG021874', 'lNONHSAG021878', 'lNONHSAG021882', 'lNONHSAG021893', 'lNONHSAG021909', 'lNONHSAG021976', 'lNONHSAG022030', 'lNONHSAG022058', 'lNONHSAG022078', 'lNONHSAG022088', 'lNONHSAG022094', 'lNONHSAG022110', 'lNONHSAG022127', 'lNONHSAG022162', 'lNONHSAG022311', 'lNONHSAG022327', 'lNONHSAG022328', 'lNONHSAG022335', 'lNONHSAG022339', 'lNONHSAG022378', 'lNONHSAG022495', 'lNONHSAG022551', 'lNONHSAG022579', 'lNONHSAG022595', 'lNONHSAG022597', 'lNONHSAG022655', 'lNONHSAG022690', 'lNONHSAG022743', 'lNONHSAG022750', 'lNONHSAG022806', 'lNONHSAG022836', 'lNONHSAG022845', 'lNONHSAG022888', 'lNONHSAG022893', 'lNONHSAG022965', 'lNONHSAG022972', 'lNONHSAG022980', 'lNONHSAG022982', 'lNONHSAG023003', 'lNONHSAG023049', 'lNONHSAG023051', 'lNONHSAG023073', 'lNONHSAG023175', 'lNONHSAG023237', 'lNONHSAG023375', 'lNONHSAG023387', 'lNONHSAG023392', 'lNONHSAG023494', 'lNONHSAG023512', 'lNONHSAG023553', 'lNONHSAG023579', 'lNONHSAG023598', 'lNONHSAG023607', 'lNONHSAG023614', 'lNONHSAG023630', 'lNONHSAG023635', 'lNONHSAG023661', 'lNONHSAG023668', 'lNONHSAG023740', 'lNONHSAG023837', 'lNONHSAG023864', 'lNONHSAG023885', 'lNONHSAG023888', 'lNONHSAG023930', 'lNONHSAG023964', 'lNONHSAG024117', 'lNONHSAG024141', 'lNONHSAG024146', 'lNONHSAG024171', 'lNONHSAG024224', 'lNONHSAG024244', 'lNONHSAG024282', 'lNONHSAG024332', 'lNONHSAG024340', 'lNONHSAG024341', 'lNONHSAG024354', 'lNONHSAG024361', 'lNONHSAG024362', 'lNONHSAG024364', 'lNONHSAG024381', 'lNONHSAG024391', 'lNONHSAG024393', 'lNONHSAG024395', 'lNONHSAG024428', 'lNONHSAG024540', 'lNONHSAG024542', 'lNONHSAG024637', 'lNONHSAG024668', 'lNONHSAG024671', 'lNONHSAG024676', 'lNONHSAG024681', 'lNONHSAG024741', 'lNONHSAG024809', 'lNONHSAG024810', 'lNONHSAG024826', 'lNONHSAG024903', 'lNONHSAG024905', 'lNONHSAG024908', 'lNONHSAG024913', 'lNONHSAG024921', 'lNONHSAG024925', 'lNONHSAG024979', 'lNONHSAG025011', 'lNONHSAG025135', 'lNONHSAG025137', 'lNONHSAG025319', 'lNONHSAG025352', 'lNONHSAG025483', 'lNONHSAG025485', 'lNONHSAG025609', 'lNONHSAG025743', 'lNONHSAG025744', 'lNONHSAG025864', 'lNONHSAG025865', 'lNONHSAG025907', 'lNONHSAG025934', 'lNONHSAG025939', 'lNONHSAG025964', 'lNONHSAG025997', 'lNONHSAG026053', 'lNONHSAG026089', 'lNONHSAG026091', 'lNONHSAG026103', 'lNONHSAG026153', 'lNONHSAG026176', 'lNONHSAG026205', 'lNONHSAG026274', 'lNONHSAG026364', 'lNONHSAG026386', 'lNONHSAG026575', 'lNONHSAG026599', 'lNONHSAG026631', 'lNONHSAG026661', 'lNONHSAG026720', 'lNONHSAG026721', 'lNONHSAG026737', 'lNONHSAG026781', 'lNONHSAG026794', 'lNONHSAG026852', 'lNONHSAG026854', 'lNONHSAG026856', 'lNONHSAG027017', 'lNONHSAG027075', 'lNONHSAG027110', 'lNONHSAG027276', 'lNONHSAG027278', 'lNONHSAG027323', 'lNONHSAG027342', 'lNONHSAG027374', 'lNONHSAG027421', 'lNONHSAG027482', 'lNONHSAG027598', 'lNONHSAG027618', 'lNONHSAG027675', 'lNONHSAG027682', 'lNONHSAG027692', 'lNONHSAG027694', 'lNONHSAG027709', 'lNONHSAG027837', 'lNONHSAG027874', 'lNONHSAG027876', 'lNONHSAG028045', 'lNONHSAG028083', 'lNONHSAG028093', 'lNONHSAG028112', 'lNONHSAG028141', 'lNONHSAG028142', 'lNONHSAG028159', 'lNONHSAG028403', 'lNONHSAG028713', 'lNONHSAG028720', 'lNONHSAG028817', 'lNONHSAG028820', 'lNONHSAG028857', 'lNONHSAG028870', 'lNONHSAG028913', 'lNONHSAG028918', 'lNONHSAG028948', 'lNONHSAG028996', 'lNONHSAG029033', 'lNONHSAG029080', 'lNONHSAG029124', 'lNONHSAG029267', 'lNONHSAG029312', 'lNONHSAG029377', 'lNONHSAG029668', 'lNONHSAG029792', 'lNONHSAG029830', 'lNONHSAG029873', 'lNONHSAG029933', 'lNONHSAG029956', 'lNONHSAG029958', 'lNONHSAG029959', 'lNONHSAG029960', 'lNONHSAG029961', 'lNONHSAG029962', 'lNONHSAG029964', 'lNONHSAG029965', 'lNONHSAG029985', 'lNONHSAG030074', 'lNONHSAG030113', 'lNONHSAG030129', 'lNONHSAG030244', 'lNONHSAG030258', 'lNONHSAG030278', 'lNONHSAG030279', 'lNONHSAG030304', 'lNONHSAG030333', 'lNONHSAG030410', 'lNONHSAG030440', 'lNONHSAG030487', 'lNONHSAG030516', 'lNONHSAG030525', 'lNONHSAG030582', 'lNONHSAG030583', 'lNONHSAG030738', 'lNONHSAG030739', 'lNONHSAG030742', 'lNONHSAG031025', 'lNONHSAG031035', 'lNONHSAG031123', 'lNONHSAG031261', 'lNONHSAG031385', 'lNONHSAG031425', 'lNONHSAG031452', 'lNONHSAG031453', 'lNONHSAG031456', 'lNONHSAG031563', 'lNONHSAG031565', 'lNONHSAG031581', 'lNONHSAG031584', 'lNONHSAG031636', 'lNONHSAG031696', 'lNONHSAG031853', 'lNONHSAG031991', 'lNONHSAG032063', 'lNONHSAG032126', 'lNONHSAG032247', 'lNONHSAG032267', 'lNONHSAG032297', 'lNONHSAG032302', 'lNONHSAG032309', 'lNONHSAG032312', 'lNONHSAG032537', 'lNONHSAG032560', 'lNONHSAG032664', 'lNONHSAG032682', 'lNONHSAG032724', 'lNONHSAG032737', 'lNONHSAG032748', 'lNONHSAG032750', 'lNONHSAG033061', 'lNONHSAG033100', 'lNONHSAG033107', 'lNONHSAG033121', 'lNONHSAG033168', 'lNONHSAG033170', 'lNONHSAG033216', 'lNONHSAG033224', 'lNONHSAG033263', 'lNONHSAG033266', 'lNONHSAG033298', 'lNONHSAG033328', 'lNONHSAG033334', 'lNONHSAG033342', 'lNONHSAG033348', 'lNONHSAG033352', 'lNONHSAG033368', 'lNONHSAG033386', 'lNONHSAG033390', 'lNONHSAG033435', 'lNONHSAG033459', 'lNONHSAG033471', 'lNONHSAG033480', 'lNONHSAG033528', 'lNONHSAG033589', 'lNONHSAG033611', 'lNONHSAG033691', 'lNONHSAG033735', 'lNONHSAG033748', 'lNONHSAG033810', 'lNONHSAG033898', 'lNONHSAG033899', 'lNONHSAG033937', 'lNONHSAG033940', 'lNONHSAG034006', 'lNONHSAG034014', 'lNONHSAG034021', 'lNONHSAG034032', 'lNONHSAG034217', 'lNONHSAG034316', 'lNONHSAG034417', 'lNONHSAG034418', 'lNONHSAG034492', 'lNONHSAG034527', 'lNONHSAG034676', 'lNONHSAG034801', 'lNONHSAG034845', 'lNONHSAG034846', 'lNONHSAG034935', 'lNONHSAG034973', 'lNONHSAG035096', 'lNONHSAG035262', 'lNONHSAG035382', 'lNONHSAG035456', 'lNONHSAG035531', 'lNONHSAG035568', 'lNONHSAG035806', 'lNONHSAG035914', 'lNONHSAG035916', 'lNONHSAG035923', 'lNONHSAG036047', 'lNONHSAG036054', 'lNONHSAG036115', 'lNONHSAG036120', 'lNONHSAG036255', 'lNONHSAG036263', 'lNONHSAG036273', 'lNONHSAG036403', 'lNONHSAG036407', 'lNONHSAG036412', 'lNONHSAG036413', 'lNONHSAG036612', 'lNONHSAG036615', 'lNONHSAG036667', 'lNONHSAG036718', 'lNONHSAG036783', 'lNONHSAG036866', 'lNONHSAG036922', 'lNONHSAG036926', 'lNONHSAG037025', 'lNONHSAG037061', 'lNONHSAG037072', 'lNONHSAG037073', 'lNONHSAG037080', 'lNONHSAG037082', 'lNONHSAG037083', 'lNONHSAG037096', 'lNONHSAG037137', 'lNONHSAG037146', 'lNONHSAG037164', 'lNONHSAG037241', 'lNONHSAG037348', 'lNONHSAG037420', 'lNONHSAG037559', 'lNONHSAG037827', 'lNONHSAG037891', 'lNONHSAG037936', 'lNONHSAG037946', 'lNONHSAG038001', 'lNONHSAG038024', 'lNONHSAG038060', 'lNONHSAG038091', 'lNONHSAG038162', 'lNONHSAG038343', 'lNONHSAG038344', 'lNONHSAG038397', 'lNONHSAG038502', 'lNONHSAG038530', 'lNONHSAG038561', 'lNONHSAG038578', 'lNONHSAG038663', 'lNONHSAG038675', 'lNONHSAG038676', 'lNONHSAG038682', 'lNONHSAG038836', 'lNONHSAG039037', 'lNONHSAG039038', 'lNONHSAG039147', 'lNONHSAG039293', 'lNONHSAG039295', 'lNONHSAG039319', 'lNONHSAG039617', 'lNONHSAG039620', 'lNONHSAG039634', 'lNONHSAG039637', 'lNONHSAG039654', 'lNONHSAG039664', 'lNONHSAG039669', 'lNONHSAG039872', 'lNONHSAG039951', 'lNONHSAG040179', 'lNONHSAG040188', 'lNONHSAG040226', 'lNONHSAG040241', 'lNONHSAG040269', 'lNONHSAG040320', 'lNONHSAG040329', 'lNONHSAG040408', 'lNONHSAG040444', 'lNONHSAG040481', 'lNONHSAG040544', 'lNONHSAG040692', 'lNONHSAG040700', 'lNONHSAG040729', 'lNONHSAG040804', 'lNONHSAG040859', 'lNONHSAG040870', 'lNONHSAG040909', 'lNONHSAG040945', 'lNONHSAG040958', 'lNONHSAG040969', 'lNONHSAG040976', 'lNONHSAG041002', 'lNONHSAG041017', 'lNONHSAG041023', 'lNONHSAG041241', 'lNONHSAG041250', 'lNONHSAG041256', 'lNONHSAG041257', 'lNONHSAG041480', 'lNONHSAG041528', 'lNONHSAG041529', 'lNONHSAG041592', 'lNONHSAG041670', 'lNONHSAG041707', 'lNONHSAG041716', 'lNONHSAG041758', 'lNONHSAG041844', 'lNONHSAG041883', 'lNONHSAG041938', 'lNONHSAG041966', 'lNONHSAG041981', 'lNONHSAG042050', 'lNONHSAG042080', 'lNONHSAG042132', 'lNONHSAG042138', 'lNONHSAG042218', 'lNONHSAG042257', 'lNONHSAG042270', 'lNONHSAG042306', 'lNONHSAG042307', 'lNONHSAG042370', 'lNONHSAG042433', 'lNONHSAG042476', 'lNONHSAG042491', 'lNONHSAG042500', 'lNONHSAG042722', 'lNONHSAG042724', 'lNONHSAG042836', 'lNONHSAG042855', 'lNONHSAG042966', 'lNONHSAG042970', 'lNONHSAG042991', 'lNONHSAG043138', 'lNONHSAG043159', 'lNONHSAG043229', 'lNONHSAG043250', 'lNONHSAG043303', 'lNONHSAG043433', 'lNONHSAG043550', 'lNONHSAG043592', 'lNONHSAG043625', 'lNONHSAG043657', 'lNONHSAG043770', 'lNONHSAG043851', 'lNONHSAG043934', 'lNONHSAG044041', 'lNONHSAG044064', 'lNONHSAG044283', 'lNONHSAG044350', 'lNONHSAG044406', 'lNONHSAG044429', 'lNONHSAG044533', 'lNONHSAG044666', 'lNONHSAG044709', 'lNONHSAG044751', 'lNONHSAG044791', 'lNONHSAG045160', 'lNONHSAG045163', 'lNONHSAG045166', 'lNONHSAG045306', 'lNONHSAG045383', 'lNONHSAG045430', 'lNONHSAG046722', 'lNONHSAG046730', 'lNONHSAG046765', 'lNONHSAG046781', 'lNONHSAG046811', 'lNONHSAG046839', 'lNONHSAG046953', 'lNONHSAG047191', 'lNONHSAG047197', 'lNONHSAG047260', 'lNONHSAG047319', 'lNONHSAG047433', 'lNONHSAG047463', 'lNONHSAG047469', 'lNONHSAG047471', 'lNONHSAG047507', 'lNONHSAG047543', 'lNONHSAG047544', 'lNONHSAG047547', 'lNONHSAG047620', 'lNONHSAG047725', 'lNONHSAG047792', 'lNONHSAG047830', 'lNONHSAG047842', 'lNONHSAG047851', 'lNONHSAG047951', 'lNONHSAG047973', 'lNONHSAG047974', 'lNONHSAG048057', 'lNONHSAG048101', 'lNONHSAG048114', 'lNONHSAG048228', 'lNONHSAG048270', 'lNONHSAG048302', 'lNONHSAG048323', 'lNONHSAG048439', 'lNONHSAG048464', 'lNONHSAG048598', 'lNONHSAG048602', 'lNONHSAG048603', 'lNONHSAG048623', 'lNONHSAG048626', 'lNONHSAG048641', 'lNONHSAG048682', 'lNONHSAG048695', 'lNONHSAG048817', 'lNONHSAG049037', 'lNONHSAG049051', 'lNONHSAG049119', 'lNONHSAG049157', 'lNONHSAG049185', 'lNONHSAG049191', 'lNONHSAG049288', 'lNONHSAG049303', 'lNONHSAG049356', 'lNONHSAG049507', 'lNONHSAG049626', 'lNONHSAG049655', 'lNONHSAG049754', 'lNONHSAG049801', 'lNONHSAG049901', 'lNONHSAG050073', 'lNONHSAG050104', 'lNONHSAG050272', 'lNONHSAG050273', 'lNONHSAG050284', 'lNONHSAG050345', 'lNONHSAG050423', 'lNONHSAG050445', 'lNONHSAG050493', 'lNONHSAG050518', 'lNONHSAG050670', 'lNONHSAG050725', 'lNONHSAG050769', 'lNONHSAG050786', 'lNONHSAG050815', 'lNONHSAG050929', 'lNONHSAG050985', 'lNONHSAG051010', 'lNONHSAG051015', 'lNONHSAG051196', 'lNONHSAG051245', 'lNONHSAG051250', 'lNONHSAG051255', 'lNONHSAG051259', 'lNONHSAG051260', 'lNONHSAG051263', 'lNONHSAG051266', 'lNONHSAG051291', 'lNONHSAG051454', 'lNONHSAG051484', 'lNONHSAG051514', 'lNONHSAG051517', 'lNONHSAG051523', 'lNONHSAG051542', 'lNONHSAG051567', 'lNONHSAG051568', 'lNONHSAG051603', 'lNONHSAG051770', 'lNONHSAG051898', 'lNONHSAG051958', 'lNONHSAG052046', 'lNONHSAG052082', 'lNONHSAG052097', 'lNONHSAG052119', 'lNONHSAG052149', 'lNONHSAG052151', 'lNONHSAG052179', 'lNONHSAG052454', 'lNONHSAG052459', 'lNONHSAG052491', 'lNONHSAG052492', 'lNONHSAG052495', 'lNONHSAG052510', 'lNONHSAG052511', 'lNONHSAG052680', 'lNONHSAG052686', 'lNONHSAG052709', 'lNONHSAG052726', 'lNONHSAG052853', 'lNONHSAG052908', 'lNONHSAG052931', 'lNONHSAG052933', 'lNONHSAG052943', 'lNONHSAG053007', 'lNONHSAG053014', 'lNONHSAG053028', 'lNONHSAG053033', 'lNONHSAG053108', 'lNONHSAG053162', 'lNONHSAG053228', 'lNONHSAG053419', 'lNONHSAG053456', 'lNONHSAG053499', 'lNONHSAG053500', 'lNONHSAG053502', 'lNONHSAG053546', 'lNONHSAG053547', 'lNONHSAG053590', 'lNONHSAG053602', 'lNONHSAG053626', 'lNONHSAG053631', 'lNONHSAG053651', 'lNONHSAG053748', 'lNONHSAG053796', 'lNONHSAG053802', 'lNONHSAG054024', 'lNONHSAG054038', 'lNONHSAG054213', 'lNONHSAG054214', 'lNONHSAG054215', 'lNONHSAG054216', 'lNONHSAG054301', 'lNONHSAG054360', 'lNONHSAG054432', 'lNONHSAG054699', 'lNONHSAG054716', 'lNONHSAG054717', 'lNONHSAG054718', 'lNONHSAG054780', 'lNONHSAG054791', 'lNONHSAG054832', 'lNONHSAG055008', 'lNONHSAG055088', 'lNONHSAG055092', 'lNONHSAG055151', 'lNONHSAG055258', 'lNONHSAG055350', 'lNONHSAG055418', 'lNONHSAG055450', 'lNONHSAG055546', 'lNONHSAG055558', 'lNONHSAG055565', 'lNONHSAG055582', 'lNONHSAG056025', 'lNONHSAG056029', 'lNONHSAG056053', 'lNONHSAG056451', 'lNONHSAG056733', 'lNONHSAG056746', 'lNONHSAG056868', 'lNONHSAG057043', 'lNONHSAG057222', 'lNONHSAG057260', 'lNONHSAG058006', 'lNONHSAG058109', 'lNONHSAG058112', 'lNONHSAG058118', 'lNONHSAG058533', 'lNONHSAG058967', 'lNONHSAG059768', 'lNONHSAG060586', 'lNONHSAG061096', 'lNONHSAG061404', 'lNONHSAG061492', 'lNONHSAG063700', 'lNONHSAG064784', 'lNONHSAG064962', 'lNONHSAG065252', 'lNONHSAG065364', 'lNONHSAG066253', 'lNONHSAG068402', 'lNONHSAG068639', 'lNONHSAG069030', 'lNONHSAG069147', 'lNONHSAG069277', 'lNONHSAG069876', 'lNONHSAG070257', 'lNONHSAG071444', 'lNONHSAG072176', 'lNONHSAG073025', 'lNONHSAG073380', 'lNONHSAG073419', 'lNONHSAG073786', 'lNONHSAG074052', 'lNONHSAG074661', 'lNONHSAG075363', 'lNONHSAG077475', 'lNONHSAG077527', 'lNONHSAG077551', 'lNONHSAG079231', 'lNONHSAG080772', 'lNONHSAG081583', 'lNONHSAG081993', 'lNONHSAG082891', 'lNONHSAG083209', 'lNONHSAG083289', 'lNONHSAG083615', 'lNONHSAG083859', 'lNONHSAG083883', 'lNONHSAG083894', 'lNONHSAG084701', 'lNONHSAG084832', 'lNONHSAG084937', 'lNONHSAG085975', 'lNONHSAG088562', 'lNONHSAG089857', 'lNONHSAG091116', 'lNONHSAG091284', 'lNONHSAG091452', 'lNONHSAG091943', 'lNONHSAG092907', 'lNONHSAG093064', 'lNONHSAG093078', 'lNONHSAG093517', 'lNONHSAG094075', 'lNONHSAG094129', 'lNONHSAG094269', 'lNONHSAG096227', 'lNONHSAG096230', 'lNONHSAG096627', 'lNONHSAG097344', 'lNONHSAG097347', 'lNONHSAG098653', 'lNONHSAG099082', 'lNONHSAG099120', 'lNONHSAG099126', 'lNONHSAG099742', 'lNONHSAG099774', 'lNONHSAG101229', 'lNONHSAG101725', 'lNONHSAG102572', 'lNONHSAG102979', 'lNONHSAG103259', 'lNONHSAG103457', 'lNONHSAG103817', 'lNONHSAG104186', 'lNONHSAG110420', 'lNONHSAG110858', 'lNONHSAG111667', 'lNONHSAG113761', 'lNONHSAG114445', 'lENSG00000103472', 'lENSG00000163364', 'lENSG00000175061', 'lENSG00000177410', 'lENSG00000179406', 'lENSG00000179523', 'lENSG00000189295', 'lENSG00000198221', 'lENSG00000198468', 'lENSG00000203497', 'lENSG00000205611', 'lENSG00000223764', 'lENSG00000223783', 'lENSG00000224057', 'lENSG00000224078', 'lENSG00000224614', 'lENSG00000225470', 'lENSG00000225506', 'lENSG00000225855', 'lENSG00000226115', 'lENSG00000226137', 'lENSG00000227082', 'lENSG00000227256', 'lENSG00000227963', 'lENSG00000228022', 'lENSG00000228526', 'lENSG00000229267', 'lENSG00000229335', 'lENSG00000229388', 'lENSG00000230046', 'lENSG00000230061', 'lENSG00000230257', 'lENSG00000230313', 'lENSG00000230400', 'lENSG00000230866', 'lENSG00000231437', 'lENSG00000231473', 'lENSG00000231663', 'lENSG00000232265', 'lENSG00000232415', 'lENSG00000232442', 'lENSG00000232500', 'lENSG00000233047', 'lENSG00000233532', 'lENSG00000233590', 'lENSG00000234169', 'lENSG00000234222', 'lENSG00000234546', 'lENSG00000234625', 'lENSG00000235385', 'lENSG00000235535', 'lENSG00000235724', 'lENSG00000236240', 'lENSG00000236535', 'lENSG00000236671', 'lENSG00000237396', 'lENSG00000241388', 'lENSG00000243479', 'lENSG00000244124', 'lENSG00000245067', 'lENSG00000245146', 'lENSG00000245614', 'lENSG00000246560', 'lENSG00000247095', 'lENSG00000247373', 'lENSG00000247400', 'lENSG00000247498', 'lENSG00000249532', 'lENSG00000249786', 'lENSG00000249835', 'lENSG00000249993', 'lENSG00000250635', 'lENSG00000251003', 'lENSG00000251061', 'lENSG00000253315', 'lENSG00000254418', 'lENSG00000254480', 'lENSG00000254508', 'lENSG00000254635', 'lENSG00000254791', 'lENSG00000255363', 'lENSG00000255427', 'lENSG00000255553', 'lENSG00000255850', 'lENSG00000256742', 'lENSG00000256769', 'lENSG00000257084', 'lENSG00000258912', 'lENSG00000259289', 'lENSG00000259424', 'lENSG00000260219', 'lENSG00000260280', 'lENSG00000260455', 'lENSG00000260924', 'lENSG00000260969', 'lENSG00000261183', 'lENSG00000261423', 'lENSG00000261780', 'lENSG00000263718', 'lENSG00000264672', 'lENSG00000265374', 'lENSG00000266402', 'lENSG00000266970', 'lENSG00000267321', 'lENSG00000267395', 'lENSG00000267413', 'lENSG00000267440', 'lENSG00000267858', 'lENSG00000269019', 'lENSG00000269911', 'lENSG00000269939', 'lENSG00000270084', 'lENSG00000270344', 'lENSG00000270959', 'lENSG00000272769', 'lENSG00000274372', 'lENSG00000278709', 'lENSG00000278970', 'lENSG00000279296', 'lENSG00000281189', 'lENSG00000284070', 'lENSG00000285644', 'lENSG00000286737', 'lENSG00000288080', 'lENSG00000224167', 'lENSG00000224739', 'lA1BG-AS1', 'lADAMTS9-AS2', 'lANKRD62P1-PARP4P3', 'lAQP4-AS1', 'lASMTL-AS1', 'lBANCR', 'lCCAT2', 'lCDKN2B-AS1', 'lDGKK', 'lDLX6-AS1', 'lEGOT', 'lGATA3-AS1', 'lGATA6-AS1', 'lGHET1', 'lHEIH', 'lHOTAIRM1', 'lINHBA-AS1', 'lJPX', 'lJRK', 'lKCTD21-AS1', 'lKTN1-AS1', 'lLAMTOR5-AS1', 'lLBX2-AS1', 'lLINC00173', 'lLINC00174', 'lLINC00240', 'lLINC00333', 'lLINC00472', 'lLPP-AS2', 'lMCM3AP-AS1', 'lMIR181A1HG', 'lMIR31HG', 'lMYLK-AS1', 'lPANDAR', 'lPCGEM1', 'lPVT1', 'lRHPN1-AS1', 'lRMST', 'lSNHG15', 'lSNHG16', 'lSNX29P2', 'lTEN1-CDK3', 'lTPTEP1', 'lTRAM2-AS1', 'lVCAN-AS1', 'lZFAS1', 'lZNF286B', 'lZNF503-AS2', 'lLINC00461', 'lLINC00514', 'lSLC2A1-AS1', 'lSRP14-AS1', 'lAC007009.1', 'lPWAR6', 'lAC004840.8', 'lAC061992.2', 'lAC103564.7', 'lAC135048.13', 'lAC137723.5', 'lAC137932.5', 'lAL928742.12', 'lAP001058.3', 'lCTB-60B18.10', 'lCTB-91J4.1', 'lCTC-338M12.2', 'lCTD-2165H16.4', 'lCTD-2540L5.5', 'lKB-7G2.8', 'lLA16c-321D4.2', 'lLA16c-380H5.3', 'lLL22NC03-23C6.13', 'lRP1-283E3.8', 'lRP11-100F15.1', 'lRP11-108M9.3', 'lRP11-123O10.4', 'lRP11-137H2.4', 'lRP11-197N18.2', 'lRP11-21J18.1', 'lRP11-243J18.2', 'lRP11-24P14.1', 'lRP11-264B17.3', 'lRP11-276H7.2', 'lRP11-2C24.4', 'lRP11-305P14.1', 'lRP11-439K3.1', 'lRP11-467J12.4', 'lRP11-49K24.4', 'lRP11-514P8.8', 'lRP11-54O7.3', 'lRP11-550C4.6', 'lRP11-680A11.5', 'lRP4-756H11.3', 'lRP4-790G17.7', 'lRP5-1061H20.4', 'lRP5-1160K1.8', 'lXXbac-B444P24.8', 'lXXbac-BPG300A18.13', 'lAC018766.4', 'lCTD-2231H16.1', 'lHNRNPU-AS1', 'lRP11-429J17.8', 'lRP11-672A2.1', 'lRP5-1063M23.1', 'lRP11-495P10.8', 'lCTA-250D10.23', 'lRP4-610C12.4', 'lLINC00035', 'lNONHSAG000157', 'lNONHSAG000265', 'lNONHSAG000297', 'lNONHSAG000298', 'lNONHSAG000623', 'lNONHSAG000636', 'lNONHSAG000677', 'lNONHSAG000896', 'lNONHSAG001008', 'lNONHSAG001014', 'lNONHSAG001028', 'lNONHSAG001030', 'lNONHSAG001033', 'lNONHSAG001147', 'lNONHSAG001171', 'lNONHSAG001207', 'lNONHSAG001240', 'lNONHSAG001258', 'lNONHSAG001419', 'lNONHSAG001435', 'lNONHSAG001613', 'lNONHSAG002403', 'lNONHSAG002487', 'lNONHSAG002619', 'lNONHSAG002726', 'lNONHSAG002816', 'lNONHSAG003227', 'lNONHSAG003308', 'lNONHSAG003418', 'lNONHSAG003459', 'lNONHSAG003810', 'lNONHSAG003881', 'lNONHSAG004227', 'lNONHSAG004351', 'lNONHSAG004475', 'lNONHSAG004638', 'lNONHSAG004893', 'lNONHSAG005363', 'lNONHSAG005473', 'lNONHSAG005522', 'lNONHSAG005652', 'lNONHSAG005679', 'lNONHSAG005690', 'lNONHSAG005717', 'lNONHSAG005725', 'lNONHSAG005727', 'lNONHSAG005739', 'lNONHSAG005740', 'lNONHSAG005746', 'lNONHSAG005747', 'lNONHSAG005760', 'lNONHSAG005761', 'lNONHSAG005769', 'lNONHSAG005789', 'lNONHSAG005797', 'lNONHSAG005821', 'lNONHSAG005830', 'lNONHSAG005842', 'lNONHSAG005847', 'lNONHSAG005851', 'lNONHSAG005852', 'lNONHSAG005853', 'lNONHSAG005855', 'lNONHSAG005857', 'lNONHSAG005859', 'lNONHSAG005862', 'lNONHSAG005867', 'lNONHSAG005870', 'lNONHSAG005885', 'lNONHSAG005901', 'lNONHSAG005915', 'lNONHSAG005935', 'lNONHSAG005936', 'lNONHSAG005939', 'lNONHSAG005985', 'lNONHSAG006012', 'lNONHSAG006022', 'lNONHSAG006078', 'lNONHSAG006086', 'lNONHSAG006097', 'lNONHSAG006103', 'lNONHSAG006160', 'lNONHSAG006166', 'lNONHSAG006183', 'lNONHSAG006186', 'lNONHSAG006187', 'lNONHSAG006206', 'lNONHSAG006220', 'lNONHSAG006221', 'lNONHSAG006235', 'lNONHSAG006240', 'lNONHSAG006274', 'lNONHSAG006279', 'lNONHSAG006290', 'lNONHSAG006293', 'lNONHSAG006300', 'lNONHSAG006314', 'lNONHSAG006324', 'lNONHSAG006376', 'lNONHSAG006377', 'lNONHSAG006382', 'lNONHSAG006388', 'lNONHSAG006395', 'lNONHSAG006399', 'lNONHSAG006405', 'lNONHSAG006407', 'lNONHSAG006412', 'lNONHSAG006415', 'lNONHSAG006434', 'lNONHSAG006440', 'lNONHSAG006450', 'lNONHSAG006459', 'lNONHSAG006479', 'lNONHSAG006487', 'lNONHSAG006493', 'lNONHSAG006507', 'lNONHSAG006527', 'lNONHSAG006536', 'lNONHSAG006551', 'lNONHSAG006554', 'lNONHSAG006555', 'lNONHSAG006557', 'lNONHSAG006573', 'lNONHSAG006576', 'lNONHSAG006579', 'lNONHSAG006581', 'lNONHSAG006586', 'lNONHSAG006602', 'lNONHSAG006646', 'lNONHSAG006653', 'lNONHSAG006669', 'lNONHSAG006716', 'lNONHSAG006748', 'lNONHSAG006750', 'lNONHSAG006765', 'lNONHSAG006779', 'lNONHSAG006808', 'lNONHSAG006832', 'lNONHSAG006863', 'lNONHSAG006883', 'lNONHSAG006889', 'lNONHSAG006894', 'lNONHSAG006897', 'lNONHSAG006909', 'lNONHSAG006915', 'lNONHSAG006922', 'lNONHSAG006967', 'lNONHSAG006970', 'lNONHSAG006976', 'lNONHSAG007008', 'lNONHSAG007020', 'lNONHSAG007023', 'lNONHSAG007029', 'lNONHSAG007031', 'lNONHSAG007035', 'lNONHSAG007063', 'lNONHSAG007065', 'lNONHSAG007087', 'lNONHSAG007093', 'lNONHSAG007103', 'lNONHSAG007118', 'lNONHSAG007123', 'lNONHSAG007129', 'lNONHSAG007155', 'lNONHSAG007166', 'lNONHSAG007172', 'lNONHSAG007203', 'lNONHSAG007224', 'lNONHSAG007225', 'lNONHSAG007259', 'lNONHSAG007268', 'lNONHSAG007278', 'lNONHSAG007286', 'lNONHSAG007298', 'lNONHSAG007414', 'lNONHSAG007419', 'lNONHSAG007429', 'lNONHSAG007458', 'lNONHSAG007488', 'lNONHSAG007507', 'lNONHSAG007531', 'lNONHSAG007533', 'lNONHSAG007543', 'lNONHSAG007544', 'lNONHSAG007554', 'lNONHSAG007563', 'lNONHSAG007574', 'lNONHSAG007578', 'lNONHSAG007587', 'lNONHSAG007599', 'lNONHSAG007621', 'lNONHSAG007632', 'lNONHSAG007730', 'lNONHSAG007932', 'lENSG00000083622', 'lENSG00000105501', 'lENSG00000122043', 'lENSG00000149443', 'lENSG00000167920', 'lENSG00000175746', 'lENSG00000177596', 'lENSG00000178248', 'lENSG00000197644', 'lENSG00000197880', 'lENSG00000198054', 'lENSG00000198671', 'lENSG00000203307', 'lENSG00000203434', 'lENSG00000203469', 'lENSG00000203472', 'lENSG00000203565', 'lENSG00000203605', 'lENSG00000203864', 'lENSG00000204393', 'lENSG00000204464', 'lENSG00000205018', 'lENSG00000205452', 'lENSG00000205500', 'lENSG00000212856', 'lENSG00000219410', 'lENSG00000221845', 'lENSG00000222000', 'lENSG00000222032', 'lENSG00000222044', 'lENSG00000223374', 'lENSG00000223387', 'lENSG00000223400', 'lENSG00000223537', 'lENSG00000223563', 'lENSG00000223634', 'lENSG00000223641', 'lENSG00000223647', 'lENSG00000223720', 'lENSG00000223727', 'lENSG00000223786', 'lENSG00000223809', 'lENSG00000223831', 'lENSG00000223881', 'lENSG00000223993', 'lENSG00000224031', 'lENSG00000224075', 'lENSG00000224095', 'lENSG00000224220', 'lENSG00000224277', 'lENSG00000224330', 'lENSG00000224384', 'lENSG00000224500', 'lENSG00000224535', 'lENSG00000224541', 'lENSG00000224549', 'lENSG00000224595', 'lENSG00000224655', 'lENSG00000224794', 'lENSG00000224821', 'lENSG00000224844', 'lENSG00000224885', 'lENSG00000224922', 'lENSG00000224972', 'lENSG00000225012', 'lENSG00000225050', 'lENSG00000225129', 'lENSG00000225146', 'lENSG00000225218', 'lENSG00000225325', 'lENSG00000225334', 'lENSG00000225378', 'lENSG00000225457', 'lENSG00000225537', 'lENSG00000225570', 'lENSG00000225588', 'lENSG00000225750', 'lENSG00000225761', 'lENSG00000225798', 'lENSG00000225886', 'lENSG00000225929', 'lENSG00000226047', 'lENSG00000226133', 'lENSG00000226143', 'lENSG00000226193', 'lENSG00000226194', 'lENSG00000226323', 'lENSG00000226337', 'lENSG00000226352', 'lENSG00000226398', 'lENSG00000226442', 'lENSG00000226454', 'lENSG00000226486', 'lENSG00000226508', 'lENSG00000226522', 'lENSG00000226542', 'lENSG00000226562', 'lENSG00000226566', 'lENSG00000226576', 'lENSG00000226699', 'lENSG00000226770', 'lENSG00000226813', 'lENSG00000226883', 'lENSG00000226925', 'lENSG00000226956', 'lENSG00000226957', 'lENSG00000227075', 'lENSG00000227076', 'lENSG00000227125', 'lENSG00000227131', 'lENSG00000227181', 'lENSG00000227197', 'lENSG00000227330', 'lENSG00000227360', 'lENSG00000227409', 'lENSG00000227459', 'lENSG00000227482', 'lENSG00000227496', 'lENSG00000227509', 'lENSG00000227512', 'lENSG00000227549', 'lENSG00000227579', 'lENSG00000227606', 'lENSG00000227611', 'lENSG00000227680', 'lENSG00000227716', 'lENSG00000227718', 'lENSG00000227769', 'lENSG00000227863', 'lENSG00000227893', 'lENSG00000227958', 'lENSG00000227960', 'lENSG00000228028', 'lENSG00000228082', 'lENSG00000228108', 'lENSG00000228136', 'lENSG00000228170', 'lENSG00000228215', 'lENSG00000228231', 'lENSG00000228261', 'lENSG00000228272', 'lENSG00000228351', 'lENSG00000228372', 'lENSG00000228383', 'lENSG00000228470', 'lENSG00000228485', 'lENSG00000228548', 'lENSG00000228596', 'lENSG00000228627', 'lENSG00000228804', 'lENSG00000228826', 'lENSG00000228852', 'lENSG00000228939', 'lENSG00000228950', 'lENSG00000229152', 'lENSG00000229167', 'lENSG00000229190', 'lENSG00000229283', 'lENSG00000229297', 'lENSG00000229331', 'lENSG00000229345', 'lENSG00000229370', 'lENSG00000229379', 'lENSG00000229457', 'lENSG00000229487', 'lENSG00000229498', 'lENSG00000229502', 'lENSG00000229528', 'lENSG00000229531', 'lENSG00000229673', 'lENSG00000229679', 'lENSG00000229848', 'lENSG00000229851', 'lENSG00000229953', 'lENSG00000229999', 'lENSG00000230010', 'lENSG00000230065', 'lENSG00000230105', 'lENSG00000230109', 'lENSG00000230121', 'lENSG00000230131', 'lENSG00000230153', 'lENSG00000230155', 'lENSG00000230190', 'lENSG00000230197', 'lENSG00000230233', 'lENSG00000230234', 'lENSG00000230323', 'lENSG00000230432', 'lENSG00000230483', 'lENSG00000230499', 'lENSG00000230599', 'lENSG00000230668', 'lENSG00000230735', 'lENSG00000230741', 'lENSG00000230759', 'lENSG00000230790', 'lENSG00000230794', 'lENSG00000230826', 'lENSG00000230830', 'lENSG00000230912', 'lENSG00000230918', 'lENSG00000230972', 'lENSG00000231081', 'lENSG00000231082', 'lENSG00000231092', 'lENSG00000231102', 'lENSG00000231114', 'lENSG00000231143', 'lENSG00000231253', 'lENSG00000231272', 'lENSG00000231407', 'lENSG00000231413', 'lENSG00000231440', 'lENSG00000231492', 'lENSG00000231496', 'lENSG00000231539', 'lENSG00000231597', 'lENSG00000231678', 'lENSG00000231681', 'lENSG00000231724', 'lENSG00000231760', 'lENSG00000231772', 'lENSG00000231781', 'lENSG00000231912', 'lENSG00000231914', 'lENSG00000231937', 'lENSG00000231953', 'lENSG00000231964', 'lENSG00000232031', 'lENSG00000232058', 'lENSG00000232072', 'lENSG00000232086', 'lENSG00000232120', 'lENSG00000232192', 'lENSG00000232252', 'lENSG00000232286', 'lENSG00000232310', 'lENSG00000232328', 'lENSG00000232335', 'lENSG00000232359', 'lENSG00000232363', 'lENSG00000232396', 'lENSG00000232451', 'lENSG00000232464', 'lENSG00000232465', 'lENSG00000232564', 'lENSG00000232596', 'lENSG00000232604', 'lENSG00000232710', 'lENSG00000232719', 'lENSG00000232746', 'lENSG00000232893', 'lENSG00000232895', 'lENSG00000232930', 'lENSG00000232939', 'lENSG00000232964', 'lENSG00000233070', 'lENSG00000233079', 'lENSG00000233178', 'lENSG00000233179', 'lENSG00000233219', 'lENSG00000233222', 'lENSG00000233330', 'lENSG00000233339', 'lENSG00000233407', 'lENSG00000233472', 'lENSG00000233479', 'lENSG00000233534', 'lENSG00000233581', 'lENSG00000233613', 'lENSG00000233625', 'lENSG00000233656', 'lENSG00000233665', 'lENSG00000233689', 'lENSG00000233706', 'lENSG00000233851', 'lENSG00000233891', 'lENSG00000233953', 'lENSG00000233960', 'lENSG00000233969', 'lENSG00000233985', 'lENSG00000234055', 'lENSG00000234117', 'lENSG00000234149', 'lENSG00000234160', 'lENSG00000234172', 'lENSG00000234191', 'lENSG00000234318', 'lENSG00000234504', 'lENSG00000234567', 'lENSG00000234622', 'lENSG00000234626', 'lENSG00000234653', 'lENSG00000234693', 'lENSG00000234756', 'lENSG00000234860', 'lENSG00000234900', 'lENSG00000234953', 'lENSG00000234961', 'lENSG00000234979', 'lENSG00000235011', 'lENSG00000235050', 'lENSG00000235059', 'lENSG00000235086', 'lENSG00000235122', 'lENSG00000235435', 'lENSG00000235494', 'lENSG00000235628', 'lENSG00000235635', 'lENSG00000235637', 'lENSG00000235669', 'lENSG00000235786', 'lENSG00000235813', 'lENSG00000236022', 'lENSG00000236031', 'lENSG00000236065', 'lENSG00000236242', 'lENSG00000236267', 'lENSG00000236272', 'lENSG00000236324', 'lENSG00000236326', 'lENSG00000236358', 'lENSG00000236366', 'lENSG00000236414', 'lENSG00000236452', 'lENSG00000236463', 'lENSG00000236498', 'lENSG00000236559', 'lENSG00000236648', 'lENSG00000236662', 'lENSG00000236723', 'lENSG00000236744', 'lENSG00000236758', 'lENSG00000236800', 'lENSG00000236828', 'lENSG00000236854', 'lENSG00000236921', 'lENSG00000236951', 'lENSG00000236953', 'lENSG00000236975', 'lENSG00000237015', 'lENSG00000237058', 'lENSG00000237073', 'lENSG00000237200', 'lENSG00000237312', 'lENSG00000237324', 'lENSG00000237331', 'lENSG00000237337', 'lENSG00000237373', 'lENSG00000237477', 'lENSG00000237481', 'lENSG00000237520', 'lENSG00000237571', 'lENSG00000237576', 'lENSG00000237581', 'lENSG00000237670', 'lENSG00000237687', 'lENSG00000237734', 'lENSG00000237756', 'lENSG00000237802', 'lENSG00000237919', 'lENSG00000237921', 'lENSG00000237993', 'lENSG00000238131', 'lENSG00000238140', 'lENSG00000238185', 'lENSG00000238282', 'lENSG00000238291', 'lENSG00000239415', 'lENSG00000239482', 'lENSG00000239593', 'lENSG00000240573', 'lENSG00000241383', 'lENSG00000241397', 'lENSG00000241577', 'lENSG00000241593', 'lENSG00000241666', 'lENSG00000241985', 'lENSG00000242012', 'lENSG00000242072', 'lENSG00000242339', 'lENSG00000242391', 'lENSG00000242545', 'lENSG00000242618', 'lENSG00000242795', 'lENSG00000242861', 'lENSG00000243149', 'lENSG00000243230', 'lENSG00000243273', 'lENSG00000243368', 'lENSG00000243797', 'lENSG00000243903', 'lENSG00000243961', 'lENSG00000244278', 'lENSG00000244327', 'lENSG00000244461', 'lENSG00000244701', 'lENSG00000245148', 'lENSG00000245385', 'lENSG00000246541', 'lENSG00000247867', 'lENSG00000247925', 'lENSG00000248125', 'lENSG00000248145', 'lENSG00000248148', 'lENSG00000248172', 'lENSG00000248245', 'lENSG00000248373', 'lENSG00000248393', 'lENSG00000248397', 'lENSG00000248416', 'lENSG00000248457', 'lENSG00000248482', 'lENSG00000248490', 'lENSG00000248576', 'lENSG00000248599', 'lENSG00000248627', 'lENSG00000248758', 'lENSG00000248789', 'lENSG00000248925', 'lENSG00000248935', 'lENSG00000248969', 'lENSG00000248975', 'lENSG00000248984', 'lENSG00000248995', 'lENSG00000249071', 'lENSG00000249099', 'lENSG00000249111', 'lENSG00000249114', 'lENSG00000249297', 'lENSG00000249334', 'lENSG00000249382', 'lENSG00000249409', 'lENSG00000249419', 'lENSG00000249426', 'lENSG00000249441', 'lENSG00000249451', 'lENSG00000249474', 'lENSG00000249547', 'lENSG00000249613', 'lENSG00000249697', 'lENSG00000249706', 'lENSG00000249742', 'lENSG00000249753', 'lENSG00000249782', 'lENSG00000249806', 'lENSG00000249830', 'lENSG00000249865', 'lENSG00000249892', 'lENSG00000250062', 'lENSG00000250092', 'lENSG00000250186', 'lENSG00000250195', 'lENSG00000250242', 'lENSG00000250524', 'lENSG00000250541', 'lENSG00000250626', 'lENSG00000250629', 'lENSG00000250646', 'lENSG00000250657', 'lENSG00000250665', 'lENSG00000250791', 'lENSG00000250820', 'lENSG00000250855', 'lENSG00000250865', 'lENSG00000250866', 'lENSG00000250877', 'lENSG00000250910', 'lENSG00000250917', 'lENSG00000250929', 'lENSG00000250945', 'lENSG00000250949', 'lENSG00000250950', 'lENSG00000250955', 'lENSG00000250993', 'lENSG00000251059', 'lENSG00000251072', 'lENSG00000251185', 'lENSG00000251194', 'lENSG00000251256', 'lENSG00000251266', 'lENSG00000251281', 'lENSG00000251283', 'lENSG00000251412', 'lENSG00000251414', 'lENSG00000251688', 'lENSG00000253134', 'lENSG00000253142', 'lENSG00000253147', 'lENSG00000253167', 'lENSG00000253171', 'lENSG00000253189', 'lENSG00000253282', 'lENSG00000253356', 'lENSG00000253397', 'lENSG00000253449', 'lENSG00000253456', 'lENSG00000253503', 'lENSG00000253507', 'lENSG00000253530', 'lENSG00000253539', 'lENSG00000253619', 'lENSG00000253627', 'lENSG00000253643', 'lENSG00000253645', 'lENSG00000253660', 'lENSG00000253665', 'lENSG00000253717', 'lENSG00000253722', 'lENSG00000253754', 'lENSG00000253782', 'lENSG00000253834', 'lENSG00000253851', 'lENSG00000253858', 'lENSG00000253865', 'lENSG00000253871', 'lENSG00000253875', 'lENSG00000253880', 'lENSG00000253927', 'lENSG00000253947', 'lENSG00000254011', 'lENSG00000254021', 'lENSG00000254026', 'lENSG00000254033', 'lENSG00000254035', 'lENSG00000254084', 'lENSG00000254094', 'lENSG00000254123', 'lENSG00000254141', 'lENSG00000254171', 'lENSG00000254177', 'lENSG00000254207', 'lENSG00000254239', 'lENSG00000254242', 'lENSG00000254314', 'lENSG00000254325', 'lENSG00000254347', 'lENSG00000254350', 'lENSG00000254380', 'lENSG00000254428', 'lENSG00000254429', 'lENSG00000254456', 'lENSG00000254516', 'lENSG00000254526', 'lENSG00000254559', 'lENSG00000254563', 'lENSG00000254574', 'lENSG00000254592', 'lENSG00000254604', 'lENSG00000254620', 'lENSG00000254626', 'lENSG00000254627', 'lENSG00000254689', 'lENSG00000254739', 'lENSG00000254775', 'lENSG00000254787', 'lENSG00000254829', 'lENSG00000254842', 'lENSG00000254846', 'lENSG00000254847', 'lENSG00000254864', 'lENSG00000254879', 'lENSG00000254913', 'lENSG00000254928', 'lENSG00000254930', 'lENSG00000254972', 'lENSG00000254983', 'lENSG00000254990', 'lENSG00000255039', 'lENSG00000255041', 'lENSG00000255084', 'lENSG00000255114', 'lENSG00000255121', 'lENSG00000255159', 'lENSG00000255167', 'lENSG00000255227', 'lENSG00000255247', 'lENSG00000255271', 'lENSG00000255327', 'lENSG00000255357', 'lENSG00000255366', 'lENSG00000255375', 'lENSG00000255390', 'lENSG00000255443', 'lENSG00000255462', 'lENSG00000255478', 'lENSG00000255482', 'lENSG00000255496', 'lENSG00000255498', 'lENSG00000255506', 'lENSG00000255523', 'lENSG00000255528', 'lENSG00000255539', 'lENSG00000255555', 'lENSG00000255565', 'lENSG00000255572', 'lENSG00000255580', 'lENSG00000255808', 'lENSG00000255839', 'lENSG00000255949', 'lENSG00000256007', 'lENSG00000256071', 'lENSG00000256072', 'lENSG00000256083', 'lENSG00000256209', 'lENSG00000256226', 'lENSG00000256234', 'lENSG00000256292', 'lENSG00000256314', 'lENSG00000256448', 'lENSG00000256452', 'lENSG00000256482', 'lENSG00000256484', 'lENSG00000256568', 'lENSG00000256582', 'lENSG00000256670', 'lENSG00000256733', 'lENSG00000256972', 'lENSG00000257004', 'lENSG00000257022', 'lENSG00000257096', 'lENSG00000257105', 'lENSG00000257137', 'lENSG00000257165', 'lENSG00000257235', 'lENSG00000257261', 'lENSG00000257264', 'lENSG00000257265', 'lENSG00000257271', 'lENSG00000257275', 'lENSG00000257342', 'lENSG00000257381', 'lENSG00000257407', 'lENSG00000257470', 'lENSG00000257488', 'lENSG00000257494', 'lENSG00000257500', 'lENSG00000257514', 'lENSG00000257527', 'lENSG00000257541', 'lENSG00000257587', 'lENSG00000257653', 'lENSG00000257732', 'lENSG00000257750', 'lENSG00000257764', 'lENSG00000257787', 'lENSG00000257860', 'lENSG00000257925', 'lENSG00000257997', 'lENSG00000258007', 'lENSG00000258044', 'lENSG00000258084', 'lENSG00000258167', 'lENSG00000258185', 'lENSG00000258210', 'lENSG00000258220', 'lENSG00000258234', 'lENSG00000258272', 'lENSG00000258292', 'lENSG00000258308', 'lENSG00000258312', 'lENSG00000258313', 'lENSG00000258323', 'lENSG00000258331', 'lENSG00000258378', 'lENSG00000258379', 'lENSG00000258390', 'lENSG00000258394', 'lENSG00000258425', 'lENSG00000258451', 'lENSG00000258460', 'lENSG00000258515', 'lENSG00000258516', 'lENSG00000258670', 'lENSG00000258690', 'lENSG00000258695', 'lENSG00000258698', 'lENSG00000258742', 'lENSG00000258745', 'lENSG00000258784', 'lENSG00000258800', 'lENSG00000258824', 'lENSG00000258826', 'lENSG00000258829', 'lENSG00000258904', 'lENSG00000258908', 'lENSG00000258958', 'lENSG00000259007', 'lENSG00000259026', 'lENSG00000259188', 'lENSG00000259194', 'lENSG00000259202', 'lENSG00000259211', 'lENSG00000259223', 'lENSG00000259250', 'lENSG00000259268', 'lENSG00000259294', 'lENSG00000259307', 'lENSG00000259342', 'lENSG00000259351', 'lENSG00000259352', 'lENSG00000259360', 'lENSG00000259385', 'lENSG00000259432', 'lENSG00000259503', 'lENSG00000259532', 'lENSG00000259544', 'lENSG00000259631', 'lENSG00000259636', 'lENSG00000259659', 'lENSG00000259678', 'lENSG00000259757', 'lENSG00000259759', 'lENSG00000259767', 'lENSG00000259798', 'lENSG00000259805', 'lENSG00000259935', 'lENSG00000259945', 'lENSG00000259955', 'lENSG00000259967', 'lENSG00000260003', 'lENSG00000260017', 'lENSG00000260022', 'lENSG00000260158', 'lENSG00000260186', 'lENSG00000260246', 'lENSG00000260304', 'lENSG00000260454', 'lENSG00000260476', 'lENSG00000260586', 'lENSG00000260605', 'lENSG00000260626', 'lENSG00000260659', 'lENSG00000260720', 'lENSG00000260741', 'lENSG00000260773', 'lENSG00000260798', 'lENSG00000260814', 'lENSG00000260884', 'lENSG00000260911', 'lENSG00000260934', 'lENSG00000260970', 'lENSG00000260986', 'lENSG00000260999', 'lENSG00000261014', 'lENSG00000261036', 'lENSG00000261065', 'lENSG00000261066', 'lENSG00000261243', 'lENSG00000261248', 'lENSG00000261261', 'lENSG00000261266', 'lENSG00000261307', 'lENSG00000261379', 'lENSG00000261432', 'lENSG00000261475', 'lENSG00000261507', 'lENSG00000261523', 'lENSG00000261552', 'lENSG00000261569', 'lENSG00000261633', 'lENSG00000261663', 'lENSG00000261671', 'lENSG00000261695', 'lENSG00000261697', 'lENSG00000261723', 'lENSG00000261729', 'lENSG00000261731', 'lENSG00000261761', 'lENSG00000261838', 'lENSG00000261864', 'lENSG00000262151', 'lENSG00000262298', 'lENSG00000262533', 'lENSG00000262652', 'lENSG00000262692', 'lENSG00000262810', 'lENSG00000262815', 'lENSG00000263080', 'lENSG00000263237', 'lENSG00000263257', 'lENSG00000263300', 'lENSG00000263321', 'lENSG00000263335', 'lENSG00000263417', 'lENSG00000263466', 'lENSG00000263585', 'lENSG00000263594', 'lENSG00000263618', 'lENSG00000263684', 'lENSG00000263709', 'lENSG00000263797', 'lENSG00000263847', 'lENSG00000263873', 'lENSG00000263952', 'lENSG00000263982', 'lENSG00000263986', 'lENSG00000264016', 'lENSG00000264107', 'lENSG00000264116', 'lENSG00000264254', 'lENSG00000264269', 'lENSG00000264486', 'lENSG00000264513', 'lENSG00000264520', 'lENSG00000264546', 'lENSG00000264558', 'lENSG00000264577', 'lENSG00000264595', 'lENSG00000264622', 'lENSG00000264734', 'lENSG00000264769', 'lENSG00000264825', 'lENSG00000264924', 'lENSG00000265125', 'lENSG00000265168', 'lENSG00000265205', 'lENSG00000265265', 'lENSG00000265334', 'lENSG00000265359', 'lENSG00000265400', 'lENSG00000265443', 'lENSG00000265474', 'lENSG00000265554', 'lENSG00000265625', 'lENSG00000265643', 'lENSG00000265728', 'lENSG00000265739', 'lENSG00000265743', 'lENSG00000265791', 'lENSG00000265800', 'lENSG00000265840', 'lENSG00000265844', 'lENSG00000265845', 'lENSG00000265980', 'lENSG00000265987', 'lENSG00000265994', 'lENSG00000266102', 'lENSG00000266153', 'lENSG00000266341', 'lENSG00000266368', 'lENSG00000266397', 'lENSG00000266535', 'lENSG00000266538', 'lENSG00000266541', 'lENSG00000266651', 'lENSG00000266696', 'lENSG00000266801', 'lENSG00000266839', 'lENSG00000266844', 'lENSG00000266936', 'lENSG00000266981', 'lENSG00000266985', 'lENSG00000266993', 'lENSG00000267000', 'lENSG00000267057', 'lENSG00000267063', 'lENSG00000267177', 'lENSG00000267225', 'lENSG00000267234', 'lENSG00000267255', 'lENSG00000267263', 'lENSG00000267274', 'lENSG00000267286', 'lENSG00000267320', 'lENSG00000267341', 'lENSG00000267354', 'lENSG00000267364', 'lENSG00000267378', 'lENSG00000267387', 'lENSG00000267436', 'lENSG00000267501', 'lENSG00000267510', 'lENSG00000267543', 'lENSG00000267583', 'lENSG00000267593', 'lENSG00000267615', 'lENSG00000267633', 'lENSG00000267638', 'lENSG00000267665', 'lENSG00000267711', 'lENSG00000267791', 'lENSG00000267838', 'lENSG00000267922', 'lENSG00000267980', 'lENSG00000268015', 'lENSG00000268049', 'lENSG00000268051', 'lENSG00000268078', 'lENSG00000268191', 'lENSG00000268203', 'lENSG00000268240', 'lENSG00000268289', 'lENSG00000268296', 'lENSG00000268520', 'lENSG00000268605', 'lENSG00000268734', 'lENSG00000268743', 'lENSG00000268833', 'lENSG00000268906', 'lENSG00000268912', 'lENSG00000268981', 'lENSG00000269044', 'lENSG00000269085', 'lENSG00000269145', 'lENSG00000269191', 'lENSG00000269292', 'lENSG00000269321', 'lENSG00000269495', 'lENSG00000269504', 'lENSG00000269621', 'lENSG00000269656', 'lENSG00000269729', 'lENSG00000269802', 'lENSG00000269826', 'lENSG00000269843', 'lENSG00000269867', 'lENSG00000269901', 'lENSG00000269950', 'lENSG00000269987', 'lENSG00000270082', 'lENSG00000270094', 'lENSG00000270108', 'lENSG00000270380', 'lENSG00000270726', 'lENSG00000270871', 'lENSG00000270996', 'lENSG00000271032', 'lENSG00000271218', 'lENSG00000271314', 'lENSG00000271579', 'lENSG00000271717', 'lENSG00000271763', 'lENSG00000271787', 'lENSG00000271833', 'lENSG00000271901', 'lENSG00000271936', 'lENSG00000271945', 'lENSG00000271983', 'lENSG00000272027', 'lENSG00000272072', 'lENSG00000272149', 'lENSG00000272159', 'lENSG00000272338', 'lENSG00000272510', 'lENSG00000272540', 'lENSG00000272575', 'lENSG00000272642', 'lENSG00000272661', 'lENSG00000272742', 'lENSG00000272810', 'lENSG00000272814', 'lENSG00000272866', 'lENSG00000272995', 'lENSG00000273035', 'lENSG00000273257', 'lENSG00000273271', 'lENSG00000273275', 'lENSG00000273360', 'lENSG00000273449', 'lENSG00000273461', 'lENSG00000273485', 'lENSG00000273493', 'lENSG00000273550', 'lENSG00000273568', 'lENSG00000273838', 'lENSG00000273877', 'lENSG00000273919', 'lENSG00000274177', 'lENSG00000274227', 'lENSG00000274561', 'lENSG00000274624', 'lENSG00000274678', 'lENSG00000274863', 'lENSG00000274893', 'lENSG00000275173', 'lENSG00000275345', 'lENSG00000275401', 'lENSG00000275484', 'lENSG00000275576', 'lENSG00000275871', 'lENSG00000276107', 'lENSG00000276488', 'lENSG00000276527', 'lENSG00000276533', 'lENSG00000276668', 'lENSG00000276997', 'lENSG00000277332', 'lENSG00000277639', 'lENSG00000277675', 'lENSG00000278000', 'lENSG00000278013', 'lENSG00000278202', 'lENSG00000278351', 'lENSG00000278630', 'lENSG00000278766', 'lENSG00000278944', 'lENSG00000279088', 'lENSG00000279240', 'lENSG00000279484', 'lENSG00000279501', 'lENSG00000279623', 'lENSG00000279687', 'lENSG00000279751', 'lENSG00000279920', 'lENSG00000280206', 'lENSG00000280224', 'lENSG00000280455', 'lENSG00000280580', 'lENSG00000280703', 'lENSG00000280881', 'lENSG00000281021', 'lENSG00000281831', 'lENSG00000282478', 'lENSG00000282828', 'lENSG00000282950', 'lENSG00000283083', 'lENSG00000283286', 'lENSG00000283347', 'lENSG00000283375', 'lENSG00000283436', 'lENSG00000283457', 'lENSG00000283573', 'lENSG00000283631', 'lENSG00000283766', 'lENSG00000283973', 'lENSG00000284376', 'lENSG00000284418', 'lENSG00000284500', 'lENSG00000284513', 'lENSG00000284608', 'lENSG00000284699', 'lENSG00000284994', 'lENSG00000285012', 'lENSG00000285040', 'lENSG00000285325', 'lENSG00000285354', 'lENSG00000285409', 'lENSG00000285473', 'lENSG00000285518', 'lENSG00000285524', 'lENSG00000285550', 'lENSG00000285551', 'lENSG00000285619', 'lENSG00000285621', 'lENSG00000285654', 'lENSG00000285699', 'lENSG00000285709', 'lENSG00000285780', 'lENSG00000285857', 'lENSG00000285861', 'lENSG00000285889', 'lENSG00000285954', 'lENSG00000285998', 'lENSG00000286002', 'lENSG00000286010', 'lENSG00000286018', 'lENSG00000286020', 'lENSG00000286050', 'lENSG00000286076', 'lENSG00000286089', 'lENSG00000286101', 'lENSG00000286168', 'lENSG00000286188', 'lENSG00000286194', 'lENSG00000286197', 'lENSG00000286206', 'lENSG00000286242', 'lENSG00000286244', 'lENSG00000286276', 'lENSG00000286303', 'lENSG00000286331', 'lENSG00000286333', 'lENSG00000286338', 'lENSG00000286419', 'lENSG00000286430', 'lENSG00000286436', 'lENSG00000286441', 'lENSG00000286453', 'lENSG00000286461', 'lENSG00000286474', 'lENSG00000286515', 'lENSG00000286565', 'lENSG00000286578', 'lENSG00000286581', 'lENSG00000286584', 'lENSG00000286588', 'lENSG00000286598', 'lENSG00000286617', 'lENSG00000286639', 'lENSG00000286645', 'lENSG00000286670', 'lENSG00000286689', 'lENSG00000286690', 'lENSG00000286698', 'lENSG00000286715', 'lENSG00000286716', 'lENSG00000286722', 'lENSG00000286738', 'lENSG00000286740', 'lENSG00000286751', 'lENSG00000286767', 'lENSG00000286770', 'lENSG00000286781', 'lENSG00000286795', 'lENSG00000286803', 'lENSG00000286820', 'lENSG00000286843', 'lENSG00000286850', 'lENSG00000286887', 'lENSG00000286908', 'lENSG00000286963', 'lENSG00000287005', 'lENSG00000287006', 'lENSG00000287028', 'lENSG00000287030', 'lENSG00000287066', 'lENSG00000287094', 'lENSG00000287107', 'lENSG00000287108', 'lENSG00000287155', 'lENSG00000287198', 'lENSG00000287202', 'lENSG00000287213', 'lENSG00000287236', 'lENSG00000287270', 'lENSG00000287285', 'lENSG00000287335', 'lENSG00000287358', 'lENSG00000287359', 'lENSG00000287366', 'lENSG00000287367', 'lENSG00000287381', 'lENSG00000287423', 'lENSG00000287441', 'lENSG00000287462', 'lENSG00000287501', 'lENSG00000287517', 'lENSG00000287518', 'lENSG00000287545', 'lENSG00000287550', 'lENSG00000287551', 'lENSG00000287556', 'lENSG00000287587', 'lENSG00000287618', 'lENSG00000287660', 'lENSG00000287664', 'lENSG00000287684', 'lENSG00000287687', 'lENSG00000287704', 'lENSG00000211683', 'lENSG00000214955', 'lENSG00000223379', 'lENSG00000223795', 'lENSG00000224884', 'lENSG00000225836', 'lENSG00000228255', 'lENSG00000229454', 'lENSG00000229628', 'lENSG00000229964', 'lENSG00000230649', 'lENSG00000231212', 'lENSG00000231616', 'lENSG00000232056', 'lENSG00000232636', 'lENSG00000233200', 'lENSG00000233987', 'lENSG00000234083', 'lENSG00000234998', 'lENSG00000235337', 'lENSG00000235795', 'lENSG00000236453', 'lENSG00000239801', 'lENSG00000241792', 'lENSG00000242375', 'lENSG00000244620', 'lENSG00000247810', 'lENSG00000248359', 'lENSG00000248991', 'lENSG00000249159', 'lENSG00000250567', 'lENSG00000250670', 'lENSG00000250686', 'lENSG00000250777', 'lENSG00000251506', 'lENSG00000251654', 'lENSG00000253766', 'lENSG00000254306', 'lENSG00000254927', 'lENSG00000255279', 'lENSG00000255325', 'lENSG00000255644', 'lENSG00000256686', 'lENSG00000257603', 'lENSG00000257715', 'lENSG00000257962', 'lENSG00000258088', 'lENSG00000258196', 'lENSG00000258386', 'lENSG00000259123', 'lENSG00000259209', 'lENSG00000259244', 'lENSG00000259274', 'lENSG00000259306', 'lENSG00000259407', 'lENSG00000260511', 'lENSG00000261193', 'lENSG00000261445', 'lENSG00000261470', 'lENSG00000264660', 'lENSG00000265174', 'lENSG00000266893', 'lENSG00000267081', 'lENSG00000267521', 'lENSG00000267581', 'lENSG00000269391', 'lENSG00000269460', 'lENSG00000272304', 'lENSG00000272369', 'lENSG00000273138', 'lENSG00000273403', 'lENSG00000273486', 'lENSG00000274902', 'lENSG00000275232', 'lENSG00000278514', 'lENSG00000279672', 'lENSG00000282887', 'lENSG00000286164', 'lENSG00000226032', 'lENSG00000235736', 'lENSG00000251613', 'lENSG00000263316', 'lENSG00000258631', 'lENSG00000260141', 'lENSG00000279472', 'lENSG00000271870', 'lENSG00000272934', 'lENSG00000265556', 'lENSG00000271840', 'lENSG00000253701', 'lENSG00000281408', 'lENSG00000268166', 'lALG13-AS1', 'lDGUOK-AS1', 'lDSCR8', 'lMIR24-2', 'lMIR3179-2', 'lMIR3654', 'lACA64', 'lC3orf65']","[0.0, 1.0, 1.0, 1.0, 0.0, 1.0, 0.0, 0.0, 0.0, 0.0, 0.0, 1.0, 1.0, 0.0, 0.0, 0.0, 1.0, 0.0, 0.0, 0.0, 0.0, 1.0, 0.0, 0.0, 0.0, 0.0, 1.0, 1.0, 1.0, 1.0, 0.0, 1.0, 0.0, 1.0, 1.0, 0.0, 1.0, 0.0, 1.0, 0.0, 1.0, 0.0, 0.0, 0.0, 1.0, 0.0, 1.0, 1.0, 1.0, 1.0, 0.0, 1.0, 1.0, 0.0, 1.0, 0.0, 0.0, 1.0, 1.0, 1.0, 1.0, 0.0, 0.0, 0.0, 0.0, 1.0, 1.0, 1.0, 1.0, 1.0, 1.0, 0.0, 1.0, 0.0, 0.0, 1.0, 1.0, 1.0, 1.0, 1.0, 0.0, 1.0, 1.0, 0.0, 1.0, 0.0, 1.0, 1.0, 1.0, 1.0, 0.0, 1.0, 1.0, 1.0, 0.0, 0.0, 1.0, 0.0, 1.0, 0.0, 0.0, 1.0, 0.0, 0.0, 1.0, 1.0, 1.0, 1.0, 1.0, 1.0, 0.0, 0.0, 1.0, 1.0, 1.0, 0.0, 1.0, 0.0, 0.0, 1.0, 1.0, 1.0, 0.0, 1.0, 0.0, 0.0, 0.0, 0.0, 1.0, 1.0, 1.0, 0.0, 0.0, 0.0, 0.0, 1.0, 1.0, 0.0, 1.0, 1.0, 1.0, 0.0, 1.0, 0.0, 1.0, 1.0, 1.0, 0.0, 0.0, 0.0, 0.0, 1.0, 1.0, 1.0, 0.0, 0.0, 1.0, 0.0, 0.0, 1.0, 0.0, 1.0, 1.0, 1.0, 0.0, 1.0, 1.0, 0.0, 1.0, 0.0, 1.0, 1.0, 0.0, 0.0, 1.0, 0.0, 1.0, 0.0, 0.0, 1.0, 0.0, 1.0, 0.0, 0.0, 1.0, 0.0, 1.0, 0.0, 0.0, 1.0, 0.0, 0.0, 1.0, 0.0, 0.0, 0.0, 0.0, 1.0, 0.0, 1.0, 1.0, 1.0, 0.0, 0.0, 0.0, 0.0, 1.0, 1.0, 1.0, 1.0, 1.0, 1.0, 0.0, 1.0, 1.0, 1.0, 1.0, 1.0, 0.0, 1.0, 1.0, 0.0, 1.0, 1.0, 0.0, 0.0, 0.0, 1.0, 0.0, 1.0, 1.0, 1.0, 1.0, 1.0, 1.0, 1.0, 1.0, 1.0, 1.0, 1.0, 0.0, 0.0, 1.0, 1.0, 1.0, 0.0, 1.0, 0.0, 0.0, 1.0, 1.0, 1.0, 1.0, 1.0, 0.0, 0.0, 0.0, 1.0, 1.0, 0.0, 1.0, 1.0, 1.0, 0.0, 1.0, 1.0, 0.0, 0.0, 0.0, 0.0, 1.0, 0.0, 0.0, 1.0, 1.0, 0.0, 1.0, 0.0, 0.0, 1.0, 0.0, 1.0, 1.0, 1.0, 0.0, 0.0, 1.0, 0.0, 0.0, 0.0, 0.0, 0.0, 0.0, 1.0, 1.0, 1.0, 1.0, 1.0, 1.0, 0.0, 1.0, 0.0, 0.0, 0.0, 0.0, 0.0, 1.0, 1.0, 0.0, 1.0, 1.0, 1.0, 0.0, 0.0, 1.0, 0.0, 0.0, 1.0, 1.0, 0.0, 1.0, 1.0, 1.0, 0.0, 1.0, 1.0, 1.0, 1.0, 0.0, 0.0, 1.0, 0.0, 1.0, 1.0, 1.0, 0.0, 1.0, 0.0, 1.0, 1.0, 0.0, 0.0, 1.0, 1.0, 0.0, 0.0, 1.0, 0.0, 1.0, 0.0, 0.0, 0.0, 0.0, 1.0, 0.0, 1.0, 1.0, 1.0, 0.0, 0.0, 1.0, 0.0, 0.0, 1.0, 0.0, 0.0, 1.0, 1.0, 1.0, 0.0, 1.0, 1.0, 0.0, 0.0, 0.0, 1.0, 0.0, 0.0, 1.0, 1.0, 0.0, 0.0, 0.0, 0.0, 1.0, 0.0, 0.0, 0.0, 1.0, 1.0, 1.0, 0.0, 1.0, 1.0, 0.0, 1.0, 1.0, 0.0, 0.0, 1.0, 1.0, 1.0, 0.0, 0.0, 1.0, 0.0, 0.0, 0.0, 0.0, 1.0, 0.0, 1.0, 1.0, 0.0, 1.0, 1.0, 1.0, 0.0, 0.0, 0.0, 1.0, 0.0, 0.0, 0.0, 0.0, 1.0, 1.0, 1.0, 1.0, 0.0, 0.0, 0.0, 0.0, 1.0, 1.0, 0.0, 0.0, 0.0, 0.0, 0.0, 1.0, 1.0, 0.0, 0.0, 0.0, 0.0, 0.0, 0.0, 1.0, 0.0, 1.0, 0.0, 0.0, 1.0, 0.0, 0.0, 1.0, 0.0, 0.0, 0.0, 0.0, 0.0, 1.0, 0.0, 0.0, 1.0, 1.0, 1.0, 0.0, 0.0, 1.0, 0.0, 1.0, 0.0, 1.0, 0.0, 1.0, 0.0, 1.0, 1.0, 1.0, 1.0, 1.0, 1.0, 1.0, 1.0, 0.0, 0.0, 0.0, 1.0, 0.0, 1.0, 0.0, 0.0, 0.0, 1.0, 0.0, 1.0, 0.0, 0.0, 1.0, 0.0, 1.0, 1.0, 0.0, 1.0, 0.0, 1.0, 1.0, 0.0, 1.0, 0.0, 1.0, 1.0, 0.0, 1.0, 0.0, 1.0, 0.0, 0.0, 1.0, 1.0, 1.0, 1.0, 1.0, 0.0, 1.0, 0.0, 1.0, 1.0, 1.0, 1.0, 1.0, 0.0, 0.0, 0.0, 0.0, 1.0, 1.0, 1.0, 1.0, 0.0, 1.0, 1.0, 1.0, 0.0, 0.0, 0.0, 0.0, 1.0, 0.0, 0.0, 0.0, 0.0, 0.0, 1.0, 1.0, 0.0, 1.0, 0.0, 0.0, 1.0, 0.0, 1.0, 0.0, 1.0, 0.0, 1.0, 1.0, 1.0, 0.0, 1.0, 1.0, 1.0, 1.0, 1.0, 1.0, 1.0, 1.0, 0.0, 1.0, 1.0, 1.0, 0.0, 0.0, 1.0, 0.0, 1.0, 1.0, 1.0, 1.0, 1.0, 0.0, 0.0, 0.0, 0.0, 1.0, 0.0, 0.0, 1.0, 1.0, 1.0, 0.0, 0.0, 1.0, 1.0, 1.0, 1.0, 1.0, 0.0, 1.0, 0.0, 0.0, 1.0, 1.0, 0.0, 1.0, 1.0, 0.0, 1.0, 1.0, 0.0, 0.0, 0.0, 1.0, 1.0, 1.0, 1.0, 0.0, 1.0, 0.0, 1.0, 1.0, 0.0, 1.0, 1.0, 1.0, 1.0, 0.0, 1.0, 0.0, 0.0, 0.0, 1.0, 1.0, 1.0, 0.0, 1.0, 1.0, 1.0, 1.0, 0.0, 0.0, 1.0, 1.0, 1.0, 1.0, 1.0, 0.0, 0.0, 1.0, 0.0, 1.0, 1.0, 1.0, 1.0, 0.0, 1.0, 0.0, 1.0, 0.0, 1.0, 0.0, 1.0, 0.0, 0.0, 1.0, 0.0, 1.0, 1.0, 0.0, 0.0, 1.0, 1.0, 0.0, 0.0, 0.0, 1.0, 0.0, 1.0, 0.0, 1.0, 0.0, 0.0, 1.0, 1.0, 0.0, 0.0, 0.0, 1.0, 0.0, 0.0, 1.0, 0.0, 0.0, 1.0, 1.0, 1.0, 0.0, 1.0, 0.0, 0.0, 1.0, 0.0, 1.0, 1.0, 1.0, 0.0, 0.0, 1.0, 0.0, 0.0, 1.0, 0.0, 1.0, 0.0, 0.0, 1.0, 0.0, 1.0, 1.0, 1.0, 1.0, 0.0, 0.0, 0.0, 1.0, 1.0, 0.0, 0.0, 0.0, 0.0, 1.0, 0.0, 0.0, 1.0, 0.0, 1.0, 0.0, 0.0, 1.0, 1.0, 1.0, 0.0, 1.0, 0.0, 0.0, 0.0, 1.0, 1.0, 0.0, 0.0, 0.0, 1.0, 0.0, 0.0, 0.0, 1.0, 0.0, 0.0, 1.0, 0.0, 0.0, 0.0, 1.0, 0.0, 1.0, 1.0, 0.0, 0.0, 0.0, 0.0, 1.0, 0.0, 0.0, 1.0, 1.0, 1.0, 0.0, 0.0, 1.0, 0.0, 0.0, 0.0, 1.0, 0.0, 1.0, 0.0, 0.0, 1.0, 0.0, 1.0, 0.0, 1.0, 1.0, 1.0, 0.0, 1.0, 1.0, 1.0, 1.0, 1.0, 0.0, 0.0, 1.0, 1.0, 0.0, 1.0, 0.0, 1.0, 1.0, 0.0, 0.0, 1.0, 1.0, 0.0, 0.0, 1.0, 0.0, 0.0, 0.0, 0.0, 1.0, 0.0, 1.0, 0.0, 0.0, 1.0, 1.0, 1.0, 0.0, 0.0, 1.0, 0.0, 1.0, 0.0, 1.0, 0.0, 1.0, 1.0, 1.0, 0.0, 1.0, 0.0, 0.0, 0.0, 1.0, 0.0, 1.0, 1.0, 1.0, 0.0, 0.0, 1.0, 1.0, 0.0, 0.0, 0.0, 1.0, 1.0, 1.0, 1.0, 1.0, 1.0, 0.0, 0.0, 1.0, 0.0, 1.0, 1.0, 1.0, 1.0, 0.0, 0.0, 1.0, 0.0, 0.0, 1.0, 0.0, 0.0, 1.0, 1.0, 1.0, 0.0, 0.0, 0.0, 1.0, 0.0, 0.0, 1.0, 0.0, 0.0, 1.0, 1.0, 1.0, 1.0, 1.0, 1.0, 1.0, 1.0, 0.0, 0.0, 0.0, 0.0, 1.0, 0.0, 0.0, 1.0, 1.0, 0.0, 1.0, 0.0, 1.0, 0.0, 1.0, 1.0, 0.0, 0.0, 1.0, 0.0, 0.0, 0.0, 0.0, 1.0, 1.0, 0.0, 1.0, 1.0, 1.0, 0.0, 1.0, 0.0, 0.0, 1.0, 0.0, 0.0, 1.0, 1.0, 1.0, 1.0, 1.0, 1.0, 1.0, 1.0, 1.0, 0.0, 0.0, 1.0, 0.0, 0.0, 0.0, 0.0, 0.0, 1.0, 0.0, 1.0, 0.0, 0.0, 1.0, 0.0, 1.0, 0.0, 1.0, 0.0, 0.0, 1.0, 1.0, 0.0, 1.0, 0.0, 0.0, 1.0, 1.0, 1.0, 0.0, 1.0, 0.0, 0.0, 1.0, 0.0, 1.0, 1.0, 0.0, 1.0, 1.0, 1.0, 1.0, 0.0, 1.0, 0.0, 0.0, 0.0, 0.0, 1.0, 1.0, 0.0, 1.0, 0.0, 0.0, 1.0, 1.0, 0.0, 1.0, 0.0, 1.0, 1.0, 1.0, 0.0, 0.0, 0.0, 0.0, 1.0, 1.0, 1.0, 1.0, 1.0, 1.0, 0.0, 0.0, 0.0, 0.0, 1.0, 1.0, 0.0, 0.0, 1.0, 0.0, 0.0, 0.0, 1.0, 1.0, 0.0, 0.0, 1.0, 0.0, 1.0, 0.0, 0.0, 0.0, 0.0, 1.0, 0.0, 1.0, 1.0, 1.0, 1.0, 1.0, 1.0, 0.0, 0.0, 0.0, 0.0, 1.0, 0.0, 1.0, 1.0, 0.0, 1.0, 1.0, 1.0, 1.0, 1.0, 0.0, 0.0, 0.0, 1.0, 1.0, 1.0, 0.0, 1.0, 0.0, 1.0, 0.0, 0.0, 0.0, 0.0, 0.0, 1.0, 0.0, 0.0, 1.0, 1.0, 1.0, 0.0, 1.0, 1.0, 1.0, 1.0, 1.0, 1.0, 0.0, 0.0, 1.0, 1.0, 1.0, 1.0, 0.0, 1.0, 1.0, 0.0, 0.0, 0.0, 1.0, 0.0, 0.0, 1.0, 0.0, 0.0, 1.0, 1.0, 1.0, 0.0, 1.0, 0.0, 1.0, 1.0, 0.0, 1.0, 0.0, 0.0, 0.0, 0.0, 1.0, 1.0, 0.0, 1.0, 0.0, 0.0, 1.0, 1.0, 1.0, 0.0, 0.0, 0.0, 0.0, 0.0, 1.0, 1.0, 0.0, 1.0, 0.0, 0.0, 1.0, 1.0, 1.0, 1.0, 1.0, 0.0, 0.0, 1.0, 1.0, 0.0, 1.0, 1.0, 1.0, 1.0, 1.0, 0.0, 0.0, 1.0, 1.0, 1.0, 1.0, 1.0, 1.0, 1.0, 0.0, 0.0, 0.0, 0.0, 1.0, 1.0, 1.0, 1.0, 1.0, 0.0, 0.0, 0.0, 1.0, 0.0, 0.0, 0.0, 1.0, 0.0, 1.0, 1.0, 1.0, 1.0, 0.0, 0.0, 1.0, 0.0, 1.0, 1.0, 0.0, 0.0, 1.0, 1.0, 0.0, 1.0, 1.0, 1.0, 0.0, 1.0, 0.0, 1.0, 0.0, 0.0, 1.0, 1.0, 0.0, 0.0, 1.0, 0.0, 0.0, 1.0, 1.0, 0.0, 0.0, 1.0, 1.0, 1.0, 0.0, 0.0, 1.0, 1.0, 1.0, 0.0, 0.0, 0.0, 1.0, 0.0, 1.0, 0.0, 1.0, 1.0, 0.0, 1.0, 0.0, 1.0, 1.0, 1.0, 0.0, 0.0, 1.0, 1.0, 1.0, 0.0, 0.0, 0.0, 0.0, 1.0, 0.0, 0.0, 0.0, 0.0, 1.0, 0.0, 0.0, 0.0, 0.0, 1.0, 0.0, 0.0, 0.0, 0.0, 0.0, 1.0, 0.0, 0.0, 1.0, 1.0, 0.0, 0.0, 0.0, 1.0, 1.0, 1.0, 1.0, 0.0, 0.0, 0.0, 0.0, 0.0, 0.0, 1.0, 0.0, 1.0, 1.0, 1.0, 1.0, 1.0, 0.0, 1.0, 1.0, 1.0, 1.0, 1.0, 1.0, 1.0, 1.0, 1.0, 1.0, 1.0, 1.0, 1.0, 1.0, 1.0, 1.0, 0.0, 0.0, 1.0, 0.0, 0.0, 1.0, 1.0, 1.0, 0.0, 1.0, 0.0, 0.0, 0.0, 1.0, 1.0, 1.0, 1.0, 1.0, 1.0, 0.0, 0.0, 0.0, 1.0, 1.0, 1.0, 0.0, 1.0, 1.0, 0.0, 1.0, 1.0, 1.0, 0.0, 0.0, 0.0, 0.0, 0.0, 1.0, 0.0, 1.0, 1.0, 0.0, 1.0, 1.0, 0.0, 0.0, 1.0, 0.0, 0.0, 0.0, 0.0, 1.0, 0.0, 1.0, 1.0, 1.0, 0.0, 1.0, 1.0, 1.0, 1.0, 1.0, 1.0, 1.0, 1.0, 0.0, 1.0, 0.0, 1.0, 1.0, 0.0, 1.0, 1.0, 0.0, 0.0, 0.0, 0.0, 0.0, 0.0, 0.0, 0.0, 0.0, 0.0, 1.0, 1.0, 1.0, 0.0, 1.0, 1.0, 1.0, 0.0, 1.0, 1.0, 0.0, 0.0, 1.0, 0.0, 1.0, 1.0, 1.0, 0.0, 0.0, 0.0, 0.0, 0.0, 0.0, 0.0, 0.0, 1.0, 0.0, 1.0, 0.0, 1.0, 1.0, 0.0, 0.0, 0.0, 1.0, 0.0, 1.0, 1.0, 0.0, 0.0, 1.0, 0.0, 0.0, 0.0, 0.0, 1.0, 0.0, 1.0, 1.0, 1.0, 0.0, 0.0, 0.0, 0.0, 0.0, 1.0, 0.0, 0.0, 0.0, 1.0, 0.0, 0.0, 0.0, 0.0, 1.0, 0.0, 0.0, 0.0, 1.0, 1.0, 0.0, 1.0, 0.0, 0.0, 0.0, 1.0, 1.0, 0.0, 0.0, 1.0, 1.0, 1.0, 1.0, 0.0, 0.0, 0.0, 1.0, 0.0, 1.0, 1.0, 0.0, 1.0, 1.0, 1.0, 1.0, 0.0, 0.0, 0.0, 0.0, 0.0, 0.0, 0.0, 0.0, 0.0, 0.0, 0.0, 0.0, 1.0, 1.0, 0.0, 1.0, 0.0, 1.0, 0.0, 1.0, 1.0, 1.0, 0.0, 0.0, 0.0, 1.0, 0.0, 1.0, 1.0, 1.0, 0.0, 0.0, 1.0, 0.0, 1.0, 0.0, 1.0, 0.0, 0.0, 1.0, 1.0, 0.0, 1.0, 0.0, 1.0, 0.0, 1.0, 0.0, 1.0, 0.0, 0.0, 0.0, 0.0, 0.0, 1.0, 0.0, 0.0, 1.0, 1.0, 0.0, 0.0, 0.0, 0.0, 0.0, 1.0, 1.0, 1.0, 1.0, 0.0, 1.0, 0.0, 0.0, 1.0, 1.0, 0.0, 0.0, 0.0, 0.0, 0.0, 0.0, 1.0, 1.0, 0.0, 1.0, 1.0, 0.0, 0.0, 1.0, 1.0, 0.0, 0.0, 0.0, 0.0, 0.0, 0.0, 1.0, 0.0, 1.0, 0.0, 0.0, 0.0, 0.0, 0.0, 1.0, 0.0, 1.0, 0.0, 1.0, 0.0, 1.0, 0.0, 1.0, 0.0, 0.0, 0.0, 0.0, 1.0, 0.0, 0.0, 0.0, 0.0, 1.0, 1.0, 1.0, 0.0, 0.0, 1.0, 1.0, 0.0, 1.0, 0.0, 0.0, 0.0, 1.0, 1.0, 0.0, 1.0, 0.0, 1.0, 1.0, 0.0, 1.0, 0.0, 1.0, 0.0, 0.0, 0.0, 1.0, 1.0, 1.0, 1.0, 1.0, 1.0, 1.0, 0.0, 0.0, 0.0, 1.0, 0.0, 1.0, 0.0, 0.0, 1.0, 0.0, 1.0, 0.0, 0.0, 0.0, 1.0, 0.0, 1.0, 0.0, 1.0, 0.0, 1.0, 1.0, 0.0, 1.0, 1.0, 1.0, 1.0, 0.0, 0.0, 0.0, 0.0, 1.0, 0.0, 1.0, 0.0, 0.0, 0.0, 1.0, 1.0, 1.0, 1.0, 1.0, 1.0, 0.0, 1.0, 1.0, 0.0, 0.0, 1.0, 0.0, 1.0, 0.0, 0.0, 1.0, 1.0, 0.0, 1.0, 0.0, 1.0, 1.0, 1.0, 0.0, 1.0, 0.0, 0.0, 0.0, 0.0, 1.0, 0.0, 0.0, 1.0, 0.0, 1.0, 0.0, 0.0, 1.0, 0.0, 1.0, 0.0, 1.0, 0.0, 0.0, 1.0, 1.0, 1.0, 0.0, 0.0, 0.0, 1.0, 1.0, 0.0, 0.0, 0.0, 1.0, 1.0, 1.0, 1.0, 0.0, 1.0, 1.0, 0.0, 1.0, 0.0, 0.0, 0.0, 0.0, 1.0, 1.0, 1.0, 0.0, 1.0, 0.0, 1.0, 0.0, 1.0, 1.0, 1.0, 1.0, 0.0, 1.0, 0.0, 1.0, 0.0, 1.0, 1.0, 1.0, 0.0, 0.0, 0.0, 1.0, 1.0, 0.0, 1.0, 1.0, 0.0, 0.0, 0.0, 1.0, 1.0, 1.0, 1.0, 1.0, 0.0, 1.0, 0.0, 1.0, 0.0, 0.0, 0.0, 1.0, 1.0, 0.0, 0.0, 1.0, 0.0, 1.0, 1.0, 0.0, 0.0, 1.0, 0.0, 1.0, 1.0, 0.0, 1.0, 1.0, 1.0, 0.0, 0.0, 1.0, 1.0, 1.0, 0.0, 1.0, 0.0, 0.0, 1.0, 1.0, 1.0, 1.0, 0.0, 0.0, 1.0, 0.0, 1.0, 0.0, 0.0, 1.0, 0.0, 1.0, 1.0, 0.0, 0.0, 0.0, 0.0, 1.0, 1.0, 0.0, 1.0, 1.0, 1.0, 0.0, 0.0, 0.0, 1.0, 1.0, 1.0, 1.0, 0.0, 1.0, 0.0, 0.0, 1.0, 0.0, 0.0, 0.0, 1.0, 0.0, 1.0, 1.0, 1.0, 0.0, 1.0, 0.0, 0.0, 0.0, 0.0, 1.0, 1.0, 0.0, 0.0, 1.0, 0.0, 0.0, 0.0, 1.0, 1.0, 0.0, 0.0, 0.0, 0.0, 1.0, 0.0, 0.0, 1.0, 1.0, 0.0, 1.0, 1.0, 1.0, 1.0, 1.0, 1.0, 1.0, 1.0, 0.0, 0.0, 1.0, 0.0, 0.0, 0.0, 0.0, 1.0, 1.0, 0.0, 1.0, 1.0, 1.0, 1.0, 0.0, 0.0, 0.0, 1.0, 1.0, 0.0, 1.0, 1.0, 0.0, 0.0, 1.0, 1.0, 0.0, 0.0, 0.0, 1.0, 1.0, 0.0, 0.0, 0.0, 1.0, 1.0, 0.0, 1.0, 0.0, 1.0, 1.0, 0.0, 1.0, 0.0, 0.0, 0.0, 0.0, 1.0, 1.0, 1.0, 0.0, 0.0, 1.0, 1.0, 1.0, 1.0, 1.0, 0.0, 0.0, 0.0, 1.0, 1.0, 1.0, 1.0, 0.0, 0.0, 1.0, 1.0, 0.0, 0.0, 1.0, 0.0, 0.0, 0.0, 1.0, 0.0, 1.0, 1.0, 1.0, 1.0, 1.0, 0.0, 1.0, 0.0, 1.0, 0.0, 1.0, 1.0, 1.0, 0.0, 0.0, 0.0, 0.0, 1.0, 0.0, 1.0, 0.0, 0.0, 0.0, 0.0, 0.0, 1.0, 0.0, 0.0, 1.0, 1.0, 0.0, 1.0, 0.0, 0.0, 0.0, 1.0, 0.0, 0.0, 0.0, 1.0, 0.0, 1.0, 0.0, 1.0, 1.0, 1.0, 1.0, 0.0, 0.0, 0.0, 1.0, 0.0, 1.0, 1.0, 0.0, 0.0, 0.0, 1.0, 0.0, 1.0, 0.0, 0.0, 0.0, 0.0, 1.0, 0.0, 1.0, 0.0, 1.0, 0.0, 0.0, 1.0, 0.0, 0.0, 0.0, 0.0, 1.0, 1.0, 0.0, 0.0, 0.0, 1.0, 1.0, 0.0, 0.0, 1.0, 1.0, 0.0, 1.0, 0.0, 1.0, 1.0, 0.0, 0.0, 1.0, 1.0, 0.0, 0.0, 0.0, 1.0, 0.0, 0.0, 0.0, 0.0, 0.0, 1.0, 0.0, 1.0, 1.0, 1.0, 0.0, 1.0, 1.0, 1.0, 0.0, 1.0, 0.0, 1.0, 0.0, 1.0, 1.0, 1.0, 1.0, 0.0, 0.0, 1.0, 0.0, 1.0, 1.0, 0.0, 1.0, 1.0, 1.0, 1.0, 0.0, 0.0, 0.0, 1.0, 1.0, 0.0, 1.0, 0.0, 0.0, 1.0, 1.0, 1.0, 1.0, 0.0, 0.0, 1.0, 1.0, 1.0, 1.0, 0.0, 0.0, 0.0, 1.0, 1.0, 0.0, 1.0, 1.0, 1.0, 1.0, 0.0, 1.0, 1.0, 1.0, 0.0, 0.0, 0.0, 1.0, 0.0, 0.0, 1.0, 0.0, 1.0, 1.0, 1.0, 0.0, 1.0, 0.0, 0.0, 0.0, 0.0, 0.0, 1.0, 0.0, 1.0, 0.0, 0.0, 1.0, 1.0, 1.0, 0.0, 1.0, 0.0, 0.0, 1.0, 1.0, 1.0, 0.0, 0.0, 1.0, 1.0, 0.0, 0.0, 1.0, 1.0, 1.0, 0.0, 0.0, 0.0, 1.0, 1.0, 1.0, 0.0, 1.0, 0.0, 1.0, 0.0, 0.0, 0.0, 1.0, 0.0, 1.0, 1.0, 0.0, 1.0, 1.0, 1.0, 1.0, 0.0, 0.0, 0.0, 1.0, 1.0, 0.0, 0.0, 0.0, 0.0, 1.0, 0.0, 0.0, 0.0, 0.0, 0.0, 1.0, 1.0, 0.0, 1.0, 0.0, 0.0, 1.0, 1.0, 0.0, 0.0, 0.0, 1.0, 0.0, 0.0, 0.0, 1.0, 1.0, 0.0, 0.0, 1.0, 0.0, 0.0, 0.0, 1.0, 0.0, 1.0, 1.0, 0.0, 1.0, 0.0, 1.0, 0.0, 1.0, 0.0, 0.0, 1.0, 0.0, 0.0, 0.0, 0.0, 0.0, 0.0, 1.0, 0.0, 0.0, 0.0, 0.0, 1.0, 1.0, 1.0, 1.0, 1.0, 1.0, 1.0, 0.0, 1.0, 1.0, 1.0, 0.0, 0.0, 1.0, 1.0, 1.0, 1.0, 1.0, 0.0, 1.0, 0.0, 0.0, 1.0, 0.0, 1.0, 1.0, 1.0, 0.0, 0.0, 1.0, 0.0, 1.0, 0.0, 1.0, 1.0, 1.0, 1.0, 1.0, 1.0, 0.0, 1.0, 0.0, 0.0, 0.0, 0.0, 0.0, 0.0, 0.0, 1.0, 1.0, 1.0, 0.0, 1.0, 0.0, 0.0, 0.0, 1.0, 0.0, 1.0, 0.0, 0.0, 1.0, 0.0, 1.0, 0.0, 0.0, 0.0, 0.0, 0.0, 0.0, 1.0, 0.0, 1.0, 0.0, 1.0, 1.0, 0.0, 0.0, 0.0, 1.0, 0.0, 0.0, 0.0, 1.0, 0.0, 0.0, 1.0, 0.0, 1.0, 0.0, 1.0, 0.0, 0.0, 1.0, 0.0, 0.0, 1.0, 1.0, 0.0, 1.0, 1.0, 1.0, 0.0, 1.0, 1.0, 0.0, 1.0, 0.0, 1.0, 1.0, 0.0, 1.0, 0.0, 1.0, 0.0, 1.0, 1.0, 1.0, 0.0, 0.0, 1.0, 1.0, 1.0, 1.0, 1.0, 0.0, 1.0, 1.0, 1.0, 0.0, 1.0, 1.0, 0.0, 1.0, 1.0, 1.0, 0.0, 1.0, 1.0, 0.0, 0.0, 1.0, 0.0, 1.0, 0.0, 0.0, 0.0, 0.0, 0.0, 1.0, 1.0, 0.0, 1.0, 0.0, 0.0, 0.0, 0.0, 0.0, 1.0, 0.0, 0.0, 0.0, 0.0, 0.0, 1.0, 0.0, 1.0, 0.0, 1.0, 1.0, 1.0, 0.0, 1.0, 1.0, 0.0, 0.0, 1.0, 1.0, 0.0, 0.0, 0.0, 1.0, 0.0, 0.0, 0.0, 1.0, 1.0, 0.0, 0.0, 0.0, 0.0, 1.0, 1.0, 1.0, 0.0, 1.0, 0.0, 1.0, 0.0, 0.0, 0.0, 1.0, 0.0, 0.0, 1.0, 1.0, 0.0, 1.0, 0.0, 0.0, 1.0, 0.0, 0.0, 0.0, 1.0, 0.0, 1.0, 0.0, 1.0, 0.0, 0.0, 0.0, 0.0, 0.0, 1.0, 1.0, 0.0, 0.0, 1.0, 1.0, 0.0, 1.0, 1.0, 1.0, 0.0, 0.0, 1.0, 1.0, 1.0, 1.0, 0.0, 1.0, 1.0, 0.0, 0.0, 0.0, 0.0, 1.0, 0.0, 1.0, 0.0, 0.0, 1.0, 1.0, 1.0, 0.0, 1.0, 0.0, 1.0, 0.0, 0.0, 1.0, 1.0, 0.0, 0.0, 0.0, 0.0, 1.0, 1.0, 0.0, 0.0, 0.0, 0.0, 0.0, 1.0, 0.0, 0.0, 1.0, 1.0, 0.0, 1.0, 0.0, 0.0, 1.0, 1.0, 0.0, 1.0, 1.0, 0.0, 1.0, 1.0, 0.0, 0.0, 1.0, 0.0, 1.0, 1.0, 1.0, 0.0, 0.0, 1.0, 1.0, 1.0, 1.0, 0.0, 1.0, 1.0, 0.0, 1.0, 0.0, 1.0, 0.0, 1.0, 1.0, 0.0, 1.0, 1.0, 0.0, 0.0, 1.0, 0.0, 0.0, 1.0, 0.0, 0.0, 1.0, 0.0, 1.0, 0.0, 1.0, 0.0, 1.0, 1.0, 0.0, 1.0, 1.0, 1.0, 0.0, 0.0, 1.0, 0.0, 1.0, 0.0, 1.0, 0.0, 1.0, 0.0, 1.0, 1.0, 0.0, 1.0, 1.0, 1.0, 0.0, 0.0, 0.0, 0.0, 1.0, 0.0, 0.0, 1.0, 1.0, 1.0, 0.0, 1.0, 0.0, 0.0, 1.0, 0.0, 0.0, 0.0, 1.0, 0.0, 1.0, 1.0, 1.0, 0.0, 1.0, 0.0, 0.0, 0.0, 1.0, 1.0, 0.0, 0.0, 0.0, 1.0, 1.0, 0.0, 0.0, 0.0, 1.0, 0.0, 1.0, 1.0, 0.0, 0.0, 0.0, 1.0, 0.0, 1.0, 0.0, 1.0, 0.0, 0.0, 0.0, 1.0, 0.0, 1.0, 1.0, 0.0, 0.0, 1.0, 0.0, 0.0, 0.0, 0.0, 0.0, 0.0, 1.0, 1.0, 0.0, 0.0, 0.0, 1.0, 0.0, 1.0, 1.0, 0.0, 1.0, 1.0, 1.0, 0.0, 0.0, 0.0, 0.0, 1.0, 1.0, 1.0, 1.0, 0.0, 1.0, 1.0, 1.0, 0.0, 0.0, 1.0, 0.0, 1.0, 0.0, 1.0, 1.0, 1.0, 1.0, 0.0, 1.0, 0.0, 0.0, 0.0, 1.0, 1.0, 1.0, 1.0, 0.0, 0.0, 0.0, 0.0, 1.0, 0.0, 0.0, 1.0, 0.0, 1.0, 0.0, 0.0, 1.0, 0.0, 1.0, 0.0, 1.0, 1.0, 0.0, 1.0, 0.0, 1.0, 0.0, 0.0, 0.0, 1.0, 1.0, 0.0, 0.0, 0.0, 0.0, 0.0, 0.0, 1.0, 1.0, 1.0, 0.0, 1.0, 0.0, 0.0, 0.0, 1.0, 1.0, 1.0, 0.0, 0.0, 1.0, 1.0, 0.0, 0.0, 0.0, 0.0, 0.0, 0.0, 1.0, 1.0, 0.0, 0.0, 0.0, 1.0, 1.0, 1.0, 1.0, 1.0, 1.0, 0.0, 1.0, 0.0, 0.0, 1.0, 1.0, 0.0, 1.0, 0.0, 0.0, 1.0, 0.0, 1.0, 1.0, 1.0, 1.0, 1.0, 1.0, 0.0, 0.0, 0.0, 0.0, 1.0, 0.0, 0.0, 1.0, 0.0, 1.0, 0.0, 0.0, 0.0, 1.0, 1.0, 1.0, 0.0, 1.0, 1.0, 0.0, 1.0, 1.0, 0.0, 1.0, 0.0, 1.0, 0.0, 0.0, 1.0, 0.0, 1.0, 0.0, 1.0, 1.0, 0.0, 0.0, 1.0, 0.0, 1.0, 0.0, 1.0, 0.0, 0.0, 1.0, 0.0, 0.0, 0.0, 0.0, 1.0, 1.0, 0.0, 1.0, 1.0, 0.0, 1.0, 1.0, 1.0, 1.0, 1.0, 1.0, 1.0, 1.0, 1.0, 0.0, 1.0, 1.0, 0.0, 1.0, 1.0, 0.0, 0.0, 1.0, 1.0, 1.0, 1.0, 1.0, 0.0, 0.0, 0.0, 0.0, 1.0, 1.0, 0.0, 1.0, 0.0, 1.0]","['lNONHSAG000241', 'lNONHSAG000381', 'lNONHSAG000840', 'lNONHSAG001142', 'lNONHSAG001724', 'lNONHSAG002549', 'lNONHSAG003820', 'lNONHSAG003976', 'lNONHSAG004373', 'lNONHSAG004743', 'lNONHSAG005732', 'lNONHSAG007455', 'lNONHSAG007631', 'lNONHSAG009021', 'lNONHSAG009228', 'lNONHSAG009546', 'lNONHSAG009782', 'lNONHSAG009913', 'lNONHSAG009938', 'lNONHSAG010021', 'lNONHSAG010117', 'lNONHSAG010189', 'lNONHSAG010352', 'lNONHSAG011084', 'lNONHSAG011264', 'lNONHSAG011870', 'lNONHSAG012077', 'lNONHSAG012375', 'lNONHSAG012423', 'lNONHSAG012549', 'lNONHSAG015692', 'lNONHSAG015723', 'lNONHSAG016199', 'lNONHSAG016611', 'lNONHSAG016618', 'lNONHSAG016623', 'lNONHSAG017344', 'lNONHSAG018341', 'lNONHSAG018420', 'lNONHSAG018635', 'lNONHSAG018659', 'lNONHSAG019023', 'lNONHSAG019813', 'lNONHSAG019878', 'lNONHSAG019967', 'lNONHSAG020066', 'lNONHSAG020372', 'lNONHSAG020729', 'lNONHSAG021072', 'lNONHSAG021400', 'lNONHSAG021431', 'lNONHSAG021432', 'lNONHSAG021780', 'lNONHSAG021981', 'lNONHSAG022009', 'lNONHSAG022103', 'lNONHSAG022125', 'lNONHSAG022510', 'lNONHSAG022851', 'lNONHSAG023633', 'lNONHSAG024818', 'lNONHSAG024923', 'lNONHSAG025157', 'lNONHSAG025185', 'lNONHSAG025712', 'lNONHSAG025867', 'lNONHSAG026743', 'lNONHSAG029336', 'lNONHSAG029467', 'lNONHSAG029880', 'lNONHSAG029957', 'lNONHSAG031481', 'lNONHSAG031900', 'lNONHSAG031913', 'lNONHSAG032735', 'lNONHSAG033027', 'lNONHSAG033105', 'lNONHSAG033254', 'lNONHSAG033645', 'lNONHSAG033716', 'lNONHSAG033862', 'lNONHSAG033896', 'lNONHSAG034508', 'lNONHSAG034678', 'lNONHSAG035103', 'lNONHSAG035287', 'lNONHSAG035919', 'lNONHSAG039749', 'lNONHSAG040542', 'lNONHSAG040560', 'lNONHSAG040601', 'lNONHSAG042033', 'lNONHSAG042062', 'lNONHSAG042957', 'lNONHSAG044022', 'lNONHSAG044624', 'lNONHSAG045131', 'lNONHSAG047182', 'lNONHSAG047619', 'lNONHSAG047796', 'lNONHSAG047840', 'lNONHSAG048189', 'lNONHSAG048191', 'lNONHSAG048201', 'lNONHSAG048231', 'lNONHSAG048354', 'lNONHSAG048610', 'lNONHSAG048624', 'lNONHSAG048781', 'lNONHSAG049050', 'lNONHSAG049129', 'lNONHSAG049421', 'lNONHSAG050167', 'lNONHSAG050168', 'lNONHSAG051166', 'lNONHSAG051448', 'lNONHSAG052609', 'lNONHSAG052925', 'lNONHSAG052929', 'lNONHSAG053082', 'lNONHSAG053716', 'lNONHSAG053719', 'lNONHSAG053842', 'lNONHSAG054212', 'lNONHSAG054807', 'lNONHSAG055577', 'lNONHSAG056875', 'lNONHSAG058128', 'lNONHSAG072945', 'lNONHSAG073406', 'lNONHSAG081227', 'lNONHSAG096130', 'lNONHSAG112396', 'lENSG00000171889', 'lENSG00000231019', 'lENSG00000233387', 'lENSG00000234455', 'lENSG00000237167', 'lENSG00000237880', 'lENSG00000242207', 'lENSG00000257557', 'lENSG00000258197', 'lENSG00000267296', 'lENSG00000286004', 'lCRNDE', 'lFEZF1-AS1', 'lHOXA-AS3', 'lMEG3', 'lCTD-2195B23.3', 'lRP11-104E19.1', 'lRP11-227H15.4', 'lRP5-1074L1.1', 'lRP11-408H20.2', 'lNONHSAG000969', 'lNONHSAG000994', 'lNONHSAG002790', 'lNONHSAG004507', 'lNONHSAG005249', 'lNONHSAG005809', 'lNONHSAG005856', 'lNONHSAG005986', 'lNONHSAG006091', 'lNONHSAG006188', 'lNONHSAG006591', 'lNONHSAG006830', 'lNONHSAG006837', 'lNONHSAG006855', 'lNONHSAG007000', 'lNONHSAG007139', 'lNONHSAG007222', 'lNONHSAG007242', 'lNONHSAG007638', 'lENSG00000223381', 'lENSG00000223598', 'lENSG00000223643', 'lENSG00000223870', 'lENSG00000223966', 'lENSG00000224087', 'lENSG00000224645', 'lENSG00000224857', 'lENSG00000225647', 'lENSG00000225751', 'lENSG00000225919', 'lENSG00000226089', 'lENSG00000226238', 'lENSG00000226601', 'lENSG00000226647', 'lENSG00000227930', 'lENSG00000229162', 'lENSG00000229224', 'lENSG00000229444', 'lENSG00000229688', 'lENSG00000230212', 'lENSG00000232197', 'lENSG00000232806', 'lENSG00000233574', 'lENSG00000234021', 'lENSG00000234690', 'lENSG00000234714', 'lENSG00000235035', 'lENSG00000235168', 'lENSG00000235262', 'lENSG00000235503', 'lENSG00000235533', 'lENSG00000236109', 'lENSG00000237293', 'lENSG00000237435', 'lENSG00000237463', 'lENSG00000237494', 'lENSG00000237768', 'lENSG00000237937', 'lENSG00000239314', 'lENSG00000240354', 'lENSG00000240868', 'lENSG00000242568', 'lENSG00000248358', 'lENSG00000248802', 'lENSG00000249066', 'lENSG00000249605', 'lENSG00000250698', 'lENSG00000250761', 'lENSG00000251088', 'lENSG00000251438', 'lENSG00000253526', 'lENSG00000253577', 'lENSG00000253616', 'lENSG00000253976', 'lENSG00000254031', 'lENSG00000254043', 'lENSG00000254263', 'lENSG00000254330', 'lENSG00000254921', 'lENSG00000255027', 'lENSG00000255241', 'lENSG00000255252', 'lENSG00000255300', 'lENSG00000255343', 'lENSG00000255388', 'lENSG00000255487', 'lENSG00000255893', 'lENSG00000256364', 'lENSG00000256897', 'lENSG00000257634', 'lENSG00000257682', 'lENSG00000257904', 'lENSG00000258108', 'lENSG00000258520', 'lENSG00000258610', 'lENSG00000258657', 'lENSG00000258850', 'lENSG00000258869', 'lENSG00000258892', 'lENSG00000258944', 'lENSG00000259187', 'lENSG00000259256', 'lENSG00000259265', 'lENSG00000259290', 'lENSG00000259595', 'lENSG00000259649', 'lENSG00000260058', 'lENSG00000260190', 'lENSG00000260237', 'lENSG00000261070', 'lENSG00000261332', 'lENSG00000262434', 'lENSG00000262777', 'lENSG00000263765', 'lENSG00000264023', 'lENSG00000264066', 'lENSG00000264151', 'lENSG00000266311', 'lENSG00000266877', 'lENSG00000267028', 'lENSG00000267437', 'lENSG00000267617', 'lENSG00000268069', 'lENSG00000268292', 'lENSG00000268798', 'lENSG00000269350', 'lENSG00000269578', 'lENSG00000273110', 'lENSG00000273198', 'lENSG00000273226', 'lENSG00000274737', 'lENSG00000275356', 'lENSG00000275638', 'lENSG00000275963', 'lENSG00000276054', 'lENSG00000276266', 'lENSG00000277173', 'lENSG00000280870', 'lENSG00000284846', 'lENSG00000285117', 'lENSG00000286093', 'lENSG00000286357', 'lENSG00000286735', 'lENSG00000286759', 'lENSG00000286776', 'lENSG00000286822', 'lENSG00000286838', 'lENSG00000287020', 'lENSG00000287128', 'lENSG00000287159', 'lENSG00000287191', 'lENSG00000287321', 'lENSG00000287451', 'lENSG00000287456', 'lENSG00000287511', 'lENSG00000287691', 'lENSG00000225393', 'lENSG00000228538', 'lENSG00000229458', 'lENSG00000230600', 'lENSG00000234810', 'lENSG00000250481', 'lENSG00000250948', 'lENSG00000258949', 'lENSG00000259222', 'lENSG00000259255', 'lENSG00000260983', 'lENSG00000261775', 'lMIR145', 'lCDKN2B-AS']","[1.0, 1.0, 0.0, 1.0, 0.0, 0.0, 0.0, 0.0, 1.0, 0.0, 1.0, 0.0, 1.0, 0.0, 1.0, 0.0, 0.0, 0.0, 1.0, 1.0, 1.0, 0.0, 0.0, 0.0, 0.0, 1.0, 1.0, 1.0, 1.0, 1.0, 1.0, 0.0, 1.0, 0.0, 1.0, 1.0, 1.0, 1.0, 1.0, 1.0, 1.0, 0.0, 1.0, 0.0, 0.0, 1.0, 0.0, 0.0, 0.0, 0.0, 1.0, 0.0, 1.0, 1.0, 0.0, 0.0, 1.0, 1.0, 0.0, 0.0, 0.0, 0.0, 0.0, 1.0, 1.0, 1.0, 0.0, 1.0, 0.0, 0.0, 1.0, 1.0, 1.0, 1.0, 0.0, 1.0, 1.0, 0.0, 1.0, 0.0, 0.0, 0.0, 0.0, 1.0, 1.0, 0.0, 1.0, 0.0, 1.0, 1.0, 1.0, 0.0, 1.0, 1.0, 0.0, 1.0, 0.0, 1.0, 1.0, 0.0, 0.0, 0.0, 0.0, 0.0, 1.0, 0.0, 0.0, 0.0, 0.0, 0.0, 0.0, 1.0, 0.0, 1.0, 1.0, 0.0, 0.0, 1.0, 0.0, 1.0, 0.0, 1.0, 0.0, 1.0, 0.0, 0.0, 0.0, 1.0, 0.0, 1.0, 1.0, 0.0, 0.0, 1.0, 0.0, 0.0, 1.0, 1.0, 1.0, 0.0, 1.0, 1.0, 0.0, 1.0, 1.0, 1.0, 0.0, 1.0, 0.0, 1.0, 1.0, 1.0, 1.0, 0.0, 0.0, 1.0, 0.0, 1.0, 0.0, 0.0, 1.0, 1.0, 0.0, 0.0, 0.0, 1.0, 1.0, 1.0, 1.0, 0.0, 1.0, 1.0, 0.0, 0.0, 0.0, 0.0, 1.0, 1.0, 0.0, 1.0, 1.0, 0.0, 1.0, 1.0, 1.0, 1.0, 0.0, 0.0, 1.0, 0.0, 0.0, 1.0, 1.0, 1.0, 0.0, 0.0, 0.0, 1.0, 0.0, 0.0, 0.0, 1.0, 0.0, 1.0, 0.0, 0.0, 0.0, 1.0, 1.0, 1.0, 1.0, 0.0, 1.0, 0.0, 1.0, 0.0, 0.0, 0.0, 1.0, 0.0, 1.0, 1.0, 1.0, 1.0, 1.0, 0.0, 0.0, 1.0, 0.0, 1.0, 1.0, 1.0, 0.0, 1.0, 0.0, 0.0, 0.0, 0.0, 0.0, 0.0, 1.0, 0.0, 1.0, 0.0, 0.0, 1.0, 0.0, 1.0, 1.0, 1.0, 1.0, 0.0, 1.0, 0.0, 1.0, 0.0, 0.0, 0.0, 0.0, 1.0, 1.0, 0.0, 1.0, 0.0, 0.0, 1.0, 0.0, 0.0, 1.0, 0.0, 1.0, 1.0, 0.0, 1.0, 1.0, 0.0, 0.0, 0.0, 0.0, 1.0, 1.0, 1.0, 1.0, 0.0, 1.0, 0.0, 0.0, 1.0, 0.0, 0.0, 1.0, 0.0, 1.0, 1.0, 1.0, 0.0, 1.0, 0.0, 1.0, 1.0, 0.0, 1.0, 0.0, 1.0, 1.0, 0.0, 0.0, 0.0, 0.0, 1.0, 0.0, 1.0, 0.0, 0.0, 0.0, 1.0, 0.0, 1.0, 0.0, 0.0, 0.0, 0.0, 1.0]","[1, 0, 0, 1, 1, 0, 1, 1, 0, 0, 1, 0, 1, 0, 0, 0, 1, 0, 1, 1, 0, 0, 1, 0, 0, 1, 0, 0, 1, 1, 0, 1, 0, 0, 1, 0, 1, 0, 1, 1, 0, 0, 1, 1, 1, 0, 1, 0, 1, 0, 1, 1, 0, 0, 0, 1, 1, 0, 0, 0, 1, 0, 1, 1, 1, 0, 1, 0, 0, 1, 0, 1, 0, 1, 0, 1, 0, 0, 0, 0, 0, 0, 1, 0, 0, 1, 0, 1, 1, 0, 0, 0, 0, 0, 1, 1, 1, 0, 0, 0, 1, 0, 1, 1, 0, 0, 0, 0, 0, 1, 1, 1, 0, 0, 0, 0, 1, 1, 0, 1, 0, 0, 1, 0, 0, 0, 1, 1, 1, 1, 1, 1, 1, 1, 1, 1, 0, 0, 0, 0, 1, 0, 0, 0, 0, 1, 1, 0, 1, 0, 0, 1, 0, 0, 0, 1, 0, 0, 0, 0, 1, 0, 0, 0, 0, 1, 0, 0, 1, 0, 0, 1, 1, 1, 1, 1, 0, 0, 0, 1, 1, 1, 0, 1, 0, 1, 0, 1, 0, 0, 1, 0, 0, 0, 1, 0, 0, 0, 0, 1, 0, 0, 0, 1, 1, 1, 1, 1, 0, 0, 1, 1, 1, 1, 0, 1, 1, 1, 0, 1, 0, 1, 1, 0, 1, 0, 1, 1, 0, 0, 0, 0, 0, 1, 0, 1, 0, 1, 1, 0, 0, 1, 0, 0, 1, 1, 1, 1, 1, 0, 0, 0, 0, 1, 1, 0, 0, 1, 1, 1, 1, 0, 1, 0, 0, 1, 0, 1, 0, 1, 0, 1, 1, 0, 1, 0, 1, 0, 0, 0, 0, 0, 0, 0, 0, 0, 1, 0, 0, 0, 1, 0, 1, 0, 0, 1, 1, 1, 0, 1, 1, 0, 1, 1, 1, 1, 0, 1, 1, 0, 0, 0, 1, 1, 1, 0, 0, 0, 0, 0, 0, 1, 0]","[0.09522055022652254, -0.08912546337706406, -0.04226844120300066, 0.321574234475402, 0.33520223370271907, -0.036755529576428636, 0.0060661072479067935, 0.16539081354162966, -0.06356248932091269, -0.3044800572578572, 0.10212454444686636, -0.08426047278523086, 0.3026998841570021, -0.13225664207337318, -0.11357385117912389, -0.17349675132909426, 0.15896954825857457, -0.21895233558174898, 0.05003089432479879, 0.17017575930405926, -0.0997914369938444, -0.048523405843250766, 0.26528033923795247, -0.05349636292759019, -0.727267068267161, 0.04002962744857552, -0.09913979648018023, -0.06031931643171129, 0.1126378137782783, 0.08556876637054245, -0.11662974779462554, 0.17809602994794782, -0.2882643732102942, -0.0951094325724201, 0.10073512455742117, -0.1083579396187967, 0.052534903421458945, -0.07872232461824602, 0.020580096966220984, 0.20314231752643952, -0.1908454801081504, -0.27337826773262774, 0.0003801543098330695, 0.0891113465169523, 0.16309966865406766, -0.07793085030636382, 0.2019783648636072, -0.07227951378459052, 0.055072257880450115, -0.21685464898817375, 0.3839492490761649, 0.18148064890120363, -0.09233461519503172, -0.08303900311494178, -0.32736156767929747, 0.27445653402318915, 0.20378293904595968, -0.07218760043383943, -0.15400182769917026, -0.026478476780520732, 0.1383673448976045, -0.15414260350071007, 0.0750426932215903, 0.07501974891043839, 0.15279507567350537, -0.1509494192768971, 0.18049823943013632, -0.201897698399519, -0.08948284989466582, 0.11541387079533416, -0.10151705609844996, 0.14640189493066924, -0.18380164515172848, 0.28474335257414085, -0.2171321273582173, 0.0960207740196154, -0.2032647356310021, -0.1150883109506683, -0.11596119451141862, -0.12194513290123721, -0.13531607847119576, -0.08826647028143875, 0.13500614403620548, -0.15931676360071323, -0.5146842825014232, 0.17355778090028418, -0.24374951396871025, 0.05335101948467991, 0.00372708428490387, -0.027364149315120656, -0.07342385946769447, -0.06603303988514575, -0.12545470633298927, -0.24126491309661502, 0.2526138475260328, 0.014026598419253022, 0.06317254591372945, -0.49955994176243057, -0.2319384446290681, -0.06611381994118337, 0.371435723843042, -0.031109875567983836, 0.08077363511076008, 0.08543819809508413, -0.05029456811739352, -0.02351567826127099, -0.383540962681159, -0.12375987970054636, -0.07244776536249609, 0.16148869205664218, 0.025340638416222583, 0.1086065424463899, -0.23144319429586213, -0.21187622755320057, -0.08174927919499586, -0.15112590771202938, 0.17056456354024252, 0.41685444562494667, -0.09974031586993026, 0.02810176886710536, -0.07841748410368343, -0.17339867700462708, 0.2544562876439326, -0.011300027709207794, -0.1463545063616104, -0.003857560923854586, 0.21507186478028306, 0.5208039750367367, 0.04163894990103045, 0.005804888707764189, 0.0341394263175363, 0.0925263188492007, 0.3057814780919972, 0.07152502239318775, 0.1396636494608402, 0.16012348717603508, -0.09735063840888791, -0.1174608552948404, -0.11518668761443629, -0.3097474866524379, 0.056748450420196606, -0.22675941006670175, -0.00898553005325986, -0.4441187301267119, -0.10820843331017549, 0.20275830978596143, 0.4096585163419165, -0.209584552683303, 0.10817214249138929, -0.031631141146863606, -0.003625905630989301, 0.1993189381093411, -0.08537510261685488, -0.11485527954849617, -0.24847320501246695, 0.09735097208966181, -0.2832863717402415, -0.2684903580333893, -0.28556323768404346, -0.01889494665217828, 0.009198063655627586, -0.5836405721632597, -0.06578918464026107, -0.2816180528197879, -0.07209556167542897, 0.4275280617128582, -0.2609033128029461, -0.042655384156757736, 0.09473772948238862, -0.25347962992978823, -0.22041845587047548, 0.041485434281335, 0.08440344855646054, 0.027812690119421946, 0.13510348209478595, 0.05702813442481525, -0.0363913199838094, -0.07222165125559388, -0.13918579431556966, 0.1280536638840596, 0.018326876665653136, 0.020414044327007885, -0.2944906408034126, 0.19172311756546156, -0.049272542190896274, 0.04548614619530211, -0.2403138656312942, 0.001943737987404437, -0.05672783802391812, -0.34223212899242894, 0.060593323096991836, -0.045701397539339994, -0.09242132373672718, -0.19721212213460027, 0.07872293437771194, -0.029709367561905786, -0.04302051294750131, -0.05436508846224719, -0.07306031448136896, 0.06411223734235716, -0.18514499660520112, -0.15953118072049266, -0.056173598229343535, 0.053619657681262756, 0.26156846657066557, 0.1598896078207196, 0.1230040976676613, 0.2715961146131888, -0.14082839015091342, -0.012197861538033483, 0.07006738337116081, 0.05053443343244779, 0.09991650377288774, 0.0617250273551006, -0.08986292324005019, 0.006790927536492242, 0.043174419553418164, 0.008616420582820195, -0.018694815529918474, 0.1843929442487774, -0.02419616514223588, 0.10715403245451638, 0.04684107471603294, -0.08864329237170565, 0.1165005068272097, -0.16645626540661917, 0.12911082013443986, 0.0010305632136786702, -0.17013849469212705, -0.5339860332415378, -0.11216830138495493, -0.31590705024027554, -0.17018613435961827, 0.044413001918353845, -0.05364031251954937, 0.17990013274665795, -0.03385666729252057, 0.2333140427885393, 0.0845734339757317, -0.25885230120653924, -0.3141726959625909, 0.05543823177763518, -0.21711664204774317, -0.08357454674917542, 0.0703466745250999, 0.1329865057934444, 0.15935560461773657, 0.09791699072775828, 0.20813172112598977, -0.2377893190435999, -0.0815811861204706, -0.2498110421263432, -0.06375990595802117, 0.013036238256962096, 0.10998831176195989, -0.09369542341614678, -0.163401447970125, 0.11737641526230103, 0.1475786087143537, 0.16339023573877431, 0.2933987002841426, -0.12142321671629597, 0.12928680262331882, -0.13593245660790443, -0.28338221507452765, 0.029099722934484484, -0.011444299438009398, 0.02159094417212093, -0.06261172965064932, 0.19260669221639304, -0.006618140182366283, 0.13057844786473527, 0.21172735575733492, -0.22087342062362858, 0.0360459358018147, -0.11156949100834834, 0.07010168111629722, -0.1808446749675774, -0.14420307470665306, -0.23307804059442983, -0.050970077875727604, -0.2637029376024699, -0.7467954825133164, -0.041175484499005655, -0.08961279948099354, -0.03575275042819437, 0.03283503386590214, -0.09018428604206974, -0.09482989298217726, -0.06541197590712045, 0.16048256149951412, -0.07404857483168381, 0.25581596150200225, -0.2804567204227334, -0.19670263478399497, 0.0009181899909533886, 0.07807056928257772, 0.20590598580221242, -0.02970242468102635, 0.004061464626338052, 0.26334359154976406, -0.05863579508740091, 0.13998305245732456, 0.03368815535161007, 0.28674675098831226, 0.32729953469069295, -0.021133063811246522, 0.05421102179829518, 0.06665557424127899, -0.1150394638663852, -0.01756809833677686, -0.05960492892480207, 0.0082806020847076, 0.5047591434362235, 0.050714161333237695, -0.24628555132394603, -0.11898541562257281, -0.0008675238258505358, -0.06429246630386498, -0.027135168631036488, -0.08599873347970444, 0.14121185147454407, -0.22296852173789306]"
4,"['lNONHSAG000008', 'lNONHSAG000047', 'lNONHSAG000059', 'lNONHSAG000069', 'lNONHSAG000130', 'lNONHSAG000158', 'lNONHSAG000195', 'lNONHSAG000241', 'lNONHSAG000253', 'lNONHSAG000310', 'lNONHSAG000311', 'lNONHSAG000374', 'lNONHSAG000381', 'lNONHSAG000464', 'lNONHSAG000484', 'lNONHSAG000498', 'lNONHSAG000579', 'lNONHSAG000584', 'lNONHSAG000625', 'lNONHSAG000742', 'lNONHSAG000769', 'lNONHSAG000840', 'lNONHSAG000843', 'lNONHSAG000863', 'lNONHSAG000884', 'lNONHSAG000918', 'lNONHSAG000938', 'lNONHSAG000967', 'lNONHSAG001142', 'lNONHSAG001172', 'lNONHSAG001238', 'lNONHSAG001247', 'lNONHSAG001259', 'lNONHSAG001278', 'lNONHSAG001284', 'lNONHSAG001360', 'lNONHSAG001375', 'lNONHSAG001448', 'lNONHSAG001468', 'lNONHSAG001499', 'lNONHSAG001513', 'lNONHSAG001696', 'lNONHSAG001724', 'lNONHSAG001773', 'lNONHSAG001837', 'lNONHSAG001941', 'lNONHSAG001993', 'lNONHSAG002056', 'lNONHSAG002086', 'lNONHSAG002134', 'lNONHSAG002135', 'lNONHSAG002343', 'lNONHSAG002359', 'lNONHSAG002376', 'lNONHSAG002378', 'lNONHSAG002490', 'lNONHSAG002549', 'lNONHSAG002617', 'lNONHSAG002669', 'lNONHSAG002701', 'lNONHSAG002719', 'lNONHSAG002731', 'lNONHSAG002752', 'lNONHSAG002859', 'lNONHSAG002883', 'lNONHSAG002978', 'lNONHSAG003053', 'lNONHSAG003056', 'lNONHSAG003068', 'lNONHSAG003074', 'lNONHSAG003077', 'lNONHSAG003119', 'lNONHSAG003134', 'lNONHSAG003156', 'lNONHSAG003198', 'lNONHSAG003244', 'lNONHSAG003260', 'lNONHSAG003269', 'lNONHSAG003303', 'lNONHSAG003374', 'lNONHSAG003504', 'lNONHSAG003645', 'lNONHSAG003820', 'lNONHSAG003874', 'lNONHSAG003884', 'lNONHSAG003886', 'lNONHSAG003900', 'lNONHSAG003911', 'lNONHSAG003912', 'lNONHSAG003938', 'lNONHSAG003957', 'lNONHSAG003976', 'lNONHSAG004013', 'lNONHSAG004026', 'lNONHSAG004054', 'lNONHSAG004247', 'lNONHSAG004303', 'lNONHSAG004305', 'lNONHSAG004373', 'lNONHSAG004619', 'lNONHSAG004673', 'lNONHSAG004674', 'lNONHSAG004714', 'lNONHSAG004743', 'lNONHSAG004779', 'lNONHSAG004868', 'lNONHSAG005084', 'lNONHSAG005339', 'lNONHSAG005377', 'lNONHSAG005403', 'lNONHSAG005482', 'lNONHSAG005669', 'lNONHSAG005699', 'lNONHSAG005711', 'lNONHSAG005721', 'lNONHSAG005728', 'lNONHSAG005732', 'lNONHSAG005742', 'lNONHSAG005780', 'lNONHSAG005838', 'lNONHSAG005866', 'lNONHSAG006007', 'lNONHSAG006049', 'lNONHSAG006050', 'lNONHSAG006054', 'lNONHSAG006071', 'lNONHSAG006163', 'lNONHSAG006204', 'lNONHSAG006212', 'lNONHSAG006238', 'lNONHSAG006301', 'lNONHSAG006341', 'lNONHSAG006454', 'lNONHSAG006457', 'lNONHSAG006474', 'lNONHSAG006477', 'lNONHSAG006526', 'lNONHSAG006633', 'lNONHSAG006678', 'lNONHSAG006692', 'lNONHSAG006735', 'lNONHSAG006763', 'lNONHSAG006772', 'lNONHSAG006865', 'lNONHSAG006945', 'lNONHSAG006966', 'lNONHSAG007109', 'lNONHSAG007324', 'lNONHSAG007384', 'lNONHSAG007430', 'lNONHSAG007431', 'lNONHSAG007434', 'lNONHSAG007455', 'lNONHSAG007463', 'lNONHSAG007487', 'lNONHSAG007538', 'lNONHSAG007602', 'lNONHSAG007631', 'lNONHSAG007692', 'lNONHSAG007708', 'lNONHSAG007715', 'lNONHSAG007868', 'lNONHSAG007961', 'lNONHSAG007983', 'lNONHSAG007984', 'lNONHSAG008015', 'lNONHSAG008037', 'lNONHSAG008056', 'lNONHSAG008199', 'lNONHSAG008220', 'lNONHSAG008354', 'lNONHSAG008517', 'lNONHSAG008540', 'lNONHSAG008552', 'lNONHSAG008589', 'lNONHSAG008615', 'lNONHSAG008654', 'lNONHSAG008670', 'lNONHSAG008675', 'lNONHSAG008693', 'lNONHSAG008726', 'lNONHSAG008728', 'lNONHSAG008759', 'lNONHSAG008937', 'lNONHSAG008952', 'lNONHSAG008966', 'lNONHSAG009021', 'lNONHSAG009039', 'lNONHSAG009059', 'lNONHSAG009062', 'lNONHSAG009124', 'lNONHSAG009130', 'lNONHSAG009133', 'lNONHSAG009134', 'lNONHSAG009174', 'lNONHSAG009180', 'lNONHSAG009193', 'lNONHSAG009228', 'lNONHSAG009544', 'lNONHSAG009546', 'lNONHSAG009613', 'lNONHSAG009636', 'lNONHSAG009728', 'lNONHSAG009747', 'lNONHSAG009755', 'lNONHSAG009757', 'lNONHSAG009782', 'lNONHSAG009913', 'lNONHSAG009938', 'lNONHSAG009945', 'lNONHSAG009950', 'lNONHSAG009968', 'lNONHSAG009989', 'lNONHSAG010021', 'lNONHSAG010117', 'lNONHSAG010179', 'lNONHSAG010184', 'lNONHSAG010186', 'lNONHSAG010189', 'lNONHSAG010190', 'lNONHSAG010193', 'lNONHSAG010194', 'lNONHSAG010200', 'lNONHSAG010348', 'lNONHSAG010352', 'lNONHSAG010416', 'lNONHSAG010543', 'lNONHSAG010657', 'lNONHSAG010658', 'lNONHSAG010792', 'lNONHSAG010798', 'lNONHSAG010940', 'lNONHSAG010986', 'lNONHSAG010989', 'lNONHSAG011028', 'lNONHSAG011057', 'lNONHSAG011070', 'lNONHSAG011084', 'lNONHSAG011086', 'lNONHSAG011090', 'lNONHSAG011121', 'lNONHSAG011125', 'lNONHSAG011211', 'lNONHSAG011230', 'lNONHSAG011264', 'lNONHSAG011337', 'lNONHSAG011375', 'lNONHSAG011439', 'lNONHSAG011446', 'lNONHSAG011518', 'lNONHSAG011524', 'lNONHSAG011576', 'lNONHSAG011633', 'lNONHSAG011658', 'lNONHSAG011790', 'lNONHSAG011854', 'lNONHSAG011870', 'lNONHSAG011935', 'lNONHSAG012025', 'lNONHSAG012077', 'lNONHSAG012099', 'lNONHSAG012297', 'lNONHSAG012303', 'lNONHSAG012339', 'lNONHSAG012367', 'lNONHSAG012375', 'lNONHSAG012423', 'lNONHSAG012476', 'lNONHSAG012505', 'lNONHSAG012534', 'lNONHSAG012540', 'lNONHSAG012549', 'lNONHSAG012555', 'lNONHSAG012614', 'lNONHSAG012617', 'lNONHSAG012751', 'lNONHSAG012791', 'lNONHSAG013005', 'lNONHSAG013060', 'lNONHSAG013098', 'lNONHSAG013109', 'lNONHSAG013388', 'lNONHSAG013431', 'lNONHSAG013475', 'lNONHSAG013534', 'lNONHSAG013568', 'lNONHSAG013708', 'lNONHSAG013790', 'lNONHSAG013809', 'lNONHSAG013912', 'lNONHSAG013917', 'lNONHSAG013940', 'lNONHSAG013942', 'lNONHSAG013944', 'lNONHSAG013954', 'lNONHSAG013992', 'lNONHSAG014098', 'lNONHSAG014112', 'lNONHSAG014130', 'lNONHSAG014267', 'lNONHSAG014289', 'lNONHSAG014332', 'lNONHSAG014362', 'lNONHSAG014372', 'lNONHSAG014373', 'lNONHSAG014381', 'lNONHSAG014496', 'lNONHSAG014502', 'lNONHSAG014546', 'lNONHSAG014562', 'lNONHSAG014591', 'lNONHSAG014672', 'lNONHSAG014679', 'lNONHSAG014730', 'lNONHSAG014890', 'lNONHSAG014891', 'lNONHSAG014914', 'lNONHSAG015044', 'lNONHSAG015215', 'lNONHSAG015352', 'lNONHSAG015454', 'lNONHSAG015461', 'lNONHSAG015591', 'lNONHSAG015692', 'lNONHSAG015723', 'lNONHSAG015787', 'lNONHSAG015961', 'lNONHSAG016021', 'lNONHSAG016068', 'lNONHSAG016118', 'lNONHSAG016199', 'lNONHSAG016307', 'lNONHSAG016403', 'lNONHSAG016486', 'lNONHSAG016487', 'lNONHSAG016576', 'lNONHSAG016611', 'lNONHSAG016618', 'lNONHSAG016623', 'lNONHSAG016733', 'lNONHSAG016741', 'lNONHSAG016749', 'lNONHSAG016771', 'lNONHSAG016822', 'lNONHSAG016893', 'lNONHSAG017020', 'lNONHSAG017060', 'lNONHSAG017232', 'lNONHSAG017238', 'lNONHSAG017254', 'lNONHSAG017282', 'lNONHSAG017288', 'lNONHSAG017344', 'lNONHSAG017347', 'lNONHSAG017376', 'lNONHSAG017377', 'lNONHSAG017379', 'lNONHSAG017417', 'lNONHSAG017486', 'lNONHSAG017504', 'lNONHSAG017567', 'lNONHSAG017666', 'lNONHSAG017767', 'lNONHSAG017783', 'lNONHSAG017882', 'lNONHSAG017890', 'lNONHSAG017899', 'lNONHSAG018053', 'lNONHSAG018054', 'lNONHSAG018058', 'lNONHSAG018110', 'lNONHSAG018180', 'lNONHSAG018203', 'lNONHSAG018236', 'lNONHSAG018313', 'lNONHSAG018322', 'lNONHSAG018341', 'lNONHSAG018344', 'lNONHSAG018372', 'lNONHSAG018374', 'lNONHSAG018414', 'lNONHSAG018415', 'lNONHSAG018416', 'lNONHSAG018417', 'lNONHSAG018420', 'lNONHSAG018461', 'lNONHSAG018530', 'lNONHSAG018586', 'lNONHSAG018621', 'lNONHSAG018635', 'lNONHSAG018656', 'lNONHSAG018659', 'lNONHSAG018707', 'lNONHSAG018711', 'lNONHSAG018889', 'lNONHSAG018893', 'lNONHSAG018903', 'lNONHSAG018980', 'lNONHSAG019003', 'lNONHSAG019012', 'lNONHSAG019014', 'lNONHSAG019021', 'lNONHSAG019023', 'lNONHSAG019031', 'lNONHSAG019049', 'lNONHSAG019051', 'lNONHSAG019079', 'lNONHSAG019115', 'lNONHSAG019134', 'lNONHSAG019158', 'lNONHSAG019221', 'lNONHSAG019332', 'lNONHSAG019370', 'lNONHSAG019439', 'lNONHSAG019493', 'lNONHSAG019569', 'lNONHSAG019613', 'lNONHSAG019667', 'lNONHSAG019670', 'lNONHSAG019711', 'lNONHSAG019767', 'lNONHSAG019813', 'lNONHSAG019814', 'lNONHSAG019848', 'lNONHSAG019852', 'lNONHSAG019878', 'lNONHSAG019967', 'lNONHSAG020053', 'lNONHSAG020066', 'lNONHSAG020068', 'lNONHSAG020075', 'lNONHSAG020091', 'lNONHSAG020107', 'lNONHSAG020153', 'lNONHSAG020155', 'lNONHSAG020218', 'lNONHSAG020223', 'lNONHSAG020252', 'lNONHSAG020259', 'lNONHSAG020260', 'lNONHSAG020273', 'lNONHSAG020274', 'lNONHSAG020277', 'lNONHSAG020278', 'lNONHSAG020298', 'lNONHSAG020307', 'lNONHSAG020312', 'lNONHSAG020321', 'lNONHSAG020325', 'lNONHSAG020339', 'lNONHSAG020361', 'lNONHSAG020372', 'lNONHSAG020374', 'lNONHSAG020382', 'lNONHSAG020476', 'lNONHSAG020600', 'lNONHSAG020729', 'lNONHSAG020731', 'lNONHSAG020755', 'lNONHSAG020759', 'lNONHSAG020760', 'lNONHSAG020762', 'lNONHSAG020771', 'lNONHSAG020869', 'lNONHSAG020957', 'lNONHSAG020990', 'lNONHSAG021072', 'lNONHSAG021307', 'lNONHSAG021309', 'lNONHSAG021315', 'lNONHSAG021335', 'lNONHSAG021342', 'lNONHSAG021347', 'lNONHSAG021370', 'lNONHSAG021390', 'lNONHSAG021400', 'lNONHSAG021408', 'lNONHSAG021410', 'lNONHSAG021431', 'lNONHSAG021432', 'lNONHSAG021433', 'lNONHSAG021471', 'lNONHSAG021557', 'lNONHSAG021566', 'lNONHSAG021567', 'lNONHSAG021584', 'lNONHSAG021638', 'lNONHSAG021698', 'lNONHSAG021760', 'lNONHSAG021780', 'lNONHSAG021820', 'lNONHSAG021846', 'lNONHSAG021874', 'lNONHSAG021878', 'lNONHSAG021882', 'lNONHSAG021893', 'lNONHSAG021909', 'lNONHSAG021976', 'lNONHSAG021981', 'lNONHSAG022009', 'lNONHSAG022030', 'lNONHSAG022058', 'lNONHSAG022078', 'lNONHSAG022088', 'lNONHSAG022094', 'lNONHSAG022103', 'lNONHSAG022110', 'lNONHSAG022125', 'lNONHSAG022127', 'lNONHSAG022311', 'lNONHSAG022327', 'lNONHSAG022328', 'lNONHSAG022335', 'lNONHSAG022339', 'lNONHSAG022378', 'lNONHSAG022510', 'lNONHSAG022551', 'lNONHSAG022579', 'lNONHSAG022595', 'lNONHSAG022597', 'lNONHSAG022655', 'lNONHSAG022690', 'lNONHSAG022743', 'lNONHSAG022750', 'lNONHSAG022806', 'lNONHSAG022836', 'lNONHSAG022845', 'lNONHSAG022851', 'lNONHSAG022888', 'lNONHSAG022893', 'lNONHSAG022965', 'lNONHSAG022972', 'lNONHSAG022980', 'lNONHSAG022982', 'lNONHSAG023003', 'lNONHSAG023049', 'lNONHSAG023051', 'lNONHSAG023073', 'lNONHSAG023175', 'lNONHSAG023237', 'lNONHSAG023375', 'lNONHSAG023387', 'lNONHSAG023392', 'lNONHSAG023512', 'lNONHSAG023553', 'lNONHSAG023579', 'lNONHSAG023598', 'lNONHSAG023607', 'lNONHSAG023614', 'lNONHSAG023630', 'lNONHSAG023633', 'lNONHSAG023635', 'lNONHSAG023661', 'lNONHSAG023668', 'lNONHSAG023740', 'lNONHSAG023837', 'lNONHSAG023864', 'lNONHSAG023888', 'lNONHSAG023930', 'lNONHSAG023964', 'lNONHSAG024117', 'lNONHSAG024141', 'lNONHSAG024146', 'lNONHSAG024171', 'lNONHSAG024224', 'lNONHSAG024282', 'lNONHSAG024332', 'lNONHSAG024340', 'lNONHSAG024361', 'lNONHSAG024364', 'lNONHSAG024381', 'lNONHSAG024391', 'lNONHSAG024393', 'lNONHSAG024395', 'lNONHSAG024540', 'lNONHSAG024542', 'lNONHSAG024637', 'lNONHSAG024671', 'lNONHSAG024681', 'lNONHSAG024741', 'lNONHSAG024809', 'lNONHSAG024810', 'lNONHSAG024818', 'lNONHSAG024826', 'lNONHSAG024903', 'lNONHSAG024905', 'lNONHSAG024908', 'lNONHSAG024913', 'lNONHSAG024923', 'lNONHSAG024925', 'lNONHSAG024979', 'lNONHSAG025135', 'lNONHSAG025157', 'lNONHSAG025185', 'lNONHSAG025319', 'lNONHSAG025352', 'lNONHSAG025483', 'lNONHSAG025485', 'lNONHSAG025609', 'lNONHSAG025712', 'lNONHSAG025743', 'lNONHSAG025744', 'lNONHSAG025864', 'lNONHSAG025865', 'lNONHSAG025867', 'lNONHSAG025907', 'lNONHSAG025964', 'lNONHSAG025997', 'lNONHSAG026091', 'lNONHSAG026103', 'lNONHSAG026153', 'lNONHSAG026176', 'lNONHSAG026205', 'lNONHSAG026274', 'lNONHSAG026364', 'lNONHSAG026575', 'lNONHSAG026599', 'lNONHSAG026631', 'lNONHSAG026661', 'lNONHSAG026720', 'lNONHSAG026721', 'lNONHSAG026737', 'lNONHSAG026743', 'lNONHSAG026781', 'lNONHSAG026794', 'lNONHSAG026852', 'lNONHSAG026854', 'lNONHSAG027017', 'lNONHSAG027075', 'lNONHSAG027110', 'lNONHSAG027276', 'lNONHSAG027278', 'lNONHSAG027323', 'lNONHSAG027342', 'lNONHSAG027374', 'lNONHSAG027421', 'lNONHSAG027482', 'lNONHSAG027598', 'lNONHSAG027618', 'lNONHSAG027675', 'lNONHSAG027682', 'lNONHSAG027692', 'lNONHSAG027694', 'lNONHSAG027837', 'lNONHSAG027874', 'lNONHSAG027876', 'lNONHSAG028045', 'lNONHSAG028083', 'lNONHSAG028093', 'lNONHSAG028141', 'lNONHSAG028142', 'lNONHSAG028159', 'lNONHSAG028403', 'lNONHSAG028720', 'lNONHSAG028817', 'lNONHSAG028820', 'lNONHSAG028857', 'lNONHSAG028870', 'lNONHSAG028913', 'lNONHSAG028918', 'lNONHSAG028948', 'lNONHSAG028996', 'lNONHSAG029033', 'lNONHSAG029080', 'lNONHSAG029124', 'lNONHSAG029267', 'lNONHSAG029312', 'lNONHSAG029336', 'lNONHSAG029377', 'lNONHSAG029467', 'lNONHSAG029668', 'lNONHSAG029792', 'lNONHSAG029830', 'lNONHSAG029873', 'lNONHSAG029880', 'lNONHSAG029933', 'lNONHSAG029956', 'lNONHSAG029957', 'lNONHSAG029958', 'lNONHSAG029959', 'lNONHSAG029960', 'lNONHSAG029962', 'lNONHSAG029964', 'lNONHSAG029965', 'lNONHSAG029985', 'lNONHSAG030074', 'lNONHSAG030113', 'lNONHSAG030129', 'lNONHSAG030244', 'lNONHSAG030258', 'lNONHSAG030278', 'lNONHSAG030279', 'lNONHSAG030304', 'lNONHSAG030333', 'lNONHSAG030410', 'lNONHSAG030440', 'lNONHSAG030487', 'lNONHSAG030516', 'lNONHSAG030525', 'lNONHSAG030583', 'lNONHSAG030738', 'lNONHSAG030739', 'lNONHSAG030742', 'lNONHSAG031025', 'lNONHSAG031035', 'lNONHSAG031123', 'lNONHSAG031261', 'lNONHSAG031385', 'lNONHSAG031425', 'lNONHSAG031452', 'lNONHSAG031453', 'lNONHSAG031456', 'lNONHSAG031481', 'lNONHSAG031581', 'lNONHSAG031584', 'lNONHSAG031900', 'lNONHSAG031913', 'lNONHSAG031991', 'lNONHSAG032063', 'lNONHSAG032126', 'lNONHSAG032247', 'lNONHSAG032267', 'lNONHSAG032297', 'lNONHSAG032302', 'lNONHSAG032309', 'lNONHSAG032312', 'lNONHSAG032537', 'lNONHSAG032560', 'lNONHSAG032682', 'lNONHSAG032724', 'lNONHSAG032735', 'lNONHSAG032737', 'lNONHSAG032748', 'lNONHSAG032750', 'lNONHSAG033027', 'lNONHSAG033061', 'lNONHSAG033100', 'lNONHSAG033105', 'lNONHSAG033107', 'lNONHSAG033121', 'lNONHSAG033168', 'lNONHSAG033170', 'lNONHSAG033216', 'lNONHSAG033224', 'lNONHSAG033254', 'lNONHSAG033263', 'lNONHSAG033298', 'lNONHSAG033328', 'lNONHSAG033334', 'lNONHSAG033342', 'lNONHSAG033348', 'lNONHSAG033352', 'lNONHSAG033368', 'lNONHSAG033386', 'lNONHSAG033390', 'lNONHSAG033435', 'lNONHSAG033459', 'lNONHSAG033471', 'lNONHSAG033528', 'lNONHSAG033589', 'lNONHSAG033611', 'lNONHSAG033645', 'lNONHSAG033691', 'lNONHSAG033716', 'lNONHSAG033810', 'lNONHSAG033862', 'lNONHSAG033896', 'lNONHSAG033898', 'lNONHSAG033937', 'lNONHSAG033940', 'lNONHSAG034006', 'lNONHSAG034014', 'lNONHSAG034021', 'lNONHSAG034032', 'lNONHSAG034217', 'lNONHSAG034316', 'lNONHSAG034418', 'lNONHSAG034508', 'lNONHSAG034527', 'lNONHSAG034676', 'lNONHSAG034678', 'lNONHSAG034801', 'lNONHSAG034845', 'lNONHSAG034846', 'lNONHSAG034935', 'lNONHSAG034973', 'lNONHSAG035096', 'lNONHSAG035103', 'lNONHSAG035262', 'lNONHSAG035287', 'lNONHSAG035382', 'lNONHSAG035456', 'lNONHSAG035531', 'lNONHSAG035568', 'lNONHSAG035806', 'lNONHSAG035914', 'lNONHSAG035916', 'lNONHSAG035919', 'lNONHSAG035923', 'lNONHSAG036047', 'lNONHSAG036054', 'lNONHSAG036115', 'lNONHSAG036120', 'lNONHSAG036255', 'lNONHSAG036263', 'lNONHSAG036273', 'lNONHSAG036403', 'lNONHSAG036407', 'lNONHSAG036412', 'lNONHSAG036612', 'lNONHSAG036615', 'lNONHSAG036667', 'lNONHSAG036718', 'lNONHSAG036783', 'lNONHSAG036866', 'lNONHSAG036922', 'lNONHSAG036926', 'lNONHSAG037025', 'lNONHSAG037061', 'lNONHSAG037072', 'lNONHSAG037073', 'lNONHSAG037080', 'lNONHSAG037082', 'lNONHSAG037083', 'lNONHSAG037096', 'lNONHSAG037137', 'lNONHSAG037146', 'lNONHSAG037164', 'lNONHSAG037348', 'lNONHSAG037420', 'lNONHSAG037559', 'lNONHSAG037827', 'lNONHSAG037936', 'lNONHSAG037946', 'lNONHSAG038001', 'lNONHSAG038024', 'lNONHSAG038060', 'lNONHSAG038091', 'lNONHSAG038162', 'lNONHSAG038343', 'lNONHSAG038344', 'lNONHSAG038397', 'lNONHSAG038502', 'lNONHSAG038530', 'lNONHSAG038561', 'lNONHSAG038663', 'lNONHSAG038675', 'lNONHSAG038676', 'lNONHSAG038682', 'lNONHSAG038836', 'lNONHSAG039037', 'lNONHSAG039038', 'lNONHSAG039147', 'lNONHSAG039293', 'lNONHSAG039295', 'lNONHSAG039617', 'lNONHSAG039620', 'lNONHSAG039634', 'lNONHSAG039637', 'lNONHSAG039654', 'lNONHSAG039664', 'lNONHSAG039669', 'lNONHSAG039749', 'lNONHSAG039872', 'lNONHSAG039951', 'lNONHSAG040179', 'lNONHSAG040188', 'lNONHSAG040226', 'lNONHSAG040241', 'lNONHSAG040269', 'lNONHSAG040320', 'lNONHSAG040408', 'lNONHSAG040444', 'lNONHSAG040542', 'lNONHSAG040544', 'lNONHSAG040560', 'lNONHSAG040601', 'lNONHSAG040692', 'lNONHSAG040700', 'lNONHSAG040729', 'lNONHSAG040804', 'lNONHSAG040859', 'lNONHSAG040870', 'lNONHSAG040909', 'lNONHSAG040945', 'lNONHSAG040958', 'lNONHSAG040969', 'lNONHSAG040976', 'lNONHSAG041002', 'lNONHSAG041017', 'lNONHSAG041241', 'lNONHSAG041250', 'lNONHSAG041256', 'lNONHSAG041257', 'lNONHSAG041480', 'lNONHSAG041528', 'lNONHSAG041592', 'lNONHSAG041670', 'lNONHSAG041707', 'lNONHSAG041716', 'lNONHSAG041758', 'lNONHSAG041844', 'lNONHSAG041883', 'lNONHSAG041938', 'lNONHSAG041966', 'lNONHSAG041981', 'lNONHSAG042033', 'lNONHSAG042062', 'lNONHSAG042132', 'lNONHSAG042138', 'lNONHSAG042218', 'lNONHSAG042257', 'lNONHSAG042306', 'lNONHSAG042307', 'lNONHSAG042370', 'lNONHSAG042476', 'lNONHSAG042500', 'lNONHSAG042722', 'lNONHSAG042836', 'lNONHSAG042855', 'lNONHSAG042957', 'lNONHSAG042966', 'lNONHSAG042970', 'lNONHSAG042991', 'lNONHSAG043138', 'lNONHSAG043159', 'lNONHSAG043229', 'lNONHSAG043250', 'lNONHSAG043303', 'lNONHSAG043433', 'lNONHSAG043550', 'lNONHSAG043592', 'lNONHSAG043625', 'lNONHSAG043657', 'lNONHSAG043770', 'lNONHSAG043851', 'lNONHSAG043934', 'lNONHSAG044022', 'lNONHSAG044041', 'lNONHSAG044064', 'lNONHSAG044350', 'lNONHSAG044406', 'lNONHSAG044429', 'lNONHSAG044533', 'lNONHSAG044624', 'lNONHSAG044666', 'lNONHSAG044709', 'lNONHSAG044751', 'lNONHSAG044791', 'lNONHSAG045131', 'lNONHSAG045160', 'lNONHSAG045163', 'lNONHSAG045166', 'lNONHSAG045306', 'lNONHSAG045383', 'lNONHSAG046722', 'lNONHSAG046730', 'lNONHSAG046765', 'lNONHSAG046811', 'lNONHSAG046839', 'lNONHSAG046953', 'lNONHSAG047182', 'lNONHSAG047191', 'lNONHSAG047197', 'lNONHSAG047260', 'lNONHSAG047319', 'lNONHSAG047433', 'lNONHSAG047463', 'lNONHSAG047469', 'lNONHSAG047471', 'lNONHSAG047507', 'lNONHSAG047619', 'lNONHSAG047620', 'lNONHSAG047725', 'lNONHSAG047792', 'lNONHSAG047796', 'lNONHSAG047830', 'lNONHSAG047840', 'lNONHSAG047842', 'lNONHSAG047851', 'lNONHSAG047951', 'lNONHSAG047974', 'lNONHSAG048057', 'lNONHSAG048101', 'lNONHSAG048189', 'lNONHSAG048191', 'lNONHSAG048201', 'lNONHSAG048228', 'lNONHSAG048231', 'lNONHSAG048302', 'lNONHSAG048323', 'lNONHSAG048354', 'lNONHSAG048439', 'lNONHSAG048602', 'lNONHSAG048603', 'lNONHSAG048610', 'lNONHSAG048623', 'lNONHSAG048624', 'lNONHSAG048626', 'lNONHSAG048641', 'lNONHSAG048682', 'lNONHSAG048695', 'lNONHSAG048781', 'lNONHSAG048817', 'lNONHSAG049037', 'lNONHSAG049050', 'lNONHSAG049051', 'lNONHSAG049119', 'lNONHSAG049129', 'lNONHSAG049157', 'lNONHSAG049185', 'lNONHSAG049191', 'lNONHSAG049288', 'lNONHSAG049303', 'lNONHSAG049356', 'lNONHSAG049421', 'lNONHSAG049507', 'lNONHSAG049655', 'lNONHSAG049754', 'lNONHSAG049801', 'lNONHSAG049901', 'lNONHSAG050073', 'lNONHSAG050104', 'lNONHSAG050167', 'lNONHSAG050168', 'lNONHSAG050272', 'lNONHSAG050273', 'lNONHSAG050284', 'lNONHSAG050345', 'lNONHSAG050423', 'lNONHSAG050445', 'lNONHSAG050493', 'lNONHSAG050518', 'lNONHSAG050725', 'lNONHSAG050769', 'lNONHSAG050786', 'lNONHSAG050815', 'lNONHSAG050929', 'lNONHSAG050985', 'lNONHSAG051010', 'lNONHSAG051015', 'lNONHSAG051166', 'lNONHSAG051196', 'lNONHSAG051245', 'lNONHSAG051250', 'lNONHSAG051255', 'lNONHSAG051259', 'lNONHSAG051263', 'lNONHSAG051266', 'lNONHSAG051291', 'lNONHSAG051448', 'lNONHSAG051454', 'lNONHSAG051484', 'lNONHSAG051514', 'lNONHSAG051517', 'lNONHSAG051523', 'lNONHSAG051542', 'lNONHSAG051567', 'lNONHSAG051568', 'lNONHSAG051603', 'lNONHSAG051770', 'lNONHSAG051898', 'lNONHSAG052046', 'lNONHSAG052082', 'lNONHSAG052097', 'lNONHSAG052149', 'lNONHSAG052179', 'lNONHSAG052454', 'lNONHSAG052459', 'lNONHSAG052491', 'lNONHSAG052492', 'lNONHSAG052495', 'lNONHSAG052510', 'lNONHSAG052511', 'lNONHSAG052609', 'lNONHSAG052680', 'lNONHSAG052686', 'lNONHSAG052709', 'lNONHSAG052726', 'lNONHSAG052853', 'lNONHSAG052908', 'lNONHSAG052925', 'lNONHSAG052929', 'lNONHSAG052931', 'lNONHSAG052943', 'lNONHSAG053007', 'lNONHSAG053014', 'lNONHSAG053028', 'lNONHSAG053033', 'lNONHSAG053082', 'lNONHSAG053108', 'lNONHSAG053162', 'lNONHSAG053456', 'lNONHSAG053499', 'lNONHSAG053500', 'lNONHSAG053502', 'lNONHSAG053547', 'lNONHSAG053590', 'lNONHSAG053626', 'lNONHSAG053631', 'lNONHSAG053651', 'lNONHSAG053716', 'lNONHSAG053719', 'lNONHSAG053748', 'lNONHSAG053796', 'lNONHSAG053802', 'lNONHSAG053842', 'lNONHSAG054038', 'lNONHSAG054212', 'lNONHSAG054214', 'lNONHSAG054216', 'lNONHSAG054301', 'lNONHSAG054360', 'lNONHSAG054432', 'lNONHSAG054716', 'lNONHSAG054717', 'lNONHSAG054780', 'lNONHSAG054807', 'lNONHSAG054832', 'lNONHSAG055008', 'lNONHSAG055088', 'lNONHSAG055092', 'lNONHSAG055151', 'lNONHSAG055258', 'lNONHSAG055350', 'lNONHSAG055418', 'lNONHSAG055450', 'lNONHSAG055546', 'lNONHSAG055565', 'lNONHSAG055577', 'lNONHSAG055582', 'lNONHSAG056025', 'lNONHSAG056029', 'lNONHSAG056053', 'lNONHSAG056451', 'lNONHSAG056746', 'lNONHSAG056875', 'lNONHSAG057043', 'lNONHSAG057222', 'lNONHSAG057260', 'lNONHSAG058006', 'lNONHSAG058109', 'lNONHSAG058112', 'lNONHSAG058118', 'lNONHSAG058128', 'lNONHSAG058533', 'lNONHSAG058967', 'lNONHSAG059768', 'lNONHSAG060586', 'lNONHSAG061096', 'lNONHSAG061492', 'lNONHSAG063700', 'lNONHSAG064784', 'lNONHSAG064962', 'lNONHSAG065252', 'lNONHSAG065364', 'lNONHSAG066253', 'lNONHSAG068402', 'lNONHSAG068639', 'lNONHSAG069147', 'lNONHSAG069277', 'lNONHSAG069876', 'lNONHSAG071444', 'lNONHSAG072176', 'lNONHSAG072945', 'lNONHSAG073025', 'lNONHSAG073380', 'lNONHSAG073406', 'lNONHSAG073419', 'lNONHSAG073786', 'lNONHSAG074052', 'lNONHSAG074661', 'lNONHSAG075363', 'lNONHSAG077475', 'lNONHSAG077527', 'lNONHSAG077551', 'lNONHSAG079231', 'lNONHSAG080772', 'lNONHSAG081227', 'lNONHSAG081993', 'lNONHSAG082891', 'lNONHSAG083289', 'lNONHSAG083615', 'lNONHSAG083883', 'lNONHSAG083894', 'lNONHSAG084701', 'lNONHSAG084832', 'lNONHSAG084937', 'lNONHSAG088562', 'lNONHSAG089857', 'lNONHSAG091116', 'lNONHSAG091284', 'lNONHSAG091452', 'lNONHSAG091943', 'lNONHSAG092907', 'lNONHSAG093064', 'lNONHSAG093078', 'lNONHSAG093517', 'lNONHSAG094075', 'lNONHSAG094129', 'lNONHSAG094269', 'lNONHSAG096130', 'lNONHSAG096227', 'lNONHSAG096230', 'lNONHSAG096627', 'lNONHSAG097344', 'lNONHSAG097347', 'lNONHSAG098653', 'lNONHSAG099082', 'lNONHSAG099742', 'lNONHSAG099774', 'lNONHSAG101229', 'lNONHSAG101725', 'lNONHSAG102572', 'lNONHSAG102979', 'lNONHSAG103457', 'lNONHSAG103817', 'lNONHSAG104186', 'lNONHSAG110858', 'lNONHSAG111667', 'lNONHSAG112396', 'lNONHSAG113761', 'lNONHSAG114445', 'lENSG00000103472', 'lENSG00000163364', 'lENSG00000171889', 'lENSG00000175061', 'lENSG00000177410', 'lENSG00000179406', 'lENSG00000179523', 'lENSG00000189295', 'lENSG00000198221', 'lENSG00000198468', 'lENSG00000203497', 'lENSG00000205611', 'lENSG00000223764', 'lENSG00000223783', 'lENSG00000224057', 'lENSG00000224078', 'lENSG00000225470', 'lENSG00000225506', 'lENSG00000225855', 'lENSG00000226115', 'lENSG00000226137', 'lENSG00000227082', 'lENSG00000227963', 'lENSG00000228022', 'lENSG00000228526', 'lENSG00000229267', 'lENSG00000229335', 'lENSG00000230046', 'lENSG00000230061', 'lENSG00000230257', 'lENSG00000230400', 'lENSG00000231019', 'lENSG00000231473', 'lENSG00000231663', 'lENSG00000232415', 'lENSG00000232442', 'lENSG00000232500', 'lENSG00000233047', 'lENSG00000233387', 'lENSG00000233532', 'lENSG00000233590', 'lENSG00000234169', 'lENSG00000234455', 'lENSG00000234546', 'lENSG00000235385', 'lENSG00000235535', 'lENSG00000235724', 'lENSG00000236240', 'lENSG00000236535', 'lENSG00000236671', 'lENSG00000237167', 'lENSG00000237396', 'lENSG00000237880', 'lENSG00000241388', 'lENSG00000242207', 'lENSG00000245067', 'lENSG00000245614', 'lENSG00000246560', 'lENSG00000247095', 'lENSG00000247373', 'lENSG00000247400', 'lENSG00000247498', 'lENSG00000249532', 'lENSG00000249786', 'lENSG00000249835', 'lENSG00000249993', 'lENSG00000250635', 'lENSG00000251061', 'lENSG00000253315', 'lENSG00000254480', 'lENSG00000254508', 'lENSG00000254635', 'lENSG00000254791', 'lENSG00000255363', 'lENSG00000255427', 'lENSG00000255850', 'lENSG00000256742', 'lENSG00000256769', 'lENSG00000257084', 'lENSG00000257557', 'lENSG00000258197', 'lENSG00000258912', 'lENSG00000259289', 'lENSG00000259424', 'lENSG00000260219', 'lENSG00000260280', 'lENSG00000260455', 'lENSG00000260924', 'lENSG00000261183', 'lENSG00000261423', 'lENSG00000263718', 'lENSG00000264672', 'lENSG00000265374', 'lENSG00000266402', 'lENSG00000266970', 'lENSG00000267296', 'lENSG00000267321', 'lENSG00000267395', 'lENSG00000267440', 'lENSG00000267858', 'lENSG00000269019', 'lENSG00000269911', 'lENSG00000269939', 'lENSG00000270084', 'lENSG00000270344', 'lENSG00000270959', 'lENSG00000272769', 'lENSG00000278709', 'lENSG00000278970', 'lENSG00000279296', 'lENSG00000281189', 'lENSG00000284070', 'lENSG00000285644', 'lENSG00000286004', 'lENSG00000286737', 'lENSG00000288080', 'lENSG00000224167', 'lA1BG-AS1', 'lADAMTS9-AS2', 'lANKRD62P1-PARP4P3', 'lAQP4-AS1', 'lASMTL-AS1', 'lBANCR', 'lCCAT2', 'lCDKN2B-AS1', 'lCRNDE', 'lDGKK', 'lDLX6-AS1', 'lEGOT', 'lFEZF1-AS1', 'lGATA3-AS1', 'lGATA6-AS1', 'lGHET1', 'lHEIH', 'lHOTAIRM1', 'lHOXA-AS3', 'lINHBA-AS1', 'lJPX', 'lJRK', 'lKCTD21-AS1', 'lKTN1-AS1', 'lLAMTOR5-AS1', 'lLBX2-AS1', 'lLINC00173', 'lLINC00174', 'lLINC00240', 'lLINC00333', 'lLINC00472', 'lLPP-AS2', 'lMCM3AP-AS1', 'lMEG3', 'lMIR31HG', 'lMYLK-AS1', 'lPANDAR', 'lPCGEM1', 'lPVT1', 'lRHPN1-AS1', 'lRMST', 'lSNHG15', 'lSNHG16', 'lSNX29P2', 'lTEN1-CDK3', 'lTRAM2-AS1', 'lVCAN-AS1', 'lZFAS1', 'lZNF286B', 'lZNF503-AS2', 'lSLC2A1-AS1', 'lSRP14-AS1', 'lAC007009.1', 'lPWAR6', 'lAC004840.8', 'lAC061992.2', 'lAC103564.7', 'lAC135048.13', 'lAC137723.5', 'lAC137932.5', 'lAL928742.12', 'lAP001058.3', 'lCTB-60B18.10', 'lCTB-91J4.1', 'lCTC-338M12.2', 'lCTD-2165H16.4', 'lCTD-2195B23.3', 'lCTD-2540L5.5', 'lKB-7G2.8', 'lLA16c-321D4.2', 'lLA16c-380H5.3', 'lLL22NC03-23C6.13', 'lRP11-100F15.1', 'lRP11-104E19.1', 'lRP11-123O10.4', 'lRP11-137H2.4', 'lRP11-197N18.2', 'lRP11-21J18.1', 'lRP11-227H15.4', 'lRP11-243J18.2', 'lRP11-24P14.1', 'lRP11-264B17.3', 'lRP11-276H7.2', 'lRP11-2C24.4', 'lRP11-305P14.1', 'lRP11-439K3.1', 'lRP11-467J12.4', 'lRP11-49K24.4', 'lRP11-514P8.8', 'lRP11-54O7.3', 'lRP11-550C4.6', 'lRP11-680A11.5', 'lRP4-756H11.3', 'lRP4-790G17.7', 'lRP5-1061H20.4', 'lRP5-1074L1.1', 'lRP5-1160K1.8', 'lXXbac-B444P24.8', 'lXXbac-BPG300A18.13', 'lAC018766.4', 'lCTD-2231H16.1', 'lHNRNPU-AS1', 'lRP11-429J17.8', 'lRP11-672A2.1', 'lRP5-1063M23.1', 'lCTA-250D10.23', 'lRP4-610C12.4', 'lLINC00035', 'lRP11-408H20.2', 'lNONHSAG000157', 'lNONHSAG000265', 'lNONHSAG000297', 'lNONHSAG000298', 'lNONHSAG000623', 'lNONHSAG000636', 'lNONHSAG000677', 'lNONHSAG000896', 'lNONHSAG000969', 'lNONHSAG000994', 'lNONHSAG001008', 'lNONHSAG001014', 'lNONHSAG001028', 'lNONHSAG001030', 'lNONHSAG001033', 'lNONHSAG001147', 'lNONHSAG001171', 'lNONHSAG001207', 'lNONHSAG001240', 'lNONHSAG001258', 'lNONHSAG001419', 'lNONHSAG001435', 'lNONHSAG001613', 'lNONHSAG002403', 'lNONHSAG002487', 'lNONHSAG002619', 'lNONHSAG002790', 'lNONHSAG002816', 'lNONHSAG003308', 'lNONHSAG003418', 'lNONHSAG003459', 'lNONHSAG003810', 'lNONHSAG003881', 'lNONHSAG004351', 'lNONHSAG004507', 'lNONHSAG004638', 'lNONHSAG004893', 'lNONHSAG005249', 'lNONHSAG005363', 'lNONHSAG005473', 'lNONHSAG005522', 'lNONHSAG005652', 'lNONHSAG005679', 'lNONHSAG005690', 'lNONHSAG005717', 'lNONHSAG005725', 'lNONHSAG005727', 'lNONHSAG005739', 'lNONHSAG005740', 'lNONHSAG005746', 'lNONHSAG005747', 'lNONHSAG005760', 'lNONHSAG005761', 'lNONHSAG005769', 'lNONHSAG005789', 'lNONHSAG005809', 'lNONHSAG005821', 'lNONHSAG005830', 'lNONHSAG005842', 'lNONHSAG005847', 'lNONHSAG005851', 'lNONHSAG005852', 'lNONHSAG005853', 'lNONHSAG005855', 'lNONHSAG005856', 'lNONHSAG005857', 'lNONHSAG005859', 'lNONHSAG005862', 'lNONHSAG005867', 'lNONHSAG005870', 'lNONHSAG005885', 'lNONHSAG005901', 'lNONHSAG005915', 'lNONHSAG005935', 'lNONHSAG005939', 'lNONHSAG005985', 'lNONHSAG005986', 'lNONHSAG006012', 'lNONHSAG006022', 'lNONHSAG006078', 'lNONHSAG006086', 'lNONHSAG006091', 'lNONHSAG006097', 'lNONHSAG006103', 'lNONHSAG006160', 'lNONHSAG006166', 'lNONHSAG006183', 'lNONHSAG006186', 'lNONHSAG006187', 'lNONHSAG006188', 'lNONHSAG006206', 'lNONHSAG006220', 'lNONHSAG006221', 'lNONHSAG006235', 'lNONHSAG006240', 'lNONHSAG006274', 'lNONHSAG006279', 'lNONHSAG006293', 'lNONHSAG006300', 'lNONHSAG006314', 'lNONHSAG006324', 'lNONHSAG006377', 'lNONHSAG006399', 'lNONHSAG006405', 'lNONHSAG006407', 'lNONHSAG006415', 'lNONHSAG006434', 'lNONHSAG006440', 'lNONHSAG006450', 'lNONHSAG006459', 'lNONHSAG006479', 'lNONHSAG006487', 'lNONHSAG006507', 'lNONHSAG006527', 'lNONHSAG006554', 'lNONHSAG006555', 'lNONHSAG006573', 'lNONHSAG006576', 'lNONHSAG006579', 'lNONHSAG006581', 'lNONHSAG006586', 'lNONHSAG006591', 'lNONHSAG006602', 'lNONHSAG006646', 'lNONHSAG006653', 'lNONHSAG006669', 'lNONHSAG006716', 'lNONHSAG006748', 'lNONHSAG006750', 'lNONHSAG006765', 'lNONHSAG006779', 'lNONHSAG006808', 'lNONHSAG006830', 'lNONHSAG006837', 'lNONHSAG006855', 'lNONHSAG006863', 'lNONHSAG006883', 'lNONHSAG006889', 'lNONHSAG006894', 'lNONHSAG006897', 'lNONHSAG006909', 'lNONHSAG006915', 'lNONHSAG006922', 'lNONHSAG006967', 'lNONHSAG006970', 'lNONHSAG006976', 'lNONHSAG007000', 'lNONHSAG007008', 'lNONHSAG007020', 'lNONHSAG007023', 'lNONHSAG007029', 'lNONHSAG007031', 'lNONHSAG007035', 'lNONHSAG007063', 'lNONHSAG007065', 'lNONHSAG007087', 'lNONHSAG007093', 'lNONHSAG007103', 'lNONHSAG007118', 'lNONHSAG007123', 'lNONHSAG007129', 'lNONHSAG007139', 'lNONHSAG007155', 'lNONHSAG007166', 'lNONHSAG007172', 'lNONHSAG007203', 'lNONHSAG007222', 'lNONHSAG007224', 'lNONHSAG007225', 'lNONHSAG007242', 'lNONHSAG007259', 'lNONHSAG007268', 'lNONHSAG007278', 'lNONHSAG007286', 'lNONHSAG007298', 'lNONHSAG007419', 'lNONHSAG007429', 'lNONHSAG007458', 'lNONHSAG007507', 'lNONHSAG007531', 'lNONHSAG007544', 'lNONHSAG007554', 'lNONHSAG007563', 'lNONHSAG007574', 'lNONHSAG007578', 'lNONHSAG007587', 'lNONHSAG007621', 'lNONHSAG007632', 'lNONHSAG007638', 'lNONHSAG007730', 'lNONHSAG007932', 'lENSG00000083622', 'lENSG00000105501', 'lENSG00000122043', 'lENSG00000149443', 'lENSG00000167920', 'lENSG00000175746', 'lENSG00000177596', 'lENSG00000197644', 'lENSG00000197880', 'lENSG00000198054', 'lENSG00000198671', 'lENSG00000203307', 'lENSG00000203434', 'lENSG00000203469', 'lENSG00000203472', 'lENSG00000203565', 'lENSG00000203605', 'lENSG00000203864', 'lENSG00000204393', 'lENSG00000204464', 'lENSG00000205452', 'lENSG00000205500', 'lENSG00000212856', 'lENSG00000219410', 'lENSG00000221845', 'lENSG00000222000', 'lENSG00000222032', 'lENSG00000222044', 'lENSG00000223374', 'lENSG00000223381', 'lENSG00000223387', 'lENSG00000223400', 'lENSG00000223563', 'lENSG00000223598', 'lENSG00000223634', 'lENSG00000223641', 'lENSG00000223643', 'lENSG00000223647', 'lENSG00000223720', 'lENSG00000223727', 'lENSG00000223809', 'lENSG00000223831', 'lENSG00000223870', 'lENSG00000223881', 'lENSG00000223966', 'lENSG00000223993', 'lENSG00000224031', 'lENSG00000224075', 'lENSG00000224087', 'lENSG00000224095', 'lENSG00000224220', 'lENSG00000224277', 'lENSG00000224330', 'lENSG00000224384', 'lENSG00000224500', 'lENSG00000224535', 'lENSG00000224541', 'lENSG00000224549', 'lENSG00000224595', 'lENSG00000224645', 'lENSG00000224655', 'lENSG00000224794', 'lENSG00000224821', 'lENSG00000224844', 'lENSG00000224857', 'lENSG00000224885', 'lENSG00000224972', 'lENSG00000225012', 'lENSG00000225050', 'lENSG00000225129', 'lENSG00000225146', 'lENSG00000225218', 'lENSG00000225334', 'lENSG00000225378', 'lENSG00000225457', 'lENSG00000225537', 'lENSG00000225570', 'lENSG00000225647', 'lENSG00000225750', 'lENSG00000225751', 'lENSG00000225798', 'lENSG00000225886', 'lENSG00000225919', 'lENSG00000225929', 'lENSG00000226047', 'lENSG00000226089', 'lENSG00000226133', 'lENSG00000226143', 'lENSG00000226194', 'lENSG00000226238', 'lENSG00000226323', 'lENSG00000226337', 'lENSG00000226352', 'lENSG00000226398', 'lENSG00000226442', 'lENSG00000226454', 'lENSG00000226486', 'lENSG00000226508', 'lENSG00000226522', 'lENSG00000226562', 'lENSG00000226566', 'lENSG00000226576', 'lENSG00000226601', 'lENSG00000226647', 'lENSG00000226699', 'lENSG00000226770', 'lENSG00000226813', 'lENSG00000226925', 'lENSG00000226956', 'lENSG00000226957', 'lENSG00000227075', 'lENSG00000227076', 'lENSG00000227197', 'lENSG00000227330', 'lENSG00000227360', 'lENSG00000227409', 'lENSG00000227459', 'lENSG00000227482', 'lENSG00000227509', 'lENSG00000227512', 'lENSG00000227549', 'lENSG00000227579', 'lENSG00000227606', 'lENSG00000227611', 'lENSG00000227680', 'lENSG00000227716', 'lENSG00000227718', 'lENSG00000227769', 'lENSG00000227863', 'lENSG00000227893', 'lENSG00000227930', 'lENSG00000227958', 'lENSG00000227960', 'lENSG00000228028', 'lENSG00000228108', 'lENSG00000228136', 'lENSG00000228215', 'lENSG00000228231', 'lENSG00000228261', 'lENSG00000228272', 'lENSG00000228372', 'lENSG00000228383', 'lENSG00000228470', 'lENSG00000228485', 'lENSG00000228548', 'lENSG00000228596', 'lENSG00000228627', 'lENSG00000228804', 'lENSG00000228826', 'lENSG00000228939', 'lENSG00000228950', 'lENSG00000229152', 'lENSG00000229162', 'lENSG00000229167', 'lENSG00000229190', 'lENSG00000229224', 'lENSG00000229283', 'lENSG00000229331', 'lENSG00000229345', 'lENSG00000229370', 'lENSG00000229444', 'lENSG00000229487', 'lENSG00000229498', 'lENSG00000229502', 'lENSG00000229531', 'lENSG00000229673', 'lENSG00000229679', 'lENSG00000229688', 'lENSG00000229848', 'lENSG00000229851', 'lENSG00000229953', 'lENSG00000230065', 'lENSG00000230105', 'lENSG00000230109', 'lENSG00000230121', 'lENSG00000230131', 'lENSG00000230153', 'lENSG00000230155', 'lENSG00000230197', 'lENSG00000230212', 'lENSG00000230233', 'lENSG00000230234', 'lENSG00000230323', 'lENSG00000230432', 'lENSG00000230483', 'lENSG00000230499', 'lENSG00000230599', 'lENSG00000230668', 'lENSG00000230741', 'lENSG00000230759', 'lENSG00000230790', 'lENSG00000230794', 'lENSG00000230826', 'lENSG00000230830', 'lENSG00000230912', 'lENSG00000230918', 'lENSG00000230972', 'lENSG00000231081', 'lENSG00000231092', 'lENSG00000231102', 'lENSG00000231114', 'lENSG00000231143', 'lENSG00000231253', 'lENSG00000231272', 'lENSG00000231407', 'lENSG00000231413', 'lENSG00000231440', 'lENSG00000231492', 'lENSG00000231496', 'lENSG00000231539', 'lENSG00000231681', 'lENSG00000231760', 'lENSG00000231772', 'lENSG00000231781', 'lENSG00000231912', 'lENSG00000231914', 'lENSG00000231937', 'lENSG00000231953', 'lENSG00000231964', 'lENSG00000232058', 'lENSG00000232072', 'lENSG00000232086', 'lENSG00000232120', 'lENSG00000232192', 'lENSG00000232197', 'lENSG00000232252', 'lENSG00000232286', 'lENSG00000232328', 'lENSG00000232335', 'lENSG00000232359', 'lENSG00000232363', 'lENSG00000232396', 'lENSG00000232451', 'lENSG00000232464', 'lENSG00000232465', 'lENSG00000232564', 'lENSG00000232596', 'lENSG00000232604', 'lENSG00000232710', 'lENSG00000232719', 'lENSG00000232746', 'lENSG00000232806', 'lENSG00000232893', 'lENSG00000232895', 'lENSG00000232930', 'lENSG00000232939', 'lENSG00000232964', 'lENSG00000233070', 'lENSG00000233079', 'lENSG00000233178', 'lENSG00000233222', 'lENSG00000233330', 'lENSG00000233339', 'lENSG00000233407', 'lENSG00000233479', 'lENSG00000233534', 'lENSG00000233574', 'lENSG00000233613', 'lENSG00000233656', 'lENSG00000233665', 'lENSG00000233689', 'lENSG00000233706', 'lENSG00000233851', 'lENSG00000233891', 'lENSG00000233953', 'lENSG00000233960', 'lENSG00000233969', 'lENSG00000233985', 'lENSG00000234021', 'lENSG00000234055', 'lENSG00000234117', 'lENSG00000234149', 'lENSG00000234160', 'lENSG00000234172', 'lENSG00000234191', 'lENSG00000234318', 'lENSG00000234504', 'lENSG00000234567', 'lENSG00000234622', 'lENSG00000234626', 'lENSG00000234653', 'lENSG00000234690', 'lENSG00000234693', 'lENSG00000234714', 'lENSG00000234756', 'lENSG00000234860', 'lENSG00000234900', 'lENSG00000234953', 'lENSG00000234979', 'lENSG00000235011', 'lENSG00000235035', 'lENSG00000235050', 'lENSG00000235059', 'lENSG00000235086', 'lENSG00000235122', 'lENSG00000235168', 'lENSG00000235262', 'lENSG00000235435', 'lENSG00000235494', 'lENSG00000235503', 'lENSG00000235533', 'lENSG00000235628', 'lENSG00000235635', 'lENSG00000235637', 'lENSG00000235669', 'lENSG00000235786', 'lENSG00000235813', 'lENSG00000236022', 'lENSG00000236031', 'lENSG00000236065', 'lENSG00000236109', 'lENSG00000236267', 'lENSG00000236272', 'lENSG00000236324', 'lENSG00000236326', 'lENSG00000236358', 'lENSG00000236366', 'lENSG00000236414', 'lENSG00000236452', 'lENSG00000236463', 'lENSG00000236498', 'lENSG00000236559', 'lENSG00000236648', 'lENSG00000236662', 'lENSG00000236723', 'lENSG00000236744', 'lENSG00000236758', 'lENSG00000236800', 'lENSG00000236828', 'lENSG00000236854', 'lENSG00000236921', 'lENSG00000236951', 'lENSG00000236953', 'lENSG00000236975', 'lENSG00000237015', 'lENSG00000237073', 'lENSG00000237200', 'lENSG00000237293', 'lENSG00000237312', 'lENSG00000237324', 'lENSG00000237337', 'lENSG00000237373', 'lENSG00000237435', 'lENSG00000237463', 'lENSG00000237477', 'lENSG00000237494', 'lENSG00000237520', 'lENSG00000237576', 'lENSG00000237581', 'lENSG00000237670', 'lENSG00000237687', 'lENSG00000237756', 'lENSG00000237768', 'lENSG00000237919', 'lENSG00000237921', 'lENSG00000237937', 'lENSG00000237993', 'lENSG00000238131', 'lENSG00000238140', 'lENSG00000238185', 'lENSG00000238291', 'lENSG00000239314', 'lENSG00000239415', 'lENSG00000239482', 'lENSG00000239593', 'lENSG00000240354', 'lENSG00000240573', 'lENSG00000240868', 'lENSG00000241383', 'lENSG00000241397', 'lENSG00000241577', 'lENSG00000241593', 'lENSG00000241666', 'lENSG00000241985', 'lENSG00000242391', 'lENSG00000242545', 'lENSG00000242568', 'lENSG00000242618', 'lENSG00000242795', 'lENSG00000242861', 'lENSG00000243149', 'lENSG00000243230', 'lENSG00000243368', 'lENSG00000243797', 'lENSG00000243903', 'lENSG00000243961', 'lENSG00000244278', 'lENSG00000244461', 'lENSG00000244701', 'lENSG00000245148', 'lENSG00000245385', 'lENSG00000246541', 'lENSG00000247867', 'lENSG00000247925', 'lENSG00000248125', 'lENSG00000248145', 'lENSG00000248148', 'lENSG00000248172', 'lENSG00000248245', 'lENSG00000248358', 'lENSG00000248373', 'lENSG00000248397', 'lENSG00000248482', 'lENSG00000248490', 'lENSG00000248576', 'lENSG00000248627', 'lENSG00000248758', 'lENSG00000248789', 'lENSG00000248802', 'lENSG00000248925', 'lENSG00000248935', 'lENSG00000248969', 'lENSG00000248975', 'lENSG00000248995', 'lENSG00000249066', 'lENSG00000249071', 'lENSG00000249099', 'lENSG00000249111', 'lENSG00000249114', 'lENSG00000249297', 'lENSG00000249334', 'lENSG00000249382', 'lENSG00000249419', 'lENSG00000249441', 'lENSG00000249451', 'lENSG00000249474', 'lENSG00000249547', 'lENSG00000249605', 'lENSG00000249613', 'lENSG00000249697', 'lENSG00000249706', 'lENSG00000249742', 'lENSG00000249753', 'lENSG00000249782', 'lENSG00000249806', 'lENSG00000249830', 'lENSG00000249865', 'lENSG00000249892', 'lENSG00000250062', 'lENSG00000250092', 'lENSG00000250186', 'lENSG00000250195', 'lENSG00000250242', 'lENSG00000250524', 'lENSG00000250541', 'lENSG00000250626', 'lENSG00000250629', 'lENSG00000250646', 'lENSG00000250657', 'lENSG00000250665', 'lENSG00000250698', 'lENSG00000250761', 'lENSG00000250791', 'lENSG00000250820', 'lENSG00000250855', 'lENSG00000250865', 'lENSG00000250866', 'lENSG00000250917', 'lENSG00000250945', 'lENSG00000250949', 'lENSG00000250950', 'lENSG00000250955', 'lENSG00000250993', 'lENSG00000251059', 'lENSG00000251072', 'lENSG00000251088', 'lENSG00000251185', 'lENSG00000251194', 'lENSG00000251256', 'lENSG00000251266', 'lENSG00000251281', 'lENSG00000251283', 'lENSG00000251412', 'lENSG00000251414', 'lENSG00000251438', 'lENSG00000253134', 'lENSG00000253142', 'lENSG00000253147', 'lENSG00000253167', 'lENSG00000253189', 'lENSG00000253282', 'lENSG00000253356', 'lENSG00000253449', 'lENSG00000253456', 'lENSG00000253503', 'lENSG00000253507', 'lENSG00000253526', 'lENSG00000253539', 'lENSG00000253577', 'lENSG00000253616', 'lENSG00000253619', 'lENSG00000253627', 'lENSG00000253643', 'lENSG00000253645', 'lENSG00000253660', 'lENSG00000253665', 'lENSG00000253717', 'lENSG00000253722', 'lENSG00000253754', 'lENSG00000253782', 'lENSG00000253834', 'lENSG00000253851', 'lENSG00000253858', 'lENSG00000253865', 'lENSG00000253871', 'lENSG00000253875', 'lENSG00000253880', 'lENSG00000253927', 'lENSG00000253947', 'lENSG00000253976', 'lENSG00000254011', 'lENSG00000254021', 'lENSG00000254031', 'lENSG00000254033', 'lENSG00000254035', 'lENSG00000254043', 'lENSG00000254094', 'lENSG00000254123', 'lENSG00000254141', 'lENSG00000254171', 'lENSG00000254207', 'lENSG00000254263', 'lENSG00000254314', 'lENSG00000254325', 'lENSG00000254330', 'lENSG00000254380', 'lENSG00000254428', 'lENSG00000254429', 'lENSG00000254456', 'lENSG00000254516', 'lENSG00000254526', 'lENSG00000254559', 'lENSG00000254563', 'lENSG00000254574', 'lENSG00000254592', 'lENSG00000254604', 'lENSG00000254620', 'lENSG00000254626', 'lENSG00000254627', 'lENSG00000254689', 'lENSG00000254739', 'lENSG00000254775', 'lENSG00000254787', 'lENSG00000254829', 'lENSG00000254842', 'lENSG00000254846', 'lENSG00000254847', 'lENSG00000254864', 'lENSG00000254879', 'lENSG00000254913', 'lENSG00000254921', 'lENSG00000254928', 'lENSG00000254930', 'lENSG00000254972', 'lENSG00000254983', 'lENSG00000254990', 'lENSG00000255027', 'lENSG00000255039', 'lENSG00000255041', 'lENSG00000255084', 'lENSG00000255121', 'lENSG00000255159', 'lENSG00000255227', 'lENSG00000255241', 'lENSG00000255247', 'lENSG00000255252', 'lENSG00000255300', 'lENSG00000255327', 'lENSG00000255343', 'lENSG00000255357', 'lENSG00000255366', 'lENSG00000255375', 'lENSG00000255388', 'lENSG00000255390', 'lENSG00000255462', 'lENSG00000255478', 'lENSG00000255482', 'lENSG00000255487', 'lENSG00000255496', 'lENSG00000255498', 'lENSG00000255506', 'lENSG00000255523', 'lENSG00000255528', 'lENSG00000255539', 'lENSG00000255555', 'lENSG00000255565', 'lENSG00000255572', 'lENSG00000255580', 'lENSG00000255808', 'lENSG00000255839', 'lENSG00000255893', 'lENSG00000255949', 'lENSG00000256007', 'lENSG00000256071', 'lENSG00000256072', 'lENSG00000256083', 'lENSG00000256209', 'lENSG00000256226', 'lENSG00000256234', 'lENSG00000256292', 'lENSG00000256314', 'lENSG00000256364', 'lENSG00000256448', 'lENSG00000256452', 'lENSG00000256484', 'lENSG00000256568', 'lENSG00000256582', 'lENSG00000256670', 'lENSG00000256897', 'lENSG00000256972', 'lENSG00000257004', 'lENSG00000257022', 'lENSG00000257105', 'lENSG00000257137', 'lENSG00000257165', 'lENSG00000257235', 'lENSG00000257261', 'lENSG00000257264', 'lENSG00000257265', 'lENSG00000257271', 'lENSG00000257275', 'lENSG00000257342', 'lENSG00000257381', 'lENSG00000257407', 'lENSG00000257470', 'lENSG00000257488', 'lENSG00000257494', 'lENSG00000257500', 'lENSG00000257527', 'lENSG00000257541', 'lENSG00000257587', 'lENSG00000257634', 'lENSG00000257653', 'lENSG00000257682', 'lENSG00000257732', 'lENSG00000257750', 'lENSG00000257764', 'lENSG00000257787', 'lENSG00000257860', 'lENSG00000257904', 'lENSG00000257925', 'lENSG00000257997', 'lENSG00000258007', 'lENSG00000258044', 'lENSG00000258084', 'lENSG00000258108', 'lENSG00000258167', 'lENSG00000258185', 'lENSG00000258210', 'lENSG00000258220', 'lENSG00000258234', 'lENSG00000258272', 'lENSG00000258292', 'lENSG00000258312', 'lENSG00000258313', 'lENSG00000258323', 'lENSG00000258331', 'lENSG00000258378', 'lENSG00000258379', 'lENSG00000258390', 'lENSG00000258394', 'lENSG00000258425', 'lENSG00000258451', 'lENSG00000258460', 'lENSG00000258515', 'lENSG00000258516', 'lENSG00000258520', 'lENSG00000258610', 'lENSG00000258657', 'lENSG00000258670', 'lENSG00000258690', 'lENSG00000258695', 'lENSG00000258698', 'lENSG00000258742', 'lENSG00000258784', 'lENSG00000258800', 'lENSG00000258824', 'lENSG00000258826', 'lENSG00000258829', 'lENSG00000258850', 'lENSG00000258869', 'lENSG00000258892', 'lENSG00000258904', 'lENSG00000258908', 'lENSG00000258944', 'lENSG00000258958', 'lENSG00000259007', 'lENSG00000259026', 'lENSG00000259187', 'lENSG00000259194', 'lENSG00000259202', 'lENSG00000259211', 'lENSG00000259223', 'lENSG00000259250', 'lENSG00000259256', 'lENSG00000259265', 'lENSG00000259268', 'lENSG00000259290', 'lENSG00000259294', 'lENSG00000259307', 'lENSG00000259342', 'lENSG00000259351', 'lENSG00000259352', 'lENSG00000259360', 'lENSG00000259385', 'lENSG00000259432', 'lENSG00000259503', 'lENSG00000259544', 'lENSG00000259595', 'lENSG00000259631', 'lENSG00000259649', 'lENSG00000259659', 'lENSG00000259678', 'lENSG00000259759', 'lENSG00000259798', 'lENSG00000259805', 'lENSG00000259935', 'lENSG00000259945', 'lENSG00000259955', 'lENSG00000259967', 'lENSG00000260003', 'lENSG00000260017', 'lENSG00000260022', 'lENSG00000260058', 'lENSG00000260158', 'lENSG00000260186', 'lENSG00000260190', 'lENSG00000260237', 'lENSG00000260246', 'lENSG00000260454', 'lENSG00000260605', 'lENSG00000260626', 'lENSG00000260659', 'lENSG00000260720', 'lENSG00000260773', 'lENSG00000260798', 'lENSG00000260814', 'lENSG00000260884', 'lENSG00000260911', 'lENSG00000260970', 'lENSG00000260999', 'lENSG00000261014', 'lENSG00000261036', 'lENSG00000261065', 'lENSG00000261066', 'lENSG00000261070', 'lENSG00000261243', 'lENSG00000261248', 'lENSG00000261261', 'lENSG00000261266', 'lENSG00000261307', 'lENSG00000261332', 'lENSG00000261379', 'lENSG00000261432', 'lENSG00000261475', 'lENSG00000261523', 'lENSG00000261552', 'lENSG00000261569', 'lENSG00000261633', 'lENSG00000261663', 'lENSG00000261695', 'lENSG00000261697', 'lENSG00000261723', 'lENSG00000261729', 'lENSG00000261731', 'lENSG00000261838', 'lENSG00000261864', 'lENSG00000262151', 'lENSG00000262298', 'lENSG00000262434', 'lENSG00000262533', 'lENSG00000262652', 'lENSG00000262692', 'lENSG00000262777', 'lENSG00000262810', 'lENSG00000262815', 'lENSG00000263080', 'lENSG00000263237', 'lENSG00000263257', 'lENSG00000263300', 'lENSG00000263321', 'lENSG00000263335', 'lENSG00000263417', 'lENSG00000263466', 'lENSG00000263585', 'lENSG00000263594', 'lENSG00000263618', 'lENSG00000263684', 'lENSG00000263709', 'lENSG00000263765', 'lENSG00000263797', 'lENSG00000263847', 'lENSG00000263873', 'lENSG00000263952', 'lENSG00000264016', 'lENSG00000264023', 'lENSG00000264066', 'lENSG00000264107', 'lENSG00000264116', 'lENSG00000264151', 'lENSG00000264254', 'lENSG00000264269', 'lENSG00000264486', 'lENSG00000264513', 'lENSG00000264520', 'lENSG00000264546', 'lENSG00000264558', 'lENSG00000264577', 'lENSG00000264595', 'lENSG00000264622', 'lENSG00000264734', 'lENSG00000264769', 'lENSG00000264825', 'lENSG00000264924', 'lENSG00000265125', 'lENSG00000265168', 'lENSG00000265205', 'lENSG00000265265', 'lENSG00000265334', 'lENSG00000265359', 'lENSG00000265400', 'lENSG00000265474', 'lENSG00000265554', 'lENSG00000265625', 'lENSG00000265643', 'lENSG00000265739', 'lENSG00000265743', 'lENSG00000265791', 'lENSG00000265800', 'lENSG00000265840', 'lENSG00000265844', 'lENSG00000265987', 'lENSG00000265994', 'lENSG00000266102', 'lENSG00000266153', 'lENSG00000266311', 'lENSG00000266341', 'lENSG00000266368', 'lENSG00000266397', 'lENSG00000266535', 'lENSG00000266538', 'lENSG00000266541', 'lENSG00000266651', 'lENSG00000266696', 'lENSG00000266801', 'lENSG00000266839', 'lENSG00000266844', 'lENSG00000266877', 'lENSG00000266936', 'lENSG00000266981', 'lENSG00000266985', 'lENSG00000266993', 'lENSG00000267000', 'lENSG00000267028', 'lENSG00000267063', 'lENSG00000267177', 'lENSG00000267225', 'lENSG00000267234', 'lENSG00000267255', 'lENSG00000267263', 'lENSG00000267286', 'lENSG00000267320', 'lENSG00000267341', 'lENSG00000267354', 'lENSG00000267364', 'lENSG00000267378', 'lENSG00000267387', 'lENSG00000267436', 'lENSG00000267437', 'lENSG00000267501', 'lENSG00000267510', 'lENSG00000267543', 'lENSG00000267583', 'lENSG00000267593', 'lENSG00000267615', 'lENSG00000267617', 'lENSG00000267633', 'lENSG00000267638', 'lENSG00000267665', 'lENSG00000267711', 'lENSG00000267791', 'lENSG00000267838', 'lENSG00000267922', 'lENSG00000267980', 'lENSG00000268015', 'lENSG00000268049', 'lENSG00000268051', 'lENSG00000268069', 'lENSG00000268078', 'lENSG00000268191', 'lENSG00000268203', 'lENSG00000268240', 'lENSG00000268289', 'lENSG00000268292', 'lENSG00000268520', 'lENSG00000268605', 'lENSG00000268734', 'lENSG00000268798', 'lENSG00000268833', 'lENSG00000268906', 'lENSG00000268912', 'lENSG00000268981', 'lENSG00000269044', 'lENSG00000269085', 'lENSG00000269145', 'lENSG00000269191', 'lENSG00000269292', 'lENSG00000269321', 'lENSG00000269350', 'lENSG00000269495', 'lENSG00000269578', 'lENSG00000269621', 'lENSG00000269656', 'lENSG00000269729', 'lENSG00000269802', 'lENSG00000269826', 'lENSG00000269843', 'lENSG00000269867', 'lENSG00000269901', 'lENSG00000269950', 'lENSG00000269987', 'lENSG00000270082', 'lENSG00000270094', 'lENSG00000270108', 'lENSG00000270380', 'lENSG00000270726', 'lENSG00000270871', 'lENSG00000270996', 'lENSG00000271032', 'lENSG00000271218', 'lENSG00000271314', 'lENSG00000271579', 'lENSG00000271763', 'lENSG00000271787', 'lENSG00000271833', 'lENSG00000271901', 'lENSG00000271936', 'lENSG00000271945', 'lENSG00000271983', 'lENSG00000272027', 'lENSG00000272072', 'lENSG00000272149', 'lENSG00000272159', 'lENSG00000272338', 'lENSG00000272510', 'lENSG00000272540', 'lENSG00000272575', 'lENSG00000272642', 'lENSG00000272661', 'lENSG00000272742', 'lENSG00000272810', 'lENSG00000272814', 'lENSG00000272866', 'lENSG00000273035', 'lENSG00000273110', 'lENSG00000273198', 'lENSG00000273226', 'lENSG00000273257', 'lENSG00000273271', 'lENSG00000273275', 'lENSG00000273360', 'lENSG00000273461', 'lENSG00000273485', 'lENSG00000273493', 'lENSG00000273550', 'lENSG00000273568', 'lENSG00000273838', 'lENSG00000273877', 'lENSG00000273919', 'lENSG00000274177', 'lENSG00000274561', 'lENSG00000274624', 'lENSG00000274678', 'lENSG00000274737', 'lENSG00000274863', 'lENSG00000274893', 'lENSG00000275173', 'lENSG00000275345', 'lENSG00000275356', 'lENSG00000275401', 'lENSG00000275484', 'lENSG00000275576', 'lENSG00000275638', 'lENSG00000275963', 'lENSG00000276054', 'lENSG00000276107', 'lENSG00000276266', 'lENSG00000276488', 'lENSG00000276527', 'lENSG00000276668', 'lENSG00000276997', 'lENSG00000277173', 'lENSG00000277639', 'lENSG00000277675', 'lENSG00000278000', 'lENSG00000278013', 'lENSG00000278202', 'lENSG00000278351', 'lENSG00000278630', 'lENSG00000278766', 'lENSG00000279088', 'lENSG00000279240', 'lENSG00000279484', 'lENSG00000279501', 'lENSG00000279623', 'lENSG00000279687', 'lENSG00000279751', 'lENSG00000279920', 'lENSG00000280206', 'lENSG00000280224', 'lENSG00000280455', 'lENSG00000280703', 'lENSG00000280870', 'lENSG00000280881', 'lENSG00000281021', 'lENSG00000281831', 'lENSG00000282478', 'lENSG00000282828', 'lENSG00000282950', 'lENSG00000283083', 'lENSG00000283286', 'lENSG00000283347', 'lENSG00000283375', 'lENSG00000283436', 'lENSG00000283457', 'lENSG00000283573', 'lENSG00000283631', 'lENSG00000283766', 'lENSG00000284376', 'lENSG00000284418', 'lENSG00000284500', 'lENSG00000284513', 'lENSG00000284608', 'lENSG00000284699', 'lENSG00000284846', 'lENSG00000285012', 'lENSG00000285040', 'lENSG00000285117', 'lENSG00000285325', 'lENSG00000285354', 'lENSG00000285409', 'lENSG00000285473', 'lENSG00000285518', 'lENSG00000285524', 'lENSG00000285550', 'lENSG00000285551', 'lENSG00000285619', 'lENSG00000285621', 'lENSG00000285654', 'lENSG00000285699', 'lENSG00000285709', 'lENSG00000285780', 'lENSG00000285857', 'lENSG00000285861', 'lENSG00000285889', 'lENSG00000285954', 'lENSG00000285998', 'lENSG00000286002', 'lENSG00000286010', 'lENSG00000286018', 'lENSG00000286020', 'lENSG00000286050', 'lENSG00000286089', 'lENSG00000286093', 'lENSG00000286101', 'lENSG00000286188', 'lENSG00000286194', 'lENSG00000286197', 'lENSG00000286206', 'lENSG00000286242', 'lENSG00000286244', 'lENSG00000286276', 'lENSG00000286303', 'lENSG00000286331', 'lENSG00000286333', 'lENSG00000286338', 'lENSG00000286357', 'lENSG00000286419', 'lENSG00000286430', 'lENSG00000286441', 'lENSG00000286453', 'lENSG00000286474', 'lENSG00000286515', 'lENSG00000286578', 'lENSG00000286581', 'lENSG00000286584', 'lENSG00000286588', 'lENSG00000286598', 'lENSG00000286617', 'lENSG00000286645', 'lENSG00000286670', 'lENSG00000286689', 'lENSG00000286690', 'lENSG00000286698', 'lENSG00000286715', 'lENSG00000286716', 'lENSG00000286722', 'lENSG00000286735', 'lENSG00000286738', 'lENSG00000286740', 'lENSG00000286751', 'lENSG00000286759', 'lENSG00000286767', 'lENSG00000286770', 'lENSG00000286776', 'lENSG00000286781', 'lENSG00000286795', 'lENSG00000286803', 'lENSG00000286820', 'lENSG00000286822', 'lENSG00000286838', 'lENSG00000286843', 'lENSG00000286850', 'lENSG00000286887', 'lENSG00000286908', 'lENSG00000286963', 'lENSG00000287005', 'lENSG00000287006', 'lENSG00000287020', 'lENSG00000287028', 'lENSG00000287030', 'lENSG00000287066', 'lENSG00000287094', 'lENSG00000287107', 'lENSG00000287108', 'lENSG00000287128', 'lENSG00000287155', 'lENSG00000287159', 'lENSG00000287191', 'lENSG00000287198', 'lENSG00000287202', 'lENSG00000287213', 'lENSG00000287236', 'lENSG00000287270', 'lENSG00000287285', 'lENSG00000287321', 'lENSG00000287335', 'lENSG00000287358', 'lENSG00000287359', 'lENSG00000287366', 'lENSG00000287367', 'lENSG00000287381', 'lENSG00000287423', 'lENSG00000287441', 'lENSG00000287451', 'lENSG00000287456', 'lENSG00000287462', 'lENSG00000287501', 'lENSG00000287511', 'lENSG00000287517', 'lENSG00000287518', 'lENSG00000287545', 'lENSG00000287550', 'lENSG00000287551', 'lENSG00000287556', 'lENSG00000287587', 'lENSG00000287618', 'lENSG00000287660', 'lENSG00000287664', 'lENSG00000287684', 'lENSG00000287691', 'lENSG00000287704', 'lENSG00000214955', 'lENSG00000223379', 'lENSG00000223795', 'lENSG00000224884', 'lENSG00000225393', 'lENSG00000225836', 'lENSG00000228255', 'lENSG00000228538', 'lENSG00000229454', 'lENSG00000229458', 'lENSG00000229628', 'lENSG00000229964', 'lENSG00000230600', 'lENSG00000230649', 'lENSG00000231212', 'lENSG00000231616', 'lENSG00000232056', 'lENSG00000232636', 'lENSG00000233200', 'lENSG00000233987', 'lENSG00000234083', 'lENSG00000234810', 'lENSG00000234998', 'lENSG00000235337', 'lENSG00000235795', 'lENSG00000236453', 'lENSG00000239801', 'lENSG00000241792', 'lENSG00000242375', 'lENSG00000244620', 'lENSG00000247810', 'lENSG00000248359', 'lENSG00000248991', 'lENSG00000250481', 'lENSG00000250567', 'lENSG00000250670', 'lENSG00000250686', 'lENSG00000250777', 'lENSG00000250948', 'lENSG00000251654', 'lENSG00000253766', 'lENSG00000254306', 'lENSG00000254927', 'lENSG00000255279', 'lENSG00000255644', 'lENSG00000256686', 'lENSG00000257603', 'lENSG00000257715', 'lENSG00000257962', 'lENSG00000258088', 'lENSG00000258196', 'lENSG00000258386', 'lENSG00000258949', 'lENSG00000259123', 'lENSG00000259209', 'lENSG00000259222', 'lENSG00000259244', 'lENSG00000259255', 'lENSG00000259274', 'lENSG00000259306', 'lENSG00000259407', 'lENSG00000260511', 'lENSG00000260983', 'lENSG00000261193', 'lENSG00000261445', 'lENSG00000261470', 'lENSG00000261775', 'lENSG00000264660', 'lENSG00000265174', 'lENSG00000266893', 'lENSG00000267081', 'lENSG00000267521', 'lENSG00000267581', 'lENSG00000269391', 'lENSG00000269460', 'lENSG00000272304', 'lENSG00000273138', 'lENSG00000273403', 'lENSG00000273486', 'lENSG00000274902', 'lENSG00000275232', 'lENSG00000278514', 'lENSG00000279672', 'lENSG00000282887', 'lENSG00000286164', 'lENSG00000226032', 'lENSG00000235736', 'lENSG00000251613', 'lENSG00000263316', 'lENSG00000260141', 'lENSG00000271870', 'lENSG00000272934', 'lENSG00000265556', 'lENSG00000271840', 'lENSG00000281408', 'lENSG00000268166', 'lALG13-AS1', 'lDGUOK-AS1', 'lDSCR8', 'lMIR145', 'lMIR3179-2', 'lMIR3654', 'lACA64', 'lCDKN2B-AS', 'lC3orf65']","[0.0, 1.0, 1.0, 1.0, 0.0, 1.0, 0.0, 1.0, 0.0, 0.0, 0.0, 0.0, 1.0, 1.0, 1.0, 0.0, 0.0, 0.0, 0.0, 0.0, 0.0, 0.0, 0.0, 1.0, 0.0, 0.0, 0.0, 0.0, 1.0, 1.0, 1.0, 1.0, 1.0, 0.0, 1.0, 0.0, 1.0, 1.0, 0.0, 1.0, 0.0, 1.0, 0.0, 0.0, 1.0, 0.0, 0.0, 0.0, 0.0, 1.0, 1.0, 1.0, 1.0, 0.0, 1.0, 0.0, 0.0, 1.0, 0.0, 0.0, 1.0, 1.0, 1.0, 1.0, 0.0, 0.0, 0.0, 0.0, 1.0, 1.0, 1.0, 1.0, 1.0, 1.0, 0.0, 1.0, 0.0, 0.0, 1.0, 1.0, 1.0, 0.0, 0.0, 1.0, 1.0, 0.0, 1.0, 0.0, 1.0, 1.0, 1.0, 0.0, 1.0, 0.0, 1.0, 1.0, 0.0, 0.0, 1.0, 1.0, 0.0, 1.0, 0.0, 0.0, 0.0, 1.0, 0.0, 1.0, 1.0, 1.0, 1.0, 1.0, 1.0, 0.0, 0.0, 1.0, 1.0, 1.0, 1.0, 0.0, 1.0, 0.0, 1.0, 1.0, 1.0, 0.0, 1.0, 0.0, 0.0, 0.0, 0.0, 1.0, 1.0, 0.0, 0.0, 0.0, 0.0, 1.0, 1.0, 0.0, 1.0, 1.0, 0.0, 1.0, 0.0, 1.0, 1.0, 0.0, 0.0, 0.0, 0.0, 1.0, 0.0, 1.0, 1.0, 0.0, 0.0, 1.0, 1.0, 0.0, 0.0, 1.0, 0.0, 1.0, 1.0, 1.0, 0.0, 1.0, 0.0, 1.0, 0.0, 1.0, 1.0, 0.0, 0.0, 1.0, 0.0, 1.0, 0.0, 0.0, 1.0, 0.0, 1.0, 0.0, 1.0, 0.0, 0.0, 1.0, 0.0, 0.0, 1.0, 0.0, 0.0, 1.0, 0.0, 0.0, 0.0, 1.0, 0.0, 0.0, 1.0, 0.0, 1.0, 1.0, 1.0, 0.0, 0.0, 0.0, 1.0, 0.0, 0.0, 0.0, 1.0, 1.0, 1.0, 1.0, 1.0, 1.0, 0.0, 1.0, 1.0, 0.0, 1.0, 1.0, 0.0, 1.0, 1.0, 0.0, 1.0, 0.0, 1.0, 1.0, 0.0, 0.0, 0.0, 1.0, 0.0, 0.0, 1.0, 1.0, 1.0, 1.0, 1.0, 1.0, 0.0, 1.0, 1.0, 1.0, 1.0, 0.0, 0.0, 1.0, 1.0, 1.0, 0.0, 1.0, 1.0, 0.0, 0.0, 1.0, 1.0, 1.0, 1.0, 1.0, 0.0, 1.0, 1.0, 0.0, 0.0, 1.0, 1.0, 1.0, 0.0, 1.0, 1.0, 0.0, 1.0, 1.0, 0.0, 0.0, 0.0, 1.0, 0.0, 0.0, 1.0, 0.0, 1.0, 0.0, 1.0, 0.0, 1.0, 1.0, 1.0, 0.0, 1.0, 0.0, 0.0, 0.0, 0.0, 0.0, 0.0, 1.0, 1.0, 1.0, 1.0, 1.0, 1.0, 0.0, 1.0, 0.0, 0.0, 0.0, 0.0, 0.0, 1.0, 1.0, 0.0, 1.0, 1.0, 0.0, 0.0, 0.0, 1.0, 1.0, 0.0, 1.0, 1.0, 0.0, 1.0, 1.0, 1.0, 1.0, 0.0, 0.0, 1.0, 0.0, 0.0, 1.0, 1.0, 1.0, 1.0, 1.0, 0.0, 1.0, 0.0, 1.0, 1.0, 0.0, 0.0, 1.0, 1.0, 0.0, 1.0, 0.0, 0.0, 1.0, 0.0, 0.0, 0.0, 0.0, 1.0, 0.0, 1.0, 1.0, 1.0, 0.0, 0.0, 1.0, 0.0, 0.0, 1.0, 0.0, 0.0, 1.0, 1.0, 1.0, 1.0, 1.0, 1.0, 0.0, 0.0, 0.0, 1.0, 0.0, 1.0, 0.0, 1.0, 1.0, 0.0, 1.0, 0.0, 1.0, 0.0, 1.0, 0.0, 0.0, 1.0, 1.0, 1.0, 0.0, 1.0, 1.0, 0.0, 0.0, 1.0, 1.0, 0.0, 1.0, 1.0, 1.0, 0.0, 1.0, 0.0, 0.0, 0.0, 0.0, 1.0, 0.0, 1.0, 1.0, 0.0, 1.0, 1.0, 1.0, 1.0, 0.0, 0.0, 0.0, 1.0, 0.0, 1.0, 0.0, 0.0, 0.0, 0.0, 1.0, 1.0, 1.0, 1.0, 0.0, 0.0, 0.0, 0.0, 1.0, 0.0, 0.0, 0.0, 0.0, 1.0, 1.0, 0.0, 0.0, 0.0, 0.0, 1.0, 0.0, 0.0, 0.0, 0.0, 1.0, 0.0, 0.0, 1.0, 0.0, 0.0, 0.0, 0.0, 0.0, 1.0, 0.0, 0.0, 1.0, 1.0, 1.0, 0.0, 0.0, 0.0, 1.0, 1.0, 0.0, 0.0, 1.0, 0.0, 1.0, 0.0, 1.0, 0.0, 1.0, 1.0, 1.0, 1.0, 1.0, 1.0, 1.0, 1.0, 0.0, 0.0, 0.0, 1.0, 0.0, 1.0, 0.0, 1.0, 0.0, 0.0, 0.0, 0.0, 1.0, 1.0, 1.0, 0.0, 0.0, 1.0, 0.0, 1.0, 1.0, 0.0, 1.0, 0.0, 1.0, 1.0, 0.0, 1.0, 0.0, 1.0, 1.0, 0.0, 0.0, 1.0, 0.0, 1.0, 0.0, 0.0, 1.0, 1.0, 1.0, 1.0, 1.0, 0.0, 1.0, 0.0, 1.0, 1.0, 1.0, 1.0, 0.0, 0.0, 0.0, 0.0, 1.0, 0.0, 1.0, 1.0, 1.0, 0.0, 1.0, 1.0, 0.0, 0.0, 0.0, 0.0, 1.0, 0.0, 0.0, 0.0, 0.0, 1.0, 1.0, 0.0, 1.0, 0.0, 1.0, 0.0, 1.0, 1.0, 1.0, 1.0, 1.0, 1.0, 1.0, 1.0, 1.0, 0.0, 1.0, 1.0, 0.0, 1.0, 1.0, 0.0, 0.0, 0.0, 0.0, 0.0, 1.0, 1.0, 1.0, 1.0, 1.0, 0.0, 1.0, 0.0, 0.0, 0.0, 1.0, 1.0, 0.0, 1.0, 1.0, 1.0, 1.0, 1.0, 1.0, 1.0, 0.0, 1.0, 0.0, 1.0, 1.0, 0.0, 1.0, 1.0, 0.0, 0.0, 1.0, 1.0, 0.0, 0.0, 1.0, 1.0, 1.0, 1.0, 0.0, 1.0, 0.0, 1.0, 1.0, 0.0, 1.0, 1.0, 1.0, 1.0, 0.0, 1.0, 0.0, 0.0, 1.0, 1.0, 1.0, 0.0, 1.0, 1.0, 1.0, 0.0, 1.0, 1.0, 1.0, 1.0, 1.0, 0.0, 0.0, 1.0, 0.0, 1.0, 1.0, 1.0, 1.0, 0.0, 1.0, 1.0, 0.0, 0.0, 1.0, 0.0, 1.0, 0.0, 0.0, 1.0, 1.0, 0.0, 0.0, 1.0, 1.0, 1.0, 0.0, 0.0, 1.0, 1.0, 0.0, 0.0, 0.0, 1.0, 0.0, 1.0, 0.0, 1.0, 0.0, 0.0, 1.0, 1.0, 0.0, 0.0, 1.0, 0.0, 0.0, 1.0, 0.0, 0.0, 1.0, 1.0, 1.0, 0.0, 1.0, 1.0, 1.0, 0.0, 1.0, 1.0, 0.0, 0.0, 1.0, 0.0, 0.0, 1.0, 0.0, 1.0, 0.0, 0.0, 1.0, 1.0, 1.0, 0.0, 1.0, 1.0, 0.0, 1.0, 0.0, 0.0, 1.0, 1.0, 1.0, 0.0, 0.0, 0.0, 0.0, 0.0, 1.0, 0.0, 1.0, 0.0, 1.0, 0.0, 0.0, 1.0, 1.0, 1.0, 0.0, 1.0, 0.0, 0.0, 1.0, 1.0, 1.0, 0.0, 0.0, 1.0, 0.0, 0.0, 0.0, 0.0, 1.0, 0.0, 0.0, 1.0, 0.0, 0.0, 0.0, 0.0, 0.0, 1.0, 0.0, 1.0, 0.0, 0.0, 0.0, 1.0, 0.0, 0.0, 1.0, 1.0, 0.0, 1.0, 1.0, 0.0, 0.0, 1.0, 0.0, 0.0, 1.0, 0.0, 1.0, 0.0, 1.0, 0.0, 0.0, 1.0, 0.0, 1.0, 0.0, 1.0, 1.0, 0.0, 1.0, 1.0, 1.0, 1.0, 1.0, 0.0, 0.0, 1.0, 1.0, 0.0, 1.0, 0.0, 1.0, 1.0, 0.0, 0.0, 1.0, 0.0, 0.0, 1.0, 0.0, 0.0, 0.0, 1.0, 0.0, 1.0, 0.0, 0.0, 1.0, 1.0, 1.0, 0.0, 0.0, 1.0, 1.0, 0.0, 1.0, 0.0, 1.0, 1.0, 1.0, 0.0, 1.0, 0.0, 0.0, 1.0, 0.0, 1.0, 1.0, 1.0, 0.0, 0.0, 0.0, 1.0, 1.0, 0.0, 0.0, 0.0, 1.0, 1.0, 1.0, 1.0, 1.0, 0.0, 1.0, 1.0, 0.0, 1.0, 0.0, 1.0, 1.0, 1.0, 1.0, 0.0, 0.0, 1.0, 0.0, 0.0, 1.0, 0.0, 1.0, 1.0, 1.0, 0.0, 0.0, 1.0, 0.0, 0.0, 1.0, 0.0, 0.0, 1.0, 1.0, 1.0, 1.0, 0.0, 1.0, 1.0, 1.0, 0.0, 0.0, 0.0, 1.0, 0.0, 1.0, 0.0, 1.0, 1.0, 0.0, 1.0, 1.0, 1.0, 0.0, 0.0, 1.0, 0.0, 0.0, 0.0, 0.0, 1.0, 1.0, 0.0, 1.0, 1.0, 1.0, 0.0, 0.0, 1.0, 0.0, 1.0, 0.0, 0.0, 1.0, 1.0, 1.0, 1.0, 1.0, 1.0, 0.0, 1.0, 1.0, 1.0, 1.0, 0.0, 1.0, 0.0, 0.0, 0.0, 0.0, 1.0, 1.0, 0.0, 1.0, 0.0, 0.0, 1.0, 0.0, 1.0, 0.0, 1.0, 1.0, 1.0, 0.0, 1.0, 0.0, 0.0, 0.0, 0.0, 1.0, 1.0, 0.0, 1.0, 0.0, 0.0, 0.0, 0.0, 1.0, 1.0, 1.0, 1.0, 0.0, 0.0, 1.0, 1.0, 0.0, 0.0, 0.0, 1.0, 0.0, 0.0, 0.0, 0.0, 0.0, 1.0, 0.0, 1.0, 0.0, 0.0, 1.0, 0.0, 0.0, 1.0, 1.0, 0.0, 1.0, 1.0, 1.0, 1.0, 1.0, 0.0, 0.0, 0.0, 0.0, 1.0, 0.0, 1.0, 1.0, 1.0, 1.0, 1.0, 1.0, 0.0, 0.0, 0.0, 1.0, 1.0, 0.0, 0.0, 1.0, 0.0, 1.0, 0.0, 0.0, 1.0, 1.0, 0.0, 1.0, 0.0, 1.0, 0.0, 0.0, 0.0, 0.0, 0.0, 1.0, 0.0, 1.0, 1.0, 1.0, 1.0, 1.0, 0.0, 0.0, 0.0, 1.0, 1.0, 1.0, 0.0, 1.0, 1.0, 1.0, 1.0, 1.0, 0.0, 0.0, 0.0, 0.0, 1.0, 1.0, 1.0, 1.0, 0.0, 0.0, 0.0, 1.0, 0.0, 0.0, 0.0, 1.0, 0.0, 0.0, 0.0, 1.0, 1.0, 1.0, 1.0, 1.0, 1.0, 1.0, 1.0, 0.0, 1.0, 0.0, 0.0, 1.0, 0.0, 1.0, 1.0, 0.0, 1.0, 0.0, 0.0, 0.0, 0.0, 0.0, 0.0, 0.0, 1.0, 1.0, 1.0, 0.0, 1.0, 0.0, 1.0, 1.0, 0.0, 1.0, 0.0, 0.0, 0.0, 0.0, 1.0, 1.0, 0.0, 0.0, 0.0, 1.0, 1.0, 1.0, 0.0, 0.0, 0.0, 0.0, 1.0, 0.0, 1.0, 1.0, 0.0, 1.0, 0.0, 1.0, 1.0, 1.0, 1.0, 1.0, 0.0, 0.0, 1.0, 0.0, 1.0, 1.0, 1.0, 1.0, 0.0, 0.0, 0.0, 1.0, 1.0, 1.0, 1.0, 1.0, 1.0, 1.0, 1.0, 0.0, 0.0, 0.0, 1.0, 1.0, 1.0, 1.0, 1.0, 0.0, 0.0, 1.0, 0.0, 0.0, 1.0, 0.0, 1.0, 1.0, 1.0, 1.0, 0.0, 0.0, 1.0, 0.0, 1.0, 1.0, 0.0, 0.0, 0.0, 1.0, 1.0, 0.0, 1.0, 1.0, 1.0, 0.0, 1.0, 0.0, 0.0, 1.0, 1.0, 0.0, 1.0, 0.0, 1.0, 1.0, 0.0, 0.0, 0.0, 1.0, 1.0, 1.0, 1.0, 0.0, 0.0, 1.0, 1.0, 1.0, 0.0, 0.0, 0.0, 1.0, 0.0, 1.0, 0.0, 1.0, 0.0, 1.0, 0.0, 1.0, 1.0, 0.0, 0.0, 1.0, 1.0, 1.0, 0.0, 0.0, 0.0, 0.0, 0.0, 0.0, 1.0, 0.0, 0.0, 0.0, 1.0, 0.0, 0.0, 0.0, 0.0, 1.0, 0.0, 0.0, 0.0, 1.0, 1.0, 0.0, 0.0, 1.0, 0.0, 1.0, 1.0, 0.0, 1.0, 0.0, 0.0, 0.0, 0.0, 0.0, 1.0, 0.0, 1.0, 1.0, 1.0, 1.0, 0.0, 1.0, 1.0, 1.0, 1.0, 1.0, 1.0, 1.0, 1.0, 1.0, 1.0, 1.0, 1.0, 1.0, 1.0, 1.0, 1.0, 0.0, 0.0, 1.0, 0.0, 1.0, 1.0, 0.0, 1.0, 0.0, 0.0, 0.0, 0.0, 1.0, 1.0, 1.0, 1.0, 1.0, 0.0, 0.0, 0.0, 1.0, 1.0, 1.0, 1.0, 1.0, 0.0, 1.0, 1.0, 1.0, 1.0, 0.0, 0.0, 0.0, 0.0, 1.0, 0.0, 1.0, 1.0, 0.0, 1.0, 1.0, 1.0, 0.0, 0.0, 1.0, 1.0, 0.0, 0.0, 0.0, 0.0, 1.0, 0.0, 0.0, 1.0, 1.0, 1.0, 0.0, 1.0, 1.0, 1.0, 1.0, 1.0, 1.0, 1.0, 1.0, 0.0, 1.0, 0.0, 1.0, 1.0, 0.0, 1.0, 1.0, 0.0, 0.0, 0.0, 0.0, 0.0, 0.0, 0.0, 0.0, 0.0, 1.0, 0.0, 1.0, 1.0, 1.0, 0.0, 1.0, 1.0, 0.0, 0.0, 1.0, 0.0, 1.0, 1.0, 1.0, 0.0, 0.0, 0.0, 0.0, 0.0, 0.0, 0.0, 0.0, 1.0, 1.0, 1.0, 0.0, 1.0, 1.0, 1.0, 0.0, 0.0, 0.0, 1.0, 0.0, 1.0, 1.0, 0.0, 0.0, 1.0, 0.0, 0.0, 0.0, 0.0, 1.0, 0.0, 1.0, 1.0, 1.0, 1.0, 0.0, 0.0, 0.0, 0.0, 0.0, 1.0, 0.0, 0.0, 1.0, 1.0, 0.0, 0.0, 0.0, 0.0, 1.0, 0.0, 0.0, 0.0, 0.0, 0.0, 1.0, 1.0, 0.0, 1.0, 0.0, 0.0, 0.0, 1.0, 1.0, 0.0, 0.0, 1.0, 1.0, 1.0, 1.0, 0.0, 1.0, 0.0, 0.0, 1.0, 1.0, 0.0, 1.0, 1.0, 0.0, 0.0, 0.0, 1.0, 0.0, 0.0, 0.0, 0.0, 0.0, 0.0, 0.0, 0.0, 0.0, 0.0, 1.0, 1.0, 0.0, 1.0, 0.0, 1.0, 0.0, 0.0, 1.0, 1.0, 0.0, 0.0, 0.0, 1.0, 0.0, 1.0, 0.0, 1.0, 1.0, 0.0, 0.0, 1.0, 0.0, 1.0, 0.0, 1.0, 0.0, 1.0, 1.0, 1.0, 0.0, 1.0, 0.0, 1.0, 1.0, 0.0, 1.0, 0.0, 1.0, 0.0, 0.0, 0.0, 0.0, 0.0, 0.0, 1.0, 0.0, 0.0, 1.0, 0.0, 0.0, 0.0, 0.0, 1.0, 0.0, 1.0, 0.0, 1.0, 1.0, 0.0, 0.0, 0.0, 0.0, 0.0, 1.0, 1.0, 1.0, 0.0, 1.0, 1.0, 0.0, 0.0, 0.0, 0.0, 0.0, 0.0, 0.0, 1.0, 0.0, 1.0, 0.0, 0.0, 0.0, 0.0, 0.0, 1.0, 1.0, 1.0, 0.0, 1.0, 0.0, 1.0, 0.0, 1.0, 0.0, 1.0, 0.0, 0.0, 1.0, 0.0, 0.0, 1.0, 0.0, 0.0, 0.0, 0.0, 1.0, 1.0, 1.0, 0.0, 0.0, 1.0, 1.0, 1.0, 0.0, 1.0, 0.0, 0.0, 0.0, 0.0, 1.0, 1.0, 1.0, 0.0, 1.0, 0.0, 1.0, 0.0, 1.0, 0.0, 0.0, 0.0, 1.0, 1.0, 1.0, 1.0, 1.0, 1.0, 0.0, 0.0, 1.0, 1.0, 0.0, 1.0, 0.0, 0.0, 1.0, 0.0, 1.0, 0.0, 0.0, 1.0, 0.0, 1.0, 0.0, 1.0, 0.0, 1.0, 1.0, 0.0, 1.0, 1.0, 1.0, 0.0, 0.0, 0.0, 0.0, 1.0, 0.0, 1.0, 0.0, 0.0, 0.0, 0.0, 1.0, 1.0, 0.0, 1.0, 1.0, 0.0, 1.0, 0.0, 1.0, 0.0, 0.0, 0.0, 1.0, 1.0, 0.0, 1.0, 0.0, 1.0, 0.0, 1.0, 1.0, 0.0, 1.0, 0.0, 1.0, 1.0, 1.0, 0.0, 0.0, 1.0, 0.0, 0.0, 0.0, 1.0, 0.0, 0.0, 0.0, 1.0, 0.0, 1.0, 0.0, 1.0, 0.0, 1.0, 0.0, 1.0, 1.0, 0.0, 0.0, 1.0, 1.0, 1.0, 0.0, 0.0, 1.0, 0.0, 1.0, 0.0, 1.0, 0.0, 0.0, 1.0, 1.0, 1.0, 1.0, 0.0, 1.0, 1.0, 1.0, 0.0, 0.0, 1.0, 0.0, 0.0, 0.0, 1.0, 1.0, 0.0, 1.0, 0.0, 1.0, 1.0, 1.0, 0.0, 1.0, 0.0, 1.0, 1.0, 1.0, 1.0, 0.0, 0.0, 0.0, 1.0, 1.0, 0.0, 1.0, 1.0, 0.0, 0.0, 0.0, 0.0, 1.0, 1.0, 1.0, 0.0, 1.0, 0.0, 1.0, 0.0, 0.0, 1.0, 1.0, 0.0, 0.0, 1.0, 0.0, 1.0, 0.0, 0.0, 1.0, 1.0, 0.0, 1.0, 0.0, 1.0, 1.0, 1.0, 1.0, 0.0, 1.0, 1.0, 1.0, 1.0, 0.0, 0.0, 1.0, 1.0, 1.0, 1.0, 0.0, 1.0, 0.0, 1.0, 0.0, 0.0, 1.0, 1.0, 1.0, 1.0, 0.0, 0.0, 0.0, 0.0, 1.0, 1.0, 0.0, 1.0, 1.0, 0.0, 0.0, 0.0, 1.0, 1.0, 1.0, 1.0, 0.0, 0.0, 0.0, 1.0, 0.0, 0.0, 0.0, 1.0, 0.0, 1.0, 1.0, 1.0, 0.0, 0.0, 0.0, 1.0, 1.0, 0.0, 0.0, 1.0, 0.0, 0.0, 1.0, 1.0, 0.0, 0.0, 0.0, 1.0, 0.0, 1.0, 0.0, 1.0, 1.0, 0.0, 1.0, 1.0, 1.0, 1.0, 1.0, 1.0, 1.0, 1.0, 0.0, 0.0, 0.0, 1.0, 0.0, 0.0, 0.0, 0.0, 1.0, 1.0, 0.0, 1.0, 1.0, 0.0, 0.0, 1.0, 1.0, 0.0, 1.0, 0.0, 0.0, 1.0, 1.0, 0.0, 0.0, 0.0, 1.0, 1.0, 0.0, 0.0, 0.0, 0.0, 1.0, 1.0, 0.0, 1.0, 0.0, 1.0, 1.0, 0.0, 1.0, 0.0, 1.0, 0.0, 0.0, 0.0, 0.0, 1.0, 1.0, 0.0, 0.0, 0.0, 1.0, 1.0, 1.0, 1.0, 0.0, 1.0, 1.0, 0.0, 0.0, 1.0, 0.0, 0.0, 1.0, 1.0, 1.0, 1.0, 0.0, 0.0, 1.0, 0.0, 0.0, 0.0, 1.0, 0.0, 0.0, 0.0, 1.0, 0.0, 1.0, 1.0, 1.0, 1.0, 1.0, 0.0, 1.0, 0.0, 1.0, 0.0, 1.0, 1.0, 1.0, 0.0, 0.0, 0.0, 1.0, 0.0, 0.0, 1.0, 0.0, 0.0, 0.0, 0.0, 1.0, 0.0, 1.0, 0.0, 1.0, 1.0, 0.0, 1.0, 0.0, 1.0, 1.0, 0.0, 1.0, 0.0, 0.0, 1.0, 0.0, 0.0, 0.0, 1.0, 1.0, 1.0, 1.0, 1.0, 0.0, 0.0, 0.0, 0.0, 1.0, 0.0, 1.0, 0.0, 1.0, 1.0, 0.0, 1.0, 0.0, 0.0, 0.0, 1.0, 0.0, 1.0, 0.0, 1.0, 0.0, 1.0, 0.0, 0.0, 0.0, 0.0, 1.0, 1.0, 0.0, 0.0, 0.0, 1.0, 0.0, 1.0, 0.0, 0.0, 1.0, 0.0, 1.0, 0.0, 0.0, 0.0, 1.0, 1.0, 0.0, 0.0, 1.0, 0.0, 0.0, 0.0, 0.0, 0.0, 0.0, 1.0, 0.0, 1.0, 0.0, 1.0, 1.0, 1.0, 1.0, 0.0, 1.0, 0.0, 1.0, 0.0, 1.0, 1.0, 1.0, 1.0, 0.0, 0.0, 1.0, 0.0, 1.0, 1.0, 0.0, 1.0, 1.0, 1.0, 1.0, 0.0, 0.0, 0.0, 1.0, 0.0, 1.0, 1.0, 0.0, 1.0, 1.0, 1.0, 1.0, 0.0, 0.0, 1.0, 1.0, 1.0, 1.0, 1.0, 0.0, 0.0, 0.0, 1.0, 1.0, 0.0, 1.0, 1.0, 1.0, 1.0, 0.0, 1.0, 1.0, 0.0, 0.0, 1.0, 0.0, 0.0, 1.0, 1.0, 1.0, 1.0, 0.0, 1.0, 1.0, 0.0, 1.0, 0.0, 0.0, 0.0, 0.0, 0.0, 1.0, 0.0, 1.0, 0.0, 0.0, 1.0, 1.0, 1.0, 0.0, 1.0, 0.0, 0.0, 0.0, 1.0, 1.0, 1.0, 0.0, 0.0, 1.0, 1.0, 0.0, 1.0, 1.0, 0.0, 0.0, 1.0, 1.0, 1.0, 0.0, 1.0, 0.0, 1.0, 0.0, 0.0, 0.0, 1.0, 0.0, 1.0, 1.0, 0.0, 1.0, 1.0, 1.0, 1.0, 0.0, 0.0, 0.0, 1.0, 1.0, 0.0, 0.0, 1.0, 0.0, 0.0, 1.0, 0.0, 0.0, 0.0, 0.0, 0.0, 0.0, 1.0, 0.0, 0.0, 1.0, 0.0, 0.0, 0.0, 1.0, 0.0, 0.0, 0.0, 0.0, 0.0, 1.0, 0.0, 0.0, 1.0, 0.0, 1.0, 0.0, 0.0, 1.0, 0.0, 0.0, 0.0, 1.0, 0.0, 1.0, 1.0, 0.0, 0.0, 1.0, 0.0, 1.0, 0.0, 1.0, 0.0, 0.0, 1.0, 0.0, 0.0, 1.0, 0.0, 0.0, 0.0, 1.0, 0.0, 0.0, 0.0, 0.0, 1.0, 1.0, 1.0, 1.0, 1.0, 1.0, 0.0, 1.0, 1.0, 1.0, 0.0, 0.0, 1.0, 1.0, 1.0, 1.0, 1.0, 0.0, 0.0, 0.0, 1.0, 1.0, 0.0, 0.0, 1.0, 1.0, 1.0, 0.0, 0.0, 0.0, 1.0, 0.0, 1.0, 0.0, 1.0, 1.0, 1.0, 1.0, 1.0, 1.0, 1.0, 0.0, 1.0, 0.0, 0.0, 0.0, 0.0, 0.0, 0.0, 1.0, 1.0, 1.0, 0.0, 1.0, 0.0, 0.0, 0.0, 1.0, 1.0, 0.0, 1.0, 0.0, 1.0, 0.0, 1.0, 0.0, 1.0, 0.0, 0.0, 1.0, 1.0, 0.0, 0.0, 0.0, 1.0, 0.0, 0.0, 1.0, 0.0, 1.0, 0.0, 1.0, 1.0, 0.0, 1.0, 0.0, 0.0, 0.0, 0.0, 1.0, 0.0, 0.0, 0.0, 1.0, 0.0, 0.0, 1.0, 1.0, 0.0, 0.0, 0.0, 0.0, 0.0, 0.0, 1.0, 1.0, 0.0, 1.0, 1.0, 1.0, 0.0, 1.0, 1.0, 1.0, 0.0, 1.0, 1.0, 0.0, 0.0, 1.0, 0.0, 1.0, 0.0, 1.0, 1.0, 0.0, 0.0, 1.0, 1.0, 1.0, 0.0, 1.0, 1.0, 1.0, 0.0, 1.0, 1.0, 1.0, 0.0, 1.0, 1.0, 0.0, 1.0, 0.0, 1.0, 0.0, 0.0, 1.0, 0.0, 1.0, 0.0, 0.0, 0.0, 0.0, 1.0, 0.0, 1.0, 0.0, 0.0, 0.0, 0.0, 0.0, 0.0, 1.0, 1.0, 0.0, 0.0, 0.0, 0.0, 0.0, 1.0, 0.0, 1.0, 0.0, 1.0, 1.0, 1.0, 0.0, 1.0, 0.0, 1.0, 0.0, 0.0, 1.0, 0.0, 0.0, 1.0, 0.0, 1.0, 0.0, 0.0, 0.0, 0.0, 1.0, 1.0, 0.0, 0.0, 0.0, 0.0, 1.0, 1.0, 1.0, 0.0, 1.0, 0.0, 1.0, 0.0, 0.0, 0.0, 1.0, 0.0, 1.0, 1.0, 0.0, 1.0, 0.0, 1.0, 0.0, 0.0, 0.0, 1.0, 0.0, 1.0, 0.0, 0.0, 1.0, 0.0, 0.0, 0.0, 1.0, 1.0, 0.0, 0.0, 1.0, 1.0, 0.0, 1.0, 1.0, 1.0, 1.0, 0.0, 0.0, 1.0, 0.0, 1.0, 1.0, 0.0, 1.0, 1.0, 0.0, 0.0, 0.0, 1.0, 0.0, 1.0, 0.0, 0.0, 1.0, 1.0, 1.0, 1.0, 0.0, 1.0, 0.0, 1.0, 1.0, 0.0, 0.0, 1.0, 1.0, 0.0, 0.0, 0.0, 0.0, 1.0, 1.0, 0.0, 0.0, 0.0, 0.0, 0.0, 0.0, 1.0, 0.0, 0.0, 1.0, 1.0, 0.0, 1.0, 0.0, 0.0, 1.0, 1.0, 0.0, 1.0, 1.0, 0.0, 1.0, 0.0, 1.0, 1.0, 0.0, 1.0, 0.0, 1.0, 1.0, 1.0, 0.0, 0.0, 1.0, 1.0, 1.0, 1.0, 0.0, 1.0, 1.0, 0.0, 1.0, 0.0, 1.0, 0.0, 1.0, 0.0, 1.0, 1.0, 0.0, 0.0, 1.0, 0.0, 0.0, 1.0, 0.0, 0.0, 1.0, 0.0, 1.0, 0.0, 1.0, 0.0, 1.0, 1.0, 0.0, 1.0, 1.0, 1.0, 1.0, 1.0, 0.0, 0.0, 1.0, 0.0, 0.0, 1.0, 0.0, 1.0, 0.0, 1.0, 1.0, 0.0, 1.0, 1.0, 0.0, 0.0, 0.0, 0.0, 0.0, 1.0, 0.0, 1.0, 0.0, 1.0, 1.0, 0.0, 0.0, 1.0, 0.0, 0.0, 1.0, 0.0, 1.0, 0.0, 0.0, 0.0, 1.0, 0.0, 1.0, 1.0, 1.0, 0.0, 1.0, 0.0, 0.0, 1.0, 1.0, 0.0, 0.0, 0.0, 1.0, 1.0, 0.0, 0.0, 1.0, 1.0, 0.0, 1.0, 1.0, 0.0, 0.0, 0.0, 1.0, 0.0, 1.0, 0.0, 1.0, 0.0, 0.0, 0.0, 1.0, 1.0, 1.0, 0.0, 0.0, 1.0, 0.0, 0.0, 0.0, 0.0, 1.0, 0.0, 0.0, 1.0, 1.0, 0.0, 0.0, 0.0, 1.0, 0.0, 1.0, 1.0, 0.0, 1.0, 1.0, 1.0, 0.0, 0.0, 0.0, 0.0, 1.0, 1.0, 1.0, 1.0, 0.0, 1.0, 1.0, 1.0, 0.0, 1.0, 0.0, 1.0, 0.0, 1.0, 1.0, 1.0, 1.0, 0.0, 1.0, 1.0, 0.0, 0.0, 1.0, 1.0, 1.0, 0.0, 0.0, 0.0, 1.0, 0.0, 0.0, 1.0, 1.0, 0.0, 0.0, 1.0, 0.0, 1.0, 0.0, 1.0, 0.0, 1.0, 0.0, 1.0, 1.0, 0.0, 1.0, 0.0, 0.0, 0.0, 0.0, 1.0, 1.0, 1.0, 1.0, 0.0, 0.0, 0.0, 0.0, 0.0, 0.0, 0.0, 1.0, 1.0, 1.0, 0.0, 1.0, 0.0, 1.0, 0.0, 0.0, 1.0, 0.0, 1.0, 1.0, 1.0, 0.0, 0.0, 1.0, 1.0, 1.0, 0.0, 0.0, 0.0, 0.0, 0.0, 0.0, 0.0, 0.0, 1.0, 1.0, 0.0, 0.0, 0.0, 0.0, 1.0, 1.0, 1.0, 1.0, 1.0, 1.0, 0.0, 1.0, 0.0, 0.0, 1.0, 0.0, 1.0, 0.0, 1.0, 0.0, 1.0, 0.0, 0.0, 1.0, 1.0, 1.0, 0.0, 1.0, 1.0, 1.0, 1.0, 0.0, 0.0, 0.0, 0.0, 0.0, 1.0, 0.0, 0.0, 1.0, 0.0, 1.0, 0.0, 0.0, 0.0, 1.0, 1.0, 0.0, 0.0, 1.0, 1.0, 0.0, 1.0, 1.0, 0.0, 1.0, 0.0, 1.0, 0.0, 1.0, 0.0, 1.0, 0.0, 1.0, 1.0, 0.0, 0.0, 0.0, 1.0, 1.0, 0.0, 0.0, 1.0, 0.0, 1.0, 0.0, 0.0, 0.0, 1.0, 0.0, 0.0, 0.0, 0.0, 0.0, 1.0, 1.0, 0.0, 1.0, 1.0, 0.0, 1.0, 1.0, 1.0, 1.0, 1.0, 1.0, 1.0, 1.0, 0.0, 1.0, 1.0, 0.0, 1.0, 0.0, 1.0, 1.0, 1.0, 1.0, 0.0, 0.0, 0.0, 0.0, 1.0, 0.0, 0.0, 1.0, 0.0, 1.0, 1.0]","['lNONHSAG000603', 'lNONHSAG002058', 'lNONHSAG002454', 'lNONHSAG003505', 'lNONHSAG003512', 'lNONHSAG004095', 'lNONHSAG005153', 'lNONHSAG005920', 'lNONHSAG006362', 'lNONHSAG006756', 'lNONHSAG007295', 'lNONHSAG008167', 'lNONHSAG008859', 'lNONHSAG010405', 'lNONHSAG010716', 'lNONHSAG011343', 'lNONHSAG012076', 'lNONHSAG012594', 'lNONHSAG013095', 'lNONHSAG013515', 'lNONHSAG013730', 'lNONHSAG013946', 'lNONHSAG015163', 'lNONHSAG015234', 'lNONHSAG015417', 'lNONHSAG015505', 'lNONHSAG015623', 'lNONHSAG015788', 'lNONHSAG016395', 'lNONHSAG017349', 'lNONHSAG018326', 'lNONHSAG018709', 'lNONHSAG018829', 'lNONHSAG019090', 'lNONHSAG019270', 'lNONHSAG019898', 'lNONHSAG020281', 'lNONHSAG020304', 'lNONHSAG020367', 'lNONHSAG020403', 'lNONHSAG020474', 'lNONHSAG020616', 'lNONHSAG021042', 'lNONHSAG021641', 'lNONHSAG022162', 'lNONHSAG022495', 'lNONHSAG023494', 'lNONHSAG023885', 'lNONHSAG024244', 'lNONHSAG024341', 'lNONHSAG024354', 'lNONHSAG024362', 'lNONHSAG024428', 'lNONHSAG024668', 'lNONHSAG024676', 'lNONHSAG024921', 'lNONHSAG025011', 'lNONHSAG025137', 'lNONHSAG025934', 'lNONHSAG025939', 'lNONHSAG026053', 'lNONHSAG026089', 'lNONHSAG026386', 'lNONHSAG026856', 'lNONHSAG027709', 'lNONHSAG028112', 'lNONHSAG028713', 'lNONHSAG029961', 'lNONHSAG030582', 'lNONHSAG031563', 'lNONHSAG031565', 'lNONHSAG031636', 'lNONHSAG031696', 'lNONHSAG031853', 'lNONHSAG032664', 'lNONHSAG033266', 'lNONHSAG033480', 'lNONHSAG033735', 'lNONHSAG033748', 'lNONHSAG033899', 'lNONHSAG034417', 'lNONHSAG034492', 'lNONHSAG036413', 'lNONHSAG037241', 'lNONHSAG037891', 'lNONHSAG038578', 'lNONHSAG039319', 'lNONHSAG040329', 'lNONHSAG040481', 'lNONHSAG041023', 'lNONHSAG041529', 'lNONHSAG042050', 'lNONHSAG042080', 'lNONHSAG042270', 'lNONHSAG042433', 'lNONHSAG042491', 'lNONHSAG042724', 'lNONHSAG044283', 'lNONHSAG045430', 'lNONHSAG046781', 'lNONHSAG047543', 'lNONHSAG047544', 'lNONHSAG047547', 'lNONHSAG047973', 'lNONHSAG048114', 'lNONHSAG048270', 'lNONHSAG048464', 'lNONHSAG048598', 'lNONHSAG049626', 'lNONHSAG050670', 'lNONHSAG051260', 'lNONHSAG051958', 'lNONHSAG052119', 'lNONHSAG052151', 'lNONHSAG052933', 'lNONHSAG053228', 'lNONHSAG053419', 'lNONHSAG053546', 'lNONHSAG053602', 'lNONHSAG054024', 'lNONHSAG054213', 'lNONHSAG054215', 'lNONHSAG054699', 'lNONHSAG054718', 'lNONHSAG054791', 'lNONHSAG055558', 'lNONHSAG056733', 'lNONHSAG056868', 'lNONHSAG061404', 'lNONHSAG069030', 'lNONHSAG070257', 'lNONHSAG081583', 'lNONHSAG083209', 'lNONHSAG083859', 'lNONHSAG085975', 'lNONHSAG099120', 'lNONHSAG099126', 'lNONHSAG103259', 'lNONHSAG110420', 'lENSG00000224614', 'lENSG00000227256', 'lENSG00000229388', 'lENSG00000230313', 'lENSG00000230866', 'lENSG00000231437', 'lENSG00000232265', 'lENSG00000234222', 'lENSG00000234625', 'lENSG00000243479', 'lENSG00000244124', 'lENSG00000245146', 'lENSG00000251003', 'lENSG00000254418', 'lENSG00000255553', 'lENSG00000260969', 'lENSG00000261780', 'lENSG00000267413', 'lENSG00000274372', 'lENSG00000224739', 'lMIR181A1HG', 'lTPTEP1', 'lLINC00461', 'lLINC00514', 'lRP1-283E3.8', 'lRP11-108M9.3', 'lRP11-495P10.8', 'lNONHSAG002726', 'lNONHSAG003227', 'lNONHSAG004227', 'lNONHSAG004475', 'lNONHSAG005797', 'lNONHSAG005936', 'lNONHSAG006290', 'lNONHSAG006376', 'lNONHSAG006382', 'lNONHSAG006388', 'lNONHSAG006395', 'lNONHSAG006412', 'lNONHSAG006493', 'lNONHSAG006536', 'lNONHSAG006551', 'lNONHSAG006557', 'lNONHSAG006832', 'lNONHSAG007414', 'lNONHSAG007488', 'lNONHSAG007533', 'lNONHSAG007543', 'lNONHSAG007599', 'lENSG00000178248', 'lENSG00000205018', 'lENSG00000223537', 'lENSG00000223786', 'lENSG00000224922', 'lENSG00000225325', 'lENSG00000225588', 'lENSG00000225761', 'lENSG00000226193', 'lENSG00000226542', 'lENSG00000226883', 'lENSG00000227125', 'lENSG00000227131', 'lENSG00000227181', 'lENSG00000227496', 'lENSG00000228082', 'lENSG00000228170', 'lENSG00000228351', 'lENSG00000228852', 'lENSG00000229297', 'lENSG00000229379', 'lENSG00000229457', 'lENSG00000229528', 'lENSG00000229999', 'lENSG00000230010', 'lENSG00000230190', 'lENSG00000230735', 'lENSG00000231082', 'lENSG00000231597', 'lENSG00000231678', 'lENSG00000231724', 'lENSG00000232031', 'lENSG00000232310', 'lENSG00000233179', 'lENSG00000233219', 'lENSG00000233472', 'lENSG00000233581', 'lENSG00000233625', 'lENSG00000234961', 'lENSG00000236242', 'lENSG00000237058', 'lENSG00000237331', 'lENSG00000237481', 'lENSG00000237571', 'lENSG00000237734', 'lENSG00000237802', 'lENSG00000238282', 'lENSG00000242012', 'lENSG00000242072', 'lENSG00000242339', 'lENSG00000243273', 'lENSG00000244327', 'lENSG00000248393', 'lENSG00000248416', 'lENSG00000248457', 'lENSG00000248599', 'lENSG00000248984', 'lENSG00000249409', 'lENSG00000249426', 'lENSG00000250877', 'lENSG00000250910', 'lENSG00000250929', 'lENSG00000251688', 'lENSG00000253171', 'lENSG00000253397', 'lENSG00000253530', 'lENSG00000254026', 'lENSG00000254084', 'lENSG00000254177', 'lENSG00000254239', 'lENSG00000254242', 'lENSG00000254347', 'lENSG00000254350', 'lENSG00000255114', 'lENSG00000255167', 'lENSG00000255271', 'lENSG00000255443', 'lENSG00000256482', 'lENSG00000256733', 'lENSG00000257096', 'lENSG00000257514', 'lENSG00000258308', 'lENSG00000258745', 'lENSG00000259188', 'lENSG00000259532', 'lENSG00000259636', 'lENSG00000259757', 'lENSG00000259767', 'lENSG00000260304', 'lENSG00000260476', 'lENSG00000260586', 'lENSG00000260741', 'lENSG00000260934', 'lENSG00000260986', 'lENSG00000261507', 'lENSG00000261671', 'lENSG00000261761', 'lENSG00000263982', 'lENSG00000263986', 'lENSG00000265443', 'lENSG00000265728', 'lENSG00000265845', 'lENSG00000265980', 'lENSG00000267057', 'lENSG00000267274', 'lENSG00000268296', 'lENSG00000268743', 'lENSG00000269504', 'lENSG00000271717', 'lENSG00000272995', 'lENSG00000273449', 'lENSG00000274227', 'lENSG00000275871', 'lENSG00000276533', 'lENSG00000277332', 'lENSG00000278944', 'lENSG00000280580', 'lENSG00000283973', 'lENSG00000284994', 'lENSG00000286076', 'lENSG00000286168', 'lENSG00000286436', 'lENSG00000286461', 'lENSG00000286565', 'lENSG00000286639', 'lENSG00000287687', 'lENSG00000211683', 'lENSG00000249159', 'lENSG00000251506', 'lENSG00000255325', 'lENSG00000272369', 'lENSG00000258631', 'lENSG00000279472', 'lENSG00000253701', 'lMIR24-2']","[1.0, 1.0, 1.0, 1.0, 1.0, 1.0, 0.0, 0.0, 1.0, 1.0, 1.0, 1.0, 0.0, 1.0, 1.0, 1.0, 1.0, 1.0, 0.0, 1.0, 0.0, 0.0, 1.0, 0.0, 1.0, 1.0, 0.0, 1.0, 1.0, 1.0, 0.0, 0.0, 0.0, 0.0, 0.0, 0.0, 1.0, 0.0, 0.0, 0.0, 0.0, 1.0, 0.0, 1.0, 0.0, 1.0, 1.0, 1.0, 0.0, 0.0, 1.0, 0.0, 0.0, 0.0, 1.0, 1.0, 1.0, 1.0, 0.0, 1.0, 0.0, 0.0, 0.0, 0.0, 0.0, 1.0, 0.0, 0.0, 0.0, 0.0, 0.0, 1.0, 1.0, 1.0, 0.0, 0.0, 0.0, 0.0, 0.0, 0.0, 1.0, 1.0, 1.0, 1.0, 0.0, 0.0, 0.0, 1.0, 1.0, 0.0, 0.0, 1.0, 1.0, 0.0, 0.0, 1.0, 0.0, 0.0, 0.0, 0.0, 0.0, 0.0, 1.0, 1.0, 0.0, 0.0, 1.0, 1.0, 0.0, 0.0, 0.0, 1.0, 0.0, 0.0, 1.0, 1.0, 0.0, 0.0, 1.0, 1.0, 1.0, 1.0, 1.0, 1.0, 0.0, 0.0, 1.0, 0.0, 0.0, 1.0, 1.0, 0.0, 1.0, 0.0, 0.0, 0.0, 1.0, 0.0, 0.0, 1.0, 1.0, 0.0, 1.0, 0.0, 0.0, 0.0, 0.0, 1.0, 1.0, 1.0, 0.0, 1.0, 1.0, 1.0, 0.0, 1.0, 1.0, 0.0, 0.0, 1.0, 0.0, 1.0, 1.0, 0.0, 0.0, 0.0, 0.0, 1.0, 1.0, 1.0, 1.0, 0.0, 1.0, 0.0, 1.0, 1.0, 1.0, 0.0, 0.0, 0.0, 1.0, 0.0, 0.0, 1.0, 1.0, 0.0, 1.0, 0.0, 0.0, 1.0, 1.0, 1.0, 1.0, 0.0, 0.0, 1.0, 1.0, 0.0, 1.0, 0.0, 1.0, 1.0, 0.0, 1.0, 1.0, 0.0, 1.0, 0.0, 0.0, 0.0, 0.0, 1.0, 0.0, 0.0, 1.0, 1.0, 1.0, 0.0, 0.0, 0.0, 0.0, 1.0, 1.0, 0.0, 0.0, 1.0, 1.0, 1.0, 0.0, 0.0, 1.0, 0.0, 0.0, 0.0, 1.0, 1.0, 0.0, 0.0, 0.0, 0.0, 0.0, 1.0, 1.0, 1.0, 0.0, 1.0, 1.0, 0.0, 0.0, 1.0, 1.0, 1.0, 0.0, 0.0, 1.0, 0.0, 0.0, 1.0, 1.0, 0.0, 1.0, 1.0, 1.0, 1.0, 0.0, 0.0, 0.0, 1.0, 1.0, 0.0, 0.0, 0.0, 0.0, 1.0, 1.0, 0.0, 1.0, 0.0, 1.0, 1.0, 1.0, 1.0, 1.0, 0.0, 1.0, 1.0, 0.0, 0.0, 0.0, 0.0, 1.0, 1.0, 0.0, 0.0, 0.0, 0.0, 1.0, 1.0, 1.0, 1.0, 1.0, 0.0, 0.0, 0.0, 0.0, 0.0, 0.0, 1.0, 0.0, 0.0, 1.0, 0.0, 0.0, 0.0, 1.0, 1.0, 1.0, 0.0, 1.0, 1.0, 0.0, 1.0, 1.0]","[1, 1, 1, 0, 0, 1, 0, 1, 1, 1, 0, 1, 0, 1, 1, 1, 1, 1, 0, 0, 0, 0, 0, 0, 1, 0, 0, 1, 0, 1, 0, 0, 0, 1, 0, 0, 0, 1, 0, 0, 1, 0, 0, 0, 1, 1, 1, 1, 1, 0, 1, 0, 0, 0, 0, 1, 1, 1, 0, 1, 1, 1, 1, 0, 1, 0, 0, 0, 1, 1, 1, 1, 1, 0, 0, 0, 0, 1, 0, 1, 0, 1, 0, 1, 0, 1, 0, 1, 0, 1, 1, 1, 1, 1, 0, 1, 1, 1, 0, 0, 1, 0, 1, 1, 0, 0, 0, 1, 0, 0, 0, 1, 1, 0, 1, 1, 1, 0, 0, 0, 1, 0, 1, 1, 1, 1, 1, 1, 1, 0, 0, 0, 1, 0, 1, 0, 1, 0, 1, 0, 1, 1, 0, 1, 1, 1, 1, 1, 1, 0, 1, 1, 0, 1, 1, 0, 1, 1, 0, 1, 0, 1, 0, 1, 1, 0, 0, 1, 0, 0, 0, 0, 0, 0, 0, 1, 0, 1, 0, 0, 1, 1, 1, 0, 1, 0, 1, 0, 1, 1, 1, 1, 1, 0, 0, 0, 1, 1, 1, 1, 1, 0, 0, 1, 0, 1, 0, 1, 0, 1, 0, 0, 0, 1, 1, 1, 1, 0, 0, 0, 1, 0, 1, 1, 0, 0, 1, 0, 0, 1, 1, 0, 0, 0, 0, 1, 1, 1, 1, 0, 0, 0, 0, 0, 1, 0, 1, 0, 0, 1, 0, 0, 1, 0, 0, 1, 0, 0, 0, 0, 0, 0, 1, 1, 0, 0, 1, 0, 1, 1, 1, 0, 0, 0, 1, 0, 0, 1, 0, 1, 1, 1, 0, 0, 1, 1, 0, 1, 0, 0, 0, 1, 1, 1, 0, 0, 0, 0, 1, 0, 0, 1, 0, 0, 1, 1, 0, 1, 0, 1, 1, 1, 1, 1, 0, 1, 0, 1, 1, 1, 0, 0, 1]","[0.25900779725934764, 0.2873729222015189, 0.17807307811510653, -0.8679013584041873, -0.04564098115892112, 0.22323243399417936, -0.009008691544371006, 0.49819642590810065, 0.1252072105089972, 0.30533557059928795, -0.086313508105609, 0.013686565908545445, -0.0592195367904218, 0.032777795806158805, 0.08723803002703323, 0.175846522956715, 0.19711644735705813, 0.005596228689125793, -0.14263118567503708, -0.01095926262300062, -0.16955606337838636, -0.042381967144652366, -0.194007083818158, -0.05483294033919539, 0.002505379834832011, -0.03185276374488599, -0.035409123257296615, 0.03915311688489864, -0.08293066854138353, 0.16714665239871596, -0.013299441180264937, -0.10022455539607233, -0.13891192177482492, 0.07753969086689039, -0.050210558296354124, -0.23427952918143835, -0.2072935337424664, 0.2164055831272671, -0.11896992197758594, -0.003736684206604446, 0.06808295970841516, -0.06280651412331761, -0.0022903592611236423, -0.01678497460353623, 0.13522450825999566, 0.21686841120012335, 0.0008017779588642693, 0.10970372337908496, 0.08594301570500629, -0.21502650693333725, 0.0012362108422798723, -0.03721720537253259, -0.2755920757373638, -0.25618897145505604, -0.1311615960700767, 0.23603042987565703, 0.14010751980109748, 0.12562726784071443, -0.07881219200007838, 0.10328889760912996, 0.15997898174249303, 0.10932109355722264, 1.0221171054956864, -0.11237870321461885, 0.24169002953431895, -0.14230867385577395, -0.18771239585725596, -0.17544964621811165, 0.08142302030300352, 0.2574654849465048, 0.03389261126045695, 0.27783841270469867, 0.20101746559326528, -0.12933667623535627, -0.09556738878329019, -0.15388782756878183, -0.030639883066150064, 0.05472079471905, -0.3400140313815776, 0.2561142411199018, -0.1942411232268484, 0.07873507881510444, -0.26209454318626446, 0.0321060481761275, -0.019676287937772985, 0.0467132638283132, -0.20013988538609273, 0.16627439851039827, -0.013559320728546043, 0.3492729421336118, 0.012049251635283253, 0.011523648327636193, 0.3284150507351933, 0.03806686745927812, -0.04698101747240746, 0.09388777068866427, 0.2390157963710695, 0.15745460378413934, -0.06033247762473448, -0.1160595963033535, 0.0332894620135018, -0.039245827538666456, 0.03292582676214617, 0.17101839692036047, -0.07079561286433322, -0.45423526888508836, -0.12468947525806251, 0.037131537013041394, -0.11934619948634873, -0.12940509276594558, -0.11940092315231632, 0.09502673114942684, 0.22566575883666107, -0.29600939685858063, 0.13208932802707696, 0.010277994008595526, 0.043881329433223426, -0.07831798162925652, -0.31835699488381874, -0.11224709229755203, 0.04481902350452205, -0.10061942830207937, 0.16096022220199546, 0.4819895262195917, 0.013994899060839172, 0.25871598116648076, 0.14744430412578846, 0.16172009074697224, 0.08695099459074096, -0.20515805493260086, -0.06524861438055152, -0.11821345880387857, 0.07666419596300567, -0.019121403488560285, 0.5058198895279851, -0.23792916311336154, 0.3842115982321388, -0.08573508852888279, 0.2914727933549528, -0.03272567642550972, 0.06412138779863485, 0.234057603078196, -0.22928588101810488, 0.002106101361646351, 0.07941715141097805, 0.061358397632383044, 0.14270899967936113, 0.0031937650781930227, 0.34682973091269953, -0.17877591091669243, 0.32977296330361017, 0.43112112639517863, -0.14158367613348166, 0.46793559086944714, 0.07290811815211096, -0.10400736461438886, 0.16713338602260097, 0.20539690363039464, -0.107216336369514, 0.16558683787034378, -0.1241285686138458, 0.245304792683126, -0.058060745131423674, 0.12751194359681395, 0.05084707269597888, -0.1129221990242073, -0.16690983735383402, 0.034520612258256866, -0.06252966180803843, -0.10827362111465999, -0.29288234785513745, -0.04310496449747636, -0.21483571223834397, -0.21538934053938097, -0.16453836506575859, 0.11376976092845825, -0.24960371170360074, 0.1629834501030032, -0.17013356953507075, -0.08962915501614543, 0.3412056065221971, 0.013669957281812861, 0.03102825694235345, -0.07743777457370027, 0.03116076607396212, -0.17723643763156116, 0.036083417147275254, -0.1777799769403725, 0.042421888092976756, 0.36458715177831524, 0.03166172121208777, 0.23037016469454197, 0.13554934976429922, -0.11984768916470157, -0.16813228920965995, -0.24248300873025674, 0.08019654160617828, 0.12011214076736532, 0.12491673906319956, 0.162296419755928, 0.22868683573566773, -0.09319921794407127, -0.2380337209117258, 0.10015933804188637, -0.1978104620151886, 0.09940469878894365, -0.06885120840177206, 0.2724255670569924, -0.11437176578560515, 0.07601913450571618, -0.13502844086909893, -0.018017356803175177, -0.08866147898243004, 0.11507750117941806, 0.11721155676245654, 0.17687393956553943, 0.0017145621395424637, -0.14420327008793277, -0.09069508166100815, -0.39548934982939987, 0.10166405550041513, -0.10872385648708804, 0.025799159800249383, 0.1878006117893889, -0.111489526550826, -0.30210607825998825, 0.037603692972280056, -0.02530075673380172, -0.08473982428260673, 0.021817942727598405, 0.03459486850841986, -0.01913303199103855, -0.11047257067480776, -0.010853320541417633, -0.2045818857453956, 0.07732855153578266, 0.18815028423865843, 0.19162513030076123, 0.05751141601241794, -0.01621450245252487, -0.0029831227686980544, -0.09825510409071048, -0.15789955759439533, -0.6103810194493893, 0.056361000114624416, -0.09112271060088273, 0.028398661730147934, -0.03489972331196367, -0.04296982112860648, 0.19322092006580038, -0.0403799868434096, -0.14158938486048567, 0.019566813180887932, -0.020833986589283926, -0.1684979102003219, 0.2002768306484668, -0.11601570966904906, -0.0018641257788190035, -0.7028514281836824, -0.14355838638935592, -0.03329447956208864, -0.36136971723953093, 0.016818175289707638, 0.11383123352214741, -0.3866526141468658, -0.008121252059983819, 0.05879944407171922, -0.08537623377935089, 0.07644537483495983, 0.13845143900322543, 0.06875984441757121, -0.08075391137232413, -0.27208197591739425, -0.2283549973397705, 0.17208393706524272, -0.21849537380159245, -0.28959318386311783, 0.005897780817424758, -0.02893290788067593, 0.08440329149251258, 0.0694534367069195, 0.24976948846777058, -0.06585003652066956, -0.1485552488491646, 0.0437439661222061, 0.2233638017831232, -0.49128232264530713, 0.1166376924625705, -0.08172372075459866, -0.05408686162538001, -0.1458458452853606, 0.08235538693166933, 0.33565345658406254, 0.10230900462590387, -0.007630977434623931, -0.4904607519351185, -0.14879022287251797, -0.05728624889827505, 0.017727630509251524, -0.12198004856438982, -0.13153283541388494, 0.03258666504986496, -0.10037462743025682, -0.02797704607410023, 0.11795891449015516, 0.22619649752468507, -0.13204285103824387, 0.13676325533484923, -0.24893231202375898, 0.1654755128921852, 0.056776645759245126, 0.0015788384871580075, 0.024287407517711967, 0.1594809551630234, -0.13650097475088363, 0.19295533272660736, -0.13646460391141457, 0.10486075986599874, 0.10132931255953603, 0.07723319877352419, -0.0018420649826478286, -0.03902616547069582, 0.05607572714675313]"
5,"['lNONHSAG000008', 'lNONHSAG000047', 'lNONHSAG000059', 'lNONHSAG000069', 'lNONHSAG000130', 'lNONHSAG000158', 'lNONHSAG000195', 'lNONHSAG000241', 'lNONHSAG000310', 'lNONHSAG000311', 'lNONHSAG000374', 'lNONHSAG000381', 'lNONHSAG000484', 'lNONHSAG000498', 'lNONHSAG000579', 'lNONHSAG000584', 'lNONHSAG000603', 'lNONHSAG000625', 'lNONHSAG000769', 'lNONHSAG000840', 'lNONHSAG000863', 'lNONHSAG000884', 'lNONHSAG000918', 'lNONHSAG000938', 'lNONHSAG000967', 'lNONHSAG001142', 'lNONHSAG001172', 'lNONHSAG001238', 'lNONHSAG001247', 'lNONHSAG001259', 'lNONHSAG001278', 'lNONHSAG001284', 'lNONHSAG001360', 'lNONHSAG001375', 'lNONHSAG001448', 'lNONHSAG001468', 'lNONHSAG001499', 'lNONHSAG001513', 'lNONHSAG001696', 'lNONHSAG001724', 'lNONHSAG001773', 'lNONHSAG001837', 'lNONHSAG001941', 'lNONHSAG001993', 'lNONHSAG002056', 'lNONHSAG002058', 'lNONHSAG002086', 'lNONHSAG002134', 'lNONHSAG002135', 'lNONHSAG002343', 'lNONHSAG002359', 'lNONHSAG002376', 'lNONHSAG002378', 'lNONHSAG002454', 'lNONHSAG002490', 'lNONHSAG002549', 'lNONHSAG002617', 'lNONHSAG002669', 'lNONHSAG002701', 'lNONHSAG002719', 'lNONHSAG002731', 'lNONHSAG002859', 'lNONHSAG002883', 'lNONHSAG002978', 'lNONHSAG003053', 'lNONHSAG003056', 'lNONHSAG003074', 'lNONHSAG003077', 'lNONHSAG003119', 'lNONHSAG003134', 'lNONHSAG003156', 'lNONHSAG003198', 'lNONHSAG003260', 'lNONHSAG003269', 'lNONHSAG003303', 'lNONHSAG003374', 'lNONHSAG003505', 'lNONHSAG003512', 'lNONHSAG003820', 'lNONHSAG003874', 'lNONHSAG003884', 'lNONHSAG003886', 'lNONHSAG003900', 'lNONHSAG003911', 'lNONHSAG003912', 'lNONHSAG003938', 'lNONHSAG003957', 'lNONHSAG003976', 'lNONHSAG004013', 'lNONHSAG004026', 'lNONHSAG004095', 'lNONHSAG004247', 'lNONHSAG004303', 'lNONHSAG004305', 'lNONHSAG004373', 'lNONHSAG004673', 'lNONHSAG004674', 'lNONHSAG004714', 'lNONHSAG004743', 'lNONHSAG004779', 'lNONHSAG004868', 'lNONHSAG005084', 'lNONHSAG005153', 'lNONHSAG005339', 'lNONHSAG005403', 'lNONHSAG005482', 'lNONHSAG005699', 'lNONHSAG005711', 'lNONHSAG005728', 'lNONHSAG005732', 'lNONHSAG005742', 'lNONHSAG005780', 'lNONHSAG005838', 'lNONHSAG005866', 'lNONHSAG005920', 'lNONHSAG006007', 'lNONHSAG006049', 'lNONHSAG006050', 'lNONHSAG006054', 'lNONHSAG006071', 'lNONHSAG006163', 'lNONHSAG006204', 'lNONHSAG006212', 'lNONHSAG006238', 'lNONHSAG006301', 'lNONHSAG006341', 'lNONHSAG006362', 'lNONHSAG006454', 'lNONHSAG006474', 'lNONHSAG006477', 'lNONHSAG006526', 'lNONHSAG006633', 'lNONHSAG006678', 'lNONHSAG006692', 'lNONHSAG006735', 'lNONHSAG006756', 'lNONHSAG006772', 'lNONHSAG006865', 'lNONHSAG006945', 'lNONHSAG007295', 'lNONHSAG007384', 'lNONHSAG007430', 'lNONHSAG007431', 'lNONHSAG007434', 'lNONHSAG007455', 'lNONHSAG007463', 'lNONHSAG007487', 'lNONHSAG007538', 'lNONHSAG007602', 'lNONHSAG007631', 'lNONHSAG007692', 'lNONHSAG007708', 'lNONHSAG007715', 'lNONHSAG007868', 'lNONHSAG007961', 'lNONHSAG007983', 'lNONHSAG007984', 'lNONHSAG008015', 'lNONHSAG008037', 'lNONHSAG008056', 'lNONHSAG008167', 'lNONHSAG008199', 'lNONHSAG008220', 'lNONHSAG008354', 'lNONHSAG008517', 'lNONHSAG008540', 'lNONHSAG008589', 'lNONHSAG008615', 'lNONHSAG008654', 'lNONHSAG008670', 'lNONHSAG008675', 'lNONHSAG008693', 'lNONHSAG008726', 'lNONHSAG008728', 'lNONHSAG008759', 'lNONHSAG008859', 'lNONHSAG008937', 'lNONHSAG008952', 'lNONHSAG009021', 'lNONHSAG009039', 'lNONHSAG009059', 'lNONHSAG009062', 'lNONHSAG009124', 'lNONHSAG009130', 'lNONHSAG009134', 'lNONHSAG009180', 'lNONHSAG009228', 'lNONHSAG009544', 'lNONHSAG009546', 'lNONHSAG009636', 'lNONHSAG009728', 'lNONHSAG009747', 'lNONHSAG009755', 'lNONHSAG009757', 'lNONHSAG009782', 'lNONHSAG009913', 'lNONHSAG009938', 'lNONHSAG009950', 'lNONHSAG009968', 'lNONHSAG009989', 'lNONHSAG010021', 'lNONHSAG010117', 'lNONHSAG010179', 'lNONHSAG010184', 'lNONHSAG010189', 'lNONHSAG010190', 'lNONHSAG010193', 'lNONHSAG010194', 'lNONHSAG010200', 'lNONHSAG010348', 'lNONHSAG010352', 'lNONHSAG010405', 'lNONHSAG010416', 'lNONHSAG010543', 'lNONHSAG010657', 'lNONHSAG010658', 'lNONHSAG010716', 'lNONHSAG010792', 'lNONHSAG010798', 'lNONHSAG010940', 'lNONHSAG010986', 'lNONHSAG010989', 'lNONHSAG011028', 'lNONHSAG011057', 'lNONHSAG011070', 'lNONHSAG011084', 'lNONHSAG011086', 'lNONHSAG011090', 'lNONHSAG011121', 'lNONHSAG011125', 'lNONHSAG011211', 'lNONHSAG011230', 'lNONHSAG011264', 'lNONHSAG011337', 'lNONHSAG011343', 'lNONHSAG011375', 'lNONHSAG011439', 'lNONHSAG011446', 'lNONHSAG011518', 'lNONHSAG011524', 'lNONHSAG011576', 'lNONHSAG011633', 'lNONHSAG011790', 'lNONHSAG011854', 'lNONHSAG011870', 'lNONHSAG012025', 'lNONHSAG012076', 'lNONHSAG012077', 'lNONHSAG012099', 'lNONHSAG012297', 'lNONHSAG012303', 'lNONHSAG012339', 'lNONHSAG012375', 'lNONHSAG012423', 'lNONHSAG012476', 'lNONHSAG012505', 'lNONHSAG012549', 'lNONHSAG012555', 'lNONHSAG012594', 'lNONHSAG012614', 'lNONHSAG012617', 'lNONHSAG012751', 'lNONHSAG012791', 'lNONHSAG013005', 'lNONHSAG013060', 'lNONHSAG013095', 'lNONHSAG013098', 'lNONHSAG013109', 'lNONHSAG013431', 'lNONHSAG013475', 'lNONHSAG013515', 'lNONHSAG013730', 'lNONHSAG013809', 'lNONHSAG013912', 'lNONHSAG013940', 'lNONHSAG013942', 'lNONHSAG013944', 'lNONHSAG013946', 'lNONHSAG013992', 'lNONHSAG014098', 'lNONHSAG014112', 'lNONHSAG014130', 'lNONHSAG014267', 'lNONHSAG014289', 'lNONHSAG014332', 'lNONHSAG014362', 'lNONHSAG014372', 'lNONHSAG014373', 'lNONHSAG014381', 'lNONHSAG014496', 'lNONHSAG014502', 'lNONHSAG014546', 'lNONHSAG014562', 'lNONHSAG014591', 'lNONHSAG014672', 'lNONHSAG014679', 'lNONHSAG014730', 'lNONHSAG014890', 'lNONHSAG014891', 'lNONHSAG014914', 'lNONHSAG015044', 'lNONHSAG015163', 'lNONHSAG015215', 'lNONHSAG015234', 'lNONHSAG015352', 'lNONHSAG015417', 'lNONHSAG015454', 'lNONHSAG015461', 'lNONHSAG015505', 'lNONHSAG015591', 'lNONHSAG015623', 'lNONHSAG015692', 'lNONHSAG015723', 'lNONHSAG015787', 'lNONHSAG015788', 'lNONHSAG015961', 'lNONHSAG016021', 'lNONHSAG016068', 'lNONHSAG016118', 'lNONHSAG016199', 'lNONHSAG016307', 'lNONHSAG016395', 'lNONHSAG016403', 'lNONHSAG016486', 'lNONHSAG016487', 'lNONHSAG016576', 'lNONHSAG016611', 'lNONHSAG016618', 'lNONHSAG016623', 'lNONHSAG016733', 'lNONHSAG016741', 'lNONHSAG016749', 'lNONHSAG016771', 'lNONHSAG016822', 'lNONHSAG016893', 'lNONHSAG017060', 'lNONHSAG017232', 'lNONHSAG017254', 'lNONHSAG017282', 'lNONHSAG017344', 'lNONHSAG017349', 'lNONHSAG017376', 'lNONHSAG017377', 'lNONHSAG017417', 'lNONHSAG017486', 'lNONHSAG017504', 'lNONHSAG017567', 'lNONHSAG017666', 'lNONHSAG017767', 'lNONHSAG017783', 'lNONHSAG017890', 'lNONHSAG017899', 'lNONHSAG018053', 'lNONHSAG018054', 'lNONHSAG018058', 'lNONHSAG018110', 'lNONHSAG018180', 'lNONHSAG018203', 'lNONHSAG018236', 'lNONHSAG018313', 'lNONHSAG018322', 'lNONHSAG018326', 'lNONHSAG018341', 'lNONHSAG018344', 'lNONHSAG018374', 'lNONHSAG018414', 'lNONHSAG018415', 'lNONHSAG018416', 'lNONHSAG018417', 'lNONHSAG018420', 'lNONHSAG018461', 'lNONHSAG018530', 'lNONHSAG018586', 'lNONHSAG018621', 'lNONHSAG018635', 'lNONHSAG018656', 'lNONHSAG018659', 'lNONHSAG018707', 'lNONHSAG018709', 'lNONHSAG018711', 'lNONHSAG018829', 'lNONHSAG018893', 'lNONHSAG018980', 'lNONHSAG019003', 'lNONHSAG019012', 'lNONHSAG019014', 'lNONHSAG019021', 'lNONHSAG019023', 'lNONHSAG019031', 'lNONHSAG019049', 'lNONHSAG019051', 'lNONHSAG019079', 'lNONHSAG019090', 'lNONHSAG019115', 'lNONHSAG019134', 'lNONHSAG019158', 'lNONHSAG019270', 'lNONHSAG019332', 'lNONHSAG019370', 'lNONHSAG019439', 'lNONHSAG019493', 'lNONHSAG019569', 'lNONHSAG019613', 'lNONHSAG019667', 'lNONHSAG019670', 'lNONHSAG019711', 'lNONHSAG019767', 'lNONHSAG019813', 'lNONHSAG019814', 'lNONHSAG019852', 'lNONHSAG019878', 'lNONHSAG019898', 'lNONHSAG019967', 'lNONHSAG020053', 'lNONHSAG020066', 'lNONHSAG020068', 'lNONHSAG020075', 'lNONHSAG020091', 'lNONHSAG020107', 'lNONHSAG020153', 'lNONHSAG020155', 'lNONHSAG020218', 'lNONHSAG020223', 'lNONHSAG020252', 'lNONHSAG020259', 'lNONHSAG020260', 'lNONHSAG020273', 'lNONHSAG020274', 'lNONHSAG020277', 'lNONHSAG020278', 'lNONHSAG020281', 'lNONHSAG020298', 'lNONHSAG020304', 'lNONHSAG020307', 'lNONHSAG020312', 'lNONHSAG020321', 'lNONHSAG020325', 'lNONHSAG020339', 'lNONHSAG020361', 'lNONHSAG020367', 'lNONHSAG020372', 'lNONHSAG020382', 'lNONHSAG020403', 'lNONHSAG020474', 'lNONHSAG020476', 'lNONHSAG020600', 'lNONHSAG020616', 'lNONHSAG020729', 'lNONHSAG020731', 'lNONHSAG020759', 'lNONHSAG020760', 'lNONHSAG020771', 'lNONHSAG020869', 'lNONHSAG020957', 'lNONHSAG020990', 'lNONHSAG021042', 'lNONHSAG021072', 'lNONHSAG021307', 'lNONHSAG021309', 'lNONHSAG021315', 'lNONHSAG021335', 'lNONHSAG021347', 'lNONHSAG021370', 'lNONHSAG021390', 'lNONHSAG021400', 'lNONHSAG021410', 'lNONHSAG021431', 'lNONHSAG021432', 'lNONHSAG021433', 'lNONHSAG021471', 'lNONHSAG021557', 'lNONHSAG021567', 'lNONHSAG021584', 'lNONHSAG021641', 'lNONHSAG021698', 'lNONHSAG021760', 'lNONHSAG021780', 'lNONHSAG021820', 'lNONHSAG021846', 'lNONHSAG021874', 'lNONHSAG021878', 'lNONHSAG021882', 'lNONHSAG021893', 'lNONHSAG021909', 'lNONHSAG021976', 'lNONHSAG021981', 'lNONHSAG022009', 'lNONHSAG022030', 'lNONHSAG022058', 'lNONHSAG022078', 'lNONHSAG022088', 'lNONHSAG022103', 'lNONHSAG022110', 'lNONHSAG022125', 'lNONHSAG022162', 'lNONHSAG022311', 'lNONHSAG022327', 'lNONHSAG022328', 'lNONHSAG022335', 'lNONHSAG022339', 'lNONHSAG022378', 'lNONHSAG022495', 'lNONHSAG022510', 'lNONHSAG022551', 'lNONHSAG022579', 'lNONHSAG022595', 'lNONHSAG022597', 'lNONHSAG022655', 'lNONHSAG022690', 'lNONHSAG022743', 'lNONHSAG022750', 'lNONHSAG022806', 'lNONHSAG022836', 'lNONHSAG022845', 'lNONHSAG022851', 'lNONHSAG022888', 'lNONHSAG022965', 'lNONHSAG022972', 'lNONHSAG022980', 'lNONHSAG022982', 'lNONHSAG023003', 'lNONHSAG023049', 'lNONHSAG023051', 'lNONHSAG023175', 'lNONHSAG023237', 'lNONHSAG023375', 'lNONHSAG023387', 'lNONHSAG023392', 'lNONHSAG023494', 'lNONHSAG023579', 'lNONHSAG023598', 'lNONHSAG023607', 'lNONHSAG023614', 'lNONHSAG023630', 'lNONHSAG023633', 'lNONHSAG023635', 'lNONHSAG023661', 'lNONHSAG023668', 'lNONHSAG023740', 'lNONHSAG023837', 'lNONHSAG023864', 'lNONHSAG023885', 'lNONHSAG023888', 'lNONHSAG023930', 'lNONHSAG024117', 'lNONHSAG024141', 'lNONHSAG024146', 'lNONHSAG024171', 'lNONHSAG024224', 'lNONHSAG024244', 'lNONHSAG024282', 'lNONHSAG024332', 'lNONHSAG024340', 'lNONHSAG024341', 'lNONHSAG024354', 'lNONHSAG024361', 'lNONHSAG024362', 'lNONHSAG024364', 'lNONHSAG024381', 'lNONHSAG024391', 'lNONHSAG024393', 'lNONHSAG024395', 'lNONHSAG024428', 'lNONHSAG024540', 'lNONHSAG024542', 'lNONHSAG024668', 'lNONHSAG024671', 'lNONHSAG024676', 'lNONHSAG024681', 'lNONHSAG024741', 'lNONHSAG024809', 'lNONHSAG024818', 'lNONHSAG024826', 'lNONHSAG024903', 'lNONHSAG024905', 'lNONHSAG024908', 'lNONHSAG024913', 'lNONHSAG024921', 'lNONHSAG024923', 'lNONHSAG024925', 'lNONHSAG024979', 'lNONHSAG025011', 'lNONHSAG025135', 'lNONHSAG025137', 'lNONHSAG025157', 'lNONHSAG025185', 'lNONHSAG025319', 'lNONHSAG025352', 'lNONHSAG025483', 'lNONHSAG025485', 'lNONHSAG025609', 'lNONHSAG025712', 'lNONHSAG025743', 'lNONHSAG025744', 'lNONHSAG025864', 'lNONHSAG025865', 'lNONHSAG025867', 'lNONHSAG025907', 'lNONHSAG025934', 'lNONHSAG025939', 'lNONHSAG025964', 'lNONHSAG025997', 'lNONHSAG026053', 'lNONHSAG026089', 'lNONHSAG026091', 'lNONHSAG026103', 'lNONHSAG026176', 'lNONHSAG026205', 'lNONHSAG026274', 'lNONHSAG026364', 'lNONHSAG026386', 'lNONHSAG026575', 'lNONHSAG026599', 'lNONHSAG026631', 'lNONHSAG026661', 'lNONHSAG026720', 'lNONHSAG026721', 'lNONHSAG026737', 'lNONHSAG026743', 'lNONHSAG026794', 'lNONHSAG026852', 'lNONHSAG026854', 'lNONHSAG026856', 'lNONHSAG027017', 'lNONHSAG027075', 'lNONHSAG027110', 'lNONHSAG027278', 'lNONHSAG027323', 'lNONHSAG027342', 'lNONHSAG027374', 'lNONHSAG027421', 'lNONHSAG027482', 'lNONHSAG027598', 'lNONHSAG027618', 'lNONHSAG027675', 'lNONHSAG027682', 'lNONHSAG027692', 'lNONHSAG027694', 'lNONHSAG027709', 'lNONHSAG027837', 'lNONHSAG027874', 'lNONHSAG027876', 'lNONHSAG028045', 'lNONHSAG028083', 'lNONHSAG028093', 'lNONHSAG028112', 'lNONHSAG028142', 'lNONHSAG028159', 'lNONHSAG028403', 'lNONHSAG028713', 'lNONHSAG028817', 'lNONHSAG028820', 'lNONHSAG028857', 'lNONHSAG028870', 'lNONHSAG028913', 'lNONHSAG028918', 'lNONHSAG028948', 'lNONHSAG028996', 'lNONHSAG029033', 'lNONHSAG029080', 'lNONHSAG029267', 'lNONHSAG029336', 'lNONHSAG029377', 'lNONHSAG029467', 'lNONHSAG029668', 'lNONHSAG029792', 'lNONHSAG029830', 'lNONHSAG029873', 'lNONHSAG029880', 'lNONHSAG029933', 'lNONHSAG029956', 'lNONHSAG029957', 'lNONHSAG029958', 'lNONHSAG029959', 'lNONHSAG029960', 'lNONHSAG029961', 'lNONHSAG029964', 'lNONHSAG029985', 'lNONHSAG030074', 'lNONHSAG030129', 'lNONHSAG030244', 'lNONHSAG030258', 'lNONHSAG030278', 'lNONHSAG030279', 'lNONHSAG030304', 'lNONHSAG030333', 'lNONHSAG030410', 'lNONHSAG030440', 'lNONHSAG030487', 'lNONHSAG030516', 'lNONHSAG030525', 'lNONHSAG030582', 'lNONHSAG030583', 'lNONHSAG030738', 'lNONHSAG030739', 'lNONHSAG030742', 'lNONHSAG031025', 'lNONHSAG031035', 'lNONHSAG031123', 'lNONHSAG031261', 'lNONHSAG031385', 'lNONHSAG031425', 'lNONHSAG031453', 'lNONHSAG031456', 'lNONHSAG031481', 'lNONHSAG031563', 'lNONHSAG031565', 'lNONHSAG031581', 'lNONHSAG031584', 'lNONHSAG031636', 'lNONHSAG031696', 'lNONHSAG031853', 'lNONHSAG031900', 'lNONHSAG031913', 'lNONHSAG031991', 'lNONHSAG032126', 'lNONHSAG032247', 'lNONHSAG032267', 'lNONHSAG032297', 'lNONHSAG032302', 'lNONHSAG032309', 'lNONHSAG032312', 'lNONHSAG032560', 'lNONHSAG032664', 'lNONHSAG032682', 'lNONHSAG032724', 'lNONHSAG032735', 'lNONHSAG032737', 'lNONHSAG032748', 'lNONHSAG033027', 'lNONHSAG033061', 'lNONHSAG033100', 'lNONHSAG033105', 'lNONHSAG033107', 'lNONHSAG033121', 'lNONHSAG033168', 'lNONHSAG033170', 'lNONHSAG033216', 'lNONHSAG033224', 'lNONHSAG033254', 'lNONHSAG033263', 'lNONHSAG033266', 'lNONHSAG033298', 'lNONHSAG033328', 'lNONHSAG033334', 'lNONHSAG033342', 'lNONHSAG033348', 'lNONHSAG033352', 'lNONHSAG033368', 'lNONHSAG033386', 'lNONHSAG033390', 'lNONHSAG033435', 'lNONHSAG033459', 'lNONHSAG033471', 'lNONHSAG033480', 'lNONHSAG033528', 'lNONHSAG033611', 'lNONHSAG033645', 'lNONHSAG033691', 'lNONHSAG033716', 'lNONHSAG033735', 'lNONHSAG033748', 'lNONHSAG033862', 'lNONHSAG033896', 'lNONHSAG033898', 'lNONHSAG033899', 'lNONHSAG033937', 'lNONHSAG033940', 'lNONHSAG034006', 'lNONHSAG034014', 'lNONHSAG034021', 'lNONHSAG034032', 'lNONHSAG034217', 'lNONHSAG034316', 'lNONHSAG034417', 'lNONHSAG034418', 'lNONHSAG034492', 'lNONHSAG034508', 'lNONHSAG034527', 'lNONHSAG034678', 'lNONHSAG034801', 'lNONHSAG034845', 'lNONHSAG034846', 'lNONHSAG034973', 'lNONHSAG035096', 'lNONHSAG035103', 'lNONHSAG035262', 'lNONHSAG035287', 'lNONHSAG035382', 'lNONHSAG035531', 'lNONHSAG035568', 'lNONHSAG035806', 'lNONHSAG035914', 'lNONHSAG035916', 'lNONHSAG035919', 'lNONHSAG035923', 'lNONHSAG036047', 'lNONHSAG036054', 'lNONHSAG036120', 'lNONHSAG036255', 'lNONHSAG036273', 'lNONHSAG036407', 'lNONHSAG036413', 'lNONHSAG036612', 'lNONHSAG036615', 'lNONHSAG036667', 'lNONHSAG036718', 'lNONHSAG036783', 'lNONHSAG036866', 'lNONHSAG036926', 'lNONHSAG037025', 'lNONHSAG037061', 'lNONHSAG037073', 'lNONHSAG037080', 'lNONHSAG037082', 'lNONHSAG037096', 'lNONHSAG037146', 'lNONHSAG037241', 'lNONHSAG037348', 'lNONHSAG037420', 'lNONHSAG037559', 'lNONHSAG037827', 'lNONHSAG037891', 'lNONHSAG037936', 'lNONHSAG037946', 'lNONHSAG038001', 'lNONHSAG038024', 'lNONHSAG038060', 'lNONHSAG038091', 'lNONHSAG038343', 'lNONHSAG038344', 'lNONHSAG038397', 'lNONHSAG038502', 'lNONHSAG038530', 'lNONHSAG038561', 'lNONHSAG038578', 'lNONHSAG038675', 'lNONHSAG038676', 'lNONHSAG038682', 'lNONHSAG038836', 'lNONHSAG039037', 'lNONHSAG039038', 'lNONHSAG039147', 'lNONHSAG039295', 'lNONHSAG039319', 'lNONHSAG039617', 'lNONHSAG039620', 'lNONHSAG039634', 'lNONHSAG039637', 'lNONHSAG039654', 'lNONHSAG039669', 'lNONHSAG039749', 'lNONHSAG039872', 'lNONHSAG039951', 'lNONHSAG040179', 'lNONHSAG040188', 'lNONHSAG040226', 'lNONHSAG040241', 'lNONHSAG040269', 'lNONHSAG040320', 'lNONHSAG040329', 'lNONHSAG040408', 'lNONHSAG040444', 'lNONHSAG040481', 'lNONHSAG040542', 'lNONHSAG040544', 'lNONHSAG040560', 'lNONHSAG040601', 'lNONHSAG040692', 'lNONHSAG040700', 'lNONHSAG040804', 'lNONHSAG040870', 'lNONHSAG040909', 'lNONHSAG040958', 'lNONHSAG040969', 'lNONHSAG040976', 'lNONHSAG041002', 'lNONHSAG041017', 'lNONHSAG041023', 'lNONHSAG041241', 'lNONHSAG041250', 'lNONHSAG041256', 'lNONHSAG041257', 'lNONHSAG041480', 'lNONHSAG041528', 'lNONHSAG041529', 'lNONHSAG041592', 'lNONHSAG041670', 'lNONHSAG041707', 'lNONHSAG041716', 'lNONHSAG041758', 'lNONHSAG041844', 'lNONHSAG041883', 'lNONHSAG041938', 'lNONHSAG041966', 'lNONHSAG041981', 'lNONHSAG042033', 'lNONHSAG042050', 'lNONHSAG042062', 'lNONHSAG042080', 'lNONHSAG042132', 'lNONHSAG042138', 'lNONHSAG042218', 'lNONHSAG042270', 'lNONHSAG042306', 'lNONHSAG042307', 'lNONHSAG042370', 'lNONHSAG042433', 'lNONHSAG042476', 'lNONHSAG042491', 'lNONHSAG042500', 'lNONHSAG042722', 'lNONHSAG042724', 'lNONHSAG042836', 'lNONHSAG042855', 'lNONHSAG042957', 'lNONHSAG042966', 'lNONHSAG042970', 'lNONHSAG042991', 'lNONHSAG043138', 'lNONHSAG043159', 'lNONHSAG043229', 'lNONHSAG043303', 'lNONHSAG043433', 'lNONHSAG043550', 'lNONHSAG043592', 'lNONHSAG043625', 'lNONHSAG043657', 'lNONHSAG043770', 'lNONHSAG043851', 'lNONHSAG044022', 'lNONHSAG044041', 'lNONHSAG044064', 'lNONHSAG044283', 'lNONHSAG044350', 'lNONHSAG044406', 'lNONHSAG044429', 'lNONHSAG044533', 'lNONHSAG044624', 'lNONHSAG044666', 'lNONHSAG044709', 'lNONHSAG044751', 'lNONHSAG044791', 'lNONHSAG045131', 'lNONHSAG045160', 'lNONHSAG045163', 'lNONHSAG045306', 'lNONHSAG045383', 'lNONHSAG045430', 'lNONHSAG046722', 'lNONHSAG046730', 'lNONHSAG046781', 'lNONHSAG046839', 'lNONHSAG046953', 'lNONHSAG047182', 'lNONHSAG047191', 'lNONHSAG047197', 'lNONHSAG047260', 'lNONHSAG047319', 'lNONHSAG047433', 'lNONHSAG047463', 'lNONHSAG047469', 'lNONHSAG047471', 'lNONHSAG047507', 'lNONHSAG047543', 'lNONHSAG047544', 'lNONHSAG047547', 'lNONHSAG047619', 'lNONHSAG047620', 'lNONHSAG047725', 'lNONHSAG047792', 'lNONHSAG047796', 'lNONHSAG047830', 'lNONHSAG047840', 'lNONHSAG047842', 'lNONHSAG047851', 'lNONHSAG047973', 'lNONHSAG047974', 'lNONHSAG048057', 'lNONHSAG048114', 'lNONHSAG048189', 'lNONHSAG048191', 'lNONHSAG048201', 'lNONHSAG048228', 'lNONHSAG048231', 'lNONHSAG048270', 'lNONHSAG048302', 'lNONHSAG048354', 'lNONHSAG048464', 'lNONHSAG048598', 'lNONHSAG048602', 'lNONHSAG048603', 'lNONHSAG048610', 'lNONHSAG048623', 'lNONHSAG048624', 'lNONHSAG048626', 'lNONHSAG048641', 'lNONHSAG048682', 'lNONHSAG048695', 'lNONHSAG048781', 'lNONHSAG048817', 'lNONHSAG049037', 'lNONHSAG049050', 'lNONHSAG049051', 'lNONHSAG049119', 'lNONHSAG049129', 'lNONHSAG049157', 'lNONHSAG049185', 'lNONHSAG049191', 'lNONHSAG049288', 'lNONHSAG049303', 'lNONHSAG049356', 'lNONHSAG049421', 'lNONHSAG049507', 'lNONHSAG049626', 'lNONHSAG049655', 'lNONHSAG049754', 'lNONHSAG049801', 'lNONHSAG049901', 'lNONHSAG050073', 'lNONHSAG050104', 'lNONHSAG050167', 'lNONHSAG050168', 'lNONHSAG050272', 'lNONHSAG050273', 'lNONHSAG050284', 'lNONHSAG050345', 'lNONHSAG050423', 'lNONHSAG050445', 'lNONHSAG050493', 'lNONHSAG050518', 'lNONHSAG050670', 'lNONHSAG050725', 'lNONHSAG050769', 'lNONHSAG050786', 'lNONHSAG050815', 'lNONHSAG050929', 'lNONHSAG050985', 'lNONHSAG051010', 'lNONHSAG051015', 'lNONHSAG051166', 'lNONHSAG051196', 'lNONHSAG051245', 'lNONHSAG051250', 'lNONHSAG051255', 'lNONHSAG051259', 'lNONHSAG051260', 'lNONHSAG051263', 'lNONHSAG051266', 'lNONHSAG051291', 'lNONHSAG051448', 'lNONHSAG051454', 'lNONHSAG051484', 'lNONHSAG051514', 'lNONHSAG051517', 'lNONHSAG051523', 'lNONHSAG051542', 'lNONHSAG051567', 'lNONHSAG051568', 'lNONHSAG051603', 'lNONHSAG051770', 'lNONHSAG051898', 'lNONHSAG051958', 'lNONHSAG052046', 'lNONHSAG052082', 'lNONHSAG052097', 'lNONHSAG052119', 'lNONHSAG052149', 'lNONHSAG052151', 'lNONHSAG052179', 'lNONHSAG052454', 'lNONHSAG052459', 'lNONHSAG052491', 'lNONHSAG052492', 'lNONHSAG052511', 'lNONHSAG052609', 'lNONHSAG052686', 'lNONHSAG052709', 'lNONHSAG052726', 'lNONHSAG052853', 'lNONHSAG052908', 'lNONHSAG052925', 'lNONHSAG052929', 'lNONHSAG052931', 'lNONHSAG052933', 'lNONHSAG052943', 'lNONHSAG053007', 'lNONHSAG053014', 'lNONHSAG053028', 'lNONHSAG053033', 'lNONHSAG053082', 'lNONHSAG053108', 'lNONHSAG053162', 'lNONHSAG053228', 'lNONHSAG053419', 'lNONHSAG053456', 'lNONHSAG053499', 'lNONHSAG053500', 'lNONHSAG053502', 'lNONHSAG053546', 'lNONHSAG053547', 'lNONHSAG053590', 'lNONHSAG053602', 'lNONHSAG053626', 'lNONHSAG053631', 'lNONHSAG053651', 'lNONHSAG053716', 'lNONHSAG053719', 'lNONHSAG053748', 'lNONHSAG053796', 'lNONHSAG053802', 'lNONHSAG053842', 'lNONHSAG054024', 'lNONHSAG054038', 'lNONHSAG054212', 'lNONHSAG054213', 'lNONHSAG054215', 'lNONHSAG054216', 'lNONHSAG054301', 'lNONHSAG054360', 'lNONHSAG054432', 'lNONHSAG054699', 'lNONHSAG054716', 'lNONHSAG054717', 'lNONHSAG054718', 'lNONHSAG054780', 'lNONHSAG054791', 'lNONHSAG054807', 'lNONHSAG054832', 'lNONHSAG055008', 'lNONHSAG055088', 'lNONHSAG055092', 'lNONHSAG055151', 'lNONHSAG055258', 'lNONHSAG055350', 'lNONHSAG055418', 'lNONHSAG055450', 'lNONHSAG055546', 'lNONHSAG055558', 'lNONHSAG055565', 'lNONHSAG055577', 'lNONHSAG055582', 'lNONHSAG056025', 'lNONHSAG056029', 'lNONHSAG056733', 'lNONHSAG056746', 'lNONHSAG056868', 'lNONHSAG056875', 'lNONHSAG057043', 'lNONHSAG057222', 'lNONHSAG057260', 'lNONHSAG058006', 'lNONHSAG058112', 'lNONHSAG058118', 'lNONHSAG058128', 'lNONHSAG058967', 'lNONHSAG059768', 'lNONHSAG060586', 'lNONHSAG061096', 'lNONHSAG061404', 'lNONHSAG061492', 'lNONHSAG063700', 'lNONHSAG064784', 'lNONHSAG064962', 'lNONHSAG065252', 'lNONHSAG065364', 'lNONHSAG066253', 'lNONHSAG068402', 'lNONHSAG068639', 'lNONHSAG069030', 'lNONHSAG069147', 'lNONHSAG069277', 'lNONHSAG069876', 'lNONHSAG070257', 'lNONHSAG072176', 'lNONHSAG072945', 'lNONHSAG073025', 'lNONHSAG073380', 'lNONHSAG073406', 'lNONHSAG073786', 'lNONHSAG074052', 'lNONHSAG074661', 'lNONHSAG075363', 'lNONHSAG077475', 'lNONHSAG077527', 'lNONHSAG077551', 'lNONHSAG080772', 'lNONHSAG081227', 'lNONHSAG081583', 'lNONHSAG081993', 'lNONHSAG082891', 'lNONHSAG083209', 'lNONHSAG083289', 'lNONHSAG083615', 'lNONHSAG083859', 'lNONHSAG083883', 'lNONHSAG083894', 'lNONHSAG084701', 'lNONHSAG084832', 'lNONHSAG085975', 'lNONHSAG088562', 'lNONHSAG089857', 'lNONHSAG091116', 'lNONHSAG091452', 'lNONHSAG092907', 'lNONHSAG093064', 'lNONHSAG093078', 'lNONHSAG093517', 'lNONHSAG094075', 'lNONHSAG094129', 'lNONHSAG094269', 'lNONHSAG096130', 'lNONHSAG096230', 'lNONHSAG096627', 'lNONHSAG097344', 'lNONHSAG097347', 'lNONHSAG098653', 'lNONHSAG099120', 'lNONHSAG099126', 'lNONHSAG099742', 'lNONHSAG099774', 'lNONHSAG101229', 'lNONHSAG101725', 'lNONHSAG102572', 'lNONHSAG102979', 'lNONHSAG103259', 'lNONHSAG103457', 'lNONHSAG103817', 'lNONHSAG104186', 'lNONHSAG110420', 'lNONHSAG111667', 'lNONHSAG112396', 'lNONHSAG113761', 'lNONHSAG114445', 'lENSG00000103472', 'lENSG00000163364', 'lENSG00000171889', 'lENSG00000175061', 'lENSG00000177410', 'lENSG00000179406', 'lENSG00000179523', 'lENSG00000189295', 'lENSG00000198221', 'lENSG00000198468', 'lENSG00000203497', 'lENSG00000205611', 'lENSG00000223764', 'lENSG00000224057', 'lENSG00000224078', 'lENSG00000224614', 'lENSG00000225470', 'lENSG00000225506', 'lENSG00000225855', 'lENSG00000226115', 'lENSG00000226137', 'lENSG00000227082', 'lENSG00000227256', 'lENSG00000227963', 'lENSG00000228022', 'lENSG00000228526', 'lENSG00000229267', 'lENSG00000229335', 'lENSG00000229388', 'lENSG00000230046', 'lENSG00000230257', 'lENSG00000230313', 'lENSG00000230400', 'lENSG00000230866', 'lENSG00000231019', 'lENSG00000231437', 'lENSG00000231473', 'lENSG00000231663', 'lENSG00000232265', 'lENSG00000232415', 'lENSG00000233387', 'lENSG00000233532', 'lENSG00000233590', 'lENSG00000234222', 'lENSG00000234455', 'lENSG00000234625', 'lENSG00000235385', 'lENSG00000235535', 'lENSG00000235724', 'lENSG00000236240', 'lENSG00000236535', 'lENSG00000236671', 'lENSG00000237167', 'lENSG00000237396', 'lENSG00000237880', 'lENSG00000241388', 'lENSG00000242207', 'lENSG00000243479', 'lENSG00000244124', 'lENSG00000245067', 'lENSG00000245146', 'lENSG00000245614', 'lENSG00000246560', 'lENSG00000247095', 'lENSG00000247373', 'lENSG00000247400', 'lENSG00000247498', 'lENSG00000249532', 'lENSG00000249786', 'lENSG00000249835', 'lENSG00000249993', 'lENSG00000250635', 'lENSG00000251003', 'lENSG00000253315', 'lENSG00000254418', 'lENSG00000254480', 'lENSG00000254508', 'lENSG00000254635', 'lENSG00000255363', 'lENSG00000255553', 'lENSG00000255850', 'lENSG00000257084', 'lENSG00000257557', 'lENSG00000258197', 'lENSG00000258912', 'lENSG00000259289', 'lENSG00000259424', 'lENSG00000260219', 'lENSG00000260280', 'lENSG00000260455', 'lENSG00000260924', 'lENSG00000260969', 'lENSG00000261183', 'lENSG00000261423', 'lENSG00000261780', 'lENSG00000263718', 'lENSG00000264672', 'lENSG00000265374', 'lENSG00000266402', 'lENSG00000266970', 'lENSG00000267296', 'lENSG00000267321', 'lENSG00000267413', 'lENSG00000267440', 'lENSG00000267858', 'lENSG00000269911', 'lENSG00000269939', 'lENSG00000270084', 'lENSG00000270344', 'lENSG00000270959', 'lENSG00000272769', 'lENSG00000274372', 'lENSG00000278970', 'lENSG00000279296', 'lENSG00000281189', 'lENSG00000284070', 'lENSG00000285644', 'lENSG00000286004', 'lENSG00000286737', 'lENSG00000288080', 'lENSG00000224167', 'lENSG00000224739', 'lA1BG-AS1', 'lADAMTS9-AS2', 'lANKRD62P1-PARP4P3', 'lASMTL-AS1', 'lBANCR', 'lCDKN2B-AS1', 'lCRNDE', 'lDGKK', 'lDLX6-AS1', 'lEGOT', 'lFEZF1-AS1', 'lGATA6-AS1', 'lGHET1', 'lHEIH', 'lHOTAIRM1', 'lHOXA-AS3', 'lINHBA-AS1', 'lJPX', 'lJRK', 'lKCTD21-AS1', 'lKTN1-AS1', 'lLAMTOR5-AS1', 'lLBX2-AS1', 'lLINC00173', 'lLINC00174', 'lLINC00240', 'lLINC00333', 'lLINC00472', 'lLPP-AS2', 'lMCM3AP-AS1', 'lMEG3', 'lMIR181A1HG', 'lMIR31HG', 'lMYLK-AS1', 'lPANDAR', 'lPCGEM1', 'lPVT1', 'lRHPN1-AS1', 'lRMST', 'lSNHG15', 'lSNHG16', 'lSNX29P2', 'lTEN1-CDK3', 'lTPTEP1', 'lVCAN-AS1', 'lZFAS1', 'lZNF286B', 'lZNF503-AS2', 'lLINC00461', 'lLINC00514', 'lSRP14-AS1', 'lAC007009.1', 'lPWAR6', 'lAC004840.8', 'lAC103564.7', 'lAC135048.13', 'lAC137723.5', 'lAL928742.12', 'lAP001058.3', 'lCTB-91J4.1', 'lCTC-338M12.2', 'lCTD-2165H16.4', 'lCTD-2195B23.3', 'lCTD-2540L5.5', 'lKB-7G2.8', 'lLA16c-321D4.2', 'lLA16c-380H5.3', 'lLL22NC03-23C6.13', 'lRP1-283E3.8', 'lRP11-100F15.1', 'lRP11-104E19.1', 'lRP11-108M9.3', 'lRP11-123O10.4', 'lRP11-197N18.2', 'lRP11-227H15.4', 'lRP11-243J18.2', 'lRP11-24P14.1', 'lRP11-264B17.3', 'lRP11-2C24.4', 'lRP11-305P14.1', 'lRP11-439K3.1', 'lRP11-467J12.4', 'lRP11-49K24.4', 'lRP11-54O7.3', 'lRP11-550C4.6', 'lRP11-680A11.5', 'lRP4-756H11.3', 'lRP4-790G17.7', 'lRP5-1061H20.4', 'lRP5-1074L1.1', 'lRP5-1160K1.8', 'lXXbac-BPG300A18.13', 'lAC018766.4', 'lCTD-2231H16.1', 'lHNRNPU-AS1', 'lRP11-429J17.8', 'lRP11-672A2.1', 'lRP11-495P10.8', 'lCTA-250D10.23', 'lRP4-610C12.4', 'lLINC00035', 'lRP11-408H20.2', 'lNONHSAG000157', 'lNONHSAG000297', 'lNONHSAG000623', 'lNONHSAG000677', 'lNONHSAG000896', 'lNONHSAG000969', 'lNONHSAG000994', 'lNONHSAG001008', 'lNONHSAG001014', 'lNONHSAG001028', 'lNONHSAG001033', 'lNONHSAG001147', 'lNONHSAG001171', 'lNONHSAG001207', 'lNONHSAG001240', 'lNONHSAG001258', 'lNONHSAG001419', 'lNONHSAG001435', 'lNONHSAG002403', 'lNONHSAG002487', 'lNONHSAG002619', 'lNONHSAG002726', 'lNONHSAG002790', 'lNONHSAG002816', 'lNONHSAG003227', 'lNONHSAG003308', 'lNONHSAG003418', 'lNONHSAG003459', 'lNONHSAG003810', 'lNONHSAG003881', 'lNONHSAG004227', 'lNONHSAG004475', 'lNONHSAG004507', 'lNONHSAG004638', 'lNONHSAG004893', 'lNONHSAG005249', 'lNONHSAG005473', 'lNONHSAG005522', 'lNONHSAG005679', 'lNONHSAG005717', 'lNONHSAG005725', 'lNONHSAG005727', 'lNONHSAG005740', 'lNONHSAG005746', 'lNONHSAG005747', 'lNONHSAG005760', 'lNONHSAG005761', 'lNONHSAG005769', 'lNONHSAG005789', 'lNONHSAG005797', 'lNONHSAG005809', 'lNONHSAG005821', 'lNONHSAG005842', 'lNONHSAG005847', 'lNONHSAG005851', 'lNONHSAG005852', 'lNONHSAG005853', 'lNONHSAG005855', 'lNONHSAG005856', 'lNONHSAG005857', 'lNONHSAG005859', 'lNONHSAG005862', 'lNONHSAG005867', 'lNONHSAG005885', 'lNONHSAG005915', 'lNONHSAG005935', 'lNONHSAG005936', 'lNONHSAG005939', 'lNONHSAG005985', 'lNONHSAG005986', 'lNONHSAG006012', 'lNONHSAG006022', 'lNONHSAG006078', 'lNONHSAG006086', 'lNONHSAG006091', 'lNONHSAG006097', 'lNONHSAG006103', 'lNONHSAG006160', 'lNONHSAG006183', 'lNONHSAG006186', 'lNONHSAG006187', 'lNONHSAG006188', 'lNONHSAG006206', 'lNONHSAG006220', 'lNONHSAG006221', 'lNONHSAG006235', 'lNONHSAG006240', 'lNONHSAG006274', 'lNONHSAG006279', 'lNONHSAG006290', 'lNONHSAG006293', 'lNONHSAG006300', 'lNONHSAG006314', 'lNONHSAG006324', 'lNONHSAG006376', 'lNONHSAG006377', 'lNONHSAG006382', 'lNONHSAG006388', 'lNONHSAG006395', 'lNONHSAG006399', 'lNONHSAG006405', 'lNONHSAG006407', 'lNONHSAG006412', 'lNONHSAG006415', 'lNONHSAG006434', 'lNONHSAG006440', 'lNONHSAG006459', 'lNONHSAG006493', 'lNONHSAG006507', 'lNONHSAG006527', 'lNONHSAG006536', 'lNONHSAG006551', 'lNONHSAG006555', 'lNONHSAG006557', 'lNONHSAG006573', 'lNONHSAG006576', 'lNONHSAG006579', 'lNONHSAG006581', 'lNONHSAG006586', 'lNONHSAG006591', 'lNONHSAG006602', 'lNONHSAG006646', 'lNONHSAG006653', 'lNONHSAG006669', 'lNONHSAG006716', 'lNONHSAG006748', 'lNONHSAG006750', 'lNONHSAG006779', 'lNONHSAG006808', 'lNONHSAG006830', 'lNONHSAG006832', 'lNONHSAG006837', 'lNONHSAG006855', 'lNONHSAG006883', 'lNONHSAG006889', 'lNONHSAG006894', 'lNONHSAG006897', 'lNONHSAG006909', 'lNONHSAG006915', 'lNONHSAG006922', 'lNONHSAG006967', 'lNONHSAG006970', 'lNONHSAG006976', 'lNONHSAG007000', 'lNONHSAG007008', 'lNONHSAG007020', 'lNONHSAG007023', 'lNONHSAG007029', 'lNONHSAG007063', 'lNONHSAG007087', 'lNONHSAG007103', 'lNONHSAG007118', 'lNONHSAG007129', 'lNONHSAG007139', 'lNONHSAG007155', 'lNONHSAG007172', 'lNONHSAG007203', 'lNONHSAG007222', 'lNONHSAG007224', 'lNONHSAG007242', 'lNONHSAG007259', 'lNONHSAG007278', 'lNONHSAG007286', 'lNONHSAG007298', 'lNONHSAG007414', 'lNONHSAG007419', 'lNONHSAG007429', 'lNONHSAG007458', 'lNONHSAG007488', 'lNONHSAG007507', 'lNONHSAG007531', 'lNONHSAG007533', 'lNONHSAG007543', 'lNONHSAG007544', 'lNONHSAG007554', 'lNONHSAG007563', 'lNONHSAG007574', 'lNONHSAG007587', 'lNONHSAG007599', 'lNONHSAG007621', 'lNONHSAG007632', 'lNONHSAG007638', 'lNONHSAG007730', 'lNONHSAG007932', 'lENSG00000083622', 'lENSG00000105501', 'lENSG00000122043', 'lENSG00000149443', 'lENSG00000175746', 'lENSG00000177596', 'lENSG00000178248', 'lENSG00000197644', 'lENSG00000197880', 'lENSG00000198054', 'lENSG00000198671', 'lENSG00000203307', 'lENSG00000203434', 'lENSG00000203472', 'lENSG00000203565', 'lENSG00000203605', 'lENSG00000203864', 'lENSG00000204464', 'lENSG00000205018', 'lENSG00000205452', 'lENSG00000205500', 'lENSG00000212856', 'lENSG00000219410', 'lENSG00000221845', 'lENSG00000222000', 'lENSG00000222032', 'lENSG00000222044', 'lENSG00000223374', 'lENSG00000223381', 'lENSG00000223387', 'lENSG00000223400', 'lENSG00000223537', 'lENSG00000223563', 'lENSG00000223598', 'lENSG00000223634', 'lENSG00000223643', 'lENSG00000223647', 'lENSG00000223727', 'lENSG00000223786', 'lENSG00000223809', 'lENSG00000223831', 'lENSG00000223870', 'lENSG00000223881', 'lENSG00000223966', 'lENSG00000224075', 'lENSG00000224087', 'lENSG00000224095', 'lENSG00000224220', 'lENSG00000224330', 'lENSG00000224500', 'lENSG00000224535', 'lENSG00000224541', 'lENSG00000224549', 'lENSG00000224595', 'lENSG00000224645', 'lENSG00000224655', 'lENSG00000224794', 'lENSG00000224821', 'lENSG00000224844', 'lENSG00000224857', 'lENSG00000224885', 'lENSG00000224922', 'lENSG00000224972', 'lENSG00000225012', 'lENSG00000225050', 'lENSG00000225129', 'lENSG00000225146', 'lENSG00000225218', 'lENSG00000225325', 'lENSG00000225334', 'lENSG00000225378', 'lENSG00000225457', 'lENSG00000225570', 'lENSG00000225588', 'lENSG00000225647', 'lENSG00000225750', 'lENSG00000225751', 'lENSG00000225761', 'lENSG00000225798', 'lENSG00000225886', 'lENSG00000225919', 'lENSG00000225929', 'lENSG00000226047', 'lENSG00000226089', 'lENSG00000226133', 'lENSG00000226143', 'lENSG00000226193', 'lENSG00000226194', 'lENSG00000226238', 'lENSG00000226323', 'lENSG00000226337', 'lENSG00000226398', 'lENSG00000226442', 'lENSG00000226454', 'lENSG00000226508', 'lENSG00000226522', 'lENSG00000226542', 'lENSG00000226562', 'lENSG00000226566', 'lENSG00000226576', 'lENSG00000226601', 'lENSG00000226647', 'lENSG00000226699', 'lENSG00000226770', 'lENSG00000226813', 'lENSG00000226883', 'lENSG00000226925', 'lENSG00000226956', 'lENSG00000226957', 'lENSG00000227075', 'lENSG00000227125', 'lENSG00000227131', 'lENSG00000227181', 'lENSG00000227197', 'lENSG00000227330', 'lENSG00000227360', 'lENSG00000227409', 'lENSG00000227459', 'lENSG00000227482', 'lENSG00000227496', 'lENSG00000227509', 'lENSG00000227512', 'lENSG00000227549', 'lENSG00000227579', 'lENSG00000227611', 'lENSG00000227680', 'lENSG00000227716', 'lENSG00000227718', 'lENSG00000227769', 'lENSG00000227863', 'lENSG00000227893', 'lENSG00000227930', 'lENSG00000227958', 'lENSG00000227960', 'lENSG00000228028', 'lENSG00000228082', 'lENSG00000228108', 'lENSG00000228136', 'lENSG00000228170', 'lENSG00000228215', 'lENSG00000228231', 'lENSG00000228261', 'lENSG00000228272', 'lENSG00000228351', 'lENSG00000228372', 'lENSG00000228383', 'lENSG00000228470', 'lENSG00000228485', 'lENSG00000228548', 'lENSG00000228596', 'lENSG00000228804', 'lENSG00000228826', 'lENSG00000228852', 'lENSG00000228939', 'lENSG00000228950', 'lENSG00000229152', 'lENSG00000229162', 'lENSG00000229167', 'lENSG00000229190', 'lENSG00000229224', 'lENSG00000229283', 'lENSG00000229297', 'lENSG00000229331', 'lENSG00000229345', 'lENSG00000229370', 'lENSG00000229379', 'lENSG00000229444', 'lENSG00000229457', 'lENSG00000229487', 'lENSG00000229498', 'lENSG00000229528', 'lENSG00000229531', 'lENSG00000229673', 'lENSG00000229679', 'lENSG00000229688', 'lENSG00000229848', 'lENSG00000229851', 'lENSG00000229953', 'lENSG00000229999', 'lENSG00000230010', 'lENSG00000230065', 'lENSG00000230109', 'lENSG00000230121', 'lENSG00000230153', 'lENSG00000230155', 'lENSG00000230190', 'lENSG00000230197', 'lENSG00000230212', 'lENSG00000230234', 'lENSG00000230323', 'lENSG00000230432', 'lENSG00000230483', 'lENSG00000230499', 'lENSG00000230599', 'lENSG00000230668', 'lENSG00000230735', 'lENSG00000230759', 'lENSG00000230794', 'lENSG00000230826', 'lENSG00000230830', 'lENSG00000230912', 'lENSG00000230918', 'lENSG00000230972', 'lENSG00000231081', 'lENSG00000231082', 'lENSG00000231092', 'lENSG00000231102', 'lENSG00000231114', 'lENSG00000231143', 'lENSG00000231253', 'lENSG00000231407', 'lENSG00000231413', 'lENSG00000231440', 'lENSG00000231492', 'lENSG00000231496', 'lENSG00000231539', 'lENSG00000231597', 'lENSG00000231678', 'lENSG00000231681', 'lENSG00000231724', 'lENSG00000231760', 'lENSG00000231772', 'lENSG00000231781', 'lENSG00000231914', 'lENSG00000231937', 'lENSG00000231953', 'lENSG00000231964', 'lENSG00000232031', 'lENSG00000232058', 'lENSG00000232086', 'lENSG00000232120', 'lENSG00000232192', 'lENSG00000232197', 'lENSG00000232252', 'lENSG00000232286', 'lENSG00000232310', 'lENSG00000232328', 'lENSG00000232359', 'lENSG00000232363', 'lENSG00000232451', 'lENSG00000232464', 'lENSG00000232465', 'lENSG00000232564', 'lENSG00000232596', 'lENSG00000232604', 'lENSG00000232710', 'lENSG00000232719', 'lENSG00000232746', 'lENSG00000232806', 'lENSG00000232893', 'lENSG00000232930', 'lENSG00000232939', 'lENSG00000232964', 'lENSG00000233079', 'lENSG00000233178', 'lENSG00000233179', 'lENSG00000233219', 'lENSG00000233222', 'lENSG00000233330', 'lENSG00000233407', 'lENSG00000233472', 'lENSG00000233479', 'lENSG00000233534', 'lENSG00000233574', 'lENSG00000233581', 'lENSG00000233613', 'lENSG00000233625', 'lENSG00000233656', 'lENSG00000233665', 'lENSG00000233689', 'lENSG00000233851', 'lENSG00000233891', 'lENSG00000233953', 'lENSG00000233969', 'lENSG00000233985', 'lENSG00000234021', 'lENSG00000234055', 'lENSG00000234117', 'lENSG00000234149', 'lENSG00000234160', 'lENSG00000234172', 'lENSG00000234191', 'lENSG00000234318', 'lENSG00000234504', 'lENSG00000234567', 'lENSG00000234622', 'lENSG00000234626', 'lENSG00000234653', 'lENSG00000234690', 'lENSG00000234693', 'lENSG00000234714', 'lENSG00000234756', 'lENSG00000234860', 'lENSG00000234900', 'lENSG00000234953', 'lENSG00000234961', 'lENSG00000235011', 'lENSG00000235035', 'lENSG00000235050', 'lENSG00000235059', 'lENSG00000235086', 'lENSG00000235122', 'lENSG00000235168', 'lENSG00000235262', 'lENSG00000235435', 'lENSG00000235494', 'lENSG00000235503', 'lENSG00000235533', 'lENSG00000235635', 'lENSG00000235637', 'lENSG00000235669', 'lENSG00000235786', 'lENSG00000235813', 'lENSG00000236031', 'lENSG00000236065', 'lENSG00000236109', 'lENSG00000236242', 'lENSG00000236267', 'lENSG00000236272', 'lENSG00000236324', 'lENSG00000236326', 'lENSG00000236366', 'lENSG00000236414', 'lENSG00000236452', 'lENSG00000236463', 'lENSG00000236498', 'lENSG00000236559', 'lENSG00000236648', 'lENSG00000236662', 'lENSG00000236723', 'lENSG00000236744', 'lENSG00000236758', 'lENSG00000236800', 'lENSG00000236828', 'lENSG00000236854', 'lENSG00000236921', 'lENSG00000236951', 'lENSG00000236953', 'lENSG00000236975', 'lENSG00000237058', 'lENSG00000237073', 'lENSG00000237200', 'lENSG00000237293', 'lENSG00000237312', 'lENSG00000237324', 'lENSG00000237331', 'lENSG00000237337', 'lENSG00000237373', 'lENSG00000237435', 'lENSG00000237463', 'lENSG00000237477', 'lENSG00000237481', 'lENSG00000237494', 'lENSG00000237520', 'lENSG00000237571', 'lENSG00000237576', 'lENSG00000237581', 'lENSG00000237670', 'lENSG00000237687', 'lENSG00000237734', 'lENSG00000237756', 'lENSG00000237768', 'lENSG00000237802', 'lENSG00000237921', 'lENSG00000237937', 'lENSG00000237993', 'lENSG00000238131', 'lENSG00000238185', 'lENSG00000238282', 'lENSG00000238291', 'lENSG00000239314', 'lENSG00000239415', 'lENSG00000239593', 'lENSG00000240354', 'lENSG00000240573', 'lENSG00000240868', 'lENSG00000241593', 'lENSG00000241666', 'lENSG00000241985', 'lENSG00000242012', 'lENSG00000242072', 'lENSG00000242339', 'lENSG00000242391', 'lENSG00000242545', 'lENSG00000242568', 'lENSG00000242618', 'lENSG00000242795', 'lENSG00000242861', 'lENSG00000243149', 'lENSG00000243230', 'lENSG00000243273', 'lENSG00000243368', 'lENSG00000243797', 'lENSG00000243903', 'lENSG00000243961', 'lENSG00000244278', 'lENSG00000244327', 'lENSG00000244461', 'lENSG00000245148', 'lENSG00000246541', 'lENSG00000247867', 'lENSG00000247925', 'lENSG00000248125', 'lENSG00000248145', 'lENSG00000248148', 'lENSG00000248172', 'lENSG00000248245', 'lENSG00000248358', 'lENSG00000248373', 'lENSG00000248393', 'lENSG00000248397', 'lENSG00000248416', 'lENSG00000248457', 'lENSG00000248482', 'lENSG00000248490', 'lENSG00000248576', 'lENSG00000248599', 'lENSG00000248758', 'lENSG00000248789', 'lENSG00000248802', 'lENSG00000248925', 'lENSG00000248935', 'lENSG00000248975', 'lENSG00000248984', 'lENSG00000248995', 'lENSG00000249066', 'lENSG00000249071', 'lENSG00000249099', 'lENSG00000249111', 'lENSG00000249114', 'lENSG00000249297', 'lENSG00000249334', 'lENSG00000249382', 'lENSG00000249409', 'lENSG00000249419', 'lENSG00000249426', 'lENSG00000249441', 'lENSG00000249451', 'lENSG00000249605', 'lENSG00000249613', 'lENSG00000249697', 'lENSG00000249706', 'lENSG00000249742', 'lENSG00000249753', 'lENSG00000249782', 'lENSG00000249830', 'lENSG00000249865', 'lENSG00000249892', 'lENSG00000250062', 'lENSG00000250092', 'lENSG00000250186', 'lENSG00000250195', 'lENSG00000250242', 'lENSG00000250524', 'lENSG00000250541', 'lENSG00000250626', 'lENSG00000250646', 'lENSG00000250657', 'lENSG00000250665', 'lENSG00000250698', 'lENSG00000250761', 'lENSG00000250791', 'lENSG00000250820', 'lENSG00000250855', 'lENSG00000250865', 'lENSG00000250866', 'lENSG00000250877', 'lENSG00000250910', 'lENSG00000250917', 'lENSG00000250929', 'lENSG00000250945', 'lENSG00000250949', 'lENSG00000250950', 'lENSG00000250955', 'lENSG00000250993', 'lENSG00000251059', 'lENSG00000251072', 'lENSG00000251088', 'lENSG00000251185', 'lENSG00000251194', 'lENSG00000251256', 'lENSG00000251281', 'lENSG00000251283', 'lENSG00000251412', 'lENSG00000251414', 'lENSG00000251438', 'lENSG00000251688', 'lENSG00000253142', 'lENSG00000253147', 'lENSG00000253167', 'lENSG00000253171', 'lENSG00000253189', 'lENSG00000253282', 'lENSG00000253356', 'lENSG00000253397', 'lENSG00000253449', 'lENSG00000253526', 'lENSG00000253530', 'lENSG00000253577', 'lENSG00000253616', 'lENSG00000253627', 'lENSG00000253643', 'lENSG00000253660', 'lENSG00000253665', 'lENSG00000253722', 'lENSG00000253754', 'lENSG00000253782', 'lENSG00000253834', 'lENSG00000253851', 'lENSG00000253865', 'lENSG00000253871', 'lENSG00000253880', 'lENSG00000253927', 'lENSG00000253947', 'lENSG00000253976', 'lENSG00000254026', 'lENSG00000254031', 'lENSG00000254033', 'lENSG00000254035', 'lENSG00000254043', 'lENSG00000254084', 'lENSG00000254094', 'lENSG00000254123', 'lENSG00000254171', 'lENSG00000254177', 'lENSG00000254207', 'lENSG00000254239', 'lENSG00000254242', 'lENSG00000254263', 'lENSG00000254325', 'lENSG00000254330', 'lENSG00000254347', 'lENSG00000254350', 'lENSG00000254380', 'lENSG00000254428', 'lENSG00000254429', 'lENSG00000254456', 'lENSG00000254516', 'lENSG00000254526', 'lENSG00000254559', 'lENSG00000254563', 'lENSG00000254574', 'lENSG00000254592', 'lENSG00000254620', 'lENSG00000254627', 'lENSG00000254689', 'lENSG00000254739', 'lENSG00000254775', 'lENSG00000254787', 'lENSG00000254829', 'lENSG00000254842', 'lENSG00000254846', 'lENSG00000254847', 'lENSG00000254864', 'lENSG00000254879', 'lENSG00000254913', 'lENSG00000254921', 'lENSG00000254928', 'lENSG00000254930', 'lENSG00000254972', 'lENSG00000254983', 'lENSG00000255027', 'lENSG00000255039', 'lENSG00000255041', 'lENSG00000255084', 'lENSG00000255114', 'lENSG00000255159', 'lENSG00000255167', 'lENSG00000255227', 'lENSG00000255241', 'lENSG00000255247', 'lENSG00000255252', 'lENSG00000255271', 'lENSG00000255300', 'lENSG00000255327', 'lENSG00000255343', 'lENSG00000255357', 'lENSG00000255375', 'lENSG00000255388', 'lENSG00000255390', 'lENSG00000255443', 'lENSG00000255462', 'lENSG00000255478', 'lENSG00000255482', 'lENSG00000255487', 'lENSG00000255496', 'lENSG00000255498', 'lENSG00000255506', 'lENSG00000255523', 'lENSG00000255528', 'lENSG00000255539', 'lENSG00000255555', 'lENSG00000255565', 'lENSG00000255572', 'lENSG00000255580', 'lENSG00000255808', 'lENSG00000255839', 'lENSG00000255893', 'lENSG00000255949', 'lENSG00000256007', 'lENSG00000256072', 'lENSG00000256209', 'lENSG00000256226', 'lENSG00000256234', 'lENSG00000256292', 'lENSG00000256314', 'lENSG00000256364', 'lENSG00000256448', 'lENSG00000256452', 'lENSG00000256482', 'lENSG00000256484', 'lENSG00000256568', 'lENSG00000256582', 'lENSG00000256670', 'lENSG00000256733', 'lENSG00000256897', 'lENSG00000257022', 'lENSG00000257096', 'lENSG00000257105', 'lENSG00000257137', 'lENSG00000257165', 'lENSG00000257235', 'lENSG00000257261', 'lENSG00000257264', 'lENSG00000257265', 'lENSG00000257271', 'lENSG00000257342', 'lENSG00000257381', 'lENSG00000257407', 'lENSG00000257470', 'lENSG00000257488', 'lENSG00000257494', 'lENSG00000257500', 'lENSG00000257514', 'lENSG00000257527', 'lENSG00000257541', 'lENSG00000257587', 'lENSG00000257634', 'lENSG00000257653', 'lENSG00000257682', 'lENSG00000257732', 'lENSG00000257750', 'lENSG00000257764', 'lENSG00000257787', 'lENSG00000257860', 'lENSG00000257904', 'lENSG00000257925', 'lENSG00000258007', 'lENSG00000258044', 'lENSG00000258108', 'lENSG00000258185', 'lENSG00000258210', 'lENSG00000258220', 'lENSG00000258234', 'lENSG00000258272', 'lENSG00000258292', 'lENSG00000258308', 'lENSG00000258312', 'lENSG00000258323', 'lENSG00000258378', 'lENSG00000258379', 'lENSG00000258390', 'lENSG00000258394', 'lENSG00000258425', 'lENSG00000258451', 'lENSG00000258460', 'lENSG00000258515', 'lENSG00000258516', 'lENSG00000258520', 'lENSG00000258610', 'lENSG00000258657', 'lENSG00000258670', 'lENSG00000258695', 'lENSG00000258698', 'lENSG00000258742', 'lENSG00000258745', 'lENSG00000258800', 'lENSG00000258824', 'lENSG00000258826', 'lENSG00000258829', 'lENSG00000258850', 'lENSG00000258869', 'lENSG00000258892', 'lENSG00000258904', 'lENSG00000258908', 'lENSG00000258944', 'lENSG00000259007', 'lENSG00000259026', 'lENSG00000259187', 'lENSG00000259188', 'lENSG00000259194', 'lENSG00000259202', 'lENSG00000259211', 'lENSG00000259223', 'lENSG00000259250', 'lENSG00000259256', 'lENSG00000259265', 'lENSG00000259268', 'lENSG00000259290', 'lENSG00000259294', 'lENSG00000259307', 'lENSG00000259342', 'lENSG00000259351', 'lENSG00000259352', 'lENSG00000259360', 'lENSG00000259385', 'lENSG00000259432', 'lENSG00000259503', 'lENSG00000259532', 'lENSG00000259544', 'lENSG00000259595', 'lENSG00000259631', 'lENSG00000259636', 'lENSG00000259649', 'lENSG00000259659', 'lENSG00000259757', 'lENSG00000259759', 'lENSG00000259767', 'lENSG00000259798', 'lENSG00000259805', 'lENSG00000259935', 'lENSG00000259945', 'lENSG00000259955', 'lENSG00000259967', 'lENSG00000260003', 'lENSG00000260017', 'lENSG00000260022', 'lENSG00000260058', 'lENSG00000260158', 'lENSG00000260186', 'lENSG00000260190', 'lENSG00000260237', 'lENSG00000260246', 'lENSG00000260304', 'lENSG00000260454', 'lENSG00000260476', 'lENSG00000260586', 'lENSG00000260605', 'lENSG00000260626', 'lENSG00000260659', 'lENSG00000260720', 'lENSG00000260741', 'lENSG00000260773', 'lENSG00000260798', 'lENSG00000260814', 'lENSG00000260884', 'lENSG00000260911', 'lENSG00000260934', 'lENSG00000260970', 'lENSG00000260986', 'lENSG00000260999', 'lENSG00000261014', 'lENSG00000261036', 'lENSG00000261065', 'lENSG00000261066', 'lENSG00000261070', 'lENSG00000261243', 'lENSG00000261248', 'lENSG00000261266', 'lENSG00000261332', 'lENSG00000261379', 'lENSG00000261432', 'lENSG00000261475', 'lENSG00000261507', 'lENSG00000261523', 'lENSG00000261552', 'lENSG00000261569', 'lENSG00000261633', 'lENSG00000261663', 'lENSG00000261671', 'lENSG00000261695', 'lENSG00000261729', 'lENSG00000261731', 'lENSG00000261761', 'lENSG00000261838', 'lENSG00000261864', 'lENSG00000262151', 'lENSG00000262298', 'lENSG00000262434', 'lENSG00000262533', 'lENSG00000262652', 'lENSG00000262692', 'lENSG00000262777', 'lENSG00000262810', 'lENSG00000262815', 'lENSG00000263080', 'lENSG00000263237', 'lENSG00000263257', 'lENSG00000263300', 'lENSG00000263321', 'lENSG00000263335', 'lENSG00000263466', 'lENSG00000263585', 'lENSG00000263594', 'lENSG00000263618', 'lENSG00000263684', 'lENSG00000263709', 'lENSG00000263765', 'lENSG00000263797', 'lENSG00000263847', 'lENSG00000263873', 'lENSG00000263952', 'lENSG00000263982', 'lENSG00000263986', 'lENSG00000264016', 'lENSG00000264023', 'lENSG00000264066', 'lENSG00000264107', 'lENSG00000264116', 'lENSG00000264151', 'lENSG00000264269', 'lENSG00000264486', 'lENSG00000264513', 'lENSG00000264520', 'lENSG00000264546', 'lENSG00000264558', 'lENSG00000264577', 'lENSG00000264595', 'lENSG00000264622', 'lENSG00000264734', 'lENSG00000264769', 'lENSG00000264825', 'lENSG00000264924', 'lENSG00000265125', 'lENSG00000265168', 'lENSG00000265205', 'lENSG00000265265', 'lENSG00000265334', 'lENSG00000265359', 'lENSG00000265400', 'lENSG00000265443', 'lENSG00000265474', 'lENSG00000265554', 'lENSG00000265625', 'lENSG00000265643', 'lENSG00000265728', 'lENSG00000265739', 'lENSG00000265743', 'lENSG00000265791', 'lENSG00000265800', 'lENSG00000265840', 'lENSG00000265844', 'lENSG00000265845', 'lENSG00000265980', 'lENSG00000265994', 'lENSG00000266102', 'lENSG00000266153', 'lENSG00000266311', 'lENSG00000266341', 'lENSG00000266368', 'lENSG00000266535', 'lENSG00000266538', 'lENSG00000266541', 'lENSG00000266651', 'lENSG00000266696', 'lENSG00000266839', 'lENSG00000266844', 'lENSG00000266877', 'lENSG00000266936', 'lENSG00000266981', 'lENSG00000266985', 'lENSG00000266993', 'lENSG00000267000', 'lENSG00000267028', 'lENSG00000267057', 'lENSG00000267063', 'lENSG00000267177', 'lENSG00000267225', 'lENSG00000267234', 'lENSG00000267255', 'lENSG00000267263', 'lENSG00000267274', 'lENSG00000267286', 'lENSG00000267320', 'lENSG00000267341', 'lENSG00000267354', 'lENSG00000267364', 'lENSG00000267387', 'lENSG00000267437', 'lENSG00000267501', 'lENSG00000267510', 'lENSG00000267543', 'lENSG00000267593', 'lENSG00000267615', 'lENSG00000267617', 'lENSG00000267633', 'lENSG00000267665', 'lENSG00000267711', 'lENSG00000267791', 'lENSG00000267838', 'lENSG00000267922', 'lENSG00000267980', 'lENSG00000268015', 'lENSG00000268049', 'lENSG00000268051', 'lENSG00000268069', 'lENSG00000268078', 'lENSG00000268191', 'lENSG00000268203', 'lENSG00000268240', 'lENSG00000268289', 'lENSG00000268292', 'lENSG00000268296', 'lENSG00000268520', 'lENSG00000268605', 'lENSG00000268734', 'lENSG00000268743', 'lENSG00000268798', 'lENSG00000268833', 'lENSG00000268912', 'lENSG00000268981', 'lENSG00000269044', 'lENSG00000269085', 'lENSG00000269145', 'lENSG00000269292', 'lENSG00000269321', 'lENSG00000269350', 'lENSG00000269495', 'lENSG00000269504', 'lENSG00000269578', 'lENSG00000269621', 'lENSG00000269656', 'lENSG00000269729', 'lENSG00000269826', 'lENSG00000269867', 'lENSG00000269901', 'lENSG00000269950', 'lENSG00000269987', 'lENSG00000270082', 'lENSG00000270094', 'lENSG00000270108', 'lENSG00000270380', 'lENSG00000270871', 'lENSG00000270996', 'lENSG00000271032', 'lENSG00000271218', 'lENSG00000271579', 'lENSG00000271717', 'lENSG00000271763', 'lENSG00000271787', 'lENSG00000271833', 'lENSG00000271936', 'lENSG00000271945', 'lENSG00000271983', 'lENSG00000272027', 'lENSG00000272072', 'lENSG00000272149', 'lENSG00000272159', 'lENSG00000272338', 'lENSG00000272510', 'lENSG00000272540', 'lENSG00000272575', 'lENSG00000272642', 'lENSG00000272661', 'lENSG00000272810', 'lENSG00000272814', 'lENSG00000272866', 'lENSG00000272995', 'lENSG00000273035', 'lENSG00000273110', 'lENSG00000273198', 'lENSG00000273226', 'lENSG00000273257', 'lENSG00000273271', 'lENSG00000273275', 'lENSG00000273449', 'lENSG00000273461', 'lENSG00000273493', 'lENSG00000273550', 'lENSG00000273568', 'lENSG00000273838', 'lENSG00000273877', 'lENSG00000273919', 'lENSG00000274177', 'lENSG00000274227', 'lENSG00000274561', 'lENSG00000274624', 'lENSG00000274678', 'lENSG00000274737', 'lENSG00000274863', 'lENSG00000274893', 'lENSG00000275173', 'lENSG00000275345', 'lENSG00000275356', 'lENSG00000275401', 'lENSG00000275484', 'lENSG00000275576', 'lENSG00000275638', 'lENSG00000275871', 'lENSG00000275963', 'lENSG00000276054', 'lENSG00000276107', 'lENSG00000276266', 'lENSG00000276488', 'lENSG00000276527', 'lENSG00000276533', 'lENSG00000276668', 'lENSG00000276997', 'lENSG00000277173', 'lENSG00000277332', 'lENSG00000277639', 'lENSG00000277675', 'lENSG00000278013', 'lENSG00000278202', 'lENSG00000278351', 'lENSG00000278630', 'lENSG00000278766', 'lENSG00000278944', 'lENSG00000279088', 'lENSG00000279240', 'lENSG00000279484', 'lENSG00000279501', 'lENSG00000279623', 'lENSG00000279687', 'lENSG00000279920', 'lENSG00000280206', 'lENSG00000280455', 'lENSG00000280580', 'lENSG00000280870', 'lENSG00000280881', 'lENSG00000281021', 'lENSG00000281831', 'lENSG00000282478', 'lENSG00000282828', 'lENSG00000283083', 'lENSG00000283347', 'lENSG00000283375', 'lENSG00000283436', 'lENSG00000283457', 'lENSG00000283573', 'lENSG00000283631', 'lENSG00000283766', 'lENSG00000283973', 'lENSG00000284376', 'lENSG00000284418', 'lENSG00000284500', 'lENSG00000284513', 'lENSG00000284608', 'lENSG00000284699', 'lENSG00000284846', 'lENSG00000284994', 'lENSG00000285012', 'lENSG00000285040', 'lENSG00000285117', 'lENSG00000285325', 'lENSG00000285354', 'lENSG00000285409', 'lENSG00000285473', 'lENSG00000285518', 'lENSG00000285524', 'lENSG00000285550', 'lENSG00000285551', 'lENSG00000285619', 'lENSG00000285621', 'lENSG00000285654', 'lENSG00000285699', 'lENSG00000285709', 'lENSG00000285780', 'lENSG00000285857', 'lENSG00000285889', 'lENSG00000285954', 'lENSG00000285998', 'lENSG00000286010', 'lENSG00000286020', 'lENSG00000286050', 'lENSG00000286076', 'lENSG00000286089', 'lENSG00000286093', 'lENSG00000286168', 'lENSG00000286188', 'lENSG00000286194', 'lENSG00000286197', 'lENSG00000286206', 'lENSG00000286242', 'lENSG00000286244', 'lENSG00000286276', 'lENSG00000286303', 'lENSG00000286331', 'lENSG00000286333', 'lENSG00000286338', 'lENSG00000286357', 'lENSG00000286419', 'lENSG00000286430', 'lENSG00000286436', 'lENSG00000286441', 'lENSG00000286453', 'lENSG00000286461', 'lENSG00000286474', 'lENSG00000286515', 'lENSG00000286565', 'lENSG00000286578', 'lENSG00000286581', 'lENSG00000286588', 'lENSG00000286598', 'lENSG00000286617', 'lENSG00000286639', 'lENSG00000286645', 'lENSG00000286670', 'lENSG00000286689', 'lENSG00000286690', 'lENSG00000286698', 'lENSG00000286715', 'lENSG00000286716', 'lENSG00000286722', 'lENSG00000286735', 'lENSG00000286738', 'lENSG00000286740', 'lENSG00000286751', 'lENSG00000286759', 'lENSG00000286767', 'lENSG00000286776', 'lENSG00000286781', 'lENSG00000286803', 'lENSG00000286820', 'lENSG00000286822', 'lENSG00000286838', 'lENSG00000286843', 'lENSG00000286850', 'lENSG00000286908', 'lENSG00000286963', 'lENSG00000287005', 'lENSG00000287006', 'lENSG00000287020', 'lENSG00000287028', 'lENSG00000287030', 'lENSG00000287066', 'lENSG00000287094', 'lENSG00000287107', 'lENSG00000287108', 'lENSG00000287128', 'lENSG00000287155', 'lENSG00000287159', 'lENSG00000287191', 'lENSG00000287202', 'lENSG00000287213', 'lENSG00000287236', 'lENSG00000287270', 'lENSG00000287285', 'lENSG00000287321', 'lENSG00000287335', 'lENSG00000287358', 'lENSG00000287359', 'lENSG00000287366', 'lENSG00000287367', 'lENSG00000287381', 'lENSG00000287423', 'lENSG00000287441', 'lENSG00000287451', 'lENSG00000287456', 'lENSG00000287462', 'lENSG00000287501', 'lENSG00000287511', 'lENSG00000287517', 'lENSG00000287518', 'lENSG00000287550', 'lENSG00000287551', 'lENSG00000287587', 'lENSG00000287660', 'lENSG00000287664', 'lENSG00000287684', 'lENSG00000287687', 'lENSG00000287691', 'lENSG00000287704', 'lENSG00000211683', 'lENSG00000214955', 'lENSG00000223379', 'lENSG00000223795', 'lENSG00000224884', 'lENSG00000225393', 'lENSG00000225836', 'lENSG00000228255', 'lENSG00000228538', 'lENSG00000229454', 'lENSG00000229458', 'lENSG00000229628', 'lENSG00000229964', 'lENSG00000230600', 'lENSG00000231212', 'lENSG00000231616', 'lENSG00000232636', 'lENSG00000233987', 'lENSG00000234083', 'lENSG00000234810', 'lENSG00000234998', 'lENSG00000235337', 'lENSG00000235795', 'lENSG00000236453', 'lENSG00000239801', 'lENSG00000241792', 'lENSG00000242375', 'lENSG00000244620', 'lENSG00000247810', 'lENSG00000248359', 'lENSG00000248991', 'lENSG00000249159', 'lENSG00000250481', 'lENSG00000250567', 'lENSG00000250670', 'lENSG00000250686', 'lENSG00000250777', 'lENSG00000250948', 'lENSG00000251506', 'lENSG00000251654', 'lENSG00000253766', 'lENSG00000254306', 'lENSG00000255279', 'lENSG00000255325', 'lENSG00000255644', 'lENSG00000256686', 'lENSG00000257603', 'lENSG00000257715', 'lENSG00000257962', 'lENSG00000258088', 'lENSG00000258196', 'lENSG00000258386', 'lENSG00000258949', 'lENSG00000259209', 'lENSG00000259222', 'lENSG00000259244', 'lENSG00000259255', 'lENSG00000259274', 'lENSG00000259306', 'lENSG00000259407', 'lENSG00000260511', 'lENSG00000260983', 'lENSG00000261193', 'lENSG00000261445', 'lENSG00000261470', 'lENSG00000261775', 'lENSG00000264660', 'lENSG00000266893', 'lENSG00000267081', 'lENSG00000267521', 'lENSG00000267581', 'lENSG00000269391', 'lENSG00000272304', 'lENSG00000272369', 'lENSG00000273403', 'lENSG00000273486', 'lENSG00000274902', 'lENSG00000275232', 'lENSG00000278514', 'lENSG00000279672', 'lENSG00000282887', 'lENSG00000286164', 'lENSG00000235736', 'lENSG00000251613', 'lENSG00000263316', 'lENSG00000258631', 'lENSG00000260141', 'lENSG00000279472', 'lENSG00000271870', 'lENSG00000272934', 'lENSG00000265556', 'lENSG00000253701', 'lENSG00000268166', 'lALG13-AS1', 'lDGUOK-AS1', 'lDSCR8', 'lMIR145', 'lMIR24-2', 'lMIR3179-2', 'lMIR3654', 'lCDKN2B-AS', 'lC3orf65']","[0.0, 1.0, 1.0, 1.0, 0.0, 1.0, 0.0, 1.0, 0.0, 0.0, 0.0, 1.0, 1.0, 0.0, 0.0, 0.0, 1.0, 0.0, 0.0, 0.0, 1.0, 0.0, 0.0, 0.0, 0.0, 1.0, 1.0, 1.0, 1.0, 1.0, 0.0, 1.0, 0.0, 1.0, 1.0, 0.0, 1.0, 0.0, 1.0, 0.0, 0.0, 1.0, 0.0, 0.0, 0.0, 1.0, 0.0, 1.0, 1.0, 1.0, 1.0, 0.0, 1.0, 1.0, 0.0, 0.0, 1.0, 0.0, 0.0, 1.0, 1.0, 1.0, 0.0, 0.0, 0.0, 0.0, 1.0, 1.0, 1.0, 1.0, 1.0, 0.0, 0.0, 0.0, 1.0, 1.0, 1.0, 1.0, 0.0, 1.0, 1.0, 0.0, 1.0, 0.0, 1.0, 1.0, 1.0, 0.0, 1.0, 0.0, 1.0, 1.0, 0.0, 0.0, 1.0, 0.0, 1.0, 0.0, 0.0, 0.0, 1.0, 0.0, 0.0, 1.0, 1.0, 1.0, 1.0, 0.0, 1.0, 1.0, 1.0, 1.0, 0.0, 1.0, 0.0, 0.0, 1.0, 1.0, 1.0, 0.0, 1.0, 0.0, 0.0, 0.0, 0.0, 1.0, 1.0, 1.0, 0.0, 0.0, 0.0, 1.0, 1.0, 0.0, 1.0, 1.0, 0.0, 1.0, 0.0, 1.0, 0.0, 0.0, 0.0, 1.0, 0.0, 1.0, 1.0, 0.0, 0.0, 1.0, 1.0, 0.0, 0.0, 1.0, 0.0, 1.0, 1.0, 1.0, 0.0, 1.0, 1.0, 0.0, 1.0, 0.0, 1.0, 1.0, 0.0, 1.0, 0.0, 1.0, 0.0, 0.0, 1.0, 0.0, 1.0, 0.0, 0.0, 1.0, 0.0, 1.0, 0.0, 0.0, 1.0, 0.0, 1.0, 0.0, 1.0, 0.0, 0.0, 0.0, 1.0, 1.0, 1.0, 0.0, 0.0, 0.0, 1.0, 0.0, 0.0, 1.0, 1.0, 1.0, 1.0, 1.0, 0.0, 1.0, 1.0, 0.0, 1.0, 1.0, 0.0, 1.0, 1.0, 1.0, 0.0, 1.0, 1.0, 0.0, 1.0, 1.0, 0.0, 0.0, 0.0, 1.0, 0.0, 0.0, 1.0, 1.0, 1.0, 1.0, 1.0, 1.0, 0.0, 1.0, 1.0, 1.0, 1.0, 1.0, 0.0, 0.0, 1.0, 1.0, 0.0, 1.0, 1.0, 0.0, 1.0, 1.0, 1.0, 1.0, 1.0, 1.0, 1.0, 1.0, 0.0, 0.0, 1.0, 0.0, 1.0, 1.0, 1.0, 0.0, 1.0, 1.0, 0.0, 0.0, 0.0, 0.0, 0.0, 0.0, 1.0, 0.0, 1.0, 0.0, 1.0, 1.0, 0.0, 0.0, 0.0, 0.0, 0.0, 0.0, 0.0, 0.0, 1.0, 1.0, 1.0, 1.0, 1.0, 1.0, 0.0, 1.0, 0.0, 0.0, 0.0, 0.0, 0.0, 1.0, 1.0, 0.0, 1.0, 1.0, 1.0, 0.0, 0.0, 1.0, 0.0, 0.0, 1.0, 1.0, 0.0, 1.0, 0.0, 1.0, 1.0, 1.0, 0.0, 1.0, 1.0, 1.0, 1.0, 1.0, 0.0, 0.0, 1.0, 0.0, 0.0, 1.0, 1.0, 1.0, 1.0, 1.0, 0.0, 1.0, 0.0, 1.0, 0.0, 1.0, 1.0, 1.0, 1.0, 0.0, 1.0, 0.0, 0.0, 0.0, 1.0, 0.0, 1.0, 1.0, 0.0, 0.0, 1.0, 0.0, 0.0, 1.0, 0.0, 0.0, 1.0, 1.0, 1.0, 0.0, 1.0, 1.0, 0.0, 0.0, 0.0, 1.0, 0.0, 1.0, 0.0, 1.0, 1.0, 0.0, 1.0, 0.0, 1.0, 0.0, 0.0, 1.0, 0.0, 0.0, 1.0, 1.0, 0.0, 1.0, 1.0, 0.0, 0.0, 1.0, 1.0, 0.0, 0.0, 1.0, 1.0, 1.0, 0.0, 1.0, 0.0, 0.0, 0.0, 0.0, 1.0, 0.0, 1.0, 1.0, 0.0, 1.0, 1.0, 1.0, 0.0, 0.0, 0.0, 0.0, 1.0, 0.0, 1.0, 0.0, 0.0, 0.0, 0.0, 1.0, 1.0, 1.0, 1.0, 0.0, 0.0, 0.0, 0.0, 1.0, 1.0, 0.0, 0.0, 0.0, 0.0, 0.0, 1.0, 1.0, 0.0, 0.0, 0.0, 0.0, 0.0, 0.0, 1.0, 0.0, 1.0, 0.0, 0.0, 1.0, 0.0, 1.0, 0.0, 0.0, 0.0, 0.0, 0.0, 0.0, 1.0, 0.0, 0.0, 1.0, 1.0, 0.0, 0.0, 1.0, 1.0, 0.0, 0.0, 1.0, 0.0, 0.0, 1.0, 1.0, 1.0, 1.0, 1.0, 1.0, 1.0, 1.0, 1.0, 1.0, 0.0, 0.0, 0.0, 1.0, 0.0, 1.0, 0.0, 1.0, 0.0, 0.0, 0.0, 1.0, 0.0, 1.0, 0.0, 0.0, 1.0, 0.0, 1.0, 1.0, 1.0, 0.0, 1.0, 0.0, 1.0, 1.0, 0.0, 1.0, 0.0, 1.0, 1.0, 0.0, 0.0, 1.0, 1.0, 0.0, 0.0, 1.0, 1.0, 1.0, 1.0, 0.0, 1.0, 0.0, 1.0, 1.0, 1.0, 0.0, 0.0, 0.0, 0.0, 1.0, 0.0, 1.0, 1.0, 1.0, 0.0, 1.0, 1.0, 1.0, 0.0, 0.0, 0.0, 1.0, 0.0, 0.0, 0.0, 0.0, 0.0, 1.0, 1.0, 0.0, 1.0, 0.0, 0.0, 1.0, 0.0, 1.0, 0.0, 1.0, 0.0, 1.0, 1.0, 0.0, 1.0, 1.0, 1.0, 1.0, 1.0, 0.0, 1.0, 1.0, 0.0, 1.0, 1.0, 1.0, 0.0, 0.0, 0.0, 1.0, 0.0, 1.0, 0.0, 1.0, 1.0, 1.0, 1.0, 1.0, 0.0, 1.0, 0.0, 0.0, 0.0, 1.0, 1.0, 0.0, 0.0, 1.0, 1.0, 1.0, 0.0, 0.0, 1.0, 1.0, 1.0, 1.0, 0.0, 1.0, 0.0, 0.0, 1.0, 1.0, 0.0, 1.0, 1.0, 0.0, 0.0, 1.0, 0.0, 0.0, 0.0, 1.0, 1.0, 1.0, 0.0, 1.0, 0.0, 1.0, 1.0, 0.0, 1.0, 1.0, 1.0, 1.0, 0.0, 1.0, 0.0, 0.0, 0.0, 1.0, 1.0, 1.0, 0.0, 1.0, 1.0, 1.0, 0.0, 0.0, 1.0, 1.0, 1.0, 1.0, 0.0, 0.0, 1.0, 0.0, 1.0, 1.0, 1.0, 1.0, 1.0, 0.0, 0.0, 1.0, 0.0, 1.0, 0.0, 0.0, 1.0, 1.0, 0.0, 0.0, 1.0, 0.0, 1.0, 0.0, 1.0, 0.0, 0.0, 0.0, 1.0, 0.0, 1.0, 0.0, 1.0, 0.0, 0.0, 1.0, 1.0, 0.0, 0.0, 0.0, 1.0, 0.0, 0.0, 1.0, 0.0, 0.0, 1.0, 1.0, 0.0, 1.0, 1.0, 0.0, 0.0, 1.0, 0.0, 1.0, 1.0, 1.0, 1.0, 1.0, 0.0, 1.0, 0.0, 0.0, 1.0, 0.0, 1.0, 0.0, 1.0, 0.0, 1.0, 1.0, 0.0, 1.0, 1.0, 1.0, 0.0, 0.0, 1.0, 1.0, 1.0, 0.0, 0.0, 0.0, 0.0, 0.0, 1.0, 0.0, 0.0, 1.0, 0.0, 1.0, 0.0, 0.0, 1.0, 1.0, 1.0, 0.0, 1.0, 0.0, 0.0, 0.0, 1.0, 1.0, 0.0, 0.0, 0.0, 0.0, 0.0, 0.0, 0.0, 0.0, 0.0, 1.0, 0.0, 0.0, 1.0, 0.0, 0.0, 0.0, 1.0, 0.0, 1.0, 0.0, 1.0, 1.0, 0.0, 0.0, 0.0, 0.0, 0.0, 1.0, 1.0, 0.0, 1.0, 0.0, 0.0, 1.0, 0.0, 0.0, 1.0, 0.0, 1.0, 0.0, 0.0, 0.0, 0.0, 0.0, 1.0, 1.0, 0.0, 1.0, 1.0, 1.0, 1.0, 0.0, 0.0, 1.0, 0.0, 1.0, 0.0, 1.0, 0.0, 1.0, 0.0, 0.0, 1.0, 0.0, 0.0, 0.0, 0.0, 1.0, 0.0, 1.0, 0.0, 1.0, 1.0, 1.0, 0.0, 0.0, 1.0, 0.0, 0.0, 1.0, 0.0, 1.0, 1.0, 1.0, 0.0, 0.0, 0.0, 0.0, 1.0, 0.0, 1.0, 1.0, 0.0, 0.0, 0.0, 1.0, 1.0, 0.0, 0.0, 0.0, 1.0, 1.0, 1.0, 1.0, 1.0, 1.0, 1.0, 0.0, 1.0, 1.0, 0.0, 1.0, 1.0, 1.0, 1.0, 0.0, 1.0, 0.0, 0.0, 1.0, 0.0, 0.0, 1.0, 1.0, 1.0, 0.0, 0.0, 0.0, 1.0, 0.0, 0.0, 1.0, 0.0, 0.0, 1.0, 1.0, 1.0, 1.0, 0.0, 1.0, 1.0, 1.0, 1.0, 1.0, 0.0, 0.0, 0.0, 1.0, 0.0, 0.0, 1.0, 1.0, 0.0, 1.0, 0.0, 1.0, 0.0, 1.0, 1.0, 1.0, 0.0, 0.0, 1.0, 0.0, 0.0, 0.0, 1.0, 1.0, 0.0, 1.0, 1.0, 1.0, 0.0, 1.0, 0.0, 0.0, 1.0, 0.0, 0.0, 1.0, 1.0, 1.0, 1.0, 1.0, 1.0, 0.0, 1.0, 1.0, 1.0, 0.0, 0.0, 1.0, 0.0, 0.0, 0.0, 1.0, 1.0, 0.0, 1.0, 0.0, 0.0, 1.0, 0.0, 1.0, 0.0, 1.0, 0.0, 0.0, 1.0, 1.0, 1.0, 0.0, 1.0, 0.0, 0.0, 0.0, 0.0, 1.0, 1.0, 0.0, 1.0, 0.0, 0.0, 0.0, 0.0, 1.0, 1.0, 0.0, 1.0, 0.0, 1.0, 1.0, 1.0, 1.0, 0.0, 0.0, 0.0, 1.0, 0.0, 0.0, 0.0, 0.0, 0.0, 1.0, 0.0, 1.0, 0.0, 0.0, 1.0, 0.0, 0.0, 1.0, 1.0, 0.0, 1.0, 1.0, 0.0, 1.0, 1.0, 1.0, 0.0, 0.0, 0.0, 0.0, 1.0, 0.0, 1.0, 1.0, 1.0, 1.0, 1.0, 1.0, 0.0, 0.0, 0.0, 0.0, 1.0, 1.0, 0.0, 0.0, 1.0, 0.0, 1.0, 0.0, 0.0, 1.0, 1.0, 0.0, 0.0, 1.0, 0.0, 1.0, 0.0, 0.0, 0.0, 0.0, 0.0, 1.0, 0.0, 1.0, 1.0, 1.0, 1.0, 1.0, 1.0, 0.0, 0.0, 0.0, 0.0, 1.0, 0.0, 1.0, 1.0, 0.0, 1.0, 1.0, 1.0, 0.0, 0.0, 0.0, 1.0, 1.0, 1.0, 1.0, 0.0, 0.0, 1.0, 0.0, 1.0, 0.0, 0.0, 0.0, 1.0, 0.0, 0.0, 1.0, 0.0, 0.0, 1.0, 1.0, 1.0, 0.0, 1.0, 1.0, 1.0, 1.0, 1.0, 1.0, 0.0, 1.0, 0.0, 0.0, 1.0, 0.0, 1.0, 1.0, 1.0, 1.0, 1.0, 1.0, 0.0, 0.0, 0.0, 1.0, 0.0, 0.0, 1.0, 0.0, 0.0, 0.0, 1.0, 1.0, 1.0, 0.0, 1.0, 0.0, 1.0, 1.0, 0.0, 1.0, 0.0, 0.0, 0.0, 0.0, 0.0, 1.0, 1.0, 0.0, 0.0, 0.0, 1.0, 1.0, 1.0, 0.0, 0.0, 0.0, 1.0, 1.0, 1.0, 0.0, 1.0, 0.0, 0.0, 1.0, 1.0, 1.0, 1.0, 1.0, 0.0, 0.0, 1.0, 1.0, 0.0, 1.0, 1.0, 1.0, 1.0, 0.0, 0.0, 0.0, 1.0, 1.0, 1.0, 1.0, 1.0, 1.0, 1.0, 0.0, 0.0, 1.0, 0.0, 1.0, 1.0, 1.0, 1.0, 1.0, 0.0, 0.0, 0.0, 1.0, 0.0, 0.0, 1.0, 0.0, 1.0, 1.0, 0.0, 0.0, 1.0, 0.0, 1.0, 1.0, 0.0, 0.0, 1.0, 1.0, 0.0, 1.0, 1.0, 0.0, 1.0, 0.0, 1.0, 0.0, 0.0, 1.0, 1.0, 0.0, 0.0, 1.0, 0.0, 0.0, 1.0, 0.0, 0.0, 0.0, 1.0, 1.0, 1.0, 1.0, 0.0, 0.0, 1.0, 1.0, 1.0, 0.0, 0.0, 0.0, 1.0, 1.0, 0.0, 1.0, 1.0, 0.0, 1.0, 0.0, 1.0, 1.0, 1.0, 0.0, 0.0, 1.0, 1.0, 1.0, 0.0, 0.0, 0.0, 1.0, 0.0, 0.0, 0.0, 0.0, 0.0, 1.0, 0.0, 0.0, 0.0, 0.0, 0.0, 0.0, 1.0, 1.0, 0.0, 0.0, 1.0, 1.0, 0.0, 0.0, 1.0, 0.0, 1.0, 1.0, 0.0, 1.0, 1.0, 1.0, 0.0, 0.0, 0.0, 0.0, 0.0, 0.0, 1.0, 0.0, 1.0, 1.0, 1.0, 1.0, 1.0, 1.0, 1.0, 1.0, 1.0, 1.0, 1.0, 1.0, 1.0, 1.0, 1.0, 1.0, 1.0, 1.0, 1.0, 0.0, 0.0, 1.0, 0.0, 0.0, 1.0, 1.0, 1.0, 0.0, 1.0, 0.0, 0.0, 0.0, 0.0, 1.0, 1.0, 1.0, 1.0, 0.0, 0.0, 0.0, 1.0, 1.0, 1.0, 0.0, 1.0, 0.0, 1.0, 1.0, 1.0, 1.0, 0.0, 0.0, 0.0, 0.0, 0.0, 1.0, 0.0, 1.0, 0.0, 1.0, 1.0, 0.0, 0.0, 1.0, 1.0, 0.0, 0.0, 0.0, 1.0, 0.0, 0.0, 1.0, 1.0, 1.0, 0.0, 1.0, 1.0, 1.0, 1.0, 1.0, 1.0, 1.0, 1.0, 0.0, 1.0, 1.0, 0.0, 1.0, 1.0, 0.0, 1.0, 1.0, 0.0, 0.0, 0.0, 0.0, 0.0, 0.0, 0.0, 0.0, 0.0, 1.0, 1.0, 1.0, 1.0, 1.0, 1.0, 0.0, 1.0, 0.0, 0.0, 0.0, 1.0, 1.0, 0.0, 0.0, 0.0, 0.0, 0.0, 0.0, 0.0, 0.0, 0.0, 1.0, 1.0, 0.0, 1.0, 1.0, 1.0, 0.0, 0.0, 0.0, 0.0, 1.0, 1.0, 0.0, 0.0, 0.0, 0.0, 0.0, 0.0, 1.0, 0.0, 1.0, 1.0, 1.0, 0.0, 0.0, 0.0, 0.0, 0.0, 0.0, 0.0, 0.0, 1.0, 1.0, 0.0, 0.0, 1.0, 0.0, 0.0, 0.0, 0.0, 1.0, 1.0, 0.0, 0.0, 0.0, 0.0, 1.0, 1.0, 0.0, 0.0, 1.0, 1.0, 1.0, 0.0, 0.0, 1.0, 0.0, 1.0, 0.0, 1.0, 1.0, 0.0, 1.0, 1.0, 1.0, 0.0, 0.0, 0.0, 1.0, 0.0, 0.0, 0.0, 0.0, 0.0, 0.0, 1.0, 1.0, 0.0, 1.0, 0.0, 1.0, 0.0, 1.0, 0.0, 1.0, 0.0, 0.0, 0.0, 1.0, 0.0, 1.0, 0.0, 1.0, 1.0, 0.0, 0.0, 0.0, 0.0, 1.0, 0.0, 0.0, 1.0, 1.0, 1.0, 0.0, 1.0, 0.0, 1.0, 1.0, 0.0, 1.0, 1.0, 0.0, 0.0, 0.0, 0.0, 0.0, 0.0, 1.0, 0.0, 0.0, 1.0, 1.0, 0.0, 0.0, 0.0, 0.0, 0.0, 1.0, 1.0, 1.0, 1.0, 0.0, 1.0, 0.0, 0.0, 1.0, 1.0, 0.0, 0.0, 0.0, 1.0, 1.0, 0.0, 1.0, 0.0, 0.0, 1.0, 1.0, 0.0, 0.0, 0.0, 0.0, 0.0, 0.0, 0.0, 1.0, 0.0, 1.0, 0.0, 0.0, 0.0, 0.0, 0.0, 1.0, 1.0, 0.0, 1.0, 0.0, 1.0, 0.0, 1.0, 0.0, 1.0, 0.0, 0.0, 1.0, 0.0, 0.0, 1.0, 0.0, 0.0, 1.0, 0.0, 0.0, 1.0, 1.0, 0.0, 0.0, 0.0, 0.0, 0.0, 1.0, 1.0, 1.0, 0.0, 1.0, 1.0, 0.0, 1.0, 0.0, 1.0, 0.0, 0.0, 0.0, 1.0, 1.0, 1.0, 1.0, 1.0, 1.0, 0.0, 0.0, 0.0, 1.0, 1.0, 0.0, 1.0, 0.0, 0.0, 1.0, 1.0, 0.0, 0.0, 0.0, 1.0, 0.0, 1.0, 0.0, 1.0, 1.0, 1.0, 0.0, 1.0, 1.0, 1.0, 0.0, 0.0, 0.0, 0.0, 1.0, 0.0, 1.0, 0.0, 0.0, 0.0, 0.0, 1.0, 1.0, 1.0, 0.0, 1.0, 0.0, 1.0, 1.0, 1.0, 0.0, 0.0, 0.0, 1.0, 1.0, 0.0, 1.0, 0.0, 1.0, 0.0, 0.0, 1.0, 1.0, 1.0, 0.0, 0.0, 1.0, 0.0, 0.0, 0.0, 1.0, 0.0, 1.0, 0.0, 0.0, 1.0, 0.0, 1.0, 0.0, 0.0, 1.0, 0.0, 1.0, 1.0, 0.0, 1.0, 0.0, 0.0, 1.0, 1.0, 1.0, 1.0, 0.0, 0.0, 1.0, 0.0, 1.0, 1.0, 0.0, 1.0, 0.0, 0.0, 1.0, 1.0, 1.0, 1.0, 1.0, 0.0, 1.0, 0.0, 0.0, 1.0, 0.0, 0.0, 0.0, 1.0, 1.0, 1.0, 0.0, 1.0, 0.0, 0.0, 1.0, 1.0, 1.0, 1.0, 0.0, 1.0, 0.0, 1.0, 0.0, 1.0, 1.0, 1.0, 0.0, 0.0, 1.0, 1.0, 0.0, 1.0, 1.0, 0.0, 0.0, 0.0, 0.0, 1.0, 1.0, 1.0, 1.0, 1.0, 0.0, 1.0, 0.0, 1.0, 0.0, 0.0, 0.0, 1.0, 1.0, 0.0, 0.0, 0.0, 1.0, 1.0, 0.0, 0.0, 1.0, 1.0, 0.0, 1.0, 0.0, 1.0, 0.0, 1.0, 1.0, 1.0, 0.0, 0.0, 0.0, 1.0, 1.0, 0.0, 1.0, 0.0, 0.0, 1.0, 1.0, 1.0, 1.0, 1.0, 0.0, 0.0, 0.0, 1.0, 0.0, 1.0, 0.0, 1.0, 1.0, 0.0, 0.0, 0.0, 0.0, 1.0, 1.0, 0.0, 1.0, 1.0, 0.0, 0.0, 1.0, 1.0, 1.0, 1.0, 0.0, 1.0, 0.0, 0.0, 1.0, 0.0, 0.0, 1.0, 0.0, 1.0, 1.0, 1.0, 0.0, 1.0, 0.0, 0.0, 0.0, 0.0, 1.0, 1.0, 0.0, 1.0, 0.0, 0.0, 0.0, 1.0, 0.0, 0.0, 0.0, 1.0, 0.0, 1.0, 0.0, 0.0, 1.0, 0.0, 1.0, 1.0, 1.0, 1.0, 1.0, 1.0, 1.0, 0.0, 0.0, 0.0, 1.0, 0.0, 0.0, 0.0, 1.0, 0.0, 1.0, 1.0, 1.0, 1.0, 0.0, 0.0, 1.0, 1.0, 0.0, 0.0, 1.0, 1.0, 0.0, 0.0, 1.0, 0.0, 0.0, 0.0, 1.0, 0.0, 0.0, 0.0, 0.0, 1.0, 1.0, 0.0, 1.0, 0.0, 1.0, 1.0, 0.0, 1.0, 0.0, 1.0, 0.0, 0.0, 0.0, 0.0, 1.0, 1.0, 1.0, 0.0, 0.0, 1.0, 1.0, 1.0, 1.0, 0.0, 1.0, 1.0, 0.0, 0.0, 1.0, 0.0, 1.0, 1.0, 1.0, 1.0, 0.0, 1.0, 0.0, 1.0, 0.0, 0.0, 1.0, 0.0, 0.0, 1.0, 0.0, 1.0, 1.0, 1.0, 1.0, 1.0, 0.0, 1.0, 0.0, 1.0, 0.0, 1.0, 1.0, 1.0, 0.0, 0.0, 0.0, 1.0, 0.0, 0.0, 1.0, 0.0, 0.0, 0.0, 0.0, 0.0, 1.0, 0.0, 1.0, 1.0, 0.0, 0.0, 1.0, 1.0, 0.0, 1.0, 0.0, 0.0, 1.0, 0.0, 0.0, 1.0, 0.0, 0.0, 0.0, 1.0, 0.0, 0.0, 1.0, 1.0, 1.0, 1.0, 0.0, 1.0, 0.0, 1.0, 1.0, 0.0, 0.0, 0.0, 1.0, 1.0, 0.0, 1.0, 0.0, 0.0, 0.0, 0.0, 1.0, 0.0, 1.0, 0.0, 1.0, 0.0, 0.0, 0.0, 0.0, 0.0, 1.0, 1.0, 0.0, 0.0, 0.0, 1.0, 0.0, 1.0, 0.0, 0.0, 1.0, 1.0, 0.0, 1.0, 0.0, 1.0, 0.0, 0.0, 0.0, 1.0, 1.0, 0.0, 0.0, 1.0, 0.0, 0.0, 0.0, 0.0, 0.0, 0.0, 1.0, 0.0, 1.0, 1.0, 1.0, 0.0, 1.0, 1.0, 0.0, 1.0, 0.0, 1.0, 0.0, 1.0, 1.0, 1.0, 0.0, 0.0, 1.0, 0.0, 1.0, 1.0, 0.0, 1.0, 1.0, 1.0, 0.0, 0.0, 0.0, 1.0, 0.0, 1.0, 1.0, 0.0, 1.0, 0.0, 0.0, 1.0, 1.0, 1.0, 1.0, 0.0, 0.0, 1.0, 1.0, 1.0, 1.0, 1.0, 0.0, 0.0, 1.0, 1.0, 0.0, 1.0, 1.0, 1.0, 1.0, 0.0, 1.0, 1.0, 1.0, 0.0, 0.0, 0.0, 1.0, 1.0, 0.0, 1.0, 0.0, 1.0, 0.0, 0.0, 0.0, 0.0, 0.0, 1.0, 0.0, 1.0, 0.0, 1.0, 1.0, 0.0, 1.0, 0.0, 1.0, 1.0, 1.0, 1.0, 0.0, 0.0, 0.0, 1.0, 0.0, 0.0, 1.0, 1.0, 1.0, 1.0, 0.0, 1.0, 0.0, 1.0, 1.0, 1.0, 0.0, 1.0, 0.0, 1.0, 0.0, 0.0, 0.0, 1.0, 1.0, 0.0, 1.0, 1.0, 1.0, 1.0, 0.0, 0.0, 0.0, 1.0, 1.0, 0.0, 0.0, 1.0, 0.0, 0.0, 1.0, 0.0, 0.0, 0.0, 0.0, 0.0, 1.0, 0.0, 1.0, 0.0, 1.0, 0.0, 0.0, 1.0, 0.0, 1.0, 0.0, 0.0, 0.0, 0.0, 1.0, 0.0, 0.0, 0.0, 1.0, 0.0, 1.0, 0.0, 0.0, 1.0, 0.0, 0.0, 0.0, 1.0, 0.0, 1.0, 1.0, 0.0, 0.0, 1.0, 0.0, 0.0, 0.0, 0.0, 1.0, 0.0, 0.0, 1.0, 0.0, 0.0, 0.0, 0.0, 1.0, 0.0, 0.0, 0.0, 0.0, 1.0, 1.0, 1.0, 1.0, 1.0, 1.0, 0.0, 1.0, 1.0, 1.0, 0.0, 1.0, 1.0, 1.0, 1.0, 1.0, 0.0, 1.0, 0.0, 0.0, 1.0, 1.0, 0.0, 0.0, 1.0, 1.0, 1.0, 0.0, 0.0, 0.0, 1.0, 1.0, 0.0, 1.0, 1.0, 1.0, 1.0, 1.0, 0.0, 1.0, 0.0, 0.0, 0.0, 0.0, 0.0, 1.0, 1.0, 1.0, 0.0, 1.0, 0.0, 0.0, 0.0, 1.0, 1.0, 0.0, 0.0, 1.0, 0.0, 0.0, 0.0, 1.0, 0.0, 0.0, 1.0, 1.0, 0.0, 0.0, 0.0, 1.0, 0.0, 1.0, 0.0, 0.0, 1.0, 0.0, 1.0, 1.0, 0.0, 1.0, 0.0, 0.0, 0.0, 0.0, 1.0, 0.0, 0.0, 0.0, 1.0, 0.0, 0.0, 1.0, 0.0, 1.0, 0.0, 0.0, 1.0, 0.0, 0.0, 1.0, 0.0, 0.0, 1.0, 1.0, 0.0, 1.0, 1.0, 1.0, 0.0, 1.0, 1.0, 1.0, 0.0, 1.0, 1.0, 0.0, 0.0, 1.0, 1.0, 0.0, 1.0, 0.0, 1.0, 0.0, 1.0, 1.0, 1.0, 0.0, 0.0, 1.0, 1.0, 1.0, 1.0, 1.0, 0.0, 1.0, 1.0, 1.0, 0.0, 1.0, 1.0, 1.0, 1.0, 0.0, 1.0, 0.0, 1.0, 1.0, 0.0, 0.0, 1.0, 0.0, 1.0, 0.0, 0.0, 0.0, 1.0, 1.0, 0.0, 1.0, 0.0, 0.0, 0.0, 0.0, 0.0, 0.0, 1.0, 1.0, 0.0, 0.0, 0.0, 0.0, 0.0, 1.0, 0.0, 0.0, 1.0, 1.0, 1.0, 0.0, 1.0, 0.0, 1.0, 0.0, 0.0, 1.0, 1.0, 0.0, 0.0, 0.0, 1.0, 0.0, 1.0, 0.0, 0.0, 0.0, 1.0, 1.0, 0.0, 0.0, 0.0, 0.0, 1.0, 1.0, 1.0, 0.0, 1.0, 0.0, 1.0, 0.0, 0.0, 0.0, 1.0, 0.0, 0.0, 1.0, 1.0, 0.0, 1.0, 0.0, 0.0, 1.0, 0.0, 0.0, 0.0, 1.0, 0.0, 1.0, 1.0, 0.0, 0.0, 1.0, 0.0, 0.0, 1.0, 1.0, 0.0, 0.0, 1.0, 0.0, 1.0, 1.0, 1.0, 1.0, 0.0, 0.0, 1.0, 0.0, 1.0, 1.0, 1.0, 0.0, 1.0, 1.0, 0.0, 0.0, 0.0, 0.0, 1.0, 0.0, 1.0, 0.0, 1.0, 1.0, 1.0, 0.0, 0.0, 1.0, 1.0, 0.0, 1.0, 1.0, 0.0, 0.0, 0.0, 0.0, 1.0, 1.0, 0.0, 0.0, 0.0, 0.0, 0.0, 0.0, 1.0, 0.0, 0.0, 0.0, 1.0, 1.0, 0.0, 0.0, 1.0, 0.0, 1.0, 1.0, 0.0, 1.0, 0.0, 1.0, 0.0, 1.0, 0.0, 1.0, 0.0, 1.0, 0.0, 1.0, 0.0, 0.0, 1.0, 1.0, 1.0, 1.0, 0.0, 1.0, 0.0, 1.0, 0.0, 1.0, 1.0, 1.0, 0.0, 1.0, 1.0, 0.0, 1.0, 0.0, 0.0, 1.0, 0.0, 0.0, 1.0, 0.0, 1.0, 0.0, 1.0, 0.0, 1.0, 0.0, 1.0, 1.0, 1.0, 1.0, 1.0, 1.0, 0.0, 0.0, 1.0, 1.0, 0.0, 0.0, 1.0, 0.0, 1.0, 1.0, 0.0, 1.0, 1.0, 1.0, 0.0, 0.0, 0.0, 0.0, 0.0, 1.0, 0.0, 1.0, 0.0, 1.0, 1.0, 0.0, 1.0, 0.0, 1.0, 0.0, 0.0, 1.0, 0.0, 0.0, 1.0, 0.0, 0.0, 0.0, 0.0, 1.0, 1.0, 1.0, 1.0, 0.0, 1.0, 0.0, 0.0, 0.0, 1.0, 1.0, 0.0, 0.0, 1.0, 1.0, 0.0, 0.0, 1.0, 0.0, 1.0, 1.0, 0.0, 0.0, 1.0, 1.0, 0.0, 1.0, 0.0, 0.0, 0.0, 1.0, 0.0, 1.0, 1.0, 0.0, 0.0, 1.0, 0.0, 0.0, 0.0, 0.0, 0.0, 1.0, 0.0, 0.0, 1.0, 1.0, 0.0, 0.0, 0.0, 1.0, 0.0, 1.0, 1.0, 0.0, 1.0, 1.0, 1.0, 0.0, 0.0, 0.0, 1.0, 1.0, 0.0, 1.0, 1.0, 1.0, 0.0, 0.0, 1.0, 0.0, 1.0, 0.0, 1.0, 1.0, 1.0, 1.0, 0.0, 1.0, 1.0, 0.0, 0.0, 0.0, 1.0, 1.0, 1.0, 1.0, 0.0, 0.0, 0.0, 0.0, 0.0, 0.0, 1.0, 0.0, 1.0, 0.0, 0.0, 1.0, 0.0, 1.0, 0.0, 1.0, 0.0, 1.0, 0.0, 1.0, 1.0, 0.0, 0.0, 0.0, 0.0, 1.0, 1.0, 1.0, 1.0, 0.0, 0.0, 0.0, 0.0, 0.0, 0.0, 1.0, 1.0, 1.0, 0.0, 1.0, 0.0, 1.0, 0.0, 0.0, 1.0, 1.0, 1.0, 1.0, 0.0, 0.0, 1.0, 1.0, 1.0, 0.0, 0.0, 0.0, 0.0, 0.0, 0.0, 0.0, 0.0, 1.0, 1.0, 0.0, 0.0, 0.0, 1.0, 1.0, 1.0, 1.0, 0.0, 1.0, 0.0, 0.0, 0.0, 1.0, 1.0, 0.0, 1.0, 0.0, 1.0, 0.0, 1.0, 0.0, 0.0, 1.0, 1.0, 1.0, 0.0, 1.0, 1.0, 0.0, 0.0, 0.0, 0.0, 1.0, 0.0, 0.0, 1.0, 0.0, 1.0, 0.0, 0.0, 0.0, 1.0, 1.0, 1.0, 0.0, 0.0, 1.0, 1.0, 0.0, 1.0, 1.0, 1.0, 0.0, 1.0, 1.0, 0.0, 0.0, 1.0, 0.0, 1.0, 0.0, 1.0, 1.0, 0.0, 0.0, 1.0, 1.0, 0.0, 0.0, 1.0, 0.0, 1.0, 0.0, 0.0, 0.0, 1.0, 0.0, 0.0, 0.0, 0.0, 1.0, 1.0, 0.0, 1.0, 0.0, 1.0, 1.0, 1.0, 1.0, 1.0, 1.0, 1.0, 1.0, 0.0, 1.0, 0.0, 1.0, 1.0, 0.0, 0.0, 1.0, 1.0, 1.0, 1.0, 0.0, 0.0, 0.0, 1.0, 0.0, 1.0, 0.0, 1.0, 1.0, 1.0]","['lNONHSAG000253', 'lNONHSAG000464', 'lNONHSAG000742', 'lNONHSAG000843', 'lNONHSAG002752', 'lNONHSAG003068', 'lNONHSAG003244', 'lNONHSAG003504', 'lNONHSAG003645', 'lNONHSAG004054', 'lNONHSAG004619', 'lNONHSAG005377', 'lNONHSAG005669', 'lNONHSAG005721', 'lNONHSAG006457', 'lNONHSAG006763', 'lNONHSAG006966', 'lNONHSAG007109', 'lNONHSAG007324', 'lNONHSAG008552', 'lNONHSAG008966', 'lNONHSAG009133', 'lNONHSAG009174', 'lNONHSAG009193', 'lNONHSAG009613', 'lNONHSAG009945', 'lNONHSAG010186', 'lNONHSAG011658', 'lNONHSAG011935', 'lNONHSAG012367', 'lNONHSAG012534', 'lNONHSAG012540', 'lNONHSAG013388', 'lNONHSAG013534', 'lNONHSAG013568', 'lNONHSAG013708', 'lNONHSAG013790', 'lNONHSAG013917', 'lNONHSAG013954', 'lNONHSAG017020', 'lNONHSAG017238', 'lNONHSAG017288', 'lNONHSAG017347', 'lNONHSAG017379', 'lNONHSAG017882', 'lNONHSAG018372', 'lNONHSAG018889', 'lNONHSAG018903', 'lNONHSAG019221', 'lNONHSAG019848', 'lNONHSAG020374', 'lNONHSAG020755', 'lNONHSAG020762', 'lNONHSAG021342', 'lNONHSAG021408', 'lNONHSAG021566', 'lNONHSAG021638', 'lNONHSAG022094', 'lNONHSAG022127', 'lNONHSAG022893', 'lNONHSAG023073', 'lNONHSAG023512', 'lNONHSAG023553', 'lNONHSAG023964', 'lNONHSAG024637', 'lNONHSAG024810', 'lNONHSAG026153', 'lNONHSAG026781', 'lNONHSAG027276', 'lNONHSAG028141', 'lNONHSAG028720', 'lNONHSAG029124', 'lNONHSAG029312', 'lNONHSAG029962', 'lNONHSAG029965', 'lNONHSAG030113', 'lNONHSAG031452', 'lNONHSAG032063', 'lNONHSAG032537', 'lNONHSAG032750', 'lNONHSAG033589', 'lNONHSAG033810', 'lNONHSAG034676', 'lNONHSAG034935', 'lNONHSAG035456', 'lNONHSAG036115', 'lNONHSAG036263', 'lNONHSAG036403', 'lNONHSAG036412', 'lNONHSAG036922', 'lNONHSAG037072', 'lNONHSAG037083', 'lNONHSAG037137', 'lNONHSAG037164', 'lNONHSAG038162', 'lNONHSAG038663', 'lNONHSAG039293', 'lNONHSAG039664', 'lNONHSAG040729', 'lNONHSAG040859', 'lNONHSAG040945', 'lNONHSAG042257', 'lNONHSAG043250', 'lNONHSAG043934', 'lNONHSAG045166', 'lNONHSAG046765', 'lNONHSAG046811', 'lNONHSAG047951', 'lNONHSAG048101', 'lNONHSAG048323', 'lNONHSAG048439', 'lNONHSAG052495', 'lNONHSAG052510', 'lNONHSAG052680', 'lNONHSAG054214', 'lNONHSAG056053', 'lNONHSAG056451', 'lNONHSAG058109', 'lNONHSAG058533', 'lNONHSAG071444', 'lNONHSAG073419', 'lNONHSAG079231', 'lNONHSAG084937', 'lNONHSAG091284', 'lNONHSAG091943', 'lNONHSAG096227', 'lNONHSAG099082', 'lNONHSAG110858', 'lENSG00000223783', 'lENSG00000230061', 'lENSG00000232442', 'lENSG00000232500', 'lENSG00000233047', 'lENSG00000234169', 'lENSG00000234546', 'lENSG00000251061', 'lENSG00000254791', 'lENSG00000255427', 'lENSG00000256742', 'lENSG00000256769', 'lENSG00000267395', 'lENSG00000269019', 'lENSG00000278709', 'lAQP4-AS1', 'lCCAT2', 'lGATA3-AS1', 'lTRAM2-AS1', 'lSLC2A1-AS1', 'lAC061992.2', 'lAC137932.5', 'lCTB-60B18.10', 'lRP11-137H2.4', 'lRP11-21J18.1', 'lRP11-276H7.2', 'lRP11-514P8.8', 'lXXbac-B444P24.8', 'lRP5-1063M23.1', 'lNONHSAG000265', 'lNONHSAG000298', 'lNONHSAG000636', 'lNONHSAG001030', 'lNONHSAG001613', 'lNONHSAG004351', 'lNONHSAG005363', 'lNONHSAG005652', 'lNONHSAG005690', 'lNONHSAG005739', 'lNONHSAG005830', 'lNONHSAG005870', 'lNONHSAG005901', 'lNONHSAG006166', 'lNONHSAG006450', 'lNONHSAG006479', 'lNONHSAG006487', 'lNONHSAG006554', 'lNONHSAG006765', 'lNONHSAG006863', 'lNONHSAG007031', 'lNONHSAG007035', 'lNONHSAG007065', 'lNONHSAG007093', 'lNONHSAG007123', 'lNONHSAG007166', 'lNONHSAG007225', 'lNONHSAG007268', 'lNONHSAG007578', 'lENSG00000167920', 'lENSG00000203469', 'lENSG00000204393', 'lENSG00000223641', 'lENSG00000223720', 'lENSG00000223993', 'lENSG00000224031', 'lENSG00000224277', 'lENSG00000224384', 'lENSG00000225537', 'lENSG00000226352', 'lENSG00000226486', 'lENSG00000227076', 'lENSG00000227606', 'lENSG00000228627', 'lENSG00000229502', 'lENSG00000230105', 'lENSG00000230131', 'lENSG00000230233', 'lENSG00000230741', 'lENSG00000230790', 'lENSG00000231272', 'lENSG00000231912', 'lENSG00000232072', 'lENSG00000232335', 'lENSG00000232396', 'lENSG00000232895', 'lENSG00000233070', 'lENSG00000233339', 'lENSG00000233706', 'lENSG00000233960', 'lENSG00000234979', 'lENSG00000235628', 'lENSG00000236022', 'lENSG00000236358', 'lENSG00000237015', 'lENSG00000237919', 'lENSG00000238140', 'lENSG00000239482', 'lENSG00000241383', 'lENSG00000241397', 'lENSG00000241577', 'lENSG00000244701', 'lENSG00000245385', 'lENSG00000248627', 'lENSG00000248969', 'lENSG00000249474', 'lENSG00000249547', 'lENSG00000249806', 'lENSG00000250629', 'lENSG00000251266', 'lENSG00000253134', 'lENSG00000253456', 'lENSG00000253503', 'lENSG00000253507', 'lENSG00000253539', 'lENSG00000253619', 'lENSG00000253645', 'lENSG00000253717', 'lENSG00000253858', 'lENSG00000253875', 'lENSG00000254011', 'lENSG00000254021', 'lENSG00000254141', 'lENSG00000254314', 'lENSG00000254604', 'lENSG00000254626', 'lENSG00000254990', 'lENSG00000255121', 'lENSG00000255366', 'lENSG00000256071', 'lENSG00000256083', 'lENSG00000256972', 'lENSG00000257004', 'lENSG00000257275', 'lENSG00000257997', 'lENSG00000258084', 'lENSG00000258167', 'lENSG00000258313', 'lENSG00000258331', 'lENSG00000258690', 'lENSG00000258784', 'lENSG00000258958', 'lENSG00000259678', 'lENSG00000261261', 'lENSG00000261307', 'lENSG00000261697', 'lENSG00000261723', 'lENSG00000263417', 'lENSG00000264254', 'lENSG00000265987', 'lENSG00000266397', 'lENSG00000266801', 'lENSG00000267378', 'lENSG00000267436', 'lENSG00000267583', 'lENSG00000267638', 'lENSG00000268906', 'lENSG00000269191', 'lENSG00000269802', 'lENSG00000269843', 'lENSG00000270726', 'lENSG00000271314', 'lENSG00000271901', 'lENSG00000272742', 'lENSG00000273360', 'lENSG00000273485', 'lENSG00000278000', 'lENSG00000279751', 'lENSG00000280224', 'lENSG00000280703', 'lENSG00000282950', 'lENSG00000283286', 'lENSG00000285861', 'lENSG00000286002', 'lENSG00000286018', 'lENSG00000286101', 'lENSG00000286584', 'lENSG00000286770', 'lENSG00000286795', 'lENSG00000286887', 'lENSG00000287198', 'lENSG00000287545', 'lENSG00000287556', 'lENSG00000287618', 'lENSG00000230649', 'lENSG00000232056', 'lENSG00000233200', 'lENSG00000254927', 'lENSG00000259123', 'lENSG00000265174', 'lENSG00000269460', 'lENSG00000273138', 'lENSG00000226032', 'lENSG00000271840', 'lENSG00000281408', 'lACA64']","[0.0, 1.0, 0.0, 0.0, 1.0, 1.0, 1.0, 1.0, 0.0, 1.0, 1.0, 1.0, 1.0, 0.0, 0.0, 1.0, 1.0, 1.0, 0.0, 0.0, 0.0, 0.0, 0.0, 0.0, 1.0, 0.0, 1.0, 1.0, 0.0, 0.0, 1.0, 1.0, 1.0, 1.0, 0.0, 1.0, 0.0, 1.0, 1.0, 1.0, 0.0, 0.0, 0.0, 0.0, 1.0, 1.0, 0.0, 1.0, 0.0, 1.0, 0.0, 0.0, 0.0, 1.0, 0.0, 1.0, 0.0, 0.0, 1.0, 0.0, 1.0, 1.0, 1.0, 0.0, 1.0, 1.0, 1.0, 1.0, 1.0, 1.0, 1.0, 1.0, 0.0, 1.0, 0.0, 1.0, 1.0, 0.0, 0.0, 0.0, 1.0, 1.0, 0.0, 1.0, 1.0, 1.0, 1.0, 1.0, 1.0, 1.0, 1.0, 1.0, 0.0, 1.0, 0.0, 1.0, 1.0, 1.0, 0.0, 1.0, 0.0, 0.0, 0.0, 0.0, 1.0, 0.0, 0.0, 1.0, 0.0, 1.0, 0.0, 1.0, 1.0, 0.0, 0.0, 1.0, 0.0, 0.0, 0.0, 1.0, 1.0, 0.0, 0.0, 1.0, 1.0, 0.0, 1.0, 1.0, 0.0, 0.0, 0.0, 0.0, 1.0, 0.0, 0.0, 0.0, 1.0, 1.0, 1.0, 1.0, 1.0, 1.0, 1.0, 1.0, 1.0, 0.0, 0.0, 0.0, 1.0, 1.0, 1.0, 0.0, 1.0, 1.0, 1.0, 1.0, 1.0, 0.0, 0.0, 0.0, 1.0, 1.0, 1.0, 0.0, 0.0, 0.0, 0.0, 1.0, 1.0, 1.0, 0.0, 0.0, 0.0, 0.0, 1.0, 0.0, 1.0, 0.0, 0.0, 1.0, 1.0, 1.0, 1.0, 1.0, 0.0, 1.0, 0.0, 0.0, 1.0, 1.0, 0.0, 0.0, 1.0, 1.0, 1.0, 0.0, 1.0, 0.0, 1.0, 0.0, 1.0, 1.0, 1.0, 0.0, 1.0, 1.0, 0.0, 0.0, 0.0, 1.0, 1.0, 1.0, 0.0, 1.0, 0.0, 1.0, 1.0, 0.0, 0.0, 0.0, 0.0, 0.0, 1.0, 1.0, 1.0, 0.0, 0.0, 0.0, 1.0, 0.0, 1.0, 0.0, 1.0, 1.0, 1.0, 1.0, 0.0, 1.0, 0.0, 0.0, 1.0, 1.0, 1.0, 1.0, 0.0, 0.0, 1.0, 0.0, 0.0, 1.0, 0.0, 0.0, 1.0, 0.0, 1.0, 0.0, 1.0, 1.0, 0.0, 1.0, 0.0, 0.0, 1.0, 1.0, 0.0, 0.0, 1.0, 1.0, 0.0, 0.0, 0.0, 1.0, 0.0, 0.0, 1.0, 0.0, 0.0, 0.0, 1.0, 0.0, 1.0, 1.0, 0.0, 0.0, 1.0, 1.0, 1.0, 1.0, 0.0, 0.0, 1.0, 0.0, 1.0, 0.0, 0.0, 0.0, 1.0, 0.0, 0.0, 0.0, 1.0, 1.0, 1.0, 1.0, 1.0, 0.0, 0.0, 0.0, 0.0, 1.0, 1.0, 1.0, 1.0, 0.0, 0.0, 0.0, 0.0, 1.0, 1.0, 1.0, 1.0, 0.0, 0.0]","[0, 0, 0, 1, 0, 0, 1, 1, 0, 0, 1, 1, 1, 1, 0, 1, 1, 0, 0, 1, 1, 1, 0, 0, 0, 0, 1, 1, 0, 0, 1, 0, 0, 1, 1, 1, 0, 1, 0, 1, 1, 1, 1, 0, 1, 0, 0, 0, 1, 0, 1, 0, 0, 1, 1, 0, 1, 0, 1, 0, 0, 1, 1, 0, 1, 0, 0, 0, 0, 1, 1, 0, 0, 1, 1, 0, 1, 0, 0, 0, 1, 0, 0, 1, 1, 1, 0, 1, 1, 0, 1, 0, 0, 0, 0, 0, 1, 0, 0, 1, 1, 1, 1, 1, 1, 1, 1, 1, 1, 1, 0, 0, 1, 0, 1, 0, 0, 1, 0, 1, 0, 1, 0, 0, 1, 1, 0, 1, 0, 0, 0, 1, 0, 1, 1, 0, 0, 0, 1, 1, 1, 0, 0, 1, 1, 0, 0, 1, 0, 1, 1, 1, 0, 0, 1, 0, 0, 0, 0, 0, 0, 0, 1, 0, 0, 0, 1, 0, 0, 0, 0, 0, 0, 0, 0, 0, 0, 1, 1, 0, 1, 0, 0, 0, 1, 0, 1, 0, 1, 1, 0, 1, 0, 0, 1, 1, 1, 0, 0, 0, 0, 1, 0, 1, 1, 1, 0, 0, 0, 1, 0, 0, 1, 1, 0, 1, 1, 0, 0, 1, 0, 0, 1, 0, 1, 1, 1, 1, 0, 1, 1, 1, 0, 0, 0, 0, 1, 1, 1, 0, 0, 1, 1, 0, 0, 1, 1, 0, 0, 1, 1, 1, 0, 0, 1, 1, 1, 0, 0, 0, 0, 1, 1, 1, 0, 1, 1, 1, 0, 1, 0, 1, 1, 0, 0, 0, 0, 1, 1, 1, 1, 1, 0, 1, 0, 1, 0, 0, 0, 0, 0, 0, 1, 0, 1, 1, 1, 1, 1, 1, 1, 0, 0, 0, 0, 0, 1, 1, 0, 0, 1, 0, 1, 0, 1, 0, 1, 0, 1, 1, 0, 0, 1]","[-0.13905076147418594, -0.0007558994221729121, -0.32866223441516806, 0.05173272638981452, -0.15586584614950716, -0.154959724535359, 0.1896289078177259, 0.20454734650371187, -0.11518299285752132, -0.08981666366792218, 0.17607926208522884, 0.027294908690306596, 0.21039816177642934, 0.10632334151686307, -0.10521355106137065, 0.1347956748134781, 0.11038676314537021, -0.2508955645050389, -0.004675299552658774, 0.03116162498575037, 0.2819657397804006, 0.05533429726400041, -0.06863697963390247, -0.017220449677972982, -0.07220106504911616, -0.3776438219249155, 0.026667966672042298, 0.1679919009564631, -0.10346153904479338, -0.12922254721570814, 0.040554233580740395, -0.0278223826283045, -0.3576596752224307, 0.1048309518251408, 0.5212277769402639, 0.02714585813876702, -0.05363299174853953, 0.021533013284115943, -0.22915983893524217, 0.04164304186916834, 0.10826045726062283, 0.15931792384635524, 0.08134300299246278, -0.04285926727613043, 0.2115294157042663, -0.14185390507386575, -0.21421400269780644, -0.17118606007939918, 0.04970645488820946, -0.3333830951584503, 0.08639701667422817, -0.11139148273084165, -0.20975029308619575, 0.07741597408601575, 0.174745070763907, -0.23533571451943558, 0.1113953267474398, -0.40323869639948284, 0.007105547316487937, -0.007461022090989089, -0.09404076495102298, 0.24789013089737832, 0.010420862708756418, -0.10247360332107103, 0.05928333439858513, -0.022402630748397878, -0.22503876237492182, -0.1634536567360917, -0.11720812508738365, 0.07542416458337187, 0.09801128588347396, -0.16368604251171515, -0.14168720292073045, 0.10734824350125971, 0.24327775956233222, -0.15853981689529195, 0.1879034482344465, -0.012787610075201239, -0.0013600341628977608, -0.28946294932905736, 0.26648380397270544, -0.08370517726761662, -0.1716440700472267, 0.10629793560911482, 0.18349578591189009, 0.2764995454961131, -0.15479621498448803, 0.22015890635675828, 0.11547917035309585, -0.036681104398839426, 0.01593550062334448, -0.2966087968616956, -0.020636762959170052, -0.19395911151463785, -0.06153785343695073, -0.13189562282311484, 0.15419426405222192, -0.3640468679601664, -0.4114825970380086, 0.09541976434370325, 0.3118013624722701, 0.07501565517384956, 0.09077388604709091, 0.12095988887535258, 0.023072964733837797, 0.05426649482120738, 0.13411980352149488, 0.02013287818539411, 0.19386581355363364, 0.31319011500918237, -0.24983095135157007, -0.18500815310378227, 0.055526494213313016, -0.04400788310372483, 0.2874268816144513, -0.09341403863714504, -0.2539161642190474, 0.005582370916536683, -0.0495405770716143, 0.02345294881512594, -0.26879349453660273, 0.028168187762213415, -0.16426024543460638, -0.3389753725619603, 0.0974415885291865, 0.2317899809045244, -0.15543355509846346, 0.05284697088847301, -0.1330801045916793, -0.03648207253538771, -0.05133516782376979, 0.07722451652312012, -0.06611527467902112, 0.09132852575878847, 0.024843267183294437, -0.0996414525837025, -0.10407618360463189, -0.08531026342869141, 0.06317336875155155, 0.062484731904552615, 0.02024149602485459, -0.3971240453509627, -0.06831453703712753, 0.4086177129577281, 1.4732702223295728, -0.03861508554990756, -0.061050347327210264, 0.15361296959846016, -0.07448780410235656, 0.21794689659258648, 0.018874257299368424, 0.14227904492155663, -0.1934469476947357, -0.011663541969557989, 0.018647692533715454, -0.15158790786623355, -0.24831169971258482, -0.3147958448321385, -0.3756194480304832, -0.29937203405246693, -0.15550667802775153, -0.20746537615561322, 0.028320425444115505, -0.19850362386558984, -0.051183751693776425, -0.03348495264620854, 0.0011070104917189072, -0.4024119321404446, -0.1653959950724725, -0.13087945074986773, -0.24871978414785445, -0.13787224858665492, -0.2236714765748492, -0.3091639915427721, -0.20225369291388506, -0.0881740299201671, -0.14267224104326892, 0.2542405700613811, 0.11049912254911443, -0.10552554896513999, 0.10470662150806442, -0.06247610472497145, -0.0040705552048238, -0.20721091809824344, 0.05655989320664523, -0.014562842309637669, 0.28687972965040054, -0.14922437083700935, 0.06863119682054653, 0.019242196188479777, -0.14233568157440402, 0.17344199696639395, -0.009930131617936655, -0.15953735136661817, 0.012676558912873337, 0.03788879162989922, 0.029425788905835693, -0.060527080258863, -0.04188858356308767, -0.2700165453626303, -0.042616589709593256, 0.17212862850117372, -0.23242078222492724, 0.1501244172102908, 0.0574764536094331, 0.02754265238574194, -0.03883179141415061, -0.02586926817019053, -0.21211830598389703, 0.02811112280046857, -0.09975759444621912, -0.02106569771927791, 0.004560002969586141, 0.13588371797339305, -0.11143178901846496, 0.09505497384473138, 0.16357544516787537, -0.07414076051035223, -0.1517604088291441, 0.12127614473889292, -0.044327017809712266, -0.012436576191549364, 0.058618538837762135, -0.2446913933388325, 0.5517908369663634, 0.1282467322759927, 0.1895500457461613, 0.090822911714184, -0.22754651013749372, 0.052120951489372236, 0.098978695907738, 0.1395871014283242, -0.19538316307964976, -0.037211824101161084, -0.05812822026849129, -0.08105285048726196, 0.020793418087246995, 0.01613015552630126, 0.016694323349903173, -0.18287804058856139, -0.14087628313304512, 0.10091054885050765, 0.09086080300149624, -0.2342337572968035, -0.11437772961585224, 0.16616561251275297, 0.17641819815219117, -0.20794101449443703, -0.10306492027296288, 0.16378636859042672, 0.007411099754535688, 0.18816731092243721, -0.12897514283614842, -0.02704108018630824, 0.24486596126894888, 0.11613899372431302, 0.1343609128251947, -0.2577802452211396, -0.1718323620338421, -0.08158928490570971, -0.09600957374480668, 0.02327260696011957, 0.2880534538280225, 0.16785858729751768, -0.12821971127510945, 0.1527282196876253, 0.06509251907815206, 0.07574059995166949, -0.07291904922585835, 0.044409171992290664, -0.24162381770423502, 0.14720959152554214, 0.23501237612550396, -0.16805286585257606, -0.2482462561628157, -0.11231472021703748, -0.37590063771452253, 0.6553084622184336, 0.08657819436032554, 0.03253278360209422, 0.21423753497986964, 0.20929523674777128, -0.29602163913520096, 0.26411376070029224, -0.37485293128793085, 0.22219081583243006, -0.09340642718244252, -0.23029207574116473, -0.05466570480334265, -0.029699059673160444, -0.08180249899407122, -0.06445696449235905, 0.22653700826864098, -0.1341682141663475, 0.12439191826336449, 0.2320298312977075, 0.047137857398776295, 0.017718651564469057, 0.006014977424826928, 0.2547360799416897, 0.040776832915718875, -0.05963462820947363, -0.022540508894866806, -0.1905652625770634, -0.14381179388333132, -0.07563689512758531, 0.08848811609209106, 0.08541366789633209, -0.15437904723256313, -0.2746640290976864, 0.03786782446047321, -0.12119891901328683, 0.14103945113219674, -0.12602659334476873, 0.05123293901473025, -0.020151175362136953, 0.09431653559734088, -0.056129714575671286, 0.0923613472741921, 0.10203708827974134, -0.11463248990946429, -0.13889452887714193, 0.09426144066520614]"
6,"['lNONHSAG000008', 'lNONHSAG000047', 'lNONHSAG000069', 'lNONHSAG000130', 'lNONHSAG000158', 'lNONHSAG000241', 'lNONHSAG000253', 'lNONHSAG000310', 'lNONHSAG000311', 'lNONHSAG000374', 'lNONHSAG000381', 'lNONHSAG000464', 'lNONHSAG000484', 'lNONHSAG000579', 'lNONHSAG000584', 'lNONHSAG000603', 'lNONHSAG000625', 'lNONHSAG000742', 'lNONHSAG000769', 'lNONHSAG000840', 'lNONHSAG000843', 'lNONHSAG000863', 'lNONHSAG000884', 'lNONHSAG000918', 'lNONHSAG000938', 'lNONHSAG000967', 'lNONHSAG001142', 'lNONHSAG001172', 'lNONHSAG001238', 'lNONHSAG001247', 'lNONHSAG001259', 'lNONHSAG001278', 'lNONHSAG001284', 'lNONHSAG001360', 'lNONHSAG001448', 'lNONHSAG001499', 'lNONHSAG001513', 'lNONHSAG001696', 'lNONHSAG001724', 'lNONHSAG001773', 'lNONHSAG001837', 'lNONHSAG001941', 'lNONHSAG001993', 'lNONHSAG002056', 'lNONHSAG002058', 'lNONHSAG002086', 'lNONHSAG002134', 'lNONHSAG002135', 'lNONHSAG002359', 'lNONHSAG002376', 'lNONHSAG002378', 'lNONHSAG002454', 'lNONHSAG002490', 'lNONHSAG002549', 'lNONHSAG002617', 'lNONHSAG002701', 'lNONHSAG002719', 'lNONHSAG002731', 'lNONHSAG002752', 'lNONHSAG002859', 'lNONHSAG002883', 'lNONHSAG002978', 'lNONHSAG003053', 'lNONHSAG003056', 'lNONHSAG003068', 'lNONHSAG003074', 'lNONHSAG003077', 'lNONHSAG003119', 'lNONHSAG003134', 'lNONHSAG003156', 'lNONHSAG003198', 'lNONHSAG003244', 'lNONHSAG003260', 'lNONHSAG003269', 'lNONHSAG003303', 'lNONHSAG003374', 'lNONHSAG003504', 'lNONHSAG003505', 'lNONHSAG003512', 'lNONHSAG003645', 'lNONHSAG003820', 'lNONHSAG003874', 'lNONHSAG003884', 'lNONHSAG003886', 'lNONHSAG003911', 'lNONHSAG003912', 'lNONHSAG003938', 'lNONHSAG003957', 'lNONHSAG003976', 'lNONHSAG004013', 'lNONHSAG004026', 'lNONHSAG004054', 'lNONHSAG004095', 'lNONHSAG004247', 'lNONHSAG004303', 'lNONHSAG004305', 'lNONHSAG004373', 'lNONHSAG004619', 'lNONHSAG004673', 'lNONHSAG004674', 'lNONHSAG004714', 'lNONHSAG004743', 'lNONHSAG004779', 'lNONHSAG004868', 'lNONHSAG005084', 'lNONHSAG005153', 'lNONHSAG005339', 'lNONHSAG005377', 'lNONHSAG005403', 'lNONHSAG005482', 'lNONHSAG005669', 'lNONHSAG005699', 'lNONHSAG005711', 'lNONHSAG005721', 'lNONHSAG005728', 'lNONHSAG005732', 'lNONHSAG005742', 'lNONHSAG005780', 'lNONHSAG005838', 'lNONHSAG005866', 'lNONHSAG005920', 'lNONHSAG006007', 'lNONHSAG006049', 'lNONHSAG006050', 'lNONHSAG006071', 'lNONHSAG006163', 'lNONHSAG006204', 'lNONHSAG006238', 'lNONHSAG006301', 'lNONHSAG006341', 'lNONHSAG006362', 'lNONHSAG006454', 'lNONHSAG006457', 'lNONHSAG006474', 'lNONHSAG006477', 'lNONHSAG006633', 'lNONHSAG006678', 'lNONHSAG006692', 'lNONHSAG006735', 'lNONHSAG006756', 'lNONHSAG006763', 'lNONHSAG006772', 'lNONHSAG006865', 'lNONHSAG006945', 'lNONHSAG006966', 'lNONHSAG007109', 'lNONHSAG007295', 'lNONHSAG007324', 'lNONHSAG007430', 'lNONHSAG007431', 'lNONHSAG007434', 'lNONHSAG007455', 'lNONHSAG007463', 'lNONHSAG007487', 'lNONHSAG007538', 'lNONHSAG007602', 'lNONHSAG007631', 'lNONHSAG007708', 'lNONHSAG007715', 'lNONHSAG007868', 'lNONHSAG007961', 'lNONHSAG007983', 'lNONHSAG007984', 'lNONHSAG008015', 'lNONHSAG008037', 'lNONHSAG008056', 'lNONHSAG008167', 'lNONHSAG008199', 'lNONHSAG008220', 'lNONHSAG008517', 'lNONHSAG008540', 'lNONHSAG008552', 'lNONHSAG008589', 'lNONHSAG008654', 'lNONHSAG008670', 'lNONHSAG008675', 'lNONHSAG008726', 'lNONHSAG008728', 'lNONHSAG008759', 'lNONHSAG008859', 'lNONHSAG008937', 'lNONHSAG008952', 'lNONHSAG008966', 'lNONHSAG009021', 'lNONHSAG009039', 'lNONHSAG009059', 'lNONHSAG009062', 'lNONHSAG009124', 'lNONHSAG009130', 'lNONHSAG009133', 'lNONHSAG009134', 'lNONHSAG009174', 'lNONHSAG009180', 'lNONHSAG009193', 'lNONHSAG009228', 'lNONHSAG009544', 'lNONHSAG009546', 'lNONHSAG009613', 'lNONHSAG009636', 'lNONHSAG009728', 'lNONHSAG009747', 'lNONHSAG009757', 'lNONHSAG009782', 'lNONHSAG009913', 'lNONHSAG009938', 'lNONHSAG009945', 'lNONHSAG009950', 'lNONHSAG009968', 'lNONHSAG009989', 'lNONHSAG010021', 'lNONHSAG010117', 'lNONHSAG010179', 'lNONHSAG010184', 'lNONHSAG010186', 'lNONHSAG010189', 'lNONHSAG010190', 'lNONHSAG010193', 'lNONHSAG010194', 'lNONHSAG010200', 'lNONHSAG010348', 'lNONHSAG010352', 'lNONHSAG010405', 'lNONHSAG010416', 'lNONHSAG010543', 'lNONHSAG010657', 'lNONHSAG010658', 'lNONHSAG010716', 'lNONHSAG010798', 'lNONHSAG010940', 'lNONHSAG010986', 'lNONHSAG010989', 'lNONHSAG011028', 'lNONHSAG011070', 'lNONHSAG011084', 'lNONHSAG011086', 'lNONHSAG011090', 'lNONHSAG011121', 'lNONHSAG011125', 'lNONHSAG011211', 'lNONHSAG011264', 'lNONHSAG011337', 'lNONHSAG011343', 'lNONHSAG011375', 'lNONHSAG011439', 'lNONHSAG011446', 'lNONHSAG011524', 'lNONHSAG011576', 'lNONHSAG011633', 'lNONHSAG011658', 'lNONHSAG011790', 'lNONHSAG011870', 'lNONHSAG011935', 'lNONHSAG012025', 'lNONHSAG012076', 'lNONHSAG012077', 'lNONHSAG012297', 'lNONHSAG012303', 'lNONHSAG012339', 'lNONHSAG012367', 'lNONHSAG012375', 'lNONHSAG012423', 'lNONHSAG012476', 'lNONHSAG012505', 'lNONHSAG012534', 'lNONHSAG012540', 'lNONHSAG012549', 'lNONHSAG012555', 'lNONHSAG012594', 'lNONHSAG012614', 'lNONHSAG012751', 'lNONHSAG013005', 'lNONHSAG013060', 'lNONHSAG013095', 'lNONHSAG013098', 'lNONHSAG013109', 'lNONHSAG013388', 'lNONHSAG013431', 'lNONHSAG013475', 'lNONHSAG013515', 'lNONHSAG013534', 'lNONHSAG013568', 'lNONHSAG013708', 'lNONHSAG013730', 'lNONHSAG013790', 'lNONHSAG013809', 'lNONHSAG013917', 'lNONHSAG013940', 'lNONHSAG013942', 'lNONHSAG013944', 'lNONHSAG013946', 'lNONHSAG013954', 'lNONHSAG013992', 'lNONHSAG014098', 'lNONHSAG014112', 'lNONHSAG014130', 'lNONHSAG014267', 'lNONHSAG014289', 'lNONHSAG014362', 'lNONHSAG014372', 'lNONHSAG014373', 'lNONHSAG014381', 'lNONHSAG014502', 'lNONHSAG014546', 'lNONHSAG014562', 'lNONHSAG014591', 'lNONHSAG014672', 'lNONHSAG014730', 'lNONHSAG014890', 'lNONHSAG014891', 'lNONHSAG014914', 'lNONHSAG015163', 'lNONHSAG015215', 'lNONHSAG015234', 'lNONHSAG015352', 'lNONHSAG015417', 'lNONHSAG015454', 'lNONHSAG015461', 'lNONHSAG015505', 'lNONHSAG015623', 'lNONHSAG015692', 'lNONHSAG015723', 'lNONHSAG015788', 'lNONHSAG015961', 'lNONHSAG016021', 'lNONHSAG016068', 'lNONHSAG016118', 'lNONHSAG016199', 'lNONHSAG016307', 'lNONHSAG016395', 'lNONHSAG016403', 'lNONHSAG016486', 'lNONHSAG016576', 'lNONHSAG016611', 'lNONHSAG016618', 'lNONHSAG016623', 'lNONHSAG016733', 'lNONHSAG016741', 'lNONHSAG016749', 'lNONHSAG016822', 'lNONHSAG016893', 'lNONHSAG017020', 'lNONHSAG017060', 'lNONHSAG017238', 'lNONHSAG017254', 'lNONHSAG017282', 'lNONHSAG017288', 'lNONHSAG017344', 'lNONHSAG017347', 'lNONHSAG017349', 'lNONHSAG017376', 'lNONHSAG017377', 'lNONHSAG017379', 'lNONHSAG017417', 'lNONHSAG017486', 'lNONHSAG017504', 'lNONHSAG017666', 'lNONHSAG017767', 'lNONHSAG017783', 'lNONHSAG017882', 'lNONHSAG017890', 'lNONHSAG017899', 'lNONHSAG018053', 'lNONHSAG018058', 'lNONHSAG018110', 'lNONHSAG018203', 'lNONHSAG018236', 'lNONHSAG018313', 'lNONHSAG018322', 'lNONHSAG018326', 'lNONHSAG018341', 'lNONHSAG018344', 'lNONHSAG018372', 'lNONHSAG018374', 'lNONHSAG018414', 'lNONHSAG018415', 'lNONHSAG018417', 'lNONHSAG018420', 'lNONHSAG018461', 'lNONHSAG018530', 'lNONHSAG018586', 'lNONHSAG018621', 'lNONHSAG018635', 'lNONHSAG018659', 'lNONHSAG018707', 'lNONHSAG018709', 'lNONHSAG018829', 'lNONHSAG018889', 'lNONHSAG018893', 'lNONHSAG018903', 'lNONHSAG018980', 'lNONHSAG019012', 'lNONHSAG019014', 'lNONHSAG019021', 'lNONHSAG019023', 'lNONHSAG019031', 'lNONHSAG019049', 'lNONHSAG019051', 'lNONHSAG019079', 'lNONHSAG019090', 'lNONHSAG019115', 'lNONHSAG019134', 'lNONHSAG019158', 'lNONHSAG019221', 'lNONHSAG019270', 'lNONHSAG019332', 'lNONHSAG019439', 'lNONHSAG019493', 'lNONHSAG019569', 'lNONHSAG019613', 'lNONHSAG019667', 'lNONHSAG019711', 'lNONHSAG019767', 'lNONHSAG019813', 'lNONHSAG019814', 'lNONHSAG019848', 'lNONHSAG019852', 'lNONHSAG019878', 'lNONHSAG019898', 'lNONHSAG019967', 'lNONHSAG020053', 'lNONHSAG020066', 'lNONHSAG020075', 'lNONHSAG020091', 'lNONHSAG020107', 'lNONHSAG020153', 'lNONHSAG020155', 'lNONHSAG020218', 'lNONHSAG020223', 'lNONHSAG020252', 'lNONHSAG020259', 'lNONHSAG020260', 'lNONHSAG020274', 'lNONHSAG020277', 'lNONHSAG020278', 'lNONHSAG020281', 'lNONHSAG020298', 'lNONHSAG020304', 'lNONHSAG020312', 'lNONHSAG020321', 'lNONHSAG020325', 'lNONHSAG020339', 'lNONHSAG020361', 'lNONHSAG020367', 'lNONHSAG020372', 'lNONHSAG020374', 'lNONHSAG020382', 'lNONHSAG020403', 'lNONHSAG020474', 'lNONHSAG020476', 'lNONHSAG020600', 'lNONHSAG020616', 'lNONHSAG020729', 'lNONHSAG020731', 'lNONHSAG020755', 'lNONHSAG020759', 'lNONHSAG020760', 'lNONHSAG020762', 'lNONHSAG020771', 'lNONHSAG020957', 'lNONHSAG020990', 'lNONHSAG021042', 'lNONHSAG021072', 'lNONHSAG021307', 'lNONHSAG021309', 'lNONHSAG021315', 'lNONHSAG021335', 'lNONHSAG021342', 'lNONHSAG021347', 'lNONHSAG021370', 'lNONHSAG021390', 'lNONHSAG021400', 'lNONHSAG021408', 'lNONHSAG021410', 'lNONHSAG021431', 'lNONHSAG021432', 'lNONHSAG021433', 'lNONHSAG021471', 'lNONHSAG021557', 'lNONHSAG021566', 'lNONHSAG021567', 'lNONHSAG021584', 'lNONHSAG021638', 'lNONHSAG021641', 'lNONHSAG021698', 'lNONHSAG021760', 'lNONHSAG021780', 'lNONHSAG021846', 'lNONHSAG021874', 'lNONHSAG021878', 'lNONHSAG021882', 'lNONHSAG021893', 'lNONHSAG021909', 'lNONHSAG021976', 'lNONHSAG021981', 'lNONHSAG022009', 'lNONHSAG022030', 'lNONHSAG022078', 'lNONHSAG022088', 'lNONHSAG022094', 'lNONHSAG022103', 'lNONHSAG022110', 'lNONHSAG022125', 'lNONHSAG022127', 'lNONHSAG022162', 'lNONHSAG022311', 'lNONHSAG022327', 'lNONHSAG022335', 'lNONHSAG022339', 'lNONHSAG022378', 'lNONHSAG022495', 'lNONHSAG022510', 'lNONHSAG022551', 'lNONHSAG022579', 'lNONHSAG022595', 'lNONHSAG022597', 'lNONHSAG022655', 'lNONHSAG022690', 'lNONHSAG022743', 'lNONHSAG022750', 'lNONHSAG022845', 'lNONHSAG022851', 'lNONHSAG022888', 'lNONHSAG022893', 'lNONHSAG022972', 'lNONHSAG022980', 'lNONHSAG023003', 'lNONHSAG023049', 'lNONHSAG023051', 'lNONHSAG023073', 'lNONHSAG023375', 'lNONHSAG023387', 'lNONHSAG023494', 'lNONHSAG023512', 'lNONHSAG023553', 'lNONHSAG023579', 'lNONHSAG023607', 'lNONHSAG023614', 'lNONHSAG023630', 'lNONHSAG023633', 'lNONHSAG023635', 'lNONHSAG023661', 'lNONHSAG023668', 'lNONHSAG023740', 'lNONHSAG023837', 'lNONHSAG023864', 'lNONHSAG023885', 'lNONHSAG023888', 'lNONHSAG023930', 'lNONHSAG023964', 'lNONHSAG024117', 'lNONHSAG024141', 'lNONHSAG024146', 'lNONHSAG024171', 'lNONHSAG024224', 'lNONHSAG024244', 'lNONHSAG024332', 'lNONHSAG024340', 'lNONHSAG024341', 'lNONHSAG024354', 'lNONHSAG024362', 'lNONHSAG024364', 'lNONHSAG024381', 'lNONHSAG024391', 'lNONHSAG024393', 'lNONHSAG024395', 'lNONHSAG024428', 'lNONHSAG024540', 'lNONHSAG024637', 'lNONHSAG024668', 'lNONHSAG024671', 'lNONHSAG024676', 'lNONHSAG024681', 'lNONHSAG024809', 'lNONHSAG024810', 'lNONHSAG024818', 'lNONHSAG024826', 'lNONHSAG024903', 'lNONHSAG024905', 'lNONHSAG024908', 'lNONHSAG024913', 'lNONHSAG024921', 'lNONHSAG024923', 'lNONHSAG024925', 'lNONHSAG024979', 'lNONHSAG025011', 'lNONHSAG025135', 'lNONHSAG025137', 'lNONHSAG025157', 'lNONHSAG025185', 'lNONHSAG025319', 'lNONHSAG025352', 'lNONHSAG025483', 'lNONHSAG025485', 'lNONHSAG025609', 'lNONHSAG025712', 'lNONHSAG025743', 'lNONHSAG025744', 'lNONHSAG025864', 'lNONHSAG025865', 'lNONHSAG025867', 'lNONHSAG025907', 'lNONHSAG025934', 'lNONHSAG025939', 'lNONHSAG025964', 'lNONHSAG025997', 'lNONHSAG026053', 'lNONHSAG026089', 'lNONHSAG026091', 'lNONHSAG026103', 'lNONHSAG026153', 'lNONHSAG026176', 'lNONHSAG026274', 'lNONHSAG026364', 'lNONHSAG026386', 'lNONHSAG026575', 'lNONHSAG026599', 'lNONHSAG026631', 'lNONHSAG026661', 'lNONHSAG026720', 'lNONHSAG026721', 'lNONHSAG026737', 'lNONHSAG026743', 'lNONHSAG026781', 'lNONHSAG026852', 'lNONHSAG026854', 'lNONHSAG026856', 'lNONHSAG027017', 'lNONHSAG027075', 'lNONHSAG027110', 'lNONHSAG027276', 'lNONHSAG027278', 'lNONHSAG027374', 'lNONHSAG027421', 'lNONHSAG027482', 'lNONHSAG027598', 'lNONHSAG027618', 'lNONHSAG027675', 'lNONHSAG027692', 'lNONHSAG027694', 'lNONHSAG027709', 'lNONHSAG027837', 'lNONHSAG027874', 'lNONHSAG028045', 'lNONHSAG028083', 'lNONHSAG028093', 'lNONHSAG028112', 'lNONHSAG028141', 'lNONHSAG028142', 'lNONHSAG028159', 'lNONHSAG028403', 'lNONHSAG028713', 'lNONHSAG028720', 'lNONHSAG028820', 'lNONHSAG028857', 'lNONHSAG028870', 'lNONHSAG028913', 'lNONHSAG028948', 'lNONHSAG028996', 'lNONHSAG029033', 'lNONHSAG029080', 'lNONHSAG029124', 'lNONHSAG029267', 'lNONHSAG029312', 'lNONHSAG029336', 'lNONHSAG029377', 'lNONHSAG029467', 'lNONHSAG029830', 'lNONHSAG029873', 'lNONHSAG029880', 'lNONHSAG029933', 'lNONHSAG029956', 'lNONHSAG029957', 'lNONHSAG029958', 'lNONHSAG029959', 'lNONHSAG029960', 'lNONHSAG029961', 'lNONHSAG029962', 'lNONHSAG029964', 'lNONHSAG029965', 'lNONHSAG030074', 'lNONHSAG030113', 'lNONHSAG030129', 'lNONHSAG030244', 'lNONHSAG030258', 'lNONHSAG030278', 'lNONHSAG030279', 'lNONHSAG030304', 'lNONHSAG030333', 'lNONHSAG030410', 'lNONHSAG030440', 'lNONHSAG030487', 'lNONHSAG030516', 'lNONHSAG030525', 'lNONHSAG030582', 'lNONHSAG030583', 'lNONHSAG030738', 'lNONHSAG030739', 'lNONHSAG031025', 'lNONHSAG031035', 'lNONHSAG031123', 'lNONHSAG031261', 'lNONHSAG031385', 'lNONHSAG031425', 'lNONHSAG031452', 'lNONHSAG031453', 'lNONHSAG031481', 'lNONHSAG031563', 'lNONHSAG031565', 'lNONHSAG031581', 'lNONHSAG031584', 'lNONHSAG031636', 'lNONHSAG031696', 'lNONHSAG031853', 'lNONHSAG031900', 'lNONHSAG031913', 'lNONHSAG031991', 'lNONHSAG032063', 'lNONHSAG032126', 'lNONHSAG032247', 'lNONHSAG032267', 'lNONHSAG032297', 'lNONHSAG032302', 'lNONHSAG032309', 'lNONHSAG032312', 'lNONHSAG032537', 'lNONHSAG032560', 'lNONHSAG032664', 'lNONHSAG032682', 'lNONHSAG032724', 'lNONHSAG032735', 'lNONHSAG032737', 'lNONHSAG032748', 'lNONHSAG032750', 'lNONHSAG033027', 'lNONHSAG033061', 'lNONHSAG033100', 'lNONHSAG033105', 'lNONHSAG033121', 'lNONHSAG033168', 'lNONHSAG033170', 'lNONHSAG033216', 'lNONHSAG033224', 'lNONHSAG033254', 'lNONHSAG033263', 'lNONHSAG033266', 'lNONHSAG033298', 'lNONHSAG033328', 'lNONHSAG033342', 'lNONHSAG033352', 'lNONHSAG033368', 'lNONHSAG033386', 'lNONHSAG033390', 'lNONHSAG033435', 'lNONHSAG033459', 'lNONHSAG033471', 'lNONHSAG033480', 'lNONHSAG033528', 'lNONHSAG033589', 'lNONHSAG033611', 'lNONHSAG033645', 'lNONHSAG033691', 'lNONHSAG033716', 'lNONHSAG033735', 'lNONHSAG033748', 'lNONHSAG033810', 'lNONHSAG033862', 'lNONHSAG033896', 'lNONHSAG033898', 'lNONHSAG033899', 'lNONHSAG033937', 'lNONHSAG034006', 'lNONHSAG034014', 'lNONHSAG034021', 'lNONHSAG034032', 'lNONHSAG034217', 'lNONHSAG034417', 'lNONHSAG034418', 'lNONHSAG034492', 'lNONHSAG034508', 'lNONHSAG034527', 'lNONHSAG034676', 'lNONHSAG034678', 'lNONHSAG034801', 'lNONHSAG034845', 'lNONHSAG034846', 'lNONHSAG034935', 'lNONHSAG034973', 'lNONHSAG035096', 'lNONHSAG035103', 'lNONHSAG035262', 'lNONHSAG035287', 'lNONHSAG035382', 'lNONHSAG035456', 'lNONHSAG035531', 'lNONHSAG035568', 'lNONHSAG035806', 'lNONHSAG035914', 'lNONHSAG035916', 'lNONHSAG035919', 'lNONHSAG035923', 'lNONHSAG036047', 'lNONHSAG036054', 'lNONHSAG036115', 'lNONHSAG036120', 'lNONHSAG036263', 'lNONHSAG036273', 'lNONHSAG036403', 'lNONHSAG036407', 'lNONHSAG036412', 'lNONHSAG036413', 'lNONHSAG036667', 'lNONHSAG036718', 'lNONHSAG036783', 'lNONHSAG036866', 'lNONHSAG036922', 'lNONHSAG036926', 'lNONHSAG037025', 'lNONHSAG037061', 'lNONHSAG037072', 'lNONHSAG037073', 'lNONHSAG037080', 'lNONHSAG037082', 'lNONHSAG037083', 'lNONHSAG037096', 'lNONHSAG037137', 'lNONHSAG037146', 'lNONHSAG037164', 'lNONHSAG037241', 'lNONHSAG037348', 'lNONHSAG037559', 'lNONHSAG037891', 'lNONHSAG037946', 'lNONHSAG038001', 'lNONHSAG038024', 'lNONHSAG038060', 'lNONHSAG038091', 'lNONHSAG038162', 'lNONHSAG038343', 'lNONHSAG038397', 'lNONHSAG038502', 'lNONHSAG038530', 'lNONHSAG038561', 'lNONHSAG038578', 'lNONHSAG038663', 'lNONHSAG038675', 'lNONHSAG038676', 'lNONHSAG038836', 'lNONHSAG039037', 'lNONHSAG039038', 'lNONHSAG039147', 'lNONHSAG039293', 'lNONHSAG039295', 'lNONHSAG039319', 'lNONHSAG039617', 'lNONHSAG039620', 'lNONHSAG039634', 'lNONHSAG039637', 'lNONHSAG039654', 'lNONHSAG039664', 'lNONHSAG039749', 'lNONHSAG039872', 'lNONHSAG039951', 'lNONHSAG040179', 'lNONHSAG040188', 'lNONHSAG040226', 'lNONHSAG040241', 'lNONHSAG040269', 'lNONHSAG040320', 'lNONHSAG040329', 'lNONHSAG040408', 'lNONHSAG040444', 'lNONHSAG040481', 'lNONHSAG040542', 'lNONHSAG040560', 'lNONHSAG040601', 'lNONHSAG040692', 'lNONHSAG040700', 'lNONHSAG040729', 'lNONHSAG040804', 'lNONHSAG040859', 'lNONHSAG040870', 'lNONHSAG040909', 'lNONHSAG040945', 'lNONHSAG040969', 'lNONHSAG040976', 'lNONHSAG041002', 'lNONHSAG041017', 'lNONHSAG041023', 'lNONHSAG041241', 'lNONHSAG041480', 'lNONHSAG041529', 'lNONHSAG041592', 'lNONHSAG041707', 'lNONHSAG041716', 'lNONHSAG041758', 'lNONHSAG041844', 'lNONHSAG041966', 'lNONHSAG041981', 'lNONHSAG042033', 'lNONHSAG042050', 'lNONHSAG042062', 'lNONHSAG042080', 'lNONHSAG042132', 'lNONHSAG042138', 'lNONHSAG042218', 'lNONHSAG042257', 'lNONHSAG042270', 'lNONHSAG042306', 'lNONHSAG042370', 'lNONHSAG042433', 'lNONHSAG042476', 'lNONHSAG042491', 'lNONHSAG042500', 'lNONHSAG042722', 'lNONHSAG042724', 'lNONHSAG042836', 'lNONHSAG042855', 'lNONHSAG042957', 'lNONHSAG042966', 'lNONHSAG042970', 'lNONHSAG042991', 'lNONHSAG043138', 'lNONHSAG043159', 'lNONHSAG043229', 'lNONHSAG043250', 'lNONHSAG043303', 'lNONHSAG043433', 'lNONHSAG043550', 'lNONHSAG043592', 'lNONHSAG043625', 'lNONHSAG043657', 'lNONHSAG043770', 'lNONHSAG043851', 'lNONHSAG043934', 'lNONHSAG044022', 'lNONHSAG044041', 'lNONHSAG044064', 'lNONHSAG044283', 'lNONHSAG044350', 'lNONHSAG044429', 'lNONHSAG044533', 'lNONHSAG044624', 'lNONHSAG044709', 'lNONHSAG044751', 'lNONHSAG044791', 'lNONHSAG045131', 'lNONHSAG045160', 'lNONHSAG045163', 'lNONHSAG045166', 'lNONHSAG045306', 'lNONHSAG045383', 'lNONHSAG045430', 'lNONHSAG046730', 'lNONHSAG046765', 'lNONHSAG046781', 'lNONHSAG046811', 'lNONHSAG046839', 'lNONHSAG046953', 'lNONHSAG047182', 'lNONHSAG047191', 'lNONHSAG047197', 'lNONHSAG047260', 'lNONHSAG047319', 'lNONHSAG047433', 'lNONHSAG047463', 'lNONHSAG047469', 'lNONHSAG047471', 'lNONHSAG047543', 'lNONHSAG047544', 'lNONHSAG047547', 'lNONHSAG047619', 'lNONHSAG047620', 'lNONHSAG047725', 'lNONHSAG047792', 'lNONHSAG047796', 'lNONHSAG047830', 'lNONHSAG047840', 'lNONHSAG047842', 'lNONHSAG047851', 'lNONHSAG047951', 'lNONHSAG047973', 'lNONHSAG048057', 'lNONHSAG048101', 'lNONHSAG048114', 'lNONHSAG048189', 'lNONHSAG048191', 'lNONHSAG048201', 'lNONHSAG048228', 'lNONHSAG048231', 'lNONHSAG048270', 'lNONHSAG048302', 'lNONHSAG048323', 'lNONHSAG048354', 'lNONHSAG048439', 'lNONHSAG048464', 'lNONHSAG048598', 'lNONHSAG048602', 'lNONHSAG048603', 'lNONHSAG048610', 'lNONHSAG048623', 'lNONHSAG048624', 'lNONHSAG048626', 'lNONHSAG048641', 'lNONHSAG048682', 'lNONHSAG048781', 'lNONHSAG048817', 'lNONHSAG049050', 'lNONHSAG049051', 'lNONHSAG049119', 'lNONHSAG049129', 'lNONHSAG049157', 'lNONHSAG049185', 'lNONHSAG049191', 'lNONHSAG049288', 'lNONHSAG049356', 'lNONHSAG049421', 'lNONHSAG049507', 'lNONHSAG049626', 'lNONHSAG049655', 'lNONHSAG049754', 'lNONHSAG049801', 'lNONHSAG049901', 'lNONHSAG050073', 'lNONHSAG050167', 'lNONHSAG050168', 'lNONHSAG050272', 'lNONHSAG050273', 'lNONHSAG050284', 'lNONHSAG050423', 'lNONHSAG050445', 'lNONHSAG050493', 'lNONHSAG050518', 'lNONHSAG050670', 'lNONHSAG050769', 'lNONHSAG050786', 'lNONHSAG050815', 'lNONHSAG050929', 'lNONHSAG050985', 'lNONHSAG051010', 'lNONHSAG051015', 'lNONHSAG051166', 'lNONHSAG051196', 'lNONHSAG051245', 'lNONHSAG051250', 'lNONHSAG051255', 'lNONHSAG051259', 'lNONHSAG051260', 'lNONHSAG051263', 'lNONHSAG051266', 'lNONHSAG051291', 'lNONHSAG051448', 'lNONHSAG051454', 'lNONHSAG051523', 'lNONHSAG051542', 'lNONHSAG051567', 'lNONHSAG051568', 'lNONHSAG051770', 'lNONHSAG051898', 'lNONHSAG051958', 'lNONHSAG052046', 'lNONHSAG052119', 'lNONHSAG052149', 'lNONHSAG052151', 'lNONHSAG052179', 'lNONHSAG052454', 'lNONHSAG052491', 'lNONHSAG052492', 'lNONHSAG052495', 'lNONHSAG052510', 'lNONHSAG052511', 'lNONHSAG052609', 'lNONHSAG052680', 'lNONHSAG052686', 'lNONHSAG052709', 'lNONHSAG052726', 'lNONHSAG052925', 'lNONHSAG052929', 'lNONHSAG052931', 'lNONHSAG052933', 'lNONHSAG053007', 'lNONHSAG053014', 'lNONHSAG053028', 'lNONHSAG053033', 'lNONHSAG053082', 'lNONHSAG053108', 'lNONHSAG053162', 'lNONHSAG053228', 'lNONHSAG053419', 'lNONHSAG053456', 'lNONHSAG053499', 'lNONHSAG053500', 'lNONHSAG053502', 'lNONHSAG053546', 'lNONHSAG053547', 'lNONHSAG053590', 'lNONHSAG053602', 'lNONHSAG053626', 'lNONHSAG053631', 'lNONHSAG053651', 'lNONHSAG053716', 'lNONHSAG053719', 'lNONHSAG053748', 'lNONHSAG053796', 'lNONHSAG053802', 'lNONHSAG053842', 'lNONHSAG054024', 'lNONHSAG054038', 'lNONHSAG054212', 'lNONHSAG054213', 'lNONHSAG054214', 'lNONHSAG054215', 'lNONHSAG054216', 'lNONHSAG054301', 'lNONHSAG054360', 'lNONHSAG054432', 'lNONHSAG054699', 'lNONHSAG054716', 'lNONHSAG054717', 'lNONHSAG054718', 'lNONHSAG054780', 'lNONHSAG054791', 'lNONHSAG054807', 'lNONHSAG054832', 'lNONHSAG055008', 'lNONHSAG055092', 'lNONHSAG055258', 'lNONHSAG055418', 'lNONHSAG055450', 'lNONHSAG055546', 'lNONHSAG055558', 'lNONHSAG055565', 'lNONHSAG055577', 'lNONHSAG055582', 'lNONHSAG056025', 'lNONHSAG056029', 'lNONHSAG056053', 'lNONHSAG056451', 'lNONHSAG056733', 'lNONHSAG056746', 'lNONHSAG056868', 'lNONHSAG056875', 'lNONHSAG057260', 'lNONHSAG058006', 'lNONHSAG058109', 'lNONHSAG058112', 'lNONHSAG058118', 'lNONHSAG058128', 'lNONHSAG058533', 'lNONHSAG059768', 'lNONHSAG060586', 'lNONHSAG061096', 'lNONHSAG061404', 'lNONHSAG061492', 'lNONHSAG063700', 'lNONHSAG064962', 'lNONHSAG065252', 'lNONHSAG068402', 'lNONHSAG068639', 'lNONHSAG069030', 'lNONHSAG069147', 'lNONHSAG069876', 'lNONHSAG070257', 'lNONHSAG071444', 'lNONHSAG072176', 'lNONHSAG072945', 'lNONHSAG073025', 'lNONHSAG073380', 'lNONHSAG073406', 'lNONHSAG073419', 'lNONHSAG073786', 'lNONHSAG074052', 'lNONHSAG074661', 'lNONHSAG075363', 'lNONHSAG077475', 'lNONHSAG077527', 'lNONHSAG077551', 'lNONHSAG079231', 'lNONHSAG080772', 'lNONHSAG081227', 'lNONHSAG081583', 'lNONHSAG081993', 'lNONHSAG082891', 'lNONHSAG083209', 'lNONHSAG083289', 'lNONHSAG083615', 'lNONHSAG083859', 'lNONHSAG083883', 'lNONHSAG083894', 'lNONHSAG084701', 'lNONHSAG084832', 'lNONHSAG084937', 'lNONHSAG085975', 'lNONHSAG088562', 'lNONHSAG089857', 'lNONHSAG091284', 'lNONHSAG091452', 'lNONHSAG091943', 'lNONHSAG092907', 'lNONHSAG093064', 'lNONHSAG093078', 'lNONHSAG093517', 'lNONHSAG094075', 'lNONHSAG094129', 'lNONHSAG094269', 'lNONHSAG096130', 'lNONHSAG096227', 'lNONHSAG096230', 'lNONHSAG097344', 'lNONHSAG097347', 'lNONHSAG098653', 'lNONHSAG099082', 'lNONHSAG099120', 'lNONHSAG099126', 'lNONHSAG099742', 'lNONHSAG099774', 'lNONHSAG101229', 'lNONHSAG102572', 'lNONHSAG102979', 'lNONHSAG103259', 'lNONHSAG103457', 'lNONHSAG103817', 'lNONHSAG110420', 'lNONHSAG110858', 'lNONHSAG111667', 'lNONHSAG112396', 'lNONHSAG113761', 'lNONHSAG114445', 'lENSG00000103472', 'lENSG00000163364', 'lENSG00000171889', 'lENSG00000175061', 'lENSG00000177410', 'lENSG00000179406', 'lENSG00000189295', 'lENSG00000198221', 'lENSG00000198468', 'lENSG00000203497', 'lENSG00000205611', 'lENSG00000223764', 'lENSG00000223783', 'lENSG00000224057', 'lENSG00000224078', 'lENSG00000224614', 'lENSG00000225470', 'lENSG00000225855', 'lENSG00000226137', 'lENSG00000227082', 'lENSG00000227256', 'lENSG00000227963', 'lENSG00000228022', 'lENSG00000228526', 'lENSG00000229335', 'lENSG00000229388', 'lENSG00000230046', 'lENSG00000230061', 'lENSG00000230257', 'lENSG00000230313', 'lENSG00000230400', 'lENSG00000230866', 'lENSG00000231019', 'lENSG00000231437', 'lENSG00000231473', 'lENSG00000231663', 'lENSG00000232265', 'lENSG00000232442', 'lENSG00000232500', 'lENSG00000233047', 'lENSG00000233387', 'lENSG00000233532', 'lENSG00000233590', 'lENSG00000234169', 'lENSG00000234222', 'lENSG00000234455', 'lENSG00000234546', 'lENSG00000234625', 'lENSG00000235385', 'lENSG00000235535', 'lENSG00000236535', 'lENSG00000237167', 'lENSG00000237396', 'lENSG00000237880', 'lENSG00000241388', 'lENSG00000242207', 'lENSG00000243479', 'lENSG00000244124', 'lENSG00000245067', 'lENSG00000245146', 'lENSG00000245614', 'lENSG00000246560', 'lENSG00000247095', 'lENSG00000247373', 'lENSG00000247400', 'lENSG00000249532', 'lENSG00000249786', 'lENSG00000249835', 'lENSG00000249993', 'lENSG00000250635', 'lENSG00000251003', 'lENSG00000251061', 'lENSG00000253315', 'lENSG00000254418', 'lENSG00000254480', 'lENSG00000254508', 'lENSG00000254635', 'lENSG00000254791', 'lENSG00000255427', 'lENSG00000255553', 'lENSG00000256742', 'lENSG00000256769', 'lENSG00000257084', 'lENSG00000257557', 'lENSG00000258197', 'lENSG00000258912', 'lENSG00000259289', 'lENSG00000259424', 'lENSG00000260219', 'lENSG00000260280', 'lENSG00000260924', 'lENSG00000260969', 'lENSG00000261423', 'lENSG00000261780', 'lENSG00000263718', 'lENSG00000264672', 'lENSG00000265374', 'lENSG00000266402', 'lENSG00000266970', 'lENSG00000267296', 'lENSG00000267321', 'lENSG00000267395', 'lENSG00000267413', 'lENSG00000267440', 'lENSG00000267858', 'lENSG00000269019', 'lENSG00000269911', 'lENSG00000269939', 'lENSG00000270084', 'lENSG00000270344', 'lENSG00000270959', 'lENSG00000274372', 'lENSG00000278709', 'lENSG00000278970', 'lENSG00000279296', 'lENSG00000281189', 'lENSG00000284070', 'lENSG00000285644', 'lENSG00000286004', 'lENSG00000286737', 'lENSG00000288080', 'lENSG00000224167', 'lENSG00000224739', 'lA1BG-AS1', 'lADAMTS9-AS2', 'lANKRD62P1-PARP4P3', 'lAQP4-AS1', 'lASMTL-AS1', 'lBANCR', 'lCCAT2', 'lCDKN2B-AS1', 'lCRNDE', 'lDGKK', 'lDLX6-AS1', 'lEGOT', 'lFEZF1-AS1', 'lGATA3-AS1', 'lGHET1', 'lHEIH', 'lHOTAIRM1', 'lHOXA-AS3', 'lINHBA-AS1', 'lJPX', 'lJRK', 'lKCTD21-AS1', 'lKTN1-AS1', 'lLAMTOR5-AS1', 'lLBX2-AS1', 'lLINC00173', 'lLINC00174', 'lLINC00240', 'lLINC00333', 'lLINC00472', 'lLPP-AS2', 'lMCM3AP-AS1', 'lMEG3', 'lMIR181A1HG', 'lMIR31HG', 'lMYLK-AS1', 'lPANDAR', 'lPCGEM1', 'lPVT1', 'lRMST', 'lSNHG15', 'lSNHG16', 'lSNX29P2', 'lTPTEP1', 'lTRAM2-AS1', 'lZFAS1', 'lZNF286B', 'lLINC00461', 'lLINC00514', 'lSLC2A1-AS1', 'lSRP14-AS1', 'lAC007009.1', 'lPWAR6', 'lAC004840.8', 'lAC061992.2', 'lAC103564.7', 'lAC137932.5', 'lAL928742.12', 'lCTB-60B18.10', 'lCTB-91J4.1', 'lCTC-338M12.2', 'lCTD-2165H16.4', 'lCTD-2195B23.3', 'lCTD-2540L5.5', 'lKB-7G2.8', 'lLA16c-321D4.2', 'lLA16c-380H5.3', 'lLL22NC03-23C6.13', 'lRP1-283E3.8', 'lRP11-100F15.1', 'lRP11-104E19.1', 'lRP11-108M9.3', 'lRP11-123O10.4', 'lRP11-137H2.4', 'lRP11-197N18.2', 'lRP11-21J18.1', 'lRP11-227H15.4', 'lRP11-243J18.2', 'lRP11-24P14.1', 'lRP11-264B17.3', 'lRP11-276H7.2', 'lRP11-2C24.4', 'lRP11-305P14.1', 'lRP11-439K3.1', 'lRP11-49K24.4', 'lRP11-514P8.8', 'lRP11-550C4.6', 'lRP4-756H11.3', 'lRP5-1061H20.4', 'lRP5-1074L1.1', 'lRP5-1160K1.8', 'lXXbac-B444P24.8', 'lXXbac-BPG300A18.13', 'lAC018766.4', 'lCTD-2231H16.1', 'lHNRNPU-AS1', 'lRP11-672A2.1', 'lRP5-1063M23.1', 'lRP11-495P10.8', 'lCTA-250D10.23', 'lRP4-610C12.4', 'lLINC00035', 'lRP11-408H20.2', 'lNONHSAG000157', 'lNONHSAG000265', 'lNONHSAG000297', 'lNONHSAG000298', 'lNONHSAG000623', 'lNONHSAG000636', 'lNONHSAG000677', 'lNONHSAG000896', 'lNONHSAG000969', 'lNONHSAG000994', 'lNONHSAG001008', 'lNONHSAG001014', 'lNONHSAG001028', 'lNONHSAG001030', 'lNONHSAG001033', 'lNONHSAG001147', 'lNONHSAG001171', 'lNONHSAG001207', 'lNONHSAG001240', 'lNONHSAG001258', 'lNONHSAG001419', 'lNONHSAG001435', 'lNONHSAG001613', 'lNONHSAG002403', 'lNONHSAG002487', 'lNONHSAG002726', 'lNONHSAG002790', 'lNONHSAG002816', 'lNONHSAG003227', 'lNONHSAG003308', 'lNONHSAG003418', 'lNONHSAG003459', 'lNONHSAG003810', 'lNONHSAG003881', 'lNONHSAG004227', 'lNONHSAG004351', 'lNONHSAG004475', 'lNONHSAG004507', 'lNONHSAG004638', 'lNONHSAG005249', 'lNONHSAG005363', 'lNONHSAG005473', 'lNONHSAG005652', 'lNONHSAG005679', 'lNONHSAG005690', 'lNONHSAG005717', 'lNONHSAG005725', 'lNONHSAG005727', 'lNONHSAG005739', 'lNONHSAG005740', 'lNONHSAG005746', 'lNONHSAG005747', 'lNONHSAG005760', 'lNONHSAG005761', 'lNONHSAG005789', 'lNONHSAG005797', 'lNONHSAG005809', 'lNONHSAG005821', 'lNONHSAG005830', 'lNONHSAG005842', 'lNONHSAG005847', 'lNONHSAG005851', 'lNONHSAG005852', 'lNONHSAG005853', 'lNONHSAG005855', 'lNONHSAG005856', 'lNONHSAG005857', 'lNONHSAG005859', 'lNONHSAG005862', 'lNONHSAG005870', 'lNONHSAG005885', 'lNONHSAG005901', 'lNONHSAG005915', 'lNONHSAG005935', 'lNONHSAG005936', 'lNONHSAG005939', 'lNONHSAG005985', 'lNONHSAG005986', 'lNONHSAG006012', 'lNONHSAG006022', 'lNONHSAG006078', 'lNONHSAG006086', 'lNONHSAG006091', 'lNONHSAG006097', 'lNONHSAG006103', 'lNONHSAG006160', 'lNONHSAG006166', 'lNONHSAG006183', 'lNONHSAG006186', 'lNONHSAG006188', 'lNONHSAG006221', 'lNONHSAG006240', 'lNONHSAG006274', 'lNONHSAG006290', 'lNONHSAG006293', 'lNONHSAG006300', 'lNONHSAG006314', 'lNONHSAG006324', 'lNONHSAG006376', 'lNONHSAG006377', 'lNONHSAG006382', 'lNONHSAG006388', 'lNONHSAG006395', 'lNONHSAG006399', 'lNONHSAG006405', 'lNONHSAG006407', 'lNONHSAG006412', 'lNONHSAG006415', 'lNONHSAG006434', 'lNONHSAG006440', 'lNONHSAG006450', 'lNONHSAG006459', 'lNONHSAG006479', 'lNONHSAG006487', 'lNONHSAG006493', 'lNONHSAG006507', 'lNONHSAG006527', 'lNONHSAG006536', 'lNONHSAG006551', 'lNONHSAG006554', 'lNONHSAG006557', 'lNONHSAG006573', 'lNONHSAG006576', 'lNONHSAG006579', 'lNONHSAG006581', 'lNONHSAG006586', 'lNONHSAG006591', 'lNONHSAG006602', 'lNONHSAG006646', 'lNONHSAG006653', 'lNONHSAG006716', 'lNONHSAG006748', 'lNONHSAG006750', 'lNONHSAG006765', 'lNONHSAG006779', 'lNONHSAG006808', 'lNONHSAG006830', 'lNONHSAG006832', 'lNONHSAG006837', 'lNONHSAG006855', 'lNONHSAG006863', 'lNONHSAG006883', 'lNONHSAG006889', 'lNONHSAG006894', 'lNONHSAG006909', 'lNONHSAG006915', 'lNONHSAG006922', 'lNONHSAG006967', 'lNONHSAG006970', 'lNONHSAG006976', 'lNONHSAG007000', 'lNONHSAG007008', 'lNONHSAG007020', 'lNONHSAG007023', 'lNONHSAG007029', 'lNONHSAG007031', 'lNONHSAG007035', 'lNONHSAG007063', 'lNONHSAG007065', 'lNONHSAG007087', 'lNONHSAG007093', 'lNONHSAG007103', 'lNONHSAG007118', 'lNONHSAG007123', 'lNONHSAG007129', 'lNONHSAG007139', 'lNONHSAG007155', 'lNONHSAG007166', 'lNONHSAG007172', 'lNONHSAG007222', 'lNONHSAG007224', 'lNONHSAG007225', 'lNONHSAG007242', 'lNONHSAG007259', 'lNONHSAG007268', 'lNONHSAG007298', 'lNONHSAG007414', 'lNONHSAG007419', 'lNONHSAG007429', 'lNONHSAG007458', 'lNONHSAG007488', 'lNONHSAG007531', 'lNONHSAG007533', 'lNONHSAG007543', 'lNONHSAG007544', 'lNONHSAG007563', 'lNONHSAG007574', 'lNONHSAG007578', 'lNONHSAG007587', 'lNONHSAG007599', 'lNONHSAG007621', 'lNONHSAG007632', 'lNONHSAG007638', 'lNONHSAG007730', 'lNONHSAG007932', 'lENSG00000083622', 'lENSG00000105501', 'lENSG00000122043', 'lENSG00000149443', 'lENSG00000167920', 'lENSG00000177596', 'lENSG00000178248', 'lENSG00000197644', 'lENSG00000197880', 'lENSG00000198054', 'lENSG00000203307', 'lENSG00000203434', 'lENSG00000203469', 'lENSG00000203472', 'lENSG00000203605', 'lENSG00000203864', 'lENSG00000204393', 'lENSG00000204464', 'lENSG00000205018', 'lENSG00000205452', 'lENSG00000205500', 'lENSG00000212856', 'lENSG00000219410', 'lENSG00000221845', 'lENSG00000222000', 'lENSG00000222032', 'lENSG00000222044', 'lENSG00000223374', 'lENSG00000223381', 'lENSG00000223400', 'lENSG00000223537', 'lENSG00000223563', 'lENSG00000223598', 'lENSG00000223634', 'lENSG00000223641', 'lENSG00000223643', 'lENSG00000223647', 'lENSG00000223720', 'lENSG00000223727', 'lENSG00000223786', 'lENSG00000223809', 'lENSG00000223831', 'lENSG00000223870', 'lENSG00000223881', 'lENSG00000223966', 'lENSG00000223993', 'lENSG00000224031', 'lENSG00000224075', 'lENSG00000224087', 'lENSG00000224095', 'lENSG00000224220', 'lENSG00000224277', 'lENSG00000224330', 'lENSG00000224384', 'lENSG00000224500', 'lENSG00000224535', 'lENSG00000224541', 'lENSG00000224549', 'lENSG00000224595', 'lENSG00000224645', 'lENSG00000224655', 'lENSG00000224794', 'lENSG00000224821', 'lENSG00000224844', 'lENSG00000224857', 'lENSG00000224922', 'lENSG00000224972', 'lENSG00000225012', 'lENSG00000225050', 'lENSG00000225129', 'lENSG00000225146', 'lENSG00000225325', 'lENSG00000225334', 'lENSG00000225457', 'lENSG00000225537', 'lENSG00000225570', 'lENSG00000225588', 'lENSG00000225647', 'lENSG00000225750', 'lENSG00000225751', 'lENSG00000225761', 'lENSG00000225886', 'lENSG00000225919', 'lENSG00000225929', 'lENSG00000226047', 'lENSG00000226089', 'lENSG00000226143', 'lENSG00000226193', 'lENSG00000226194', 'lENSG00000226238', 'lENSG00000226323', 'lENSG00000226337', 'lENSG00000226352', 'lENSG00000226398', 'lENSG00000226442', 'lENSG00000226454', 'lENSG00000226486', 'lENSG00000226508', 'lENSG00000226522', 'lENSG00000226542', 'lENSG00000226566', 'lENSG00000226576', 'lENSG00000226601', 'lENSG00000226647', 'lENSG00000226699', 'lENSG00000226770', 'lENSG00000226813', 'lENSG00000226883', 'lENSG00000226925', 'lENSG00000226956', 'lENSG00000227075', 'lENSG00000227076', 'lENSG00000227125', 'lENSG00000227131', 'lENSG00000227181', 'lENSG00000227197', 'lENSG00000227330', 'lENSG00000227360', 'lENSG00000227459', 'lENSG00000227482', 'lENSG00000227496', 'lENSG00000227509', 'lENSG00000227512', 'lENSG00000227606', 'lENSG00000227611', 'lENSG00000227680', 'lENSG00000227716', 'lENSG00000227718', 'lENSG00000227769', 'lENSG00000227930', 'lENSG00000227958', 'lENSG00000227960', 'lENSG00000228028', 'lENSG00000228082', 'lENSG00000228170', 'lENSG00000228215', 'lENSG00000228231', 'lENSG00000228261', 'lENSG00000228272', 'lENSG00000228351', 'lENSG00000228372', 'lENSG00000228470', 'lENSG00000228485', 'lENSG00000228548', 'lENSG00000228627', 'lENSG00000228826', 'lENSG00000228852', 'lENSG00000228939', 'lENSG00000228950', 'lENSG00000229152', 'lENSG00000229162', 'lENSG00000229167', 'lENSG00000229190', 'lENSG00000229224', 'lENSG00000229297', 'lENSG00000229331', 'lENSG00000229345', 'lENSG00000229370', 'lENSG00000229379', 'lENSG00000229444', 'lENSG00000229457', 'lENSG00000229487', 'lENSG00000229502', 'lENSG00000229528', 'lENSG00000229679', 'lENSG00000229688', 'lENSG00000229848', 'lENSG00000229953', 'lENSG00000229999', 'lENSG00000230010', 'lENSG00000230105', 'lENSG00000230109', 'lENSG00000230121', 'lENSG00000230131', 'lENSG00000230153', 'lENSG00000230155', 'lENSG00000230190', 'lENSG00000230197', 'lENSG00000230212', 'lENSG00000230233', 'lENSG00000230234', 'lENSG00000230323', 'lENSG00000230432', 'lENSG00000230483', 'lENSG00000230499', 'lENSG00000230599', 'lENSG00000230668', 'lENSG00000230735', 'lENSG00000230741', 'lENSG00000230759', 'lENSG00000230790', 'lENSG00000230794', 'lENSG00000230826', 'lENSG00000230830', 'lENSG00000230912', 'lENSG00000230918', 'lENSG00000230972', 'lENSG00000231081', 'lENSG00000231082', 'lENSG00000231092', 'lENSG00000231102', 'lENSG00000231114', 'lENSG00000231143', 'lENSG00000231253', 'lENSG00000231272', 'lENSG00000231407', 'lENSG00000231413', 'lENSG00000231440', 'lENSG00000231496', 'lENSG00000231539', 'lENSG00000231597', 'lENSG00000231678', 'lENSG00000231681', 'lENSG00000231724', 'lENSG00000231760', 'lENSG00000231781', 'lENSG00000231912', 'lENSG00000231914', 'lENSG00000231937', 'lENSG00000231953', 'lENSG00000231964', 'lENSG00000232031', 'lENSG00000232058', 'lENSG00000232072', 'lENSG00000232086', 'lENSG00000232120', 'lENSG00000232192', 'lENSG00000232197', 'lENSG00000232252', 'lENSG00000232286', 'lENSG00000232310', 'lENSG00000232328', 'lENSG00000232335', 'lENSG00000232359', 'lENSG00000232396', 'lENSG00000232451', 'lENSG00000232464', 'lENSG00000232465', 'lENSG00000232564', 'lENSG00000232596', 'lENSG00000232604', 'lENSG00000232710', 'lENSG00000232719', 'lENSG00000232746', 'lENSG00000232806', 'lENSG00000232893', 'lENSG00000232895', 'lENSG00000232930', 'lENSG00000232939', 'lENSG00000233070', 'lENSG00000233079', 'lENSG00000233179', 'lENSG00000233219', 'lENSG00000233222', 'lENSG00000233339', 'lENSG00000233407', 'lENSG00000233472', 'lENSG00000233479', 'lENSG00000233534', 'lENSG00000233574', 'lENSG00000233581', 'lENSG00000233613', 'lENSG00000233625', 'lENSG00000233656', 'lENSG00000233665', 'lENSG00000233689', 'lENSG00000233706', 'lENSG00000233851', 'lENSG00000233891', 'lENSG00000233960', 'lENSG00000233969', 'lENSG00000233985', 'lENSG00000234021', 'lENSG00000234055', 'lENSG00000234117', 'lENSG00000234149', 'lENSG00000234160', 'lENSG00000234172', 'lENSG00000234318', 'lENSG00000234504', 'lENSG00000234567', 'lENSG00000234622', 'lENSG00000234626', 'lENSG00000234653', 'lENSG00000234690', 'lENSG00000234693', 'lENSG00000234714', 'lENSG00000234756', 'lENSG00000234860', 'lENSG00000234900', 'lENSG00000234953', 'lENSG00000234961', 'lENSG00000234979', 'lENSG00000235011', 'lENSG00000235035', 'lENSG00000235050', 'lENSG00000235086', 'lENSG00000235122', 'lENSG00000235168', 'lENSG00000235262', 'lENSG00000235435', 'lENSG00000235494', 'lENSG00000235503', 'lENSG00000235533', 'lENSG00000235628', 'lENSG00000235635', 'lENSG00000235669', 'lENSG00000235786', 'lENSG00000235813', 'lENSG00000236022', 'lENSG00000236109', 'lENSG00000236242', 'lENSG00000236272', 'lENSG00000236324', 'lENSG00000236326', 'lENSG00000236358', 'lENSG00000236414', 'lENSG00000236452', 'lENSG00000236463', 'lENSG00000236498', 'lENSG00000236559', 'lENSG00000236648', 'lENSG00000236662', 'lENSG00000236723', 'lENSG00000236744', 'lENSG00000236758', 'lENSG00000236800', 'lENSG00000236828', 'lENSG00000236854', 'lENSG00000236921', 'lENSG00000236951', 'lENSG00000236953', 'lENSG00000236975', 'lENSG00000237015', 'lENSG00000237058', 'lENSG00000237073', 'lENSG00000237200', 'lENSG00000237293', 'lENSG00000237312', 'lENSG00000237324', 'lENSG00000237331', 'lENSG00000237337', 'lENSG00000237435', 'lENSG00000237463', 'lENSG00000237477', 'lENSG00000237481', 'lENSG00000237494', 'lENSG00000237520', 'lENSG00000237571', 'lENSG00000237576', 'lENSG00000237581', 'lENSG00000237670', 'lENSG00000237734', 'lENSG00000237756', 'lENSG00000237768', 'lENSG00000237802', 'lENSG00000237919', 'lENSG00000237921', 'lENSG00000237937', 'lENSG00000237993', 'lENSG00000238131', 'lENSG00000238140', 'lENSG00000238185', 'lENSG00000238282', 'lENSG00000238291', 'lENSG00000239314', 'lENSG00000239415', 'lENSG00000239482', 'lENSG00000239593', 'lENSG00000240354', 'lENSG00000240573', 'lENSG00000240868', 'lENSG00000241383', 'lENSG00000241397', 'lENSG00000241577', 'lENSG00000241593', 'lENSG00000241985', 'lENSG00000242012', 'lENSG00000242072', 'lENSG00000242339', 'lENSG00000242391', 'lENSG00000242545', 'lENSG00000242568', 'lENSG00000242618', 'lENSG00000242795', 'lENSG00000242861', 'lENSG00000243149', 'lENSG00000243273', 'lENSG00000243368', 'lENSG00000243797', 'lENSG00000243903', 'lENSG00000243961', 'lENSG00000244278', 'lENSG00000244327', 'lENSG00000244461', 'lENSG00000244701', 'lENSG00000245148', 'lENSG00000245385', 'lENSG00000247867', 'lENSG00000247925', 'lENSG00000248125', 'lENSG00000248145', 'lENSG00000248172', 'lENSG00000248245', 'lENSG00000248358', 'lENSG00000248373', 'lENSG00000248393', 'lENSG00000248397', 'lENSG00000248416', 'lENSG00000248457', 'lENSG00000248490', 'lENSG00000248599', 'lENSG00000248627', 'lENSG00000248789', 'lENSG00000248802', 'lENSG00000248925', 'lENSG00000248935', 'lENSG00000248969', 'lENSG00000248975', 'lENSG00000248984', 'lENSG00000249066', 'lENSG00000249071', 'lENSG00000249099', 'lENSG00000249111', 'lENSG00000249114', 'lENSG00000249297', 'lENSG00000249334', 'lENSG00000249382', 'lENSG00000249409', 'lENSG00000249419', 'lENSG00000249426', 'lENSG00000249441', 'lENSG00000249451', 'lENSG00000249474', 'lENSG00000249547', 'lENSG00000249605', 'lENSG00000249613', 'lENSG00000249697', 'lENSG00000249706', 'lENSG00000249742', 'lENSG00000249782', 'lENSG00000249806', 'lENSG00000249830', 'lENSG00000249865', 'lENSG00000249892', 'lENSG00000250062', 'lENSG00000250092', 'lENSG00000250186', 'lENSG00000250195', 'lENSG00000250242', 'lENSG00000250524', 'lENSG00000250541', 'lENSG00000250626', 'lENSG00000250629', 'lENSG00000250646', 'lENSG00000250657', 'lENSG00000250665', 'lENSG00000250698', 'lENSG00000250761', 'lENSG00000250820', 'lENSG00000250865', 'lENSG00000250866', 'lENSG00000250877', 'lENSG00000250910', 'lENSG00000250929', 'lENSG00000250949', 'lENSG00000250950', 'lENSG00000250955', 'lENSG00000250993', 'lENSG00000251059', 'lENSG00000251072', 'lENSG00000251088', 'lENSG00000251185', 'lENSG00000251194', 'lENSG00000251256', 'lENSG00000251266', 'lENSG00000251281', 'lENSG00000251283', 'lENSG00000251412', 'lENSG00000251414', 'lENSG00000251438', 'lENSG00000251688', 'lENSG00000253134', 'lENSG00000253142', 'lENSG00000253147', 'lENSG00000253167', 'lENSG00000253171', 'lENSG00000253189', 'lENSG00000253282', 'lENSG00000253397', 'lENSG00000253449', 'lENSG00000253456', 'lENSG00000253503', 'lENSG00000253507', 'lENSG00000253526', 'lENSG00000253530', 'lENSG00000253539', 'lENSG00000253577', 'lENSG00000253616', 'lENSG00000253619', 'lENSG00000253627', 'lENSG00000253643', 'lENSG00000253645', 'lENSG00000253660', 'lENSG00000253665', 'lENSG00000253717', 'lENSG00000253722', 'lENSG00000253754', 'lENSG00000253782', 'lENSG00000253851', 'lENSG00000253858', 'lENSG00000253865', 'lENSG00000253871', 'lENSG00000253875', 'lENSG00000253880', 'lENSG00000253927', 'lENSG00000253947', 'lENSG00000253976', 'lENSG00000254011', 'lENSG00000254021', 'lENSG00000254026', 'lENSG00000254031', 'lENSG00000254033', 'lENSG00000254035', 'lENSG00000254043', 'lENSG00000254084', 'lENSG00000254094', 'lENSG00000254123', 'lENSG00000254141', 'lENSG00000254171', 'lENSG00000254177', 'lENSG00000254239', 'lENSG00000254242', 'lENSG00000254263', 'lENSG00000254314', 'lENSG00000254325', 'lENSG00000254330', 'lENSG00000254347', 'lENSG00000254350', 'lENSG00000254380', 'lENSG00000254428', 'lENSG00000254429', 'lENSG00000254456', 'lENSG00000254516', 'lENSG00000254559', 'lENSG00000254563', 'lENSG00000254574', 'lENSG00000254592', 'lENSG00000254604', 'lENSG00000254626', 'lENSG00000254689', 'lENSG00000254787', 'lENSG00000254829', 'lENSG00000254842', 'lENSG00000254846', 'lENSG00000254847', 'lENSG00000254864', 'lENSG00000254879', 'lENSG00000254913', 'lENSG00000254921', 'lENSG00000254972', 'lENSG00000254983', 'lENSG00000254990', 'lENSG00000255027', 'lENSG00000255039', 'lENSG00000255041', 'lENSG00000255084', 'lENSG00000255114', 'lENSG00000255121', 'lENSG00000255159', 'lENSG00000255167', 'lENSG00000255241', 'lENSG00000255247', 'lENSG00000255252', 'lENSG00000255271', 'lENSG00000255300', 'lENSG00000255343', 'lENSG00000255357', 'lENSG00000255366', 'lENSG00000255375', 'lENSG00000255388', 'lENSG00000255390', 'lENSG00000255443', 'lENSG00000255462', 'lENSG00000255482', 'lENSG00000255487', 'lENSG00000255496', 'lENSG00000255498', 'lENSG00000255506', 'lENSG00000255523', 'lENSG00000255528', 'lENSG00000255539', 'lENSG00000255555', 'lENSG00000255565', 'lENSG00000255572', 'lENSG00000255580', 'lENSG00000255808', 'lENSG00000255839', 'lENSG00000255893', 'lENSG00000255949', 'lENSG00000256007', 'lENSG00000256071', 'lENSG00000256072', 'lENSG00000256083', 'lENSG00000256209', 'lENSG00000256226', 'lENSG00000256234', 'lENSG00000256292', 'lENSG00000256364', 'lENSG00000256448', 'lENSG00000256452', 'lENSG00000256482', 'lENSG00000256484', 'lENSG00000256568', 'lENSG00000256582', 'lENSG00000256670', 'lENSG00000256733', 'lENSG00000256897', 'lENSG00000256972', 'lENSG00000257004', 'lENSG00000257022', 'lENSG00000257096', 'lENSG00000257105', 'lENSG00000257137', 'lENSG00000257165', 'lENSG00000257235', 'lENSG00000257261', 'lENSG00000257264', 'lENSG00000257275', 'lENSG00000257342', 'lENSG00000257381', 'lENSG00000257407', 'lENSG00000257470', 'lENSG00000257488', 'lENSG00000257494', 'lENSG00000257500', 'lENSG00000257514', 'lENSG00000257527', 'lENSG00000257541', 'lENSG00000257587', 'lENSG00000257634', 'lENSG00000257653', 'lENSG00000257682', 'lENSG00000257732', 'lENSG00000257750', 'lENSG00000257764', 'lENSG00000257787', 'lENSG00000257860', 'lENSG00000257904', 'lENSG00000257925', 'lENSG00000257997', 'lENSG00000258007', 'lENSG00000258044', 'lENSG00000258084', 'lENSG00000258108', 'lENSG00000258167', 'lENSG00000258185', 'lENSG00000258210', 'lENSG00000258220', 'lENSG00000258234', 'lENSG00000258272', 'lENSG00000258292', 'lENSG00000258308', 'lENSG00000258312', 'lENSG00000258313', 'lENSG00000258323', 'lENSG00000258331', 'lENSG00000258378', 'lENSG00000258379', 'lENSG00000258390', 'lENSG00000258394', 'lENSG00000258425', 'lENSG00000258451', 'lENSG00000258460', 'lENSG00000258515', 'lENSG00000258516', 'lENSG00000258520', 'lENSG00000258610', 'lENSG00000258657', 'lENSG00000258670', 'lENSG00000258690', 'lENSG00000258695', 'lENSG00000258698', 'lENSG00000258742', 'lENSG00000258745', 'lENSG00000258784', 'lENSG00000258800', 'lENSG00000258824', 'lENSG00000258826', 'lENSG00000258829', 'lENSG00000258850', 'lENSG00000258869', 'lENSG00000258892', 'lENSG00000258904', 'lENSG00000258908', 'lENSG00000258944', 'lENSG00000258958', 'lENSG00000259007', 'lENSG00000259026', 'lENSG00000259187', 'lENSG00000259188', 'lENSG00000259194', 'lENSG00000259202', 'lENSG00000259211', 'lENSG00000259223', 'lENSG00000259250', 'lENSG00000259256', 'lENSG00000259265', 'lENSG00000259290', 'lENSG00000259294', 'lENSG00000259307', 'lENSG00000259342', 'lENSG00000259351', 'lENSG00000259352', 'lENSG00000259360', 'lENSG00000259385', 'lENSG00000259432', 'lENSG00000259532', 'lENSG00000259544', 'lENSG00000259595', 'lENSG00000259631', 'lENSG00000259636', 'lENSG00000259649', 'lENSG00000259659', 'lENSG00000259678', 'lENSG00000259757', 'lENSG00000259759', 'lENSG00000259767', 'lENSG00000259805', 'lENSG00000259935', 'lENSG00000259945', 'lENSG00000259955', 'lENSG00000259967', 'lENSG00000260003', 'lENSG00000260022', 'lENSG00000260058', 'lENSG00000260158', 'lENSG00000260186', 'lENSG00000260190', 'lENSG00000260237', 'lENSG00000260246', 'lENSG00000260304', 'lENSG00000260454', 'lENSG00000260476', 'lENSG00000260586', 'lENSG00000260605', 'lENSG00000260626', 'lENSG00000260659', 'lENSG00000260720', 'lENSG00000260741', 'lENSG00000260773', 'lENSG00000260798', 'lENSG00000260884', 'lENSG00000260911', 'lENSG00000260934', 'lENSG00000260970', 'lENSG00000260986', 'lENSG00000260999', 'lENSG00000261014', 'lENSG00000261036', 'lENSG00000261065', 'lENSG00000261066', 'lENSG00000261070', 'lENSG00000261243', 'lENSG00000261248', 'lENSG00000261261', 'lENSG00000261266', 'lENSG00000261307', 'lENSG00000261332', 'lENSG00000261379', 'lENSG00000261432', 'lENSG00000261475', 'lENSG00000261507', 'lENSG00000261523', 'lENSG00000261552', 'lENSG00000261569', 'lENSG00000261671', 'lENSG00000261697', 'lENSG00000261723', 'lENSG00000261729', 'lENSG00000261761', 'lENSG00000261838', 'lENSG00000261864', 'lENSG00000262151', 'lENSG00000262298', 'lENSG00000262434', 'lENSG00000262533', 'lENSG00000262652', 'lENSG00000262777', 'lENSG00000262815', 'lENSG00000263080', 'lENSG00000263257', 'lENSG00000263300', 'lENSG00000263321', 'lENSG00000263335', 'lENSG00000263417', 'lENSG00000263466', 'lENSG00000263585', 'lENSG00000263594', 'lENSG00000263618', 'lENSG00000263684', 'lENSG00000263709', 'lENSG00000263765', 'lENSG00000263847', 'lENSG00000263873', 'lENSG00000263952', 'lENSG00000263982', 'lENSG00000263986', 'lENSG00000264016', 'lENSG00000264023', 'lENSG00000264066', 'lENSG00000264107', 'lENSG00000264151', 'lENSG00000264254', 'lENSG00000264486', 'lENSG00000264513', 'lENSG00000264520', 'lENSG00000264558', 'lENSG00000264577', 'lENSG00000264595', 'lENSG00000264622', 'lENSG00000264734', 'lENSG00000264769', 'lENSG00000264825', 'lENSG00000264924', 'lENSG00000265125', 'lENSG00000265168', 'lENSG00000265265', 'lENSG00000265334', 'lENSG00000265359', 'lENSG00000265400', 'lENSG00000265443', 'lENSG00000265474', 'lENSG00000265554', 'lENSG00000265643', 'lENSG00000265728', 'lENSG00000265739', 'lENSG00000265743', 'lENSG00000265791', 'lENSG00000265840', 'lENSG00000265844', 'lENSG00000265845', 'lENSG00000265980', 'lENSG00000265987', 'lENSG00000265994', 'lENSG00000266102', 'lENSG00000266153', 'lENSG00000266311', 'lENSG00000266341', 'lENSG00000266368', 'lENSG00000266397', 'lENSG00000266535', 'lENSG00000266538', 'lENSG00000266541', 'lENSG00000266651', 'lENSG00000266696', 'lENSG00000266801', 'lENSG00000266839', 'lENSG00000266844', 'lENSG00000266877', 'lENSG00000266936', 'lENSG00000266985', 'lENSG00000266993', 'lENSG00000267000', 'lENSG00000267028', 'lENSG00000267057', 'lENSG00000267063', 'lENSG00000267225', 'lENSG00000267234', 'lENSG00000267255', 'lENSG00000267263', 'lENSG00000267274', 'lENSG00000267320', 'lENSG00000267341', 'lENSG00000267354', 'lENSG00000267364', 'lENSG00000267378', 'lENSG00000267387', 'lENSG00000267436', 'lENSG00000267437', 'lENSG00000267501', 'lENSG00000267543', 'lENSG00000267583', 'lENSG00000267593', 'lENSG00000267615', 'lENSG00000267617', 'lENSG00000267633', 'lENSG00000267638', 'lENSG00000267665', 'lENSG00000267711', 'lENSG00000267791', 'lENSG00000267838', 'lENSG00000267922', 'lENSG00000267980', 'lENSG00000268015', 'lENSG00000268049', 'lENSG00000268051', 'lENSG00000268069', 'lENSG00000268078', 'lENSG00000268203', 'lENSG00000268240', 'lENSG00000268289', 'lENSG00000268292', 'lENSG00000268296', 'lENSG00000268520', 'lENSG00000268605', 'lENSG00000268734', 'lENSG00000268743', 'lENSG00000268798', 'lENSG00000268833', 'lENSG00000268906', 'lENSG00000268981', 'lENSG00000269044', 'lENSG00000269085', 'lENSG00000269145', 'lENSG00000269191', 'lENSG00000269292', 'lENSG00000269321', 'lENSG00000269350', 'lENSG00000269495', 'lENSG00000269504', 'lENSG00000269578', 'lENSG00000269656', 'lENSG00000269802', 'lENSG00000269843', 'lENSG00000269867', 'lENSG00000269901', 'lENSG00000269950', 'lENSG00000269987', 'lENSG00000270082', 'lENSG00000270094', 'lENSG00000270108', 'lENSG00000270380', 'lENSG00000270726', 'lENSG00000270996', 'lENSG00000271032', 'lENSG00000271314', 'lENSG00000271579', 'lENSG00000271717', 'lENSG00000271763', 'lENSG00000271787', 'lENSG00000271833', 'lENSG00000271901', 'lENSG00000271936', 'lENSG00000271945', 'lENSG00000272027', 'lENSG00000272072', 'lENSG00000272149', 'lENSG00000272159', 'lENSG00000272338', 'lENSG00000272510', 'lENSG00000272540', 'lENSG00000272642', 'lENSG00000272661', 'lENSG00000272742', 'lENSG00000272810', 'lENSG00000272814', 'lENSG00000272995', 'lENSG00000273035', 'lENSG00000273110', 'lENSG00000273198', 'lENSG00000273226', 'lENSG00000273257', 'lENSG00000273271', 'lENSG00000273360', 'lENSG00000273449', 'lENSG00000273461', 'lENSG00000273485', 'lENSG00000273550', 'lENSG00000273568', 'lENSG00000273877', 'lENSG00000273919', 'lENSG00000274177', 'lENSG00000274227', 'lENSG00000274561', 'lENSG00000274624', 'lENSG00000274678', 'lENSG00000274737', 'lENSG00000274863', 'lENSG00000274893', 'lENSG00000275173', 'lENSG00000275345', 'lENSG00000275356', 'lENSG00000275401', 'lENSG00000275484', 'lENSG00000275576', 'lENSG00000275638', 'lENSG00000275871', 'lENSG00000275963', 'lENSG00000276054', 'lENSG00000276107', 'lENSG00000276266', 'lENSG00000276488', 'lENSG00000276527', 'lENSG00000276533', 'lENSG00000276668', 'lENSG00000276997', 'lENSG00000277173', 'lENSG00000277332', 'lENSG00000277639', 'lENSG00000278000', 'lENSG00000278013', 'lENSG00000278202', 'lENSG00000278351', 'lENSG00000278630', 'lENSG00000278766', 'lENSG00000278944', 'lENSG00000279088', 'lENSG00000279240', 'lENSG00000279484', 'lENSG00000279501', 'lENSG00000279623', 'lENSG00000279687', 'lENSG00000279751', 'lENSG00000279920', 'lENSG00000280206', 'lENSG00000280224', 'lENSG00000280455', 'lENSG00000280580', 'lENSG00000280703', 'lENSG00000280870', 'lENSG00000281021', 'lENSG00000281831', 'lENSG00000282478', 'lENSG00000282828', 'lENSG00000282950', 'lENSG00000283083', 'lENSG00000283286', 'lENSG00000283347', 'lENSG00000283457', 'lENSG00000283631', 'lENSG00000283766', 'lENSG00000283973', 'lENSG00000284376', 'lENSG00000284418', 'lENSG00000284500', 'lENSG00000284513', 'lENSG00000284699', 'lENSG00000284846', 'lENSG00000284994', 'lENSG00000285012', 'lENSG00000285117', 'lENSG00000285325', 'lENSG00000285354', 'lENSG00000285473', 'lENSG00000285518', 'lENSG00000285524', 'lENSG00000285550', 'lENSG00000285551', 'lENSG00000285619', 'lENSG00000285621', 'lENSG00000285654', 'lENSG00000285699', 'lENSG00000285709', 'lENSG00000285857', 'lENSG00000285861', 'lENSG00000285889', 'lENSG00000285954', 'lENSG00000285998', 'lENSG00000286002', 'lENSG00000286010', 'lENSG00000286018', 'lENSG00000286020', 'lENSG00000286050', 'lENSG00000286076', 'lENSG00000286089', 'lENSG00000286093', 'lENSG00000286101', 'lENSG00000286168', 'lENSG00000286188', 'lENSG00000286194', 'lENSG00000286197', 'lENSG00000286206', 'lENSG00000286244', 'lENSG00000286276', 'lENSG00000286303', 'lENSG00000286331', 'lENSG00000286333', 'lENSG00000286338', 'lENSG00000286357', 'lENSG00000286419', 'lENSG00000286430', 'lENSG00000286436', 'lENSG00000286453', 'lENSG00000286461', 'lENSG00000286474', 'lENSG00000286515', 'lENSG00000286565', 'lENSG00000286578', 'lENSG00000286584', 'lENSG00000286588', 'lENSG00000286598', 'lENSG00000286617', 'lENSG00000286639', 'lENSG00000286645', 'lENSG00000286670', 'lENSG00000286689', 'lENSG00000286690', 'lENSG00000286698', 'lENSG00000286715', 'lENSG00000286716', 'lENSG00000286722', 'lENSG00000286735', 'lENSG00000286738', 'lENSG00000286751', 'lENSG00000286759', 'lENSG00000286767', 'lENSG00000286770', 'lENSG00000286776', 'lENSG00000286781', 'lENSG00000286795', 'lENSG00000286803', 'lENSG00000286822', 'lENSG00000286838', 'lENSG00000286850', 'lENSG00000286887', 'lENSG00000286908', 'lENSG00000286963', 'lENSG00000287006', 'lENSG00000287020', 'lENSG00000287028', 'lENSG00000287030', 'lENSG00000287066', 'lENSG00000287094', 'lENSG00000287107', 'lENSG00000287108', 'lENSG00000287128', 'lENSG00000287155', 'lENSG00000287159', 'lENSG00000287191', 'lENSG00000287198', 'lENSG00000287202', 'lENSG00000287213', 'lENSG00000287236', 'lENSG00000287270', 'lENSG00000287285', 'lENSG00000287321', 'lENSG00000287335', 'lENSG00000287358', 'lENSG00000287359', 'lENSG00000287366', 'lENSG00000287367', 'lENSG00000287381', 'lENSG00000287423', 'lENSG00000287441', 'lENSG00000287451', 'lENSG00000287456', 'lENSG00000287462', 'lENSG00000287501', 'lENSG00000287511', 'lENSG00000287517', 'lENSG00000287518', 'lENSG00000287545', 'lENSG00000287550', 'lENSG00000287556', 'lENSG00000287587', 'lENSG00000287618', 'lENSG00000287660', 'lENSG00000287684', 'lENSG00000287687', 'lENSG00000287691', 'lENSG00000287704', 'lENSG00000211683', 'lENSG00000214955', 'lENSG00000223379', 'lENSG00000224884', 'lENSG00000225393', 'lENSG00000228538', 'lENSG00000229454', 'lENSG00000229458', 'lENSG00000230600', 'lENSG00000230649', 'lENSG00000231212', 'lENSG00000231616', 'lENSG00000232056', 'lENSG00000232636', 'lENSG00000233200', 'lENSG00000233987', 'lENSG00000234083', 'lENSG00000234810', 'lENSG00000234998', 'lENSG00000235337', 'lENSG00000235795', 'lENSG00000236453', 'lENSG00000239801', 'lENSG00000241792', 'lENSG00000242375', 'lENSG00000244620', 'lENSG00000247810', 'lENSG00000248359', 'lENSG00000248991', 'lENSG00000249159', 'lENSG00000250481', 'lENSG00000250567', 'lENSG00000250670', 'lENSG00000250686', 'lENSG00000250777', 'lENSG00000250948', 'lENSG00000251506', 'lENSG00000251654', 'lENSG00000253766', 'lENSG00000254306', 'lENSG00000254927', 'lENSG00000255279', 'lENSG00000255325', 'lENSG00000256686', 'lENSG00000257603', 'lENSG00000257715', 'lENSG00000257962', 'lENSG00000258088', 'lENSG00000258196', 'lENSG00000258386', 'lENSG00000258949', 'lENSG00000259123', 'lENSG00000259209', 'lENSG00000259222', 'lENSG00000259244', 'lENSG00000259255', 'lENSG00000259306', 'lENSG00000259407', 'lENSG00000260983', 'lENSG00000261193', 'lENSG00000261470', 'lENSG00000261775', 'lENSG00000264660', 'lENSG00000265174', 'lENSG00000266893', 'lENSG00000267081', 'lENSG00000267521', 'lENSG00000267581', 'lENSG00000269391', 'lENSG00000269460', 'lENSG00000272369', 'lENSG00000273138', 'lENSG00000273403', 'lENSG00000275232', 'lENSG00000279672', 'lENSG00000282887', 'lENSG00000286164', 'lENSG00000226032', 'lENSG00000235736', 'lENSG00000251613', 'lENSG00000263316', 'lENSG00000258631', 'lENSG00000260141', 'lENSG00000279472', 'lENSG00000272934', 'lENSG00000265556', 'lENSG00000271840', 'lENSG00000253701', 'lENSG00000281408', 'lENSG00000268166', 'lALG13-AS1', 'lDSCR8', 'lMIR145', 'lMIR24-2', 'lMIR3179-2', 'lACA64', 'lCDKN2B-AS']","[0.0, 1.0, 1.0, 0.0, 1.0, 1.0, 0.0, 0.0, 0.0, 0.0, 1.0, 1.0, 1.0, 0.0, 0.0, 1.0, 0.0, 0.0, 0.0, 0.0, 0.0, 1.0, 0.0, 0.0, 0.0, 0.0, 1.0, 1.0, 1.0, 1.0, 1.0, 0.0, 1.0, 0.0, 1.0, 1.0, 0.0, 1.0, 0.0, 0.0, 1.0, 0.0, 0.0, 0.0, 1.0, 0.0, 1.0, 1.0, 1.0, 0.0, 1.0, 1.0, 0.0, 0.0, 1.0, 0.0, 1.0, 1.0, 1.0, 1.0, 0.0, 0.0, 0.0, 0.0, 1.0, 1.0, 1.0, 1.0, 1.0, 1.0, 0.0, 1.0, 0.0, 0.0, 1.0, 1.0, 1.0, 1.0, 1.0, 0.0, 0.0, 1.0, 1.0, 0.0, 0.0, 1.0, 1.0, 1.0, 0.0, 1.0, 0.0, 1.0, 1.0, 1.0, 0.0, 0.0, 1.0, 1.0, 0.0, 1.0, 0.0, 0.0, 0.0, 1.0, 0.0, 0.0, 1.0, 1.0, 1.0, 1.0, 1.0, 1.0, 0.0, 0.0, 1.0, 1.0, 1.0, 1.0, 0.0, 1.0, 0.0, 0.0, 1.0, 1.0, 0.0, 1.0, 0.0, 0.0, 0.0, 1.0, 1.0, 1.0, 0.0, 0.0, 0.0, 1.0, 1.0, 0.0, 1.0, 1.0, 1.0, 0.0, 1.0, 0.0, 1.0, 1.0, 1.0, 0.0, 0.0, 0.0, 1.0, 0.0, 1.0, 1.0, 0.0, 0.0, 1.0, 0.0, 0.0, 1.0, 0.0, 1.0, 1.0, 1.0, 0.0, 1.0, 1.0, 0.0, 1.0, 1.0, 1.0, 0.0, 0.0, 0.0, 1.0, 0.0, 1.0, 0.0, 1.0, 0.0, 0.0, 1.0, 0.0, 0.0, 1.0, 0.0, 0.0, 1.0, 0.0, 0.0, 1.0, 0.0, 0.0, 0.0, 1.0, 0.0, 0.0, 1.0, 0.0, 1.0, 1.0, 0.0, 0.0, 0.0, 1.0, 0.0, 0.0, 0.0, 1.0, 1.0, 1.0, 1.0, 1.0, 1.0, 0.0, 1.0, 1.0, 0.0, 1.0, 1.0, 0.0, 1.0, 1.0, 1.0, 0.0, 1.0, 1.0, 1.0, 1.0, 0.0, 0.0, 0.0, 0.0, 0.0, 1.0, 1.0, 1.0, 1.0, 1.0, 0.0, 1.0, 1.0, 1.0, 1.0, 1.0, 0.0, 1.0, 1.0, 1.0, 0.0, 1.0, 0.0, 0.0, 1.0, 1.0, 1.0, 1.0, 1.0, 0.0, 1.0, 1.0, 0.0, 0.0, 1.0, 1.0, 1.0, 0.0, 1.0, 1.0, 0.0, 1.0, 0.0, 0.0, 0.0, 0.0, 1.0, 0.0, 0.0, 1.0, 1.0, 0.0, 1.0, 0.0, 0.0, 1.0, 1.0, 1.0, 1.0, 0.0, 0.0, 1.0, 0.0, 0.0, 0.0, 0.0, 0.0, 0.0, 1.0, 1.0, 1.0, 1.0, 0.0, 1.0, 0.0, 0.0, 0.0, 0.0, 1.0, 1.0, 0.0, 1.0, 1.0, 0.0, 0.0, 1.0, 0.0, 0.0, 1.0, 0.0, 1.0, 0.0, 1.0, 1.0, 0.0, 1.0, 1.0, 1.0, 1.0, 1.0, 0.0, 0.0, 0.0, 0.0, 1.0, 1.0, 1.0, 1.0, 1.0, 1.0, 0.0, 1.0, 1.0, 0.0, 1.0, 1.0, 0.0, 1.0, 0.0, 1.0, 0.0, 1.0, 0.0, 0.0, 0.0, 0.0, 0.0, 1.0, 1.0, 1.0, 0.0, 0.0, 1.0, 0.0, 1.0, 0.0, 1.0, 1.0, 1.0, 0.0, 1.0, 1.0, 1.0, 0.0, 0.0, 0.0, 0.0, 1.0, 0.0, 1.0, 1.0, 0.0, 1.0, 1.0, 0.0, 0.0, 0.0, 0.0, 0.0, 1.0, 1.0, 0.0, 1.0, 1.0, 0.0, 0.0, 1.0, 1.0, 0.0, 0.0, 1.0, 1.0, 1.0, 0.0, 0.0, 1.0, 0.0, 0.0, 0.0, 1.0, 0.0, 1.0, 0.0, 1.0, 1.0, 1.0, 1.0, 0.0, 0.0, 0.0, 0.0, 1.0, 1.0, 0.0, 0.0, 0.0, 0.0, 1.0, 1.0, 1.0, 1.0, 0.0, 0.0, 0.0, 1.0, 1.0, 0.0, 0.0, 0.0, 0.0, 1.0, 1.0, 0.0, 0.0, 0.0, 0.0, 0.0, 0.0, 0.0, 1.0, 0.0, 1.0, 0.0, 0.0, 0.0, 1.0, 0.0, 0.0, 1.0, 0.0, 0.0, 0.0, 0.0, 0.0, 1.0, 0.0, 0.0, 1.0, 1.0, 1.0, 0.0, 0.0, 0.0, 1.0, 1.0, 0.0, 0.0, 1.0, 0.0, 1.0, 0.0, 1.0, 0.0, 1.0, 1.0, 1.0, 1.0, 1.0, 1.0, 1.0, 1.0, 0.0, 0.0, 0.0, 1.0, 0.0, 1.0, 1.0, 0.0, 0.0, 0.0, 0.0, 1.0, 1.0, 0.0, 1.0, 0.0, 1.0, 0.0, 1.0, 1.0, 1.0, 0.0, 1.0, 0.0, 1.0, 1.0, 0.0, 1.0, 0.0, 0.0, 0.0, 1.0, 0.0, 0.0, 0.0, 1.0, 1.0, 1.0, 1.0, 0.0, 1.0, 1.0, 1.0, 1.0, 0.0, 0.0, 0.0, 1.0, 0.0, 1.0, 1.0, 1.0, 0.0, 1.0, 1.0, 1.0, 0.0, 0.0, 0.0, 0.0, 1.0, 0.0, 0.0, 0.0, 0.0, 1.0, 1.0, 0.0, 1.0, 0.0, 1.0, 0.0, 1.0, 0.0, 1.0, 0.0, 1.0, 1.0, 0.0, 1.0, 1.0, 1.0, 1.0, 1.0, 0.0, 1.0, 1.0, 0.0, 1.0, 1.0, 1.0, 0.0, 0.0, 0.0, 1.0, 0.0, 1.0, 0.0, 1.0, 1.0, 1.0, 1.0, 1.0, 0.0, 1.0, 0.0, 0.0, 0.0, 1.0, 1.0, 0.0, 0.0, 1.0, 1.0, 1.0, 0.0, 0.0, 1.0, 1.0, 1.0, 1.0, 0.0, 1.0, 0.0, 0.0, 1.0, 1.0, 0.0, 1.0, 1.0, 0.0, 0.0, 1.0, 0.0, 0.0, 0.0, 1.0, 1.0, 1.0, 1.0, 0.0, 1.0, 1.0, 0.0, 1.0, 1.0, 1.0, 0.0, 1.0, 0.0, 0.0, 0.0, 1.0, 1.0, 0.0, 1.0, 1.0, 1.0, 1.0, 0.0, 0.0, 1.0, 1.0, 1.0, 1.0, 0.0, 1.0, 0.0, 1.0, 1.0, 1.0, 1.0, 0.0, 1.0, 1.0, 0.0, 0.0, 1.0, 0.0, 0.0, 1.0, 1.0, 0.0, 0.0, 1.0, 0.0, 1.0, 1.0, 0.0, 1.0, 1.0, 0.0, 0.0, 0.0, 1.0, 0.0, 1.0, 0.0, 1.0, 0.0, 0.0, 1.0, 1.0, 0.0, 0.0, 0.0, 1.0, 0.0, 1.0, 0.0, 0.0, 1.0, 1.0, 1.0, 0.0, 1.0, 0.0, 0.0, 1.0, 0.0, 1.0, 1.0, 1.0, 1.0, 1.0, 0.0, 0.0, 1.0, 0.0, 0.0, 1.0, 0.0, 1.0, 0.0, 0.0, 1.0, 0.0, 1.0, 1.0, 0.0, 1.0, 1.0, 0.0, 1.0, 0.0, 0.0, 1.0, 1.0, 0.0, 0.0, 0.0, 0.0, 0.0, 1.0, 0.0, 0.0, 1.0, 1.0, 0.0, 1.0, 1.0, 1.0, 0.0, 1.0, 0.0, 0.0, 0.0, 1.0, 1.0, 1.0, 0.0, 0.0, 0.0, 0.0, 1.0, 0.0, 0.0, 0.0, 0.0, 0.0, 0.0, 0.0, 1.0, 0.0, 0.0, 1.0, 0.0, 1.0, 0.0, 1.0, 0.0, 1.0, 0.0, 0.0, 0.0, 1.0, 0.0, 0.0, 1.0, 1.0, 0.0, 1.0, 1.0, 0.0, 0.0, 1.0, 0.0, 0.0, 1.0, 0.0, 1.0, 0.0, 1.0, 0.0, 1.0, 0.0, 1.0, 0.0, 1.0, 1.0, 1.0, 1.0, 1.0, 1.0, 1.0, 0.0, 0.0, 1.0, 1.0, 0.0, 1.0, 0.0, 1.0, 1.0, 0.0, 0.0, 1.0, 1.0, 0.0, 1.0, 0.0, 0.0, 1.0, 0.0, 1.0, 0.0, 0.0, 1.0, 1.0, 0.0, 0.0, 1.0, 0.0, 1.0, 0.0, 1.0, 1.0, 1.0, 1.0, 0.0, 1.0, 0.0, 0.0, 0.0, 1.0, 0.0, 1.0, 1.0, 1.0, 0.0, 0.0, 1.0, 1.0, 0.0, 0.0, 0.0, 1.0, 1.0, 1.0, 1.0, 1.0, 1.0, 1.0, 1.0, 1.0, 0.0, 1.0, 0.0, 1.0, 1.0, 1.0, 1.0, 0.0, 1.0, 0.0, 0.0, 1.0, 0.0, 0.0, 0.0, 0.0, 1.0, 0.0, 1.0, 0.0, 0.0, 1.0, 1.0, 0.0, 1.0, 1.0, 1.0, 1.0, 1.0, 0.0, 0.0, 0.0, 0.0, 0.0, 0.0, 1.0, 1.0, 0.0, 1.0, 0.0, 1.0, 0.0, 1.0, 1.0, 1.0, 0.0, 0.0, 1.0, 0.0, 0.0, 0.0, 0.0, 1.0, 1.0, 0.0, 1.0, 1.0, 1.0, 0.0, 0.0, 1.0, 0.0, 0.0, 1.0, 0.0, 1.0, 1.0, 1.0, 1.0, 1.0, 0.0, 1.0, 1.0, 1.0, 1.0, 0.0, 0.0, 0.0, 0.0, 0.0, 0.0, 0.0, 1.0, 1.0, 0.0, 1.0, 0.0, 0.0, 1.0, 0.0, 1.0, 0.0, 0.0, 0.0, 1.0, 1.0, 1.0, 0.0, 1.0, 0.0, 0.0, 0.0, 0.0, 1.0, 1.0, 1.0, 1.0, 0.0, 0.0, 0.0, 0.0, 0.0, 1.0, 1.0, 0.0, 1.0, 1.0, 0.0, 0.0, 1.0, 1.0, 1.0, 1.0, 0.0, 0.0, 0.0, 1.0, 0.0, 0.0, 0.0, 0.0, 0.0, 1.0, 0.0, 0.0, 1.0, 0.0, 0.0, 1.0, 0.0, 1.0, 1.0, 0.0, 1.0, 1.0, 1.0, 0.0, 0.0, 0.0, 1.0, 0.0, 1.0, 1.0, 1.0, 1.0, 1.0, 0.0, 0.0, 0.0, 1.0, 1.0, 0.0, 0.0, 1.0, 0.0, 1.0, 0.0, 0.0, 1.0, 1.0, 0.0, 0.0, 1.0, 0.0, 1.0, 0.0, 0.0, 1.0, 0.0, 1.0, 1.0, 1.0, 1.0, 1.0, 0.0, 0.0, 1.0, 0.0, 1.0, 1.0, 1.0, 1.0, 1.0, 1.0, 1.0, 0.0, 0.0, 0.0, 0.0, 1.0, 1.0, 0.0, 0.0, 1.0, 1.0, 0.0, 0.0, 0.0, 1.0, 0.0, 0.0, 1.0, 0.0, 0.0, 1.0, 1.0, 1.0, 0.0, 1.0, 1.0, 1.0, 1.0, 1.0, 1.0, 0.0, 1.0, 0.0, 0.0, 1.0, 0.0, 1.0, 1.0, 1.0, 1.0, 0.0, 1.0, 1.0, 0.0, 0.0, 0.0, 1.0, 0.0, 0.0, 1.0, 0.0, 0.0, 0.0, 1.0, 1.0, 0.0, 0.0, 1.0, 0.0, 1.0, 0.0, 0.0, 0.0, 0.0, 0.0, 1.0, 1.0, 0.0, 1.0, 0.0, 0.0, 0.0, 1.0, 0.0, 0.0, 0.0, 0.0, 1.0, 0.0, 1.0, 0.0, 1.0, 0.0, 0.0, 1.0, 1.0, 1.0, 0.0, 1.0, 1.0, 0.0, 1.0, 1.0, 1.0, 1.0, 0.0, 0.0, 0.0, 1.0, 1.0, 1.0, 1.0, 1.0, 1.0, 1.0, 1.0, 0.0, 0.0, 0.0, 1.0, 0.0, 1.0, 1.0, 1.0, 1.0, 1.0, 0.0, 0.0, 0.0, 1.0, 0.0, 0.0, 0.0, 1.0, 0.0, 1.0, 1.0, 1.0, 0.0, 0.0, 1.0, 0.0, 1.0, 1.0, 0.0, 0.0, 0.0, 1.0, 0.0, 1.0, 1.0, 1.0, 0.0, 1.0, 0.0, 1.0, 0.0, 1.0, 1.0, 0.0, 0.0, 1.0, 0.0, 1.0, 1.0, 0.0, 0.0, 0.0, 1.0, 1.0, 1.0, 1.0, 0.0, 0.0, 1.0, 1.0, 0.0, 0.0, 0.0, 1.0, 0.0, 1.0, 0.0, 1.0, 1.0, 1.0, 1.0, 1.0, 1.0, 0.0, 0.0, 1.0, 1.0, 0.0, 0.0, 0.0, 0.0, 1.0, 0.0, 0.0, 0.0, 0.0, 0.0, 1.0, 0.0, 0.0, 0.0, 1.0, 0.0, 0.0, 0.0, 0.0, 0.0, 1.0, 0.0, 1.0, 0.0, 0.0, 0.0, 1.0, 0.0, 1.0, 1.0, 0.0, 1.0, 1.0, 1.0, 0.0, 0.0, 0.0, 0.0, 0.0, 0.0, 0.0, 1.0, 1.0, 1.0, 1.0, 1.0, 0.0, 1.0, 1.0, 1.0, 1.0, 1.0, 1.0, 1.0, 1.0, 1.0, 1.0, 1.0, 1.0, 1.0, 1.0, 1.0, 1.0, 0.0, 0.0, 0.0, 0.0, 1.0, 1.0, 0.0, 1.0, 0.0, 0.0, 0.0, 0.0, 1.0, 1.0, 1.0, 1.0, 1.0, 1.0, 0.0, 0.0, 0.0, 1.0, 1.0, 0.0, 1.0, 1.0, 0.0, 1.0, 1.0, 1.0, 1.0, 0.0, 0.0, 0.0, 0.0, 0.0, 1.0, 0.0, 1.0, 1.0, 0.0, 1.0, 1.0, 1.0, 0.0, 0.0, 1.0, 1.0, 0.0, 0.0, 0.0, 1.0, 0.0, 0.0, 1.0, 1.0, 1.0, 0.0, 1.0, 1.0, 1.0, 1.0, 1.0, 1.0, 1.0, 1.0, 0.0, 1.0, 1.0, 0.0, 1.0, 1.0, 0.0, 1.0, 0.0, 0.0, 0.0, 0.0, 0.0, 0.0, 0.0, 0.0, 1.0, 1.0, 0.0, 1.0, 1.0, 1.0, 0.0, 1.0, 1.0, 1.0, 0.0, 1.0, 1.0, 0.0, 0.0, 0.0, 0.0, 0.0, 0.0, 0.0, 0.0, 0.0, 1.0, 1.0, 0.0, 1.0, 0.0, 1.0, 1.0, 1.0, 0.0, 0.0, 0.0, 1.0, 0.0, 1.0, 1.0, 0.0, 1.0, 0.0, 0.0, 0.0, 1.0, 1.0, 1.0, 1.0, 0.0, 0.0, 0.0, 0.0, 1.0, 0.0, 0.0, 0.0, 1.0, 1.0, 0.0, 0.0, 0.0, 0.0, 1.0, 0.0, 0.0, 0.0, 0.0, 0.0, 1.0, 1.0, 0.0, 1.0, 0.0, 0.0, 0.0, 1.0, 1.0, 0.0, 0.0, 1.0, 1.0, 1.0, 1.0, 0.0, 1.0, 0.0, 1.0, 0.0, 1.0, 1.0, 0.0, 1.0, 1.0, 1.0, 1.0, 0.0, 0.0, 1.0, 0.0, 0.0, 0.0, 0.0, 0.0, 0.0, 0.0, 0.0, 0.0, 1.0, 1.0, 0.0, 1.0, 0.0, 0.0, 1.0, 0.0, 1.0, 1.0, 0.0, 0.0, 0.0, 1.0, 0.0, 1.0, 0.0, 1.0, 1.0, 0.0, 1.0, 0.0, 1.0, 0.0, 1.0, 0.0, 0.0, 1.0, 1.0, 1.0, 0.0, 1.0, 0.0, 1.0, 1.0, 0.0, 1.0, 0.0, 1.0, 0.0, 0.0, 0.0, 0.0, 0.0, 1.0, 0.0, 0.0, 0.0, 0.0, 0.0, 1.0, 1.0, 1.0, 1.0, 0.0, 1.0, 0.0, 0.0, 1.0, 1.0, 0.0, 0.0, 0.0, 0.0, 0.0, 0.0, 1.0, 1.0, 0.0, 1.0, 1.0, 0.0, 1.0, 1.0, 0.0, 0.0, 0.0, 0.0, 0.0, 0.0, 0.0, 0.0, 1.0, 0.0, 0.0, 0.0, 0.0, 0.0, 0.0, 1.0, 1.0, 1.0, 0.0, 1.0, 0.0, 0.0, 1.0, 0.0, 1.0, 0.0, 0.0, 1.0, 0.0, 0.0, 1.0, 0.0, 0.0, 0.0, 0.0, 1.0, 1.0, 1.0, 0.0, 0.0, 1.0, 1.0, 1.0, 0.0, 1.0, 0.0, 0.0, 0.0, 1.0, 1.0, 1.0, 0.0, 1.0, 1.0, 0.0, 1.0, 0.0, 1.0, 0.0, 0.0, 1.0, 1.0, 1.0, 1.0, 1.0, 1.0, 0.0, 0.0, 0.0, 1.0, 1.0, 0.0, 1.0, 0.0, 0.0, 1.0, 0.0, 0.0, 0.0, 0.0, 1.0, 0.0, 0.0, 1.0, 0.0, 1.0, 0.0, 1.0, 1.0, 1.0, 1.0, 0.0, 0.0, 0.0, 0.0, 1.0, 0.0, 1.0, 0.0, 0.0, 0.0, 1.0, 1.0, 1.0, 0.0, 1.0, 1.0, 0.0, 1.0, 0.0, 1.0, 1.0, 0.0, 0.0, 0.0, 1.0, 1.0, 0.0, 1.0, 0.0, 1.0, 0.0, 1.0, 1.0, 0.0, 1.0, 0.0, 1.0, 1.0, 1.0, 0.0, 0.0, 1.0, 0.0, 0.0, 0.0, 1.0, 1.0, 0.0, 0.0, 1.0, 0.0, 1.0, 0.0, 1.0, 1.0, 0.0, 1.0, 0.0, 1.0, 0.0, 0.0, 1.0, 1.0, 1.0, 0.0, 0.0, 1.0, 1.0, 1.0, 0.0, 1.0, 0.0, 0.0, 1.0, 1.0, 1.0, 1.0, 0.0, 1.0, 1.0, 0.0, 0.0, 0.0, 1.0, 0.0, 0.0, 0.0, 1.0, 1.0, 1.0, 0.0, 0.0, 1.0, 0.0, 1.0, 1.0, 1.0, 1.0, 0.0, 0.0, 1.0, 0.0, 1.0, 1.0, 0.0, 0.0, 1.0, 1.0, 0.0, 1.0, 0.0, 0.0, 0.0, 1.0, 1.0, 1.0, 0.0, 1.0, 0.0, 1.0, 0.0, 0.0, 1.0, 1.0, 0.0, 1.0, 1.0, 1.0, 0.0, 0.0, 1.0, 1.0, 0.0, 1.0, 0.0, 0.0, 1.0, 1.0, 1.0, 0.0, 0.0, 0.0, 1.0, 1.0, 0.0, 0.0, 1.0, 1.0, 1.0, 1.0, 0.0, 1.0, 0.0, 1.0, 0.0, 0.0, 1.0, 0.0, 1.0, 1.0, 1.0, 0.0, 0.0, 0.0, 0.0, 1.0, 1.0, 0.0, 1.0, 1.0, 1.0, 0.0, 0.0, 0.0, 1.0, 1.0, 1.0, 1.0, 0.0, 1.0, 0.0, 0.0, 1.0, 0.0, 0.0, 0.0, 1.0, 0.0, 1.0, 1.0, 0.0, 1.0, 0.0, 0.0, 0.0, 0.0, 1.0, 0.0, 0.0, 1.0, 0.0, 0.0, 0.0, 1.0, 1.0, 0.0, 0.0, 0.0, 1.0, 0.0, 1.0, 0.0, 0.0, 1.0, 1.0, 1.0, 1.0, 1.0, 1.0, 1.0, 1.0, 1.0, 1.0, 0.0, 0.0, 0.0, 1.0, 0.0, 0.0, 0.0, 1.0, 1.0, 1.0, 1.0, 1.0, 0.0, 0.0, 0.0, 1.0, 1.0, 0.0, 0.0, 1.0, 1.0, 0.0, 0.0, 1.0, 1.0, 0.0, 0.0, 1.0, 1.0, 0.0, 0.0, 0.0, 0.0, 1.0, 1.0, 0.0, 0.0, 1.0, 1.0, 0.0, 1.0, 0.0, 1.0, 0.0, 0.0, 0.0, 0.0, 1.0, 1.0, 1.0, 0.0, 0.0, 0.0, 1.0, 1.0, 1.0, 0.0, 1.0, 1.0, 0.0, 0.0, 1.0, 0.0, 0.0, 1.0, 1.0, 1.0, 0.0, 0.0, 1.0, 0.0, 1.0, 0.0, 0.0, 1.0, 0.0, 1.0, 1.0, 1.0, 1.0, 1.0, 0.0, 1.0, 0.0, 1.0, 0.0, 1.0, 1.0, 1.0, 0.0, 0.0, 0.0, 0.0, 1.0, 0.0, 0.0, 1.0, 0.0, 0.0, 0.0, 0.0, 1.0, 0.0, 1.0, 1.0, 0.0, 0.0, 1.0, 1.0, 0.0, 0.0, 0.0, 1.0, 0.0, 1.0, 0.0, 1.0, 0.0, 0.0, 1.0, 0.0, 1.0, 0.0, 0.0, 1.0, 1.0, 1.0, 1.0, 1.0, 0.0, 0.0, 0.0, 0.0, 1.0, 1.0, 1.0, 0.0, 0.0, 0.0, 1.0, 1.0, 0.0, 1.0, 0.0, 0.0, 0.0, 1.0, 0.0, 1.0, 0.0, 1.0, 0.0, 0.0, 1.0, 0.0, 0.0, 0.0, 1.0, 1.0, 0.0, 0.0, 1.0, 0.0, 1.0, 0.0, 0.0, 1.0, 1.0, 1.0, 1.0, 1.0, 0.0, 0.0, 1.0, 1.0, 0.0, 0.0, 0.0, 0.0, 0.0, 0.0, 0.0, 0.0, 0.0, 1.0, 0.0, 1.0, 1.0, 1.0, 0.0, 1.0, 1.0, 1.0, 1.0, 0.0, 1.0, 0.0, 1.0, 1.0, 1.0, 1.0, 1.0, 0.0, 0.0, 1.0, 0.0, 1.0, 1.0, 0.0, 1.0, 1.0, 1.0, 1.0, 0.0, 0.0, 0.0, 1.0, 1.0, 0.0, 1.0, 0.0, 0.0, 1.0, 1.0, 0.0, 0.0, 1.0, 1.0, 1.0, 1.0, 1.0, 0.0, 0.0, 0.0, 1.0, 1.0, 0.0, 1.0, 1.0, 1.0, 1.0, 1.0, 0.0, 1.0, 1.0, 1.0, 0.0, 0.0, 1.0, 0.0, 0.0, 1.0, 1.0, 0.0, 1.0, 1.0, 0.0, 1.0, 1.0, 0.0, 1.0, 0.0, 0.0, 0.0, 0.0, 0.0, 1.0, 1.0, 0.0, 0.0, 1.0, 1.0, 1.0, 0.0, 1.0, 0.0, 0.0, 0.0, 1.0, 1.0, 1.0, 1.0, 0.0, 0.0, 0.0, 1.0, 1.0, 0.0, 0.0, 1.0, 1.0, 1.0, 0.0, 0.0, 1.0, 0.0, 1.0, 1.0, 1.0, 0.0, 1.0, 0.0, 0.0, 0.0, 0.0, 1.0, 0.0, 1.0, 1.0, 1.0, 0.0, 0.0, 0.0, 1.0, 1.0, 0.0, 0.0, 1.0, 1.0, 0.0, 0.0, 0.0, 0.0, 0.0, 0.0, 1.0, 1.0, 0.0, 1.0, 1.0, 0.0, 0.0, 1.0, 0.0, 0.0, 0.0, 0.0, 0.0, 0.0, 1.0, 0.0, 0.0, 1.0, 0.0, 1.0, 0.0, 0.0, 1.0, 0.0, 0.0, 0.0, 1.0, 0.0, 1.0, 1.0, 0.0, 0.0, 1.0, 0.0, 1.0, 0.0, 1.0, 0.0, 0.0, 1.0, 0.0, 1.0, 0.0, 0.0, 0.0, 0.0, 1.0, 0.0, 0.0, 0.0, 0.0, 0.0, 1.0, 1.0, 1.0, 1.0, 1.0, 1.0, 1.0, 0.0, 1.0, 0.0, 0.0, 1.0, 1.0, 1.0, 1.0, 1.0, 0.0, 1.0, 0.0, 0.0, 1.0, 1.0, 0.0, 0.0, 1.0, 1.0, 1.0, 0.0, 0.0, 0.0, 1.0, 0.0, 1.0, 0.0, 1.0, 1.0, 1.0, 1.0, 1.0, 1.0, 1.0, 0.0, 1.0, 0.0, 0.0, 0.0, 0.0, 0.0, 0.0, 0.0, 1.0, 1.0, 1.0, 0.0, 1.0, 0.0, 0.0, 0.0, 1.0, 1.0, 0.0, 1.0, 0.0, 1.0, 0.0, 0.0, 1.0, 0.0, 1.0, 0.0, 0.0, 1.0, 1.0, 0.0, 0.0, 0.0, 1.0, 0.0, 0.0, 1.0, 0.0, 0.0, 1.0, 0.0, 1.0, 1.0, 0.0, 1.0, 0.0, 0.0, 0.0, 1.0, 0.0, 0.0, 0.0, 1.0, 0.0, 0.0, 0.0, 1.0, 0.0, 0.0, 1.0, 0.0, 0.0, 0.0, 1.0, 0.0, 0.0, 1.0, 0.0, 1.0, 1.0, 1.0, 0.0, 1.0, 1.0, 0.0, 1.0, 1.0, 0.0, 0.0, 1.0, 1.0, 0.0, 1.0, 0.0, 1.0, 0.0, 1.0, 1.0, 1.0, 0.0, 1.0, 1.0, 1.0, 1.0, 1.0, 0.0, 1.0, 1.0, 1.0, 0.0, 1.0, 1.0, 1.0, 0.0, 1.0, 1.0, 0.0, 1.0, 0.0, 1.0, 1.0, 0.0, 0.0, 1.0, 0.0, 0.0, 0.0, 0.0, 1.0, 0.0, 1.0, 0.0, 0.0, 0.0, 0.0, 0.0, 1.0, 0.0, 0.0, 0.0, 0.0, 1.0, 0.0, 1.0, 0.0, 1.0, 1.0, 1.0, 0.0, 1.0, 0.0, 0.0, 0.0, 1.0, 1.0, 0.0, 0.0, 0.0, 1.0, 0.0, 0.0, 0.0, 0.0, 1.0, 1.0, 0.0, 0.0, 0.0, 1.0, 1.0, 1.0, 0.0, 1.0, 0.0, 1.0, 0.0, 0.0, 1.0, 0.0, 0.0, 1.0, 1.0, 1.0, 0.0, 0.0, 1.0, 0.0, 0.0, 1.0, 0.0, 1.0, 0.0, 1.0, 0.0, 0.0, 1.0, 0.0, 0.0, 0.0, 1.0, 1.0, 0.0, 0.0, 1.0, 1.0, 0.0, 1.0, 1.0, 1.0, 0.0, 0.0, 1.0, 0.0, 1.0, 1.0, 0.0, 1.0, 1.0, 0.0, 0.0, 0.0, 1.0, 0.0, 1.0, 0.0, 0.0, 1.0, 1.0, 1.0, 0.0, 1.0, 0.0, 1.0, 1.0, 0.0, 0.0, 1.0, 1.0, 0.0, 0.0, 0.0, 0.0, 1.0, 1.0, 0.0, 0.0, 0.0, 0.0, 0.0, 1.0, 0.0, 0.0, 0.0, 1.0, 1.0, 0.0, 0.0, 1.0, 0.0, 1.0, 1.0, 0.0, 1.0, 1.0, 0.0, 1.0, 0.0, 1.0, 0.0, 1.0, 1.0, 1.0, 1.0, 0.0, 0.0, 1.0, 1.0, 1.0, 1.0, 0.0, 1.0, 1.0, 1.0, 0.0, 0.0, 1.0, 1.0, 0.0, 1.0, 1.0, 0.0, 0.0, 1.0, 0.0, 1.0, 0.0, 0.0, 1.0, 0.0, 1.0, 1.0, 0.0, 1.0, 1.0, 0.0, 1.0, 1.0, 1.0, 1.0, 1.0, 0.0, 0.0, 0.0, 1.0, 0.0, 1.0, 1.0, 0.0, 1.0, 0.0, 1.0, 1.0, 1.0, 0.0, 0.0, 0.0, 0.0, 0.0, 1.0, 0.0, 1.0, 0.0, 1.0, 1.0, 0.0, 1.0, 0.0, 1.0, 0.0, 0.0, 1.0, 0.0, 0.0, 1.0, 0.0, 0.0, 0.0, 0.0, 0.0, 1.0, 1.0, 1.0, 0.0, 1.0, 0.0, 0.0, 0.0, 1.0, 1.0, 0.0, 0.0, 0.0, 1.0, 1.0, 0.0, 0.0, 0.0, 1.0, 1.0, 1.0, 1.0, 0.0, 0.0, 0.0, 1.0, 0.0, 1.0, 0.0, 0.0, 1.0, 0.0, 1.0, 1.0, 0.0, 0.0, 0.0, 0.0, 0.0, 0.0, 1.0, 0.0, 0.0, 1.0, 0.0, 0.0, 0.0, 1.0, 0.0, 1.0, 1.0, 0.0, 1.0, 1.0, 0.0, 0.0, 0.0, 0.0, 1.0, 1.0, 1.0, 1.0, 0.0, 1.0, 1.0, 1.0, 1.0, 0.0, 0.0, 1.0, 0.0, 1.0, 1.0, 1.0, 1.0, 1.0, 0.0, 1.0, 1.0, 0.0, 0.0, 0.0, 1.0, 1.0, 1.0, 0.0, 0.0, 0.0, 1.0, 0.0, 0.0, 1.0, 0.0, 1.0, 0.0, 0.0, 1.0, 0.0, 1.0, 0.0, 1.0, 0.0, 1.0, 1.0, 1.0, 0.0, 1.0, 0.0, 0.0, 0.0, 0.0, 1.0, 1.0, 0.0, 0.0, 0.0, 0.0, 0.0, 0.0, 1.0, 1.0, 1.0, 0.0, 1.0, 0.0, 1.0, 0.0, 0.0, 1.0, 0.0, 1.0, 1.0, 1.0, 0.0, 0.0, 1.0, 1.0, 1.0, 0.0, 0.0, 0.0, 0.0, 0.0, 0.0, 0.0, 0.0, 1.0, 1.0, 0.0, 0.0, 0.0, 0.0, 1.0, 1.0, 1.0, 1.0, 1.0, 1.0, 0.0, 0.0, 0.0, 1.0, 1.0, 0.0, 0.0, 1.0, 0.0, 0.0, 1.0, 0.0, 1.0, 1.0, 1.0, 1.0, 0.0, 0.0, 0.0, 0.0, 0.0, 1.0, 0.0, 0.0, 1.0, 0.0, 1.0, 0.0, 0.0, 0.0, 1.0, 1.0, 1.0, 0.0, 0.0, 1.0, 1.0, 0.0, 1.0, 1.0, 1.0, 0.0, 1.0, 0.0, 1.0, 0.0, 1.0, 0.0, 1.0, 0.0, 1.0, 1.0, 0.0, 0.0, 0.0, 1.0, 1.0, 0.0, 0.0, 0.0, 1.0, 0.0, 0.0, 0.0, 0.0, 0.0, 0.0, 0.0, 1.0, 1.0, 0.0, 1.0, 1.0, 1.0, 1.0, 1.0, 1.0, 1.0, 1.0, 0.0, 1.0, 1.0, 0.0, 1.0, 1.0, 0.0, 0.0, 1.0, 1.0, 1.0, 1.0, 0.0, 0.0, 0.0, 1.0, 0.0, 1.0, 0.0, 0.0, 1.0]","['lNONHSAG000059', 'lNONHSAG000195', 'lNONHSAG000498', 'lNONHSAG001375', 'lNONHSAG001468', 'lNONHSAG002343', 'lNONHSAG002669', 'lNONHSAG003900', 'lNONHSAG006054', 'lNONHSAG006212', 'lNONHSAG006526', 'lNONHSAG007384', 'lNONHSAG007692', 'lNONHSAG008354', 'lNONHSAG008615', 'lNONHSAG008693', 'lNONHSAG009755', 'lNONHSAG010792', 'lNONHSAG011057', 'lNONHSAG011230', 'lNONHSAG011518', 'lNONHSAG011854', 'lNONHSAG012099', 'lNONHSAG012617', 'lNONHSAG012791', 'lNONHSAG013912', 'lNONHSAG014332', 'lNONHSAG014496', 'lNONHSAG014679', 'lNONHSAG015044', 'lNONHSAG015591', 'lNONHSAG015787', 'lNONHSAG016487', 'lNONHSAG016771', 'lNONHSAG017232', 'lNONHSAG017567', 'lNONHSAG018054', 'lNONHSAG018180', 'lNONHSAG018416', 'lNONHSAG018656', 'lNONHSAG018711', 'lNONHSAG019003', 'lNONHSAG019370', 'lNONHSAG019670', 'lNONHSAG020068', 'lNONHSAG020273', 'lNONHSAG020307', 'lNONHSAG020869', 'lNONHSAG021820', 'lNONHSAG022058', 'lNONHSAG022328', 'lNONHSAG022806', 'lNONHSAG022836', 'lNONHSAG022965', 'lNONHSAG022982', 'lNONHSAG023175', 'lNONHSAG023237', 'lNONHSAG023392', 'lNONHSAG023598', 'lNONHSAG024282', 'lNONHSAG024361', 'lNONHSAG024542', 'lNONHSAG024741', 'lNONHSAG026205', 'lNONHSAG026794', 'lNONHSAG027323', 'lNONHSAG027342', 'lNONHSAG027682', 'lNONHSAG027876', 'lNONHSAG028817', 'lNONHSAG028918', 'lNONHSAG029668', 'lNONHSAG029792', 'lNONHSAG029985', 'lNONHSAG030742', 'lNONHSAG031456', 'lNONHSAG033107', 'lNONHSAG033334', 'lNONHSAG033348', 'lNONHSAG033940', 'lNONHSAG034316', 'lNONHSAG036255', 'lNONHSAG036612', 'lNONHSAG036615', 'lNONHSAG037420', 'lNONHSAG037827', 'lNONHSAG037936', 'lNONHSAG038344', 'lNONHSAG038682', 'lNONHSAG039669', 'lNONHSAG040544', 'lNONHSAG040958', 'lNONHSAG041250', 'lNONHSAG041256', 'lNONHSAG041257', 'lNONHSAG041528', 'lNONHSAG041670', 'lNONHSAG041883', 'lNONHSAG041938', 'lNONHSAG042307', 'lNONHSAG044406', 'lNONHSAG044666', 'lNONHSAG046722', 'lNONHSAG047507', 'lNONHSAG047974', 'lNONHSAG048695', 'lNONHSAG049037', 'lNONHSAG049303', 'lNONHSAG050104', 'lNONHSAG050345', 'lNONHSAG050725', 'lNONHSAG051484', 'lNONHSAG051514', 'lNONHSAG051517', 'lNONHSAG051603', 'lNONHSAG052082', 'lNONHSAG052097', 'lNONHSAG052459', 'lNONHSAG052853', 'lNONHSAG052908', 'lNONHSAG052943', 'lNONHSAG055088', 'lNONHSAG055151', 'lNONHSAG055350', 'lNONHSAG057043', 'lNONHSAG057222', 'lNONHSAG058967', 'lNONHSAG064784', 'lNONHSAG065364', 'lNONHSAG066253', 'lNONHSAG069277', 'lNONHSAG091116', 'lNONHSAG096627', 'lNONHSAG101725', 'lNONHSAG104186', 'lENSG00000179523', 'lENSG00000225506', 'lENSG00000226115', 'lENSG00000229267', 'lENSG00000232415', 'lENSG00000235724', 'lENSG00000236240', 'lENSG00000236671', 'lENSG00000247498', 'lENSG00000255363', 'lENSG00000255850', 'lENSG00000260455', 'lENSG00000261183', 'lENSG00000272769', 'lGATA6-AS1', 'lRHPN1-AS1', 'lTEN1-CDK3', 'lVCAN-AS1', 'lZNF503-AS2', 'lAC135048.13', 'lAC137723.5', 'lAP001058.3', 'lRP11-467J12.4', 'lRP11-54O7.3', 'lRP11-680A11.5', 'lRP4-790G17.7', 'lRP11-429J17.8', 'lNONHSAG002619', 'lNONHSAG004893', 'lNONHSAG005522', 'lNONHSAG005769', 'lNONHSAG005867', 'lNONHSAG006187', 'lNONHSAG006206', 'lNONHSAG006220', 'lNONHSAG006235', 'lNONHSAG006279', 'lNONHSAG006555', 'lNONHSAG006669', 'lNONHSAG006897', 'lNONHSAG007203', 'lNONHSAG007278', 'lNONHSAG007286', 'lNONHSAG007507', 'lNONHSAG007554', 'lENSG00000175746', 'lENSG00000198671', 'lENSG00000203565', 'lENSG00000223387', 'lENSG00000224885', 'lENSG00000225218', 'lENSG00000225378', 'lENSG00000225798', 'lENSG00000226133', 'lENSG00000226562', 'lENSG00000226957', 'lENSG00000227409', 'lENSG00000227549', 'lENSG00000227579', 'lENSG00000227863', 'lENSG00000227893', 'lENSG00000228108', 'lENSG00000228136', 'lENSG00000228383', 'lENSG00000228596', 'lENSG00000228804', 'lENSG00000229283', 'lENSG00000229498', 'lENSG00000229531', 'lENSG00000229673', 'lENSG00000229851', 'lENSG00000230065', 'lENSG00000231492', 'lENSG00000231772', 'lENSG00000232363', 'lENSG00000232964', 'lENSG00000233178', 'lENSG00000233330', 'lENSG00000233953', 'lENSG00000234191', 'lENSG00000235059', 'lENSG00000235637', 'lENSG00000236031', 'lENSG00000236065', 'lENSG00000236267', 'lENSG00000236366', 'lENSG00000237373', 'lENSG00000237687', 'lENSG00000241666', 'lENSG00000243230', 'lENSG00000246541', 'lENSG00000248148', 'lENSG00000248482', 'lENSG00000248576', 'lENSG00000248758', 'lENSG00000248995', 'lENSG00000249753', 'lENSG00000250791', 'lENSG00000250855', 'lENSG00000250917', 'lENSG00000250945', 'lENSG00000253356', 'lENSG00000253834', 'lENSG00000254207', 'lENSG00000254526', 'lENSG00000254620', 'lENSG00000254627', 'lENSG00000254739', 'lENSG00000254775', 'lENSG00000254928', 'lENSG00000254930', 'lENSG00000255227', 'lENSG00000255327', 'lENSG00000255478', 'lENSG00000256314', 'lENSG00000257265', 'lENSG00000257271', 'lENSG00000259268', 'lENSG00000259503', 'lENSG00000259798', 'lENSG00000260017', 'lENSG00000260814', 'lENSG00000261633', 'lENSG00000261663', 'lENSG00000261695', 'lENSG00000261731', 'lENSG00000262692', 'lENSG00000262810', 'lENSG00000263237', 'lENSG00000263797', 'lENSG00000264116', 'lENSG00000264269', 'lENSG00000264546', 'lENSG00000265205', 'lENSG00000265625', 'lENSG00000265800', 'lENSG00000266981', 'lENSG00000267177', 'lENSG00000267286', 'lENSG00000267510', 'lENSG00000268191', 'lENSG00000268912', 'lENSG00000269621', 'lENSG00000269729', 'lENSG00000269826', 'lENSG00000270871', 'lENSG00000271218', 'lENSG00000271983', 'lENSG00000272575', 'lENSG00000272866', 'lENSG00000273275', 'lENSG00000273493', 'lENSG00000273838', 'lENSG00000277675', 'lENSG00000280881', 'lENSG00000283375', 'lENSG00000283436', 'lENSG00000283573', 'lENSG00000284608', 'lENSG00000285040', 'lENSG00000285409', 'lENSG00000285780', 'lENSG00000286242', 'lENSG00000286441', 'lENSG00000286581', 'lENSG00000286740', 'lENSG00000286820', 'lENSG00000286843', 'lENSG00000287005', 'lENSG00000287551', 'lENSG00000287664', 'lENSG00000223795', 'lENSG00000225836', 'lENSG00000228255', 'lENSG00000229628', 'lENSG00000229964', 'lENSG00000255644', 'lENSG00000259274', 'lENSG00000260511', 'lENSG00000261445', 'lENSG00000272304', 'lENSG00000273486', 'lENSG00000274902', 'lENSG00000278514', 'lENSG00000271870', 'lDGUOK-AS1', 'lMIR3654', 'lC3orf65']","[1.0, 0.0, 0.0, 1.0, 0.0, 1.0, 0.0, 1.0, 1.0, 0.0, 0.0, 0.0, 1.0, 0.0, 1.0, 0.0, 1.0, 0.0, 1.0, 1.0, 0.0, 1.0, 1.0, 1.0, 1.0, 0.0, 1.0, 1.0, 0.0, 1.0, 1.0, 1.0, 1.0, 0.0, 0.0, 1.0, 0.0, 0.0, 1.0, 0.0, 1.0, 1.0, 0.0, 1.0, 0.0, 0.0, 0.0, 0.0, 1.0, 0.0, 0.0, 1.0, 1.0, 1.0, 1.0, 0.0, 1.0, 1.0, 0.0, 0.0, 0.0, 1.0, 1.0, 1.0, 1.0, 1.0, 0.0, 1.0, 1.0, 1.0, 0.0, 0.0, 1.0, 0.0, 0.0, 1.0, 1.0, 0.0, 0.0, 1.0, 0.0, 0.0, 1.0, 0.0, 0.0, 0.0, 0.0, 1.0, 0.0, 0.0, 0.0, 0.0, 1.0, 1.0, 1.0, 0.0, 0.0, 1.0, 1.0, 1.0, 0.0, 1.0, 1.0, 1.0, 0.0, 0.0, 1.0, 1.0, 0.0, 1.0, 0.0, 0.0, 0.0, 0.0, 1.0, 0.0, 0.0, 0.0, 1.0, 1.0, 0.0, 1.0, 1.0, 1.0, 1.0, 1.0, 1.0, 1.0, 1.0, 0.0, 1.0, 1.0, 1.0, 0.0, 0.0, 1.0, 0.0, 0.0, 1.0, 0.0, 1.0, 1.0, 0.0, 1.0, 1.0, 1.0, 1.0, 1.0, 1.0, 0.0, 1.0, 0.0, 0.0, 1.0, 0.0, 0.0, 1.0, 0.0, 0.0, 0.0, 1.0, 0.0, 0.0, 0.0, 0.0, 1.0, 0.0, 0.0, 0.0, 0.0, 1.0, 1.0, 0.0, 1.0, 1.0, 0.0, 1.0, 0.0, 0.0, 1.0, 1.0, 1.0, 1.0, 0.0, 0.0, 0.0, 0.0, 1.0, 0.0, 1.0, 1.0, 1.0, 1.0, 0.0, 1.0, 0.0, 1.0, 1.0, 0.0, 0.0, 0.0, 1.0, 1.0, 1.0, 0.0, 1.0, 0.0, 1.0, 1.0, 0.0, 0.0, 0.0, 1.0, 0.0, 1.0, 1.0, 1.0, 0.0, 1.0, 0.0, 0.0, 0.0, 1.0, 0.0, 0.0, 0.0, 0.0, 0.0, 0.0, 0.0, 1.0, 0.0, 0.0, 1.0, 1.0, 1.0, 0.0, 0.0, 1.0, 1.0, 1.0, 0.0, 1.0, 1.0, 0.0, 0.0, 0.0, 1.0, 0.0, 0.0, 1.0, 1.0, 0.0, 1.0, 1.0, 1.0, 0.0, 0.0, 1.0, 0.0, 1.0, 0.0, 1.0, 0.0, 1.0, 1.0, 0.0, 0.0, 0.0, 0.0, 0.0, 1.0, 1.0, 0.0, 1.0, 0.0, 0.0, 0.0, 0.0, 1.0, 0.0, 1.0, 0.0, 0.0, 1.0, 1.0, 0.0, 1.0, 1.0, 0.0, 0.0, 1.0, 0.0, 1.0, 0.0, 1.0, 1.0, 0.0, 1.0, 0.0, 0.0, 1.0, 1.0, 0.0, 1.0, 0.0, 1.0, 0.0, 1.0, 1.0, 1.0, 0.0, 1.0, 0.0, 1.0, 0.0, 1.0, 1.0, 1.0, 1.0, 0.0, 1.0, 1.0]","[1, 0, 1, 1, 0, 1, 1, 1, 0, 1, 1, 0, 0, 1, 0, 1, 0, 1, 0, 1, 1, 0, 1, 0, 1, 0, 1, 1, 1, 1, 0, 0, 1, 1, 1, 0, 1, 1, 0, 0, 1, 1, 1, 1, 0, 0, 1, 1, 1, 0, 0, 1, 0, 0, 1, 1, 1, 0, 0, 1, 1, 1, 1, 0, 0, 1, 1, 1, 1, 1, 1, 0, 1, 0, 1, 1, 0, 0, 1, 0, 1, 1, 1, 1, 1, 1, 1, 1, 0, 1, 1, 0, 0, 0, 0, 0, 0, 1, 1, 0, 0, 1, 1, 1, 1, 1, 1, 1, 0, 1, 0, 0, 1, 1, 1, 1, 1, 0, 0, 1, 0, 0, 0, 1, 0, 1, 1, 1, 1, 1, 0, 0, 1, 0, 1, 1, 1, 0, 1, 0, 1, 1, 1, 1, 1, 1, 0, 1, 0, 1, 1, 1, 0, 1, 1, 0, 1, 1, 1, 0, 0, 0, 0, 1, 0, 0, 0, 1, 0, 0, 0, 1, 1, 0, 1, 1, 0, 1, 0, 0, 0, 1, 1, 1, 1, 1, 0, 0, 1, 0, 0, 0, 0, 1, 0, 1, 1, 0, 0, 1, 0, 0, 1, 0, 1, 0, 0, 0, 1, 0, 0, 0, 0, 0, 1, 1, 0, 0, 0, 0, 1, 0, 0, 1, 0, 0, 0, 1, 0, 0, 0, 0, 1, 1, 0, 0, 0, 0, 1, 1, 0, 0, 0, 0, 1, 0, 0, 1, 0, 1, 1, 1, 1, 0, 1, 0, 1, 0, 0, 0, 0, 0, 1, 0, 1, 0, 1, 0, 0, 1, 0, 1, 1, 0, 0, 1, 1, 0, 0, 0, 0, 0, 1, 1, 0, 0, 0, 0, 1, 0, 0, 1, 0, 0, 1, 0, 0, 0, 1, 1, 0, 0, 1, 1, 0, 0, 1, 0, 0, 1, 1, 0, 0, 0, 0, 1, 0, 1, 1, 1, 1, 1, 0]","[0.17482398320171177, -0.07023909251703152, 0.08234022483824767, 0.1311132447547878, -0.2361647963909823, 0.19968886331688984, 0.23058869690446016, 0.34799595555232243, -0.144666931485663, 0.08178804567952348, 0.4122136547520101, -0.20301566564520557, -0.05045320960288556, 0.03370377573246387, -0.22965907750158565, 0.1172115888128127, -0.40788444866971063, 0.21761528529098206, -0.4353192253166134, 0.005571037380341939, 0.3154183410058182, -0.054224967939078036, 0.07926619294525296, -0.2168089456101383, 0.1812090130084163, -0.19291909416311825, 0.20937608402727625, 0.04275517142323594, 0.052806466988146075, 0.08990055969982237, -0.010614469164995408, -0.06191608961036031, 0.2247050815760756, 0.34841269083061177, 0.03267252538368283, -0.11746276598066195, 0.11229616479879369, 0.021956314959671777, -0.082262335049313, -0.09839675451996598, 0.20486741129533015, 0.18020278463815997, 0.16824034514151953, 0.1112157358683843, -0.05045559804464993, -0.23922123762629632, 0.030781846568121343, 0.1981084670127904, 0.014671297287969912, -0.08336176218009882, -0.04363081355323416, 0.015335523542270982, -0.03552584409434821, -0.022340898277033214, 0.052881134184612724, 0.3989498046607005, 0.1653847564431119, -0.15931943999749287, -0.06056581064773091, 0.1772870355572136, 0.18944935576472388, 0.08016727235108491, 0.32857302895112084, -0.14902065744539095, -0.11306395779705646, 0.03908423346527613, 0.03006070768131132, 0.2377618299591242, 0.1046633311895009, 0.21905430403018378, 0.06998303687215014, -0.04884444983873969, 0.011069069481573171, -0.13092689740936003, 0.07961788803971516, 0.05428138345682833, -0.4461766364511812, -0.2656992174614994, 0.06301650164882468, -0.32994804640612174, 0.2989314964870322, 0.13797989919493658, 0.24649906446348857, 0.1291209493533001, 0.2511680275826398, 0.18954121802269142, 0.1501958930172369, 0.04113853909778144, -0.13579003343555862, 0.3236855580812834, 0.15151017994843818, -0.2636030397447071, -0.023908765233962223, -0.18908810892679484, -0.3379186289295133, -0.3001032088405433, -0.44300545819174375, 0.1962662842702707, 0.27854251150138487, -0.3021314947142282, -0.00334359009273498, 0.41316305821771393, 0.1343268003952678, 0.2307049982047784, 0.22063695913172388, 0.07060563267956056, 0.43466921787663515, 0.05329692674225385, -0.3863550680480474, 0.0003274886147897199, -0.008647610580876583, -0.05135127724408427, 0.09335203175171337, 0.08560436307967458, 0.4957296090509862, 0.03920248686050144, 0.09044270987244808, -0.028736579907816515, -0.07321275129395509, 0.10514117333889474, -0.0361144880777806, -0.1390228515920422, -0.0023853590824620546, 0.5029394084493484, -0.01857872104975676, 0.03190247196649111, 0.35957117118011417, 0.17077084463723913, 0.08856767535595346, 0.24699042861768183, -0.3814718384355731, -0.02678059592368441, 0.12081204893399701, -0.2767838725863092, 0.03456768337777462, 0.3265170489596778, 0.05590786232445645, -0.06726483292432327, 0.26236856959094346, -0.06808830915643348, 0.0744852361199937, 0.06202148790988972, 0.29010691225778706, 0.27033014929233423, 0.021492981450716334, 0.2057648954633693, -0.14078998735019632, 0.3116885128509119, -0.07228141382538421, 0.35384125993229065, 0.26329607617888207, 0.022169172894517933, -0.03940950873182046, 0.02481728426413611, 0.25532600186361853, -0.20934874961132466, 0.04205575030341159, 0.11027930011609734, 0.13286988535506317, -0.03761851105441337, -0.018955509634189335, -0.05225565238753681, -0.14816498909922893, 0.02916265954826415, -0.016864236615973235, -0.044318738741475835, -0.20446573106739785, 0.024052949998120146, -0.2732122483561048, -0.014575548163053606, -0.1883309650236742, 0.2049351561431203, 0.10707955384514257, -0.2561307332930076, 0.15645673746666033, 0.000981911948469763, -0.03022553196994003, 0.2690006179734945, -0.0023860034018616666, -0.06178682136403889, -0.0976931202190665, 0.1057955986101662, 0.26687379582556203, 0.03414082542750642, 0.0654543299071333, 0.0394499258532688, -0.17306451241402798, -0.1405030713360811, 0.11279005365856933, -0.12350668236332062, -0.15876905820262288, -0.008971122540631024, -0.030183384921887532, 0.2279873249733766, -0.09143506964963265, 0.053279322016221334, 0.17853569208928888, -0.12215564865135263, -0.0021440087335966446, 0.16984865388442905, -0.07383826837475403, -0.04720226243185642, 0.022638978614995656, -0.06487327250546236, 0.06112187957668859, -0.15450361073037144, -0.039952014218027396, -0.21335127566392686, 0.2762852947813277, -0.031746299350430926, -0.16374405767996003, -0.010348778425328428, -0.2982626293578312, -0.07833583194544878, 0.16800589456358472, 0.0851729301876938, -0.09769498665461483, -0.23364595358139106, -0.18193541580704164, -0.39668286060749147, 0.04836255004467184, -0.10333183829010849, -0.33187378055431815, 0.10822681099583932, -0.0727364463007467, -0.02503556481593193, -0.003871054374706015, 0.060153658244276334, -0.06653416973546221, -0.19529384359210078, -0.00629327305405368, -0.0012930674397788472, 0.13037943457944912, 0.18806412008553663, -0.0007285731090009712, -0.09087633056558907, -0.08557203852079652, -0.050508249694354954, 0.02892692800157072, 0.030495046745604673, -0.18150875375333286, -0.15950672825482592, -0.10978733859533939, -0.12905720208708282, 0.08211198568544177, -0.105685362421559, -0.12098725211821403, 0.0629445194924967, -0.15422059322068837, 0.10411751991252217, 0.014734628625388671, 0.017630372913664663, 0.4312001382004771, -0.6528323627081944, 0.01161401719407508, -0.005745761325494522, 0.14405460860689856, -0.042205482644826584, -0.10323510268086288, -0.18761560797838528, -0.10291737005737132, -0.11763238539909991, 0.0007048044266679959, -0.30727354488833236, 0.04280736349533833, -0.053244142731508, 0.0932272307941895, -0.3432089371600917, -0.2960587568082895, 0.02665619254753772, -0.29515586899384894, 0.028141057042299314, 0.0026190218960431416, -0.25428380462184585, -0.050980523050821555, 0.02590068275724612, 0.04310375373109544, -0.05790534692947545, -0.06032660105307762, -0.01907887486102154, -0.03695578421735156, -0.07265188117961528, 0.12123776674921218, 0.19903930233962241, -0.2497360865162357, -0.729761383423494, -0.15358814441590085, -0.08153202390468393, 0.012442968509723831, -0.08704805989809138, -0.04220868647697194, 0.14846018072278766, -0.040533996345889486, -0.026126865891633808, 0.03834451687073838, -0.000926855010735958, -0.12281900938217681, -0.12465409368067547, 0.1760502532624455, 0.031369017616959885, -0.020053082817297105, -0.1784682033168663, 0.018049138437914683, 0.1422167337019553, -0.31592691613641244, -0.36183612210026284, 0.10222990616699314, -0.21916249917540775, -0.02237213898188649, 0.033702020305119054, 0.11586169768657385, -0.05253274424638853, -0.09550471886577781, -0.014841346503344996, -0.0504131745387648, 0.12809746622074925, -0.09442074067418658, 0.20433244335031886, 0.08359761126299838, 0.19904898167711926, 0.29239027472550716, 0.26866414751296985, -0.13676522790258283]"
7,"['lNONHSAG000008', 'lNONHSAG000047', 'lNONHSAG000059', 'lNONHSAG000069', 'lNONHSAG000130', 'lNONHSAG000158', 'lNONHSAG000195', 'lNONHSAG000241', 'lNONHSAG000253', 'lNONHSAG000310', 'lNONHSAG000374', 'lNONHSAG000381', 'lNONHSAG000464', 'lNONHSAG000484', 'lNONHSAG000498', 'lNONHSAG000579', 'lNONHSAG000584', 'lNONHSAG000603', 'lNONHSAG000625', 'lNONHSAG000742', 'lNONHSAG000769', 'lNONHSAG000840', 'lNONHSAG000843', 'lNONHSAG000884', 'lNONHSAG000918', 'lNONHSAG000938', 'lNONHSAG001142', 'lNONHSAG001172', 'lNONHSAG001238', 'lNONHSAG001247', 'lNONHSAG001259', 'lNONHSAG001278', 'lNONHSAG001284', 'lNONHSAG001360', 'lNONHSAG001375', 'lNONHSAG001448', 'lNONHSAG001468', 'lNONHSAG001499', 'lNONHSAG001696', 'lNONHSAG001724', 'lNONHSAG001773', 'lNONHSAG001837', 'lNONHSAG001941', 'lNONHSAG001993', 'lNONHSAG002056', 'lNONHSAG002058', 'lNONHSAG002086', 'lNONHSAG002134', 'lNONHSAG002135', 'lNONHSAG002343', 'lNONHSAG002376', 'lNONHSAG002378', 'lNONHSAG002454', 'lNONHSAG002490', 'lNONHSAG002549', 'lNONHSAG002617', 'lNONHSAG002669', 'lNONHSAG002701', 'lNONHSAG002719', 'lNONHSAG002731', 'lNONHSAG002752', 'lNONHSAG002859', 'lNONHSAG002883', 'lNONHSAG002978', 'lNONHSAG003053', 'lNONHSAG003056', 'lNONHSAG003068', 'lNONHSAG003077', 'lNONHSAG003119', 'lNONHSAG003134', 'lNONHSAG003156', 'lNONHSAG003198', 'lNONHSAG003244', 'lNONHSAG003260', 'lNONHSAG003269', 'lNONHSAG003374', 'lNONHSAG003504', 'lNONHSAG003505', 'lNONHSAG003512', 'lNONHSAG003645', 'lNONHSAG003820', 'lNONHSAG003874', 'lNONHSAG003884', 'lNONHSAG003886', 'lNONHSAG003900', 'lNONHSAG003911', 'lNONHSAG003912', 'lNONHSAG003957', 'lNONHSAG003976', 'lNONHSAG004026', 'lNONHSAG004054', 'lNONHSAG004095', 'lNONHSAG004303', 'lNONHSAG004305', 'lNONHSAG004373', 'lNONHSAG004619', 'lNONHSAG004673', 'lNONHSAG004714', 'lNONHSAG004743', 'lNONHSAG004779', 'lNONHSAG004868', 'lNONHSAG005084', 'lNONHSAG005153', 'lNONHSAG005339', 'lNONHSAG005377', 'lNONHSAG005403', 'lNONHSAG005482', 'lNONHSAG005669', 'lNONHSAG005699', 'lNONHSAG005711', 'lNONHSAG005721', 'lNONHSAG005728', 'lNONHSAG005732', 'lNONHSAG005742', 'lNONHSAG005780', 'lNONHSAG005866', 'lNONHSAG005920', 'lNONHSAG006049', 'lNONHSAG006050', 'lNONHSAG006054', 'lNONHSAG006071', 'lNONHSAG006163', 'lNONHSAG006204', 'lNONHSAG006212', 'lNONHSAG006238', 'lNONHSAG006301', 'lNONHSAG006341', 'lNONHSAG006362', 'lNONHSAG006454', 'lNONHSAG006457', 'lNONHSAG006474', 'lNONHSAG006477', 'lNONHSAG006526', 'lNONHSAG006633', 'lNONHSAG006735', 'lNONHSAG006756', 'lNONHSAG006763', 'lNONHSAG006772', 'lNONHSAG006865', 'lNONHSAG006945', 'lNONHSAG006966', 'lNONHSAG007109', 'lNONHSAG007295', 'lNONHSAG007324', 'lNONHSAG007384', 'lNONHSAG007430', 'lNONHSAG007431', 'lNONHSAG007434', 'lNONHSAG007455', 'lNONHSAG007487', 'lNONHSAG007538', 'lNONHSAG007631', 'lNONHSAG007692', 'lNONHSAG007708', 'lNONHSAG007868', 'lNONHSAG007961', 'lNONHSAG007983', 'lNONHSAG007984', 'lNONHSAG008015', 'lNONHSAG008037', 'lNONHSAG008056', 'lNONHSAG008167', 'lNONHSAG008199', 'lNONHSAG008354', 'lNONHSAG008517', 'lNONHSAG008540', 'lNONHSAG008552', 'lNONHSAG008589', 'lNONHSAG008615', 'lNONHSAG008654', 'lNONHSAG008670', 'lNONHSAG008675', 'lNONHSAG008693', 'lNONHSAG008726', 'lNONHSAG008728', 'lNONHSAG008759', 'lNONHSAG008859', 'lNONHSAG008937', 'lNONHSAG008952', 'lNONHSAG008966', 'lNONHSAG009021', 'lNONHSAG009039', 'lNONHSAG009059', 'lNONHSAG009062', 'lNONHSAG009124', 'lNONHSAG009130', 'lNONHSAG009133', 'lNONHSAG009134', 'lNONHSAG009174', 'lNONHSAG009180', 'lNONHSAG009193', 'lNONHSAG009228', 'lNONHSAG009544', 'lNONHSAG009546', 'lNONHSAG009613', 'lNONHSAG009636', 'lNONHSAG009747', 'lNONHSAG009755', 'lNONHSAG009757', 'lNONHSAG009782', 'lNONHSAG009913', 'lNONHSAG009938', 'lNONHSAG009945', 'lNONHSAG009950', 'lNONHSAG009968', 'lNONHSAG009989', 'lNONHSAG010021', 'lNONHSAG010117', 'lNONHSAG010179', 'lNONHSAG010184', 'lNONHSAG010186', 'lNONHSAG010189', 'lNONHSAG010190', 'lNONHSAG010193', 'lNONHSAG010194', 'lNONHSAG010200', 'lNONHSAG010352', 'lNONHSAG010405', 'lNONHSAG010416', 'lNONHSAG010543', 'lNONHSAG010657', 'lNONHSAG010658', 'lNONHSAG010716', 'lNONHSAG010792', 'lNONHSAG010798', 'lNONHSAG010940', 'lNONHSAG010986', 'lNONHSAG010989', 'lNONHSAG011028', 'lNONHSAG011057', 'lNONHSAG011070', 'lNONHSAG011084', 'lNONHSAG011086', 'lNONHSAG011090', 'lNONHSAG011121', 'lNONHSAG011125', 'lNONHSAG011211', 'lNONHSAG011230', 'lNONHSAG011264', 'lNONHSAG011337', 'lNONHSAG011343', 'lNONHSAG011375', 'lNONHSAG011439', 'lNONHSAG011446', 'lNONHSAG011518', 'lNONHSAG011524', 'lNONHSAG011576', 'lNONHSAG011633', 'lNONHSAG011658', 'lNONHSAG011790', 'lNONHSAG011854', 'lNONHSAG011870', 'lNONHSAG011935', 'lNONHSAG012076', 'lNONHSAG012077', 'lNONHSAG012099', 'lNONHSAG012297', 'lNONHSAG012303', 'lNONHSAG012339', 'lNONHSAG012367', 'lNONHSAG012375', 'lNONHSAG012423', 'lNONHSAG012476', 'lNONHSAG012534', 'lNONHSAG012540', 'lNONHSAG012549', 'lNONHSAG012555', 'lNONHSAG012594', 'lNONHSAG012614', 'lNONHSAG012617', 'lNONHSAG012751', 'lNONHSAG012791', 'lNONHSAG013060', 'lNONHSAG013095', 'lNONHSAG013098', 'lNONHSAG013109', 'lNONHSAG013388', 'lNONHSAG013431', 'lNONHSAG013475', 'lNONHSAG013515', 'lNONHSAG013534', 'lNONHSAG013568', 'lNONHSAG013708', 'lNONHSAG013730', 'lNONHSAG013790', 'lNONHSAG013809', 'lNONHSAG013912', 'lNONHSAG013917', 'lNONHSAG013942', 'lNONHSAG013944', 'lNONHSAG013946', 'lNONHSAG013954', 'lNONHSAG013992', 'lNONHSAG014098', 'lNONHSAG014112', 'lNONHSAG014130', 'lNONHSAG014267', 'lNONHSAG014289', 'lNONHSAG014332', 'lNONHSAG014362', 'lNONHSAG014372', 'lNONHSAG014496', 'lNONHSAG014546', 'lNONHSAG014562', 'lNONHSAG014591', 'lNONHSAG014672', 'lNONHSAG014679', 'lNONHSAG014730', 'lNONHSAG014890', 'lNONHSAG014891', 'lNONHSAG015044', 'lNONHSAG015163', 'lNONHSAG015234', 'lNONHSAG015352', 'lNONHSAG015417', 'lNONHSAG015461', 'lNONHSAG015505', 'lNONHSAG015591', 'lNONHSAG015623', 'lNONHSAG015692', 'lNONHSAG015723', 'lNONHSAG015787', 'lNONHSAG015788', 'lNONHSAG015961', 'lNONHSAG016068', 'lNONHSAG016118', 'lNONHSAG016199', 'lNONHSAG016307', 'lNONHSAG016395', 'lNONHSAG016403', 'lNONHSAG016487', 'lNONHSAG016576', 'lNONHSAG016611', 'lNONHSAG016618', 'lNONHSAG016623', 'lNONHSAG016733', 'lNONHSAG016741', 'lNONHSAG016749', 'lNONHSAG016771', 'lNONHSAG016822', 'lNONHSAG016893', 'lNONHSAG017020', 'lNONHSAG017060', 'lNONHSAG017232', 'lNONHSAG017238', 'lNONHSAG017254', 'lNONHSAG017282', 'lNONHSAG017288', 'lNONHSAG017344', 'lNONHSAG017347', 'lNONHSAG017349', 'lNONHSAG017376', 'lNONHSAG017379', 'lNONHSAG017417', 'lNONHSAG017486', 'lNONHSAG017504', 'lNONHSAG017567', 'lNONHSAG017666', 'lNONHSAG017767', 'lNONHSAG017783', 'lNONHSAG017882', 'lNONHSAG017890', 'lNONHSAG017899', 'lNONHSAG018053', 'lNONHSAG018054', 'lNONHSAG018058', 'lNONHSAG018110', 'lNONHSAG018180', 'lNONHSAG018203', 'lNONHSAG018236', 'lNONHSAG018313', 'lNONHSAG018326', 'lNONHSAG018341', 'lNONHSAG018344', 'lNONHSAG018372', 'lNONHSAG018374', 'lNONHSAG018414', 'lNONHSAG018415', 'lNONHSAG018416', 'lNONHSAG018417', 'lNONHSAG018420', 'lNONHSAG018461', 'lNONHSAG018530', 'lNONHSAG018586', 'lNONHSAG018635', 'lNONHSAG018656', 'lNONHSAG018659', 'lNONHSAG018707', 'lNONHSAG018709', 'lNONHSAG018711', 'lNONHSAG018829', 'lNONHSAG018889', 'lNONHSAG018903', 'lNONHSAG018980', 'lNONHSAG019003', 'lNONHSAG019012', 'lNONHSAG019014', 'lNONHSAG019021', 'lNONHSAG019023', 'lNONHSAG019031', 'lNONHSAG019049', 'lNONHSAG019051', 'lNONHSAG019079', 'lNONHSAG019090', 'lNONHSAG019134', 'lNONHSAG019158', 'lNONHSAG019221', 'lNONHSAG019270', 'lNONHSAG019332', 'lNONHSAG019370', 'lNONHSAG019439', 'lNONHSAG019493', 'lNONHSAG019569', 'lNONHSAG019667', 'lNONHSAG019670', 'lNONHSAG019767', 'lNONHSAG019813', 'lNONHSAG019814', 'lNONHSAG019848', 'lNONHSAG019852', 'lNONHSAG019878', 'lNONHSAG019898', 'lNONHSAG019967', 'lNONHSAG020053', 'lNONHSAG020066', 'lNONHSAG020068', 'lNONHSAG020075', 'lNONHSAG020091', 'lNONHSAG020107', 'lNONHSAG020153', 'lNONHSAG020155', 'lNONHSAG020218', 'lNONHSAG020223', 'lNONHSAG020252', 'lNONHSAG020259', 'lNONHSAG020260', 'lNONHSAG020273', 'lNONHSAG020277', 'lNONHSAG020278', 'lNONHSAG020281', 'lNONHSAG020304', 'lNONHSAG020307', 'lNONHSAG020312', 'lNONHSAG020321', 'lNONHSAG020325', 'lNONHSAG020339', 'lNONHSAG020361', 'lNONHSAG020367', 'lNONHSAG020372', 'lNONHSAG020374', 'lNONHSAG020382', 'lNONHSAG020403', 'lNONHSAG020474', 'lNONHSAG020476', 'lNONHSAG020600', 'lNONHSAG020616', 'lNONHSAG020729', 'lNONHSAG020731', 'lNONHSAG020755', 'lNONHSAG020759', 'lNONHSAG020760', 'lNONHSAG020762', 'lNONHSAG020771', 'lNONHSAG020869', 'lNONHSAG020957', 'lNONHSAG020990', 'lNONHSAG021042', 'lNONHSAG021072', 'lNONHSAG021307', 'lNONHSAG021309', 'lNONHSAG021315', 'lNONHSAG021342', 'lNONHSAG021347', 'lNONHSAG021390', 'lNONHSAG021400', 'lNONHSAG021408', 'lNONHSAG021431', 'lNONHSAG021432', 'lNONHSAG021433', 'lNONHSAG021471', 'lNONHSAG021557', 'lNONHSAG021566', 'lNONHSAG021567', 'lNONHSAG021584', 'lNONHSAG021638', 'lNONHSAG021641', 'lNONHSAG021698', 'lNONHSAG021760', 'lNONHSAG021780', 'lNONHSAG021820', 'lNONHSAG021846', 'lNONHSAG021874', 'lNONHSAG021878', 'lNONHSAG021882', 'lNONHSAG021893', 'lNONHSAG021909', 'lNONHSAG021976', 'lNONHSAG021981', 'lNONHSAG022009', 'lNONHSAG022030', 'lNONHSAG022058', 'lNONHSAG022078', 'lNONHSAG022088', 'lNONHSAG022094', 'lNONHSAG022103', 'lNONHSAG022110', 'lNONHSAG022125', 'lNONHSAG022127', 'lNONHSAG022162', 'lNONHSAG022311', 'lNONHSAG022327', 'lNONHSAG022328', 'lNONHSAG022335', 'lNONHSAG022339', 'lNONHSAG022378', 'lNONHSAG022495', 'lNONHSAG022510', 'lNONHSAG022551', 'lNONHSAG022579', 'lNONHSAG022595', 'lNONHSAG022597', 'lNONHSAG022690', 'lNONHSAG022743', 'lNONHSAG022750', 'lNONHSAG022806', 'lNONHSAG022836', 'lNONHSAG022845', 'lNONHSAG022851', 'lNONHSAG022888', 'lNONHSAG022893', 'lNONHSAG022965', 'lNONHSAG022972', 'lNONHSAG022980', 'lNONHSAG022982', 'lNONHSAG023003', 'lNONHSAG023049', 'lNONHSAG023051', 'lNONHSAG023073', 'lNONHSAG023175', 'lNONHSAG023237', 'lNONHSAG023375', 'lNONHSAG023392', 'lNONHSAG023494', 'lNONHSAG023512', 'lNONHSAG023553', 'lNONHSAG023598', 'lNONHSAG023607', 'lNONHSAG023614', 'lNONHSAG023630', 'lNONHSAG023633', 'lNONHSAG023635', 'lNONHSAG023661', 'lNONHSAG023668', 'lNONHSAG023740', 'lNONHSAG023837', 'lNONHSAG023864', 'lNONHSAG023885', 'lNONHSAG023888', 'lNONHSAG023930', 'lNONHSAG023964', 'lNONHSAG024117', 'lNONHSAG024146', 'lNONHSAG024171', 'lNONHSAG024224', 'lNONHSAG024244', 'lNONHSAG024282', 'lNONHSAG024340', 'lNONHSAG024341', 'lNONHSAG024354', 'lNONHSAG024361', 'lNONHSAG024362', 'lNONHSAG024364', 'lNONHSAG024381', 'lNONHSAG024391', 'lNONHSAG024393', 'lNONHSAG024395', 'lNONHSAG024428', 'lNONHSAG024540', 'lNONHSAG024542', 'lNONHSAG024637', 'lNONHSAG024668', 'lNONHSAG024671', 'lNONHSAG024676', 'lNONHSAG024681', 'lNONHSAG024741', 'lNONHSAG024809', 'lNONHSAG024810', 'lNONHSAG024818', 'lNONHSAG024826', 'lNONHSAG024903', 'lNONHSAG024905', 'lNONHSAG024908', 'lNONHSAG024913', 'lNONHSAG024921', 'lNONHSAG024923', 'lNONHSAG024925', 'lNONHSAG024979', 'lNONHSAG025011', 'lNONHSAG025135', 'lNONHSAG025137', 'lNONHSAG025157', 'lNONHSAG025185', 'lNONHSAG025319', 'lNONHSAG025352', 'lNONHSAG025483', 'lNONHSAG025485', 'lNONHSAG025609', 'lNONHSAG025712', 'lNONHSAG025743', 'lNONHSAG025744', 'lNONHSAG025867', 'lNONHSAG025907', 'lNONHSAG025934', 'lNONHSAG025939', 'lNONHSAG025964', 'lNONHSAG025997', 'lNONHSAG026053', 'lNONHSAG026089', 'lNONHSAG026091', 'lNONHSAG026103', 'lNONHSAG026153', 'lNONHSAG026176', 'lNONHSAG026205', 'lNONHSAG026274', 'lNONHSAG026364', 'lNONHSAG026386', 'lNONHSAG026575', 'lNONHSAG026599', 'lNONHSAG026631', 'lNONHSAG026661', 'lNONHSAG026720', 'lNONHSAG026721', 'lNONHSAG026737', 'lNONHSAG026743', 'lNONHSAG026781', 'lNONHSAG026794', 'lNONHSAG026852', 'lNONHSAG026854', 'lNONHSAG026856', 'lNONHSAG027017', 'lNONHSAG027110', 'lNONHSAG027276', 'lNONHSAG027278', 'lNONHSAG027323', 'lNONHSAG027342', 'lNONHSAG027374', 'lNONHSAG027421', 'lNONHSAG027482', 'lNONHSAG027618', 'lNONHSAG027675', 'lNONHSAG027682', 'lNONHSAG027692', 'lNONHSAG027709', 'lNONHSAG027837', 'lNONHSAG027874', 'lNONHSAG027876', 'lNONHSAG028093', 'lNONHSAG028112', 'lNONHSAG028141', 'lNONHSAG028142', 'lNONHSAG028159', 'lNONHSAG028403', 'lNONHSAG028713', 'lNONHSAG028720', 'lNONHSAG028817', 'lNONHSAG028857', 'lNONHSAG028870', 'lNONHSAG028913', 'lNONHSAG028918', 'lNONHSAG028948', 'lNONHSAG028996', 'lNONHSAG029033', 'lNONHSAG029124', 'lNONHSAG029267', 'lNONHSAG029312', 'lNONHSAG029336', 'lNONHSAG029467', 'lNONHSAG029668', 'lNONHSAG029792', 'lNONHSAG029830', 'lNONHSAG029873', 'lNONHSAG029880', 'lNONHSAG029933', 'lNONHSAG029957', 'lNONHSAG029959', 'lNONHSAG029960', 'lNONHSAG029961', 'lNONHSAG029962', 'lNONHSAG029964', 'lNONHSAG029965', 'lNONHSAG029985', 'lNONHSAG030074', 'lNONHSAG030113', 'lNONHSAG030129', 'lNONHSAG030244', 'lNONHSAG030278', 'lNONHSAG030279', 'lNONHSAG030304', 'lNONHSAG030333', 'lNONHSAG030410', 'lNONHSAG030440', 'lNONHSAG030487', 'lNONHSAG030516', 'lNONHSAG030525', 'lNONHSAG030582', 'lNONHSAG030738', 'lNONHSAG030739', 'lNONHSAG030742', 'lNONHSAG031025', 'lNONHSAG031035', 'lNONHSAG031261', 'lNONHSAG031385', 'lNONHSAG031452', 'lNONHSAG031453', 'lNONHSAG031456', 'lNONHSAG031481', 'lNONHSAG031563', 'lNONHSAG031565', 'lNONHSAG031581', 'lNONHSAG031584', 'lNONHSAG031636', 'lNONHSAG031696', 'lNONHSAG031853', 'lNONHSAG031900', 'lNONHSAG031913', 'lNONHSAG031991', 'lNONHSAG032063', 'lNONHSAG032247', 'lNONHSAG032267', 'lNONHSAG032297', 'lNONHSAG032302', 'lNONHSAG032309', 'lNONHSAG032537', 'lNONHSAG032560', 'lNONHSAG032664', 'lNONHSAG032682', 'lNONHSAG032724', 'lNONHSAG032735', 'lNONHSAG032748', 'lNONHSAG032750', 'lNONHSAG033027', 'lNONHSAG033061', 'lNONHSAG033100', 'lNONHSAG033105', 'lNONHSAG033107', 'lNONHSAG033121', 'lNONHSAG033168', 'lNONHSAG033216', 'lNONHSAG033254', 'lNONHSAG033266', 'lNONHSAG033328', 'lNONHSAG033334', 'lNONHSAG033342', 'lNONHSAG033348', 'lNONHSAG033368', 'lNONHSAG033386', 'lNONHSAG033390', 'lNONHSAG033435', 'lNONHSAG033471', 'lNONHSAG033480', 'lNONHSAG033528', 'lNONHSAG033589', 'lNONHSAG033611', 'lNONHSAG033645', 'lNONHSAG033691', 'lNONHSAG033716', 'lNONHSAG033735', 'lNONHSAG033748', 'lNONHSAG033810', 'lNONHSAG033862', 'lNONHSAG033896', 'lNONHSAG033898', 'lNONHSAG033899', 'lNONHSAG033940', 'lNONHSAG034006', 'lNONHSAG034014', 'lNONHSAG034021', 'lNONHSAG034032', 'lNONHSAG034217', 'lNONHSAG034316', 'lNONHSAG034417', 'lNONHSAG034418', 'lNONHSAG034492', 'lNONHSAG034508', 'lNONHSAG034527', 'lNONHSAG034676', 'lNONHSAG034678', 'lNONHSAG034801', 'lNONHSAG034845', 'lNONHSAG034935', 'lNONHSAG034973', 'lNONHSAG035096', 'lNONHSAG035103', 'lNONHSAG035262', 'lNONHSAG035287', 'lNONHSAG035382', 'lNONHSAG035456', 'lNONHSAG035531', 'lNONHSAG035806', 'lNONHSAG035914', 'lNONHSAG035916', 'lNONHSAG035919', 'lNONHSAG035923', 'lNONHSAG036047', 'lNONHSAG036054', 'lNONHSAG036115', 'lNONHSAG036120', 'lNONHSAG036255', 'lNONHSAG036263', 'lNONHSAG036273', 'lNONHSAG036403', 'lNONHSAG036407', 'lNONHSAG036412', 'lNONHSAG036413', 'lNONHSAG036612', 'lNONHSAG036615', 'lNONHSAG036667', 'lNONHSAG036718', 'lNONHSAG036783', 'lNONHSAG036866', 'lNONHSAG036922', 'lNONHSAG036926', 'lNONHSAG037025', 'lNONHSAG037061', 'lNONHSAG037072', 'lNONHSAG037073', 'lNONHSAG037083', 'lNONHSAG037096', 'lNONHSAG037137', 'lNONHSAG037164', 'lNONHSAG037241', 'lNONHSAG037348', 'lNONHSAG037420', 'lNONHSAG037827', 'lNONHSAG037891', 'lNONHSAG037936', 'lNONHSAG037946', 'lNONHSAG038001', 'lNONHSAG038024', 'lNONHSAG038162', 'lNONHSAG038343', 'lNONHSAG038344', 'lNONHSAG038397', 'lNONHSAG038502', 'lNONHSAG038530', 'lNONHSAG038561', 'lNONHSAG038578', 'lNONHSAG038663', 'lNONHSAG038675', 'lNONHSAG038676', 'lNONHSAG038682', 'lNONHSAG039038', 'lNONHSAG039293', 'lNONHSAG039295', 'lNONHSAG039319', 'lNONHSAG039617', 'lNONHSAG039634', 'lNONHSAG039637', 'lNONHSAG039654', 'lNONHSAG039664', 'lNONHSAG039669', 'lNONHSAG039749', 'lNONHSAG040179', 'lNONHSAG040188', 'lNONHSAG040226', 'lNONHSAG040241', 'lNONHSAG040269', 'lNONHSAG040320', 'lNONHSAG040329', 'lNONHSAG040408', 'lNONHSAG040444', 'lNONHSAG040481', 'lNONHSAG040542', 'lNONHSAG040544', 'lNONHSAG040560', 'lNONHSAG040601', 'lNONHSAG040700', 'lNONHSAG040729', 'lNONHSAG040804', 'lNONHSAG040859', 'lNONHSAG040870', 'lNONHSAG040909', 'lNONHSAG040945', 'lNONHSAG040958', 'lNONHSAG040969', 'lNONHSAG040976', 'lNONHSAG041002', 'lNONHSAG041017', 'lNONHSAG041023', 'lNONHSAG041241', 'lNONHSAG041250', 'lNONHSAG041256', 'lNONHSAG041257', 'lNONHSAG041528', 'lNONHSAG041529', 'lNONHSAG041670', 'lNONHSAG041716', 'lNONHSAG041758', 'lNONHSAG041844', 'lNONHSAG041883', 'lNONHSAG041938', 'lNONHSAG041966', 'lNONHSAG041981', 'lNONHSAG042033', 'lNONHSAG042050', 'lNONHSAG042062', 'lNONHSAG042080', 'lNONHSAG042132', 'lNONHSAG042218', 'lNONHSAG042257', 'lNONHSAG042270', 'lNONHSAG042306', 'lNONHSAG042307', 'lNONHSAG042370', 'lNONHSAG042433', 'lNONHSAG042476', 'lNONHSAG042491', 'lNONHSAG042500', 'lNONHSAG042724', 'lNONHSAG042836', 'lNONHSAG042855', 'lNONHSAG042957', 'lNONHSAG042966', 'lNONHSAG042970', 'lNONHSAG042991', 'lNONHSAG043138', 'lNONHSAG043159', 'lNONHSAG043229', 'lNONHSAG043250', 'lNONHSAG043303', 'lNONHSAG043433', 'lNONHSAG043550', 'lNONHSAG043592', 'lNONHSAG043625', 'lNONHSAG043657', 'lNONHSAG043770', 'lNONHSAG043851', 'lNONHSAG043934', 'lNONHSAG044022', 'lNONHSAG044041', 'lNONHSAG044064', 'lNONHSAG044283', 'lNONHSAG044350', 'lNONHSAG044406', 'lNONHSAG044533', 'lNONHSAG044624', 'lNONHSAG044666', 'lNONHSAG044709', 'lNONHSAG044751', 'lNONHSAG045131', 'lNONHSAG045160', 'lNONHSAG045163', 'lNONHSAG045166', 'lNONHSAG045306', 'lNONHSAG045383', 'lNONHSAG045430', 'lNONHSAG046722', 'lNONHSAG046730', 'lNONHSAG046765', 'lNONHSAG046781', 'lNONHSAG046811', 'lNONHSAG046839', 'lNONHSAG046953', 'lNONHSAG047182', 'lNONHSAG047191', 'lNONHSAG047197', 'lNONHSAG047260', 'lNONHSAG047319', 'lNONHSAG047433', 'lNONHSAG047469', 'lNONHSAG047471', 'lNONHSAG047507', 'lNONHSAG047543', 'lNONHSAG047544', 'lNONHSAG047547', 'lNONHSAG047619', 'lNONHSAG047620', 'lNONHSAG047725', 'lNONHSAG047792', 'lNONHSAG047796', 'lNONHSAG047830', 'lNONHSAG047840', 'lNONHSAG047842', 'lNONHSAG047851', 'lNONHSAG047951', 'lNONHSAG047973', 'lNONHSAG047974', 'lNONHSAG048101', 'lNONHSAG048114', 'lNONHSAG048189', 'lNONHSAG048191', 'lNONHSAG048201', 'lNONHSAG048228', 'lNONHSAG048231', 'lNONHSAG048270', 'lNONHSAG048302', 'lNONHSAG048323', 'lNONHSAG048354', 'lNONHSAG048439', 'lNONHSAG048464', 'lNONHSAG048598', 'lNONHSAG048602', 'lNONHSAG048603', 'lNONHSAG048610', 'lNONHSAG048624', 'lNONHSAG048626', 'lNONHSAG048682', 'lNONHSAG048695', 'lNONHSAG048781', 'lNONHSAG049037', 'lNONHSAG049050', 'lNONHSAG049051', 'lNONHSAG049119', 'lNONHSAG049129', 'lNONHSAG049157', 'lNONHSAG049185', 'lNONHSAG049191', 'lNONHSAG049303', 'lNONHSAG049356', 'lNONHSAG049421', 'lNONHSAG049507', 'lNONHSAG049626', 'lNONHSAG049655', 'lNONHSAG049754', 'lNONHSAG049801', 'lNONHSAG049901', 'lNONHSAG050073', 'lNONHSAG050104', 'lNONHSAG050167', 'lNONHSAG050168', 'lNONHSAG050272', 'lNONHSAG050273', 'lNONHSAG050284', 'lNONHSAG050345', 'lNONHSAG050423', 'lNONHSAG050445', 'lNONHSAG050493', 'lNONHSAG050518', 'lNONHSAG050670', 'lNONHSAG050725', 'lNONHSAG050769', 'lNONHSAG050786', 'lNONHSAG050815', 'lNONHSAG050929', 'lNONHSAG050985', 'lNONHSAG051010', 'lNONHSAG051015', 'lNONHSAG051166', 'lNONHSAG051196', 'lNONHSAG051245', 'lNONHSAG051250', 'lNONHSAG051255', 'lNONHSAG051259', 'lNONHSAG051260', 'lNONHSAG051263', 'lNONHSAG051266', 'lNONHSAG051291', 'lNONHSAG051448', 'lNONHSAG051454', 'lNONHSAG051484', 'lNONHSAG051514', 'lNONHSAG051517', 'lNONHSAG051523', 'lNONHSAG051542', 'lNONHSAG051567', 'lNONHSAG051568', 'lNONHSAG051603', 'lNONHSAG051898', 'lNONHSAG051958', 'lNONHSAG052046', 'lNONHSAG052082', 'lNONHSAG052097', 'lNONHSAG052119', 'lNONHSAG052149', 'lNONHSAG052151', 'lNONHSAG052179', 'lNONHSAG052454', 'lNONHSAG052459', 'lNONHSAG052491', 'lNONHSAG052492', 'lNONHSAG052495', 'lNONHSAG052510', 'lNONHSAG052511', 'lNONHSAG052609', 'lNONHSAG052680', 'lNONHSAG052686', 'lNONHSAG052709', 'lNONHSAG052726', 'lNONHSAG052853', 'lNONHSAG052908', 'lNONHSAG052925', 'lNONHSAG052929', 'lNONHSAG052931', 'lNONHSAG052933', 'lNONHSAG052943', 'lNONHSAG053007', 'lNONHSAG053082', 'lNONHSAG053108', 'lNONHSAG053162', 'lNONHSAG053228', 'lNONHSAG053419', 'lNONHSAG053456', 'lNONHSAG053499', 'lNONHSAG053500', 'lNONHSAG053502', 'lNONHSAG053546', 'lNONHSAG053547', 'lNONHSAG053590', 'lNONHSAG053602', 'lNONHSAG053626', 'lNONHSAG053631', 'lNONHSAG053651', 'lNONHSAG053716', 'lNONHSAG053719', 'lNONHSAG053748', 'lNONHSAG053802', 'lNONHSAG053842', 'lNONHSAG054024', 'lNONHSAG054038', 'lNONHSAG054212', 'lNONHSAG054213', 'lNONHSAG054214', 'lNONHSAG054215', 'lNONHSAG054216', 'lNONHSAG054301', 'lNONHSAG054360', 'lNONHSAG054432', 'lNONHSAG054699', 'lNONHSAG054716', 'lNONHSAG054717', 'lNONHSAG054718', 'lNONHSAG054780', 'lNONHSAG054791', 'lNONHSAG054807', 'lNONHSAG054832', 'lNONHSAG055008', 'lNONHSAG055088', 'lNONHSAG055092', 'lNONHSAG055151', 'lNONHSAG055350', 'lNONHSAG055418', 'lNONHSAG055450', 'lNONHSAG055546', 'lNONHSAG055558', 'lNONHSAG055565', 'lNONHSAG055577', 'lNONHSAG055582', 'lNONHSAG056025', 'lNONHSAG056029', 'lNONHSAG056053', 'lNONHSAG056451', 'lNONHSAG056733', 'lNONHSAG056746', 'lNONHSAG056868', 'lNONHSAG056875', 'lNONHSAG057043', 'lNONHSAG057222', 'lNONHSAG057260', 'lNONHSAG058006', 'lNONHSAG058109', 'lNONHSAG058112', 'lNONHSAG058118', 'lNONHSAG058128', 'lNONHSAG058533', 'lNONHSAG058967', 'lNONHSAG059768', 'lNONHSAG060586', 'lNONHSAG061404', 'lNONHSAG063700', 'lNONHSAG064784', 'lNONHSAG064962', 'lNONHSAG065252', 'lNONHSAG065364', 'lNONHSAG066253', 'lNONHSAG068402', 'lNONHSAG069030', 'lNONHSAG069147', 'lNONHSAG069277', 'lNONHSAG069876', 'lNONHSAG070257', 'lNONHSAG071444', 'lNONHSAG072176', 'lNONHSAG072945', 'lNONHSAG073025', 'lNONHSAG073380', 'lNONHSAG073406', 'lNONHSAG073419', 'lNONHSAG073786', 'lNONHSAG074661', 'lNONHSAG077527', 'lNONHSAG077551', 'lNONHSAG079231', 'lNONHSAG081227', 'lNONHSAG081583', 'lNONHSAG082891', 'lNONHSAG083209', 'lNONHSAG083289', 'lNONHSAG083859', 'lNONHSAG083883', 'lNONHSAG084701', 'lNONHSAG084832', 'lNONHSAG084937', 'lNONHSAG085975', 'lNONHSAG088562', 'lNONHSAG089857', 'lNONHSAG091116', 'lNONHSAG091284', 'lNONHSAG091452', 'lNONHSAG091943', 'lNONHSAG092907', 'lNONHSAG093064', 'lNONHSAG093078', 'lNONHSAG094129', 'lNONHSAG094269', 'lNONHSAG096130', 'lNONHSAG096227', 'lNONHSAG096230', 'lNONHSAG096627', 'lNONHSAG097344', 'lNONHSAG098653', 'lNONHSAG099082', 'lNONHSAG099120', 'lNONHSAG099126', 'lNONHSAG099742', 'lNONHSAG101229', 'lNONHSAG101725', 'lNONHSAG102572', 'lNONHSAG102979', 'lNONHSAG103259', 'lNONHSAG103457', 'lNONHSAG103817', 'lNONHSAG104186', 'lNONHSAG110420', 'lNONHSAG110858', 'lNONHSAG111667', 'lNONHSAG112396', 'lNONHSAG113761', 'lNONHSAG114445', 'lENSG00000103472', 'lENSG00000163364', 'lENSG00000171889', 'lENSG00000175061', 'lENSG00000177410', 'lENSG00000179406', 'lENSG00000179523', 'lENSG00000189295', 'lENSG00000198221', 'lENSG00000198468', 'lENSG00000203497', 'lENSG00000205611', 'lENSG00000223764', 'lENSG00000223783', 'lENSG00000224057', 'lENSG00000224078', 'lENSG00000224614', 'lENSG00000225506', 'lENSG00000225855', 'lENSG00000226115', 'lENSG00000227082', 'lENSG00000227256', 'lENSG00000228526', 'lENSG00000229267', 'lENSG00000229335', 'lENSG00000229388', 'lENSG00000230046', 'lENSG00000230061', 'lENSG00000230313', 'lENSG00000230400', 'lENSG00000230866', 'lENSG00000231019', 'lENSG00000231437', 'lENSG00000231473', 'lENSG00000232265', 'lENSG00000232415', 'lENSG00000232442', 'lENSG00000232500', 'lENSG00000233047', 'lENSG00000233387', 'lENSG00000233532', 'lENSG00000233590', 'lENSG00000234169', 'lENSG00000234222', 'lENSG00000234455', 'lENSG00000234546', 'lENSG00000234625', 'lENSG00000235385', 'lENSG00000235535', 'lENSG00000235724', 'lENSG00000236240', 'lENSG00000236535', 'lENSG00000236671', 'lENSG00000237167', 'lENSG00000237396', 'lENSG00000237880', 'lENSG00000242207', 'lENSG00000243479', 'lENSG00000244124', 'lENSG00000245067', 'lENSG00000245146', 'lENSG00000246560', 'lENSG00000247095', 'lENSG00000247373', 'lENSG00000247400', 'lENSG00000247498', 'lENSG00000249532', 'lENSG00000249786', 'lENSG00000249835', 'lENSG00000249993', 'lENSG00000250635', 'lENSG00000251003', 'lENSG00000251061', 'lENSG00000253315', 'lENSG00000254418', 'lENSG00000254480', 'lENSG00000254508', 'lENSG00000254635', 'lENSG00000254791', 'lENSG00000255363', 'lENSG00000255427', 'lENSG00000255553', 'lENSG00000255850', 'lENSG00000256742', 'lENSG00000256769', 'lENSG00000257084', 'lENSG00000257557', 'lENSG00000258197', 'lENSG00000258912', 'lENSG00000259289', 'lENSG00000259424', 'lENSG00000260219', 'lENSG00000260280', 'lENSG00000260455', 'lENSG00000260924', 'lENSG00000260969', 'lENSG00000261183', 'lENSG00000261423', 'lENSG00000261780', 'lENSG00000263718', 'lENSG00000264672', 'lENSG00000266402', 'lENSG00000266970', 'lENSG00000267296', 'lENSG00000267321', 'lENSG00000267395', 'lENSG00000267413', 'lENSG00000267440', 'lENSG00000267858', 'lENSG00000269019', 'lENSG00000269939', 'lENSG00000270084', 'lENSG00000270344', 'lENSG00000270959', 'lENSG00000272769', 'lENSG00000274372', 'lENSG00000278709', 'lENSG00000278970', 'lENSG00000281189', 'lENSG00000284070', 'lENSG00000285644', 'lENSG00000286004', 'lENSG00000286737', 'lENSG00000288080', 'lENSG00000224167', 'lENSG00000224739', 'lADAMTS9-AS2', 'lAQP4-AS1', 'lASMTL-AS1', 'lBANCR', 'lCCAT2', 'lCDKN2B-AS1', 'lCRNDE', 'lDLX6-AS1', 'lEGOT', 'lFEZF1-AS1', 'lGATA3-AS1', 'lGATA6-AS1', 'lHEIH', 'lHOTAIRM1', 'lHOXA-AS3', 'lINHBA-AS1', 'lJPX', 'lJRK', 'lKTN1-AS1', 'lLINC00173', 'lLINC00174', 'lLINC00240', 'lLINC00333', 'lLINC00472', 'lMCM3AP-AS1', 'lMEG3', 'lMIR181A1HG', 'lMIR31HG', 'lPANDAR', 'lPCGEM1', 'lPVT1', 'lRHPN1-AS1', 'lRMST', 'lSNHG15', 'lSNHG16', 'lSNX29P2', 'lTEN1-CDK3', 'lTPTEP1', 'lTRAM2-AS1', 'lVCAN-AS1', 'lZFAS1', 'lZNF286B', 'lZNF503-AS2', 'lLINC00461', 'lLINC00514', 'lSLC2A1-AS1', 'lSRP14-AS1', 'lAC007009.1', 'lPWAR6', 'lAC004840.8', 'lAC061992.2', 'lAC103564.7', 'lAC135048.13', 'lAC137723.5', 'lAC137932.5', 'lAL928742.12', 'lAP001058.3', 'lCTB-60B18.10', 'lCTB-91J4.1', 'lCTC-338M12.2', 'lCTD-2165H16.4', 'lCTD-2195B23.3', 'lCTD-2540L5.5', 'lKB-7G2.8', 'lLA16c-321D4.2', 'lLA16c-380H5.3', 'lLL22NC03-23C6.13', 'lRP1-283E3.8', 'lRP11-100F15.1', 'lRP11-104E19.1', 'lRP11-108M9.3', 'lRP11-123O10.4', 'lRP11-137H2.4', 'lRP11-197N18.2', 'lRP11-21J18.1', 'lRP11-227H15.4', 'lRP11-243J18.2', 'lRP11-24P14.1', 'lRP11-264B17.3', 'lRP11-276H7.2', 'lRP11-2C24.4', 'lRP11-305P14.1', 'lRP11-439K3.1', 'lRP11-467J12.4', 'lRP11-514P8.8', 'lRP11-54O7.3', 'lRP11-550C4.6', 'lRP11-680A11.5', 'lRP4-756H11.3', 'lRP4-790G17.7', 'lRP5-1074L1.1', 'lRP5-1160K1.8', 'lXXbac-B444P24.8', 'lXXbac-BPG300A18.13', 'lAC018766.4', 'lCTD-2231H16.1', 'lHNRNPU-AS1', 'lRP11-429J17.8', 'lRP11-672A2.1', 'lRP5-1063M23.1', 'lRP11-495P10.8', 'lCTA-250D10.23', 'lRP4-610C12.4', 'lLINC00035', 'lRP11-408H20.2', 'lNONHSAG000265', 'lNONHSAG000297', 'lNONHSAG000298', 'lNONHSAG000623', 'lNONHSAG000636', 'lNONHSAG000677', 'lNONHSAG000969', 'lNONHSAG000994', 'lNONHSAG001008', 'lNONHSAG001014', 'lNONHSAG001028', 'lNONHSAG001030', 'lNONHSAG001033', 'lNONHSAG001147', 'lNONHSAG001171', 'lNONHSAG001207', 'lNONHSAG001240', 'lNONHSAG001258', 'lNONHSAG001419', 'lNONHSAG001435', 'lNONHSAG001613', 'lNONHSAG002403', 'lNONHSAG002619', 'lNONHSAG002726', 'lNONHSAG002790', 'lNONHSAG002816', 'lNONHSAG003227', 'lNONHSAG003418', 'lNONHSAG003459', 'lNONHSAG003810', 'lNONHSAG003881', 'lNONHSAG004227', 'lNONHSAG004351', 'lNONHSAG004475', 'lNONHSAG004507', 'lNONHSAG004638', 'lNONHSAG004893', 'lNONHSAG005249', 'lNONHSAG005363', 'lNONHSAG005522', 'lNONHSAG005652', 'lNONHSAG005679', 'lNONHSAG005690', 'lNONHSAG005717', 'lNONHSAG005725', 'lNONHSAG005727', 'lNONHSAG005739', 'lNONHSAG005740', 'lNONHSAG005746', 'lNONHSAG005760', 'lNONHSAG005761', 'lNONHSAG005769', 'lNONHSAG005789', 'lNONHSAG005797', 'lNONHSAG005809', 'lNONHSAG005821', 'lNONHSAG005830', 'lNONHSAG005842', 'lNONHSAG005847', 'lNONHSAG005851', 'lNONHSAG005852', 'lNONHSAG005853', 'lNONHSAG005855', 'lNONHSAG005856', 'lNONHSAG005857', 'lNONHSAG005859', 'lNONHSAG005862', 'lNONHSAG005867', 'lNONHSAG005870', 'lNONHSAG005885', 'lNONHSAG005901', 'lNONHSAG005935', 'lNONHSAG005936', 'lNONHSAG005939', 'lNONHSAG005985', 'lNONHSAG005986', 'lNONHSAG006012', 'lNONHSAG006022', 'lNONHSAG006091', 'lNONHSAG006097', 'lNONHSAG006103', 'lNONHSAG006160', 'lNONHSAG006166', 'lNONHSAG006183', 'lNONHSAG006187', 'lNONHSAG006188', 'lNONHSAG006206', 'lNONHSAG006220', 'lNONHSAG006221', 'lNONHSAG006235', 'lNONHSAG006240', 'lNONHSAG006274', 'lNONHSAG006279', 'lNONHSAG006290', 'lNONHSAG006293', 'lNONHSAG006300', 'lNONHSAG006314', 'lNONHSAG006324', 'lNONHSAG006376', 'lNONHSAG006382', 'lNONHSAG006388', 'lNONHSAG006395', 'lNONHSAG006405', 'lNONHSAG006407', 'lNONHSAG006412', 'lNONHSAG006415', 'lNONHSAG006434', 'lNONHSAG006440', 'lNONHSAG006450', 'lNONHSAG006459', 'lNONHSAG006479', 'lNONHSAG006487', 'lNONHSAG006493', 'lNONHSAG006507', 'lNONHSAG006527', 'lNONHSAG006536', 'lNONHSAG006551', 'lNONHSAG006554', 'lNONHSAG006555', 'lNONHSAG006557', 'lNONHSAG006573', 'lNONHSAG006576', 'lNONHSAG006579', 'lNONHSAG006586', 'lNONHSAG006591', 'lNONHSAG006602', 'lNONHSAG006646', 'lNONHSAG006653', 'lNONHSAG006669', 'lNONHSAG006716', 'lNONHSAG006748', 'lNONHSAG006750', 'lNONHSAG006765', 'lNONHSAG006779', 'lNONHSAG006830', 'lNONHSAG006832', 'lNONHSAG006837', 'lNONHSAG006855', 'lNONHSAG006863', 'lNONHSAG006883', 'lNONHSAG006889', 'lNONHSAG006894', 'lNONHSAG006897', 'lNONHSAG006909', 'lNONHSAG006915', 'lNONHSAG006922', 'lNONHSAG006967', 'lNONHSAG006970', 'lNONHSAG006976', 'lNONHSAG007000', 'lNONHSAG007008', 'lNONHSAG007020', 'lNONHSAG007023', 'lNONHSAG007029', 'lNONHSAG007031', 'lNONHSAG007035', 'lNONHSAG007063', 'lNONHSAG007065', 'lNONHSAG007087', 'lNONHSAG007093', 'lNONHSAG007103', 'lNONHSAG007123', 'lNONHSAG007139', 'lNONHSAG007155', 'lNONHSAG007166', 'lNONHSAG007172', 'lNONHSAG007203', 'lNONHSAG007222', 'lNONHSAG007224', 'lNONHSAG007225', 'lNONHSAG007242', 'lNONHSAG007259', 'lNONHSAG007268', 'lNONHSAG007278', 'lNONHSAG007286', 'lNONHSAG007298', 'lNONHSAG007414', 'lNONHSAG007419', 'lNONHSAG007429', 'lNONHSAG007458', 'lNONHSAG007488', 'lNONHSAG007507', 'lNONHSAG007531', 'lNONHSAG007533', 'lNONHSAG007543', 'lNONHSAG007544', 'lNONHSAG007554', 'lNONHSAG007563', 'lNONHSAG007574', 'lNONHSAG007578', 'lNONHSAG007587', 'lNONHSAG007599', 'lNONHSAG007621', 'lNONHSAG007632', 'lNONHSAG007638', 'lNONHSAG007932', 'lENSG00000083622', 'lENSG00000105501', 'lENSG00000122043', 'lENSG00000149443', 'lENSG00000167920', 'lENSG00000175746', 'lENSG00000178248', 'lENSG00000197644', 'lENSG00000197880', 'lENSG00000198054', 'lENSG00000198671', 'lENSG00000203307', 'lENSG00000203434', 'lENSG00000203469', 'lENSG00000203472', 'lENSG00000203565', 'lENSG00000204393', 'lENSG00000204464', 'lENSG00000205018', 'lENSG00000205452', 'lENSG00000205500', 'lENSG00000212856', 'lENSG00000219410', 'lENSG00000222000', 'lENSG00000222032', 'lENSG00000223381', 'lENSG00000223387', 'lENSG00000223400', 'lENSG00000223537', 'lENSG00000223563', 'lENSG00000223598', 'lENSG00000223641', 'lENSG00000223643', 'lENSG00000223647', 'lENSG00000223720', 'lENSG00000223727', 'lENSG00000223786', 'lENSG00000223831', 'lENSG00000223870', 'lENSG00000223881', 'lENSG00000223966', 'lENSG00000223993', 'lENSG00000224031', 'lENSG00000224087', 'lENSG00000224095', 'lENSG00000224220', 'lENSG00000224277', 'lENSG00000224330', 'lENSG00000224384', 'lENSG00000224500', 'lENSG00000224535', 'lENSG00000224549', 'lENSG00000224595', 'lENSG00000224645', 'lENSG00000224655', 'lENSG00000224794', 'lENSG00000224821', 'lENSG00000224844', 'lENSG00000224857', 'lENSG00000224885', 'lENSG00000224922', 'lENSG00000224972', 'lENSG00000225050', 'lENSG00000225129', 'lENSG00000225146', 'lENSG00000225218', 'lENSG00000225325', 'lENSG00000225334', 'lENSG00000225378', 'lENSG00000225457', 'lENSG00000225537', 'lENSG00000225570', 'lENSG00000225588', 'lENSG00000225647', 'lENSG00000225750', 'lENSG00000225751', 'lENSG00000225761', 'lENSG00000225798', 'lENSG00000225886', 'lENSG00000225919', 'lENSG00000225929', 'lENSG00000226089', 'lENSG00000226133', 'lENSG00000226143', 'lENSG00000226193', 'lENSG00000226194', 'lENSG00000226238', 'lENSG00000226323', 'lENSG00000226352', 'lENSG00000226398', 'lENSG00000226442', 'lENSG00000226486', 'lENSG00000226522', 'lENSG00000226542', 'lENSG00000226562', 'lENSG00000226566', 'lENSG00000226601', 'lENSG00000226647', 'lENSG00000226699', 'lENSG00000226770', 'lENSG00000226813', 'lENSG00000226883', 'lENSG00000226925', 'lENSG00000226956', 'lENSG00000226957', 'lENSG00000227075', 'lENSG00000227076', 'lENSG00000227125', 'lENSG00000227131', 'lENSG00000227181', 'lENSG00000227197', 'lENSG00000227330', 'lENSG00000227360', 'lENSG00000227409', 'lENSG00000227459', 'lENSG00000227482', 'lENSG00000227496', 'lENSG00000227509', 'lENSG00000227512', 'lENSG00000227549', 'lENSG00000227579', 'lENSG00000227606', 'lENSG00000227611', 'lENSG00000227680', 'lENSG00000227716', 'lENSG00000227718', 'lENSG00000227863', 'lENSG00000227893', 'lENSG00000227930', 'lENSG00000227958', 'lENSG00000227960', 'lENSG00000228028', 'lENSG00000228082', 'lENSG00000228108', 'lENSG00000228136', 'lENSG00000228170', 'lENSG00000228215', 'lENSG00000228231', 'lENSG00000228261', 'lENSG00000228272', 'lENSG00000228351', 'lENSG00000228372', 'lENSG00000228383', 'lENSG00000228470', 'lENSG00000228485', 'lENSG00000228596', 'lENSG00000228627', 'lENSG00000228804', 'lENSG00000228826', 'lENSG00000228852', 'lENSG00000228939', 'lENSG00000229152', 'lENSG00000229162', 'lENSG00000229167', 'lENSG00000229224', 'lENSG00000229283', 'lENSG00000229297', 'lENSG00000229331', 'lENSG00000229345', 'lENSG00000229379', 'lENSG00000229444', 'lENSG00000229457', 'lENSG00000229487', 'lENSG00000229498', 'lENSG00000229502', 'lENSG00000229528', 'lENSG00000229531', 'lENSG00000229673', 'lENSG00000229679', 'lENSG00000229688', 'lENSG00000229848', 'lENSG00000229851', 'lENSG00000229953', 'lENSG00000229999', 'lENSG00000230010', 'lENSG00000230065', 'lENSG00000230105', 'lENSG00000230109', 'lENSG00000230121', 'lENSG00000230131', 'lENSG00000230153', 'lENSG00000230155', 'lENSG00000230190', 'lENSG00000230197', 'lENSG00000230212', 'lENSG00000230233', 'lENSG00000230323', 'lENSG00000230432', 'lENSG00000230483', 'lENSG00000230499', 'lENSG00000230668', 'lENSG00000230735', 'lENSG00000230741', 'lENSG00000230759', 'lENSG00000230790', 'lENSG00000230794', 'lENSG00000230826', 'lENSG00000230830', 'lENSG00000230912', 'lENSG00000230918', 'lENSG00000231081', 'lENSG00000231082', 'lENSG00000231102', 'lENSG00000231114', 'lENSG00000231143', 'lENSG00000231253', 'lENSG00000231272', 'lENSG00000231407', 'lENSG00000231413', 'lENSG00000231440', 'lENSG00000231492', 'lENSG00000231496', 'lENSG00000231539', 'lENSG00000231597', 'lENSG00000231678', 'lENSG00000231681', 'lENSG00000231724', 'lENSG00000231760', 'lENSG00000231772', 'lENSG00000231781', 'lENSG00000231912', 'lENSG00000231914', 'lENSG00000231937', 'lENSG00000231953', 'lENSG00000231964', 'lENSG00000232031', 'lENSG00000232072', 'lENSG00000232086', 'lENSG00000232120', 'lENSG00000232192', 'lENSG00000232197', 'lENSG00000232252', 'lENSG00000232286', 'lENSG00000232310', 'lENSG00000232328', 'lENSG00000232335', 'lENSG00000232359', 'lENSG00000232363', 'lENSG00000232396', 'lENSG00000232464', 'lENSG00000232465', 'lENSG00000232564', 'lENSG00000232604', 'lENSG00000232710', 'lENSG00000232719', 'lENSG00000232746', 'lENSG00000232806', 'lENSG00000232893', 'lENSG00000232895', 'lENSG00000232930', 'lENSG00000232939', 'lENSG00000232964', 'lENSG00000233070', 'lENSG00000233079', 'lENSG00000233178', 'lENSG00000233179', 'lENSG00000233219', 'lENSG00000233222', 'lENSG00000233330', 'lENSG00000233339', 'lENSG00000233472', 'lENSG00000233479', 'lENSG00000233574', 'lENSG00000233581', 'lENSG00000233613', 'lENSG00000233625', 'lENSG00000233665', 'lENSG00000233689', 'lENSG00000233706', 'lENSG00000233851', 'lENSG00000233953', 'lENSG00000233960', 'lENSG00000233985', 'lENSG00000234021', 'lENSG00000234055', 'lENSG00000234149', 'lENSG00000234160', 'lENSG00000234172', 'lENSG00000234191', 'lENSG00000234318', 'lENSG00000234504', 'lENSG00000234567', 'lENSG00000234622', 'lENSG00000234626', 'lENSG00000234653', 'lENSG00000234690', 'lENSG00000234714', 'lENSG00000234756', 'lENSG00000234900', 'lENSG00000234953', 'lENSG00000234961', 'lENSG00000234979', 'lENSG00000235011', 'lENSG00000235035', 'lENSG00000235050', 'lENSG00000235059', 'lENSG00000235086', 'lENSG00000235168', 'lENSG00000235262', 'lENSG00000235494', 'lENSG00000235503', 'lENSG00000235533', 'lENSG00000235628', 'lENSG00000235635', 'lENSG00000235637', 'lENSG00000235786', 'lENSG00000235813', 'lENSG00000236022', 'lENSG00000236031', 'lENSG00000236065', 'lENSG00000236109', 'lENSG00000236242', 'lENSG00000236267', 'lENSG00000236272', 'lENSG00000236324', 'lENSG00000236326', 'lENSG00000236358', 'lENSG00000236366', 'lENSG00000236414', 'lENSG00000236452', 'lENSG00000236463', 'lENSG00000236662', 'lENSG00000236723', 'lENSG00000236744', 'lENSG00000236758', 'lENSG00000236800', 'lENSG00000236828', 'lENSG00000236854', 'lENSG00000236921', 'lENSG00000236951', 'lENSG00000236953', 'lENSG00000236975', 'lENSG00000237015', 'lENSG00000237058', 'lENSG00000237200', 'lENSG00000237293', 'lENSG00000237312', 'lENSG00000237324', 'lENSG00000237331', 'lENSG00000237373', 'lENSG00000237435', 'lENSG00000237463', 'lENSG00000237477', 'lENSG00000237481', 'lENSG00000237494', 'lENSG00000237520', 'lENSG00000237571', 'lENSG00000237576', 'lENSG00000237581', 'lENSG00000237687', 'lENSG00000237734', 'lENSG00000237756', 'lENSG00000237768', 'lENSG00000237802', 'lENSG00000237919', 'lENSG00000237921', 'lENSG00000237937', 'lENSG00000237993', 'lENSG00000238131', 'lENSG00000238140', 'lENSG00000238185', 'lENSG00000238282', 'lENSG00000238291', 'lENSG00000239314', 'lENSG00000239415', 'lENSG00000239482', 'lENSG00000239593', 'lENSG00000240354', 'lENSG00000240868', 'lENSG00000241383', 'lENSG00000241397', 'lENSG00000241577', 'lENSG00000241666', 'lENSG00000241985', 'lENSG00000242012', 'lENSG00000242072', 'lENSG00000242339', 'lENSG00000242545', 'lENSG00000242568', 'lENSG00000242618', 'lENSG00000242795', 'lENSG00000242861', 'lENSG00000243230', 'lENSG00000243273', 'lENSG00000243368', 'lENSG00000243797', 'lENSG00000243903', 'lENSG00000243961', 'lENSG00000244278', 'lENSG00000244327', 'lENSG00000244461', 'lENSG00000244701', 'lENSG00000245385', 'lENSG00000246541', 'lENSG00000247867', 'lENSG00000248125', 'lENSG00000248145', 'lENSG00000248148', 'lENSG00000248172', 'lENSG00000248245', 'lENSG00000248358', 'lENSG00000248373', 'lENSG00000248393', 'lENSG00000248397', 'lENSG00000248416', 'lENSG00000248457', 'lENSG00000248482', 'lENSG00000248490', 'lENSG00000248576', 'lENSG00000248599', 'lENSG00000248627', 'lENSG00000248758', 'lENSG00000248789', 'lENSG00000248802', 'lENSG00000248925', 'lENSG00000248935', 'lENSG00000248969', 'lENSG00000248975', 'lENSG00000248984', 'lENSG00000248995', 'lENSG00000249066', 'lENSG00000249071', 'lENSG00000249099', 'lENSG00000249111', 'lENSG00000249114', 'lENSG00000249297', 'lENSG00000249334', 'lENSG00000249382', 'lENSG00000249409', 'lENSG00000249419', 'lENSG00000249426', 'lENSG00000249451', 'lENSG00000249474', 'lENSG00000249547', 'lENSG00000249605', 'lENSG00000249613', 'lENSG00000249706', 'lENSG00000249742', 'lENSG00000249753', 'lENSG00000249806', 'lENSG00000249830', 'lENSG00000249892', 'lENSG00000250092', 'lENSG00000250186', 'lENSG00000250195', 'lENSG00000250524', 'lENSG00000250541', 'lENSG00000250629', 'lENSG00000250646', 'lENSG00000250657', 'lENSG00000250665', 'lENSG00000250698', 'lENSG00000250761', 'lENSG00000250791', 'lENSG00000250820', 'lENSG00000250855', 'lENSG00000250865', 'lENSG00000250866', 'lENSG00000250877', 'lENSG00000250910', 'lENSG00000250917', 'lENSG00000250929', 'lENSG00000250945', 'lENSG00000250950', 'lENSG00000250955', 'lENSG00000250993', 'lENSG00000251059', 'lENSG00000251072', 'lENSG00000251088', 'lENSG00000251256', 'lENSG00000251266', 'lENSG00000251281', 'lENSG00000251283', 'lENSG00000251412', 'lENSG00000251414', 'lENSG00000251438', 'lENSG00000251688', 'lENSG00000253134', 'lENSG00000253142', 'lENSG00000253147', 'lENSG00000253171', 'lENSG00000253189', 'lENSG00000253356', 'lENSG00000253397', 'lENSG00000253456', 'lENSG00000253503', 'lENSG00000253507', 'lENSG00000253526', 'lENSG00000253530', 'lENSG00000253539', 'lENSG00000253577', 'lENSG00000253616', 'lENSG00000253619', 'lENSG00000253627', 'lENSG00000253643', 'lENSG00000253645', 'lENSG00000253660', 'lENSG00000253717', 'lENSG00000253722', 'lENSG00000253782', 'lENSG00000253834', 'lENSG00000253851', 'lENSG00000253858', 'lENSG00000253865', 'lENSG00000253871', 'lENSG00000253875', 'lENSG00000253880', 'lENSG00000253927', 'lENSG00000253976', 'lENSG00000254011', 'lENSG00000254021', 'lENSG00000254026', 'lENSG00000254031', 'lENSG00000254033', 'lENSG00000254035', 'lENSG00000254043', 'lENSG00000254084', 'lENSG00000254141', 'lENSG00000254177', 'lENSG00000254207', 'lENSG00000254239', 'lENSG00000254242', 'lENSG00000254263', 'lENSG00000254314', 'lENSG00000254330', 'lENSG00000254347', 'lENSG00000254350', 'lENSG00000254428', 'lENSG00000254429', 'lENSG00000254516', 'lENSG00000254526', 'lENSG00000254559', 'lENSG00000254563', 'lENSG00000254574', 'lENSG00000254592', 'lENSG00000254604', 'lENSG00000254620', 'lENSG00000254626', 'lENSG00000254627', 'lENSG00000254689', 'lENSG00000254739', 'lENSG00000254775', 'lENSG00000254787', 'lENSG00000254829', 'lENSG00000254842', 'lENSG00000254846', 'lENSG00000254847', 'lENSG00000254864', 'lENSG00000254879', 'lENSG00000254913', 'lENSG00000254921', 'lENSG00000254928', 'lENSG00000254930', 'lENSG00000254972', 'lENSG00000254983', 'lENSG00000254990', 'lENSG00000255027', 'lENSG00000255039', 'lENSG00000255041', 'lENSG00000255114', 'lENSG00000255121', 'lENSG00000255159', 'lENSG00000255167', 'lENSG00000255227', 'lENSG00000255241', 'lENSG00000255247', 'lENSG00000255252', 'lENSG00000255271', 'lENSG00000255300', 'lENSG00000255327', 'lENSG00000255343', 'lENSG00000255366', 'lENSG00000255375', 'lENSG00000255388', 'lENSG00000255443', 'lENSG00000255462', 'lENSG00000255478', 'lENSG00000255482', 'lENSG00000255487', 'lENSG00000255496', 'lENSG00000255498', 'lENSG00000255506', 'lENSG00000255528', 'lENSG00000255539', 'lENSG00000255555', 'lENSG00000255572', 'lENSG00000255580', 'lENSG00000255808', 'lENSG00000255893', 'lENSG00000255949', 'lENSG00000256007', 'lENSG00000256071', 'lENSG00000256072', 'lENSG00000256083', 'lENSG00000256226', 'lENSG00000256292', 'lENSG00000256314', 'lENSG00000256364', 'lENSG00000256448', 'lENSG00000256452', 'lENSG00000256482', 'lENSG00000256484', 'lENSG00000256568', 'lENSG00000256582', 'lENSG00000256670', 'lENSG00000256733', 'lENSG00000256897', 'lENSG00000256972', 'lENSG00000257004', 'lENSG00000257022', 'lENSG00000257096', 'lENSG00000257105', 'lENSG00000257137', 'lENSG00000257235', 'lENSG00000257261', 'lENSG00000257265', 'lENSG00000257271', 'lENSG00000257275', 'lENSG00000257381', 'lENSG00000257407', 'lENSG00000257470', 'lENSG00000257488', 'lENSG00000257494', 'lENSG00000257500', 'lENSG00000257514', 'lENSG00000257527', 'lENSG00000257587', 'lENSG00000257634', 'lENSG00000257653', 'lENSG00000257682', 'lENSG00000257750', 'lENSG00000257764', 'lENSG00000257787', 'lENSG00000257860', 'lENSG00000257904', 'lENSG00000257925', 'lENSG00000257997', 'lENSG00000258007', 'lENSG00000258084', 'lENSG00000258108', 'lENSG00000258167', 'lENSG00000258185', 'lENSG00000258210', 'lENSG00000258220', 'lENSG00000258234', 'lENSG00000258272', 'lENSG00000258292', 'lENSG00000258308', 'lENSG00000258312', 'lENSG00000258313', 'lENSG00000258323', 'lENSG00000258331', 'lENSG00000258378', 'lENSG00000258379', 'lENSG00000258390', 'lENSG00000258394', 'lENSG00000258451', 'lENSG00000258515', 'lENSG00000258516', 'lENSG00000258520', 'lENSG00000258610', 'lENSG00000258657', 'lENSG00000258690', 'lENSG00000258695', 'lENSG00000258698', 'lENSG00000258745', 'lENSG00000258784', 'lENSG00000258824', 'lENSG00000258826', 'lENSG00000258829', 'lENSG00000258850', 'lENSG00000258869', 'lENSG00000258892', 'lENSG00000258904', 'lENSG00000258908', 'lENSG00000258944', 'lENSG00000258958', 'lENSG00000259007', 'lENSG00000259026', 'lENSG00000259187', 'lENSG00000259188', 'lENSG00000259194', 'lENSG00000259211', 'lENSG00000259223', 'lENSG00000259250', 'lENSG00000259256', 'lENSG00000259265', 'lENSG00000259268', 'lENSG00000259290', 'lENSG00000259294', 'lENSG00000259307', 'lENSG00000259342', 'lENSG00000259351', 'lENSG00000259352', 'lENSG00000259360', 'lENSG00000259385', 'lENSG00000259432', 'lENSG00000259503', 'lENSG00000259532', 'lENSG00000259544', 'lENSG00000259595', 'lENSG00000259631', 'lENSG00000259636', 'lENSG00000259649', 'lENSG00000259659', 'lENSG00000259678', 'lENSG00000259757', 'lENSG00000259759', 'lENSG00000259767', 'lENSG00000259798', 'lENSG00000259805', 'lENSG00000259935', 'lENSG00000259955', 'lENSG00000259967', 'lENSG00000260003', 'lENSG00000260017', 'lENSG00000260022', 'lENSG00000260058', 'lENSG00000260158', 'lENSG00000260190', 'lENSG00000260237', 'lENSG00000260246', 'lENSG00000260304', 'lENSG00000260476', 'lENSG00000260586', 'lENSG00000260626', 'lENSG00000260659', 'lENSG00000260720', 'lENSG00000260741', 'lENSG00000260814', 'lENSG00000260884', 'lENSG00000260911', 'lENSG00000260934', 'lENSG00000260970', 'lENSG00000260986', 'lENSG00000260999', 'lENSG00000261014', 'lENSG00000261036', 'lENSG00000261065', 'lENSG00000261066', 'lENSG00000261070', 'lENSG00000261243', 'lENSG00000261248', 'lENSG00000261261', 'lENSG00000261266', 'lENSG00000261307', 'lENSG00000261332', 'lENSG00000261379', 'lENSG00000261432', 'lENSG00000261475', 'lENSG00000261507', 'lENSG00000261523', 'lENSG00000261552', 'lENSG00000261569', 'lENSG00000261633', 'lENSG00000261663', 'lENSG00000261671', 'lENSG00000261695', 'lENSG00000261697', 'lENSG00000261723', 'lENSG00000261731', 'lENSG00000261761', 'lENSG00000261838', 'lENSG00000261864', 'lENSG00000262298', 'lENSG00000262434', 'lENSG00000262533', 'lENSG00000262652', 'lENSG00000262692', 'lENSG00000262777', 'lENSG00000262810', 'lENSG00000263080', 'lENSG00000263237', 'lENSG00000263257', 'lENSG00000263300', 'lENSG00000263321', 'lENSG00000263335', 'lENSG00000263417', 'lENSG00000263466', 'lENSG00000263594', 'lENSG00000263684', 'lENSG00000263709', 'lENSG00000263765', 'lENSG00000263797', 'lENSG00000263847', 'lENSG00000263952', 'lENSG00000263982', 'lENSG00000263986', 'lENSG00000264016', 'lENSG00000264023', 'lENSG00000264066', 'lENSG00000264107', 'lENSG00000264116', 'lENSG00000264151', 'lENSG00000264254', 'lENSG00000264269', 'lENSG00000264486', 'lENSG00000264513', 'lENSG00000264520', 'lENSG00000264546', 'lENSG00000264558', 'lENSG00000264577', 'lENSG00000264595', 'lENSG00000264769', 'lENSG00000264924', 'lENSG00000265125', 'lENSG00000265168', 'lENSG00000265205', 'lENSG00000265265', 'lENSG00000265359', 'lENSG00000265400', 'lENSG00000265443', 'lENSG00000265554', 'lENSG00000265625', 'lENSG00000265643', 'lENSG00000265728', 'lENSG00000265739', 'lENSG00000265791', 'lENSG00000265800', 'lENSG00000265844', 'lENSG00000265845', 'lENSG00000265980', 'lENSG00000265987', 'lENSG00000265994', 'lENSG00000266102', 'lENSG00000266153', 'lENSG00000266311', 'lENSG00000266341', 'lENSG00000266368', 'lENSG00000266397', 'lENSG00000266535', 'lENSG00000266538', 'lENSG00000266651', 'lENSG00000266696', 'lENSG00000266801', 'lENSG00000266839', 'lENSG00000266844', 'lENSG00000266877', 'lENSG00000266936', 'lENSG00000266981', 'lENSG00000266985', 'lENSG00000266993', 'lENSG00000267028', 'lENSG00000267057', 'lENSG00000267063', 'lENSG00000267177', 'lENSG00000267225', 'lENSG00000267234', 'lENSG00000267255', 'lENSG00000267263', 'lENSG00000267274', 'lENSG00000267286', 'lENSG00000267320', 'lENSG00000267341', 'lENSG00000267354', 'lENSG00000267364', 'lENSG00000267378', 'lENSG00000267387', 'lENSG00000267436', 'lENSG00000267437', 'lENSG00000267501', 'lENSG00000267510', 'lENSG00000267543', 'lENSG00000267583', 'lENSG00000267593', 'lENSG00000267615', 'lENSG00000267617', 'lENSG00000267633', 'lENSG00000267638', 'lENSG00000267665', 'lENSG00000267711', 'lENSG00000267838', 'lENSG00000267922', 'lENSG00000268015', 'lENSG00000268049', 'lENSG00000268051', 'lENSG00000268069', 'lENSG00000268078', 'lENSG00000268191', 'lENSG00000268203', 'lENSG00000268240', 'lENSG00000268292', 'lENSG00000268296', 'lENSG00000268605', 'lENSG00000268734', 'lENSG00000268743', 'lENSG00000268798', 'lENSG00000268833', 'lENSG00000268906', 'lENSG00000268912', 'lENSG00000268981', 'lENSG00000269044', 'lENSG00000269085', 'lENSG00000269145', 'lENSG00000269191', 'lENSG00000269321', 'lENSG00000269350', 'lENSG00000269504', 'lENSG00000269578', 'lENSG00000269621', 'lENSG00000269656', 'lENSG00000269729', 'lENSG00000269802', 'lENSG00000269826', 'lENSG00000269843', 'lENSG00000269867', 'lENSG00000269901', 'lENSG00000269950', 'lENSG00000270726', 'lENSG00000270871', 'lENSG00000270996', 'lENSG00000271218', 'lENSG00000271314', 'lENSG00000271579', 'lENSG00000271717', 'lENSG00000271763', 'lENSG00000271787', 'lENSG00000271833', 'lENSG00000271901', 'lENSG00000271936', 'lENSG00000271983', 'lENSG00000272072', 'lENSG00000272149', 'lENSG00000272159', 'lENSG00000272338', 'lENSG00000272510', 'lENSG00000272540', 'lENSG00000272575', 'lENSG00000272642', 'lENSG00000272661', 'lENSG00000272742', 'lENSG00000272810', 'lENSG00000272814', 'lENSG00000272866', 'lENSG00000272995', 'lENSG00000273110', 'lENSG00000273198', 'lENSG00000273226', 'lENSG00000273257', 'lENSG00000273271', 'lENSG00000273275', 'lENSG00000273360', 'lENSG00000273449', 'lENSG00000273485', 'lENSG00000273493', 'lENSG00000273550', 'lENSG00000273568', 'lENSG00000273838', 'lENSG00000273877', 'lENSG00000273919', 'lENSG00000274177', 'lENSG00000274227', 'lENSG00000274561', 'lENSG00000274624', 'lENSG00000274678', 'lENSG00000274737', 'lENSG00000274863', 'lENSG00000274893', 'lENSG00000275173', 'lENSG00000275345', 'lENSG00000275356', 'lENSG00000275401', 'lENSG00000275484', 'lENSG00000275576', 'lENSG00000275638', 'lENSG00000275871', 'lENSG00000275963', 'lENSG00000276054', 'lENSG00000276107', 'lENSG00000276266', 'lENSG00000276488', 'lENSG00000276527', 'lENSG00000276533', 'lENSG00000276668', 'lENSG00000276997', 'lENSG00000277173', 'lENSG00000277332', 'lENSG00000277639', 'lENSG00000277675', 'lENSG00000278000', 'lENSG00000278013', 'lENSG00000278202', 'lENSG00000278351', 'lENSG00000278630', 'lENSG00000278766', 'lENSG00000278944', 'lENSG00000279088', 'lENSG00000279240', 'lENSG00000279484', 'lENSG00000279501', 'lENSG00000279623', 'lENSG00000279687', 'lENSG00000279751', 'lENSG00000279920', 'lENSG00000280206', 'lENSG00000280224', 'lENSG00000280455', 'lENSG00000280580', 'lENSG00000280703', 'lENSG00000280870', 'lENSG00000280881', 'lENSG00000281021', 'lENSG00000282478', 'lENSG00000282828', 'lENSG00000282950', 'lENSG00000283286', 'lENSG00000283347', 'lENSG00000283375', 'lENSG00000283436', 'lENSG00000283457', 'lENSG00000283573', 'lENSG00000283631', 'lENSG00000283973', 'lENSG00000284376', 'lENSG00000284418', 'lENSG00000284513', 'lENSG00000284608', 'lENSG00000284699', 'lENSG00000284846', 'lENSG00000284994', 'lENSG00000285040', 'lENSG00000285117', 'lENSG00000285325', 'lENSG00000285354', 'lENSG00000285409', 'lENSG00000285518', 'lENSG00000285524', 'lENSG00000285550', 'lENSG00000285551', 'lENSG00000285619', 'lENSG00000285621', 'lENSG00000285654', 'lENSG00000285699', 'lENSG00000285709', 'lENSG00000285780', 'lENSG00000285857', 'lENSG00000285861', 'lENSG00000285954', 'lENSG00000285998', 'lENSG00000286002', 'lENSG00000286010', 'lENSG00000286018', 'lENSG00000286050', 'lENSG00000286076', 'lENSG00000286089', 'lENSG00000286093', 'lENSG00000286101', 'lENSG00000286168', 'lENSG00000286188', 'lENSG00000286194', 'lENSG00000286197', 'lENSG00000286206', 'lENSG00000286242', 'lENSG00000286244', 'lENSG00000286303', 'lENSG00000286333', 'lENSG00000286338', 'lENSG00000286357', 'lENSG00000286430', 'lENSG00000286436', 'lENSG00000286441', 'lENSG00000286453', 'lENSG00000286461', 'lENSG00000286474', 'lENSG00000286565', 'lENSG00000286578', 'lENSG00000286581', 'lENSG00000286584', 'lENSG00000286588', 'lENSG00000286598', 'lENSG00000286617', 'lENSG00000286639', 'lENSG00000286670', 'lENSG00000286689', 'lENSG00000286690', 'lENSG00000286698', 'lENSG00000286715', 'lENSG00000286716', 'lENSG00000286722', 'lENSG00000286735', 'lENSG00000286738', 'lENSG00000286740', 'lENSG00000286751', 'lENSG00000286759', 'lENSG00000286767', 'lENSG00000286770', 'lENSG00000286776', 'lENSG00000286781', 'lENSG00000286795', 'lENSG00000286803', 'lENSG00000286820', 'lENSG00000286822', 'lENSG00000286838', 'lENSG00000286843', 'lENSG00000286850', 'lENSG00000286887', 'lENSG00000286908', 'lENSG00000286963', 'lENSG00000287005', 'lENSG00000287006', 'lENSG00000287020', 'lENSG00000287028', 'lENSG00000287030', 'lENSG00000287066', 'lENSG00000287094', 'lENSG00000287107', 'lENSG00000287108', 'lENSG00000287128', 'lENSG00000287155', 'lENSG00000287159', 'lENSG00000287191', 'lENSG00000287198', 'lENSG00000287202', 'lENSG00000287213', 'lENSG00000287270', 'lENSG00000287285', 'lENSG00000287321', 'lENSG00000287335', 'lENSG00000287358', 'lENSG00000287359', 'lENSG00000287366', 'lENSG00000287367', 'lENSG00000287381', 'lENSG00000287423', 'lENSG00000287451', 'lENSG00000287456', 'lENSG00000287462', 'lENSG00000287511', 'lENSG00000287545', 'lENSG00000287550', 'lENSG00000287551', 'lENSG00000287556', 'lENSG00000287587', 'lENSG00000287618', 'lENSG00000287660', 'lENSG00000287664', 'lENSG00000287684', 'lENSG00000287687', 'lENSG00000287691', 'lENSG00000287704', 'lENSG00000211683', 'lENSG00000214955', 'lENSG00000223379', 'lENSG00000223795', 'lENSG00000224884', 'lENSG00000225393', 'lENSG00000225836', 'lENSG00000228255', 'lENSG00000228538', 'lENSG00000229458', 'lENSG00000229628', 'lENSG00000229964', 'lENSG00000230600', 'lENSG00000230649', 'lENSG00000231212', 'lENSG00000231616', 'lENSG00000232056', 'lENSG00000232636', 'lENSG00000233200', 'lENSG00000233987', 'lENSG00000234083', 'lENSG00000234810', 'lENSG00000234998', 'lENSG00000235337', 'lENSG00000235795', 'lENSG00000236453', 'lENSG00000239801', 'lENSG00000241792', 'lENSG00000242375', 'lENSG00000247810', 'lENSG00000248359', 'lENSG00000248991', 'lENSG00000249159', 'lENSG00000250481', 'lENSG00000250567', 'lENSG00000250670', 'lENSG00000250686', 'lENSG00000250777', 'lENSG00000250948', 'lENSG00000251506', 'lENSG00000251654', 'lENSG00000253766', 'lENSG00000254927', 'lENSG00000255279', 'lENSG00000255325', 'lENSG00000255644', 'lENSG00000257603', 'lENSG00000257715', 'lENSG00000257962', 'lENSG00000258088', 'lENSG00000258386', 'lENSG00000258949', 'lENSG00000259123', 'lENSG00000259209', 'lENSG00000259222', 'lENSG00000259244', 'lENSG00000259255', 'lENSG00000259274', 'lENSG00000259306', 'lENSG00000259407', 'lENSG00000260511', 'lENSG00000260983', 'lENSG00000261193', 'lENSG00000261445', 'lENSG00000261775', 'lENSG00000264660', 'lENSG00000265174', 'lENSG00000267081', 'lENSG00000267521', 'lENSG00000267581', 'lENSG00000269460', 'lENSG00000272304', 'lENSG00000272369', 'lENSG00000273138', 'lENSG00000273486', 'lENSG00000274902', 'lENSG00000275232', 'lENSG00000278514', 'lENSG00000279672', 'lENSG00000282887', 'lENSG00000286164', 'lENSG00000226032', 'lENSG00000235736', 'lENSG00000251613', 'lENSG00000258631', 'lENSG00000279472', 'lENSG00000271870', 'lENSG00000265556', 'lENSG00000271840', 'lENSG00000253701', 'lENSG00000281408', 'lENSG00000268166', 'lALG13-AS1', 'lDGUOK-AS1', 'lDSCR8', 'lMIR145', 'lMIR24-2', 'lMIR3179-2', 'lMIR3654', 'lACA64', 'lCDKN2B-AS', 'lC3orf65']","[0.0, 1.0, 1.0, 1.0, 0.0, 1.0, 0.0, 1.0, 0.0, 0.0, 0.0, 1.0, 1.0, 1.0, 0.0, 0.0, 0.0, 1.0, 0.0, 0.0, 0.0, 0.0, 0.0, 0.0, 0.0, 0.0, 1.0, 1.0, 1.0, 1.0, 1.0, 0.0, 1.0, 0.0, 1.0, 1.0, 0.0, 1.0, 1.0, 0.0, 0.0, 1.0, 0.0, 0.0, 0.0, 1.0, 0.0, 1.0, 1.0, 1.0, 0.0, 1.0, 1.0, 0.0, 0.0, 1.0, 0.0, 0.0, 1.0, 1.0, 1.0, 1.0, 0.0, 0.0, 0.0, 0.0, 1.0, 1.0, 1.0, 1.0, 1.0, 0.0, 1.0, 0.0, 0.0, 1.0, 1.0, 1.0, 1.0, 0.0, 0.0, 1.0, 1.0, 0.0, 1.0, 0.0, 1.0, 1.0, 0.0, 0.0, 1.0, 1.0, 0.0, 0.0, 1.0, 1.0, 0.0, 0.0, 0.0, 0.0, 1.0, 0.0, 0.0, 1.0, 1.0, 1.0, 1.0, 1.0, 1.0, 0.0, 0.0, 1.0, 1.0, 1.0, 1.0, 1.0, 0.0, 1.0, 1.0, 1.0, 0.0, 1.0, 0.0, 0.0, 0.0, 0.0, 1.0, 1.0, 1.0, 0.0, 0.0, 0.0, 0.0, 1.0, 1.0, 1.0, 1.0, 0.0, 1.0, 0.0, 1.0, 1.0, 1.0, 0.0, 0.0, 0.0, 0.0, 1.0, 0.0, 1.0, 0.0, 1.0, 1.0, 0.0, 1.0, 0.0, 1.0, 1.0, 1.0, 0.0, 1.0, 1.0, 0.0, 0.0, 1.0, 1.0, 0.0, 0.0, 1.0, 0.0, 1.0, 0.0, 0.0, 1.0, 0.0, 1.0, 0.0, 0.0, 1.0, 0.0, 0.0, 1.0, 0.0, 0.0, 1.0, 0.0, 0.0, 1.0, 0.0, 0.0, 0.0, 1.0, 0.0, 0.0, 1.0, 0.0, 1.0, 1.0, 0.0, 0.0, 0.0, 1.0, 0.0, 0.0, 0.0, 1.0, 1.0, 1.0, 1.0, 1.0, 1.0, 0.0, 1.0, 1.0, 0.0, 1.0, 0.0, 1.0, 1.0, 1.0, 0.0, 1.0, 1.0, 0.0, 1.0, 1.0, 0.0, 0.0, 0.0, 1.0, 0.0, 0.0, 1.0, 1.0, 1.0, 1.0, 1.0, 1.0, 0.0, 1.0, 1.0, 1.0, 1.0, 1.0, 0.0, 0.0, 1.0, 1.0, 1.0, 0.0, 1.0, 1.0, 0.0, 1.0, 1.0, 1.0, 1.0, 1.0, 1.0, 0.0, 1.0, 1.0, 0.0, 1.0, 1.0, 1.0, 0.0, 1.0, 1.0, 1.0, 0.0, 1.0, 0.0, 0.0, 0.0, 0.0, 1.0, 0.0, 0.0, 1.0, 1.0, 0.0, 1.0, 0.0, 0.0, 1.0, 0.0, 1.0, 1.0, 0.0, 0.0, 1.0, 0.0, 0.0, 0.0, 0.0, 0.0, 0.0, 1.0, 1.0, 1.0, 1.0, 1.0, 0.0, 0.0, 0.0, 0.0, 0.0, 1.0, 1.0, 1.0, 1.0, 0.0, 0.0, 1.0, 0.0, 1.0, 1.0, 0.0, 1.0, 0.0, 1.0, 1.0, 1.0, 1.0, 1.0, 1.0, 1.0, 1.0, 0.0, 1.0, 0.0, 0.0, 1.0, 1.0, 1.0, 1.0, 1.0, 0.0, 1.0, 0.0, 1.0, 1.0, 0.0, 0.0, 1.0, 1.0, 0.0, 1.0, 0.0, 1.0, 0.0, 0.0, 0.0, 0.0, 0.0, 1.0, 0.0, 1.0, 1.0, 1.0, 0.0, 0.0, 1.0, 0.0, 0.0, 1.0, 0.0, 0.0, 1.0, 1.0, 0.0, 1.0, 1.0, 1.0, 0.0, 0.0, 0.0, 1.0, 0.0, 1.0, 0.0, 1.0, 1.0, 1.0, 0.0, 1.0, 0.0, 0.0, 1.0, 0.0, 0.0, 1.0, 1.0, 1.0, 0.0, 1.0, 1.0, 0.0, 0.0, 1.0, 1.0, 0.0, 0.0, 1.0, 1.0, 0.0, 0.0, 1.0, 0.0, 0.0, 0.0, 0.0, 0.0, 1.0, 0.0, 1.0, 1.0, 1.0, 1.0, 0.0, 0.0, 0.0, 0.0, 1.0, 0.0, 1.0, 0.0, 0.0, 0.0, 0.0, 1.0, 1.0, 1.0, 1.0, 0.0, 0.0, 0.0, 1.0, 1.0, 0.0, 0.0, 0.0, 0.0, 1.0, 1.0, 0.0, 0.0, 0.0, 0.0, 0.0, 0.0, 0.0, 1.0, 0.0, 1.0, 0.0, 0.0, 0.0, 1.0, 0.0, 0.0, 1.0, 0.0, 0.0, 0.0, 0.0, 0.0, 0.0, 1.0, 0.0, 1.0, 1.0, 0.0, 0.0, 0.0, 1.0, 0.0, 0.0, 1.0, 0.0, 1.0, 0.0, 1.0, 0.0, 1.0, 1.0, 1.0, 1.0, 1.0, 1.0, 1.0, 1.0, 1.0, 0.0, 0.0, 0.0, 1.0, 0.0, 1.0, 0.0, 1.0, 0.0, 0.0, 0.0, 0.0, 1.0, 1.0, 0.0, 1.0, 0.0, 0.0, 1.0, 0.0, 1.0, 1.0, 1.0, 0.0, 1.0, 0.0, 1.0, 0.0, 1.0, 0.0, 1.0, 1.0, 0.0, 0.0, 1.0, 0.0, 1.0, 0.0, 0.0, 1.0, 1.0, 1.0, 1.0, 1.0, 0.0, 1.0, 0.0, 1.0, 1.0, 1.0, 1.0, 0.0, 0.0, 0.0, 1.0, 0.0, 1.0, 1.0, 1.0, 0.0, 1.0, 1.0, 1.0, 0.0, 0.0, 0.0, 0.0, 0.0, 0.0, 0.0, 0.0, 0.0, 1.0, 0.0, 1.0, 0.0, 0.0, 1.0, 0.0, 1.0, 0.0, 1.0, 0.0, 1.0, 1.0, 1.0, 0.0, 1.0, 1.0, 1.0, 1.0, 1.0, 1.0, 0.0, 1.0, 1.0, 0.0, 1.0, 1.0, 1.0, 0.0, 0.0, 0.0, 1.0, 0.0, 1.0, 0.0, 1.0, 1.0, 1.0, 1.0, 1.0, 0.0, 1.0, 0.0, 0.0, 1.0, 0.0, 0.0, 1.0, 1.0, 1.0, 0.0, 0.0, 1.0, 1.0, 1.0, 1.0, 1.0, 0.0, 1.0, 0.0, 0.0, 1.0, 1.0, 0.0, 1.0, 1.0, 0.0, 0.0, 1.0, 1.0, 0.0, 0.0, 0.0, 1.0, 1.0, 1.0, 0.0, 1.0, 0.0, 1.0, 1.0, 0.0, 1.0, 1.0, 1.0, 0.0, 0.0, 0.0, 0.0, 1.0, 0.0, 1.0, 1.0, 1.0, 1.0, 0.0, 0.0, 1.0, 1.0, 1.0, 1.0, 0.0, 0.0, 1.0, 0.0, 1.0, 1.0, 1.0, 0.0, 1.0, 0.0, 0.0, 1.0, 0.0, 1.0, 0.0, 0.0, 1.0, 0.0, 1.0, 0.0, 1.0, 1.0, 0.0, 0.0, 1.0, 1.0, 0.0, 0.0, 1.0, 0.0, 1.0, 0.0, 1.0, 0.0, 0.0, 1.0, 1.0, 0.0, 0.0, 1.0, 0.0, 0.0, 1.0, 0.0, 1.0, 1.0, 0.0, 1.0, 1.0, 0.0, 0.0, 1.0, 0.0, 1.0, 1.0, 1.0, 1.0, 1.0, 0.0, 0.0, 0.0, 0.0, 1.0, 0.0, 1.0, 0.0, 1.0, 0.0, 1.0, 1.0, 0.0, 1.0, 0.0, 1.0, 0.0, 0.0, 1.0, 1.0, 1.0, 0.0, 0.0, 0.0, 0.0, 1.0, 0.0, 1.0, 0.0, 1.0, 1.0, 1.0, 0.0, 0.0, 0.0, 0.0, 1.0, 1.0, 1.0, 0.0, 0.0, 0.0, 0.0, 1.0, 0.0, 0.0, 0.0, 0.0, 1.0, 0.0, 0.0, 1.0, 0.0, 0.0, 0.0, 1.0, 0.0, 1.0, 0.0, 1.0, 0.0, 1.0, 0.0, 0.0, 1.0, 0.0, 0.0, 1.0, 1.0, 0.0, 1.0, 1.0, 0.0, 1.0, 0.0, 0.0, 1.0, 0.0, 1.0, 0.0, 1.0, 0.0, 0.0, 1.0, 0.0, 1.0, 0.0, 1.0, 1.0, 1.0, 0.0, 1.0, 1.0, 1.0, 1.0, 1.0, 0.0, 0.0, 1.0, 1.0, 0.0, 1.0, 1.0, 0.0, 1.0, 1.0, 0.0, 0.0, 0.0, 0.0, 0.0, 0.0, 1.0, 0.0, 0.0, 1.0, 1.0, 1.0, 0.0, 0.0, 1.0, 0.0, 1.0, 0.0, 1.0, 0.0, 1.0, 1.0, 0.0, 0.0, 0.0, 0.0, 1.0, 1.0, 1.0, 0.0, 0.0, 1.0, 0.0, 0.0, 0.0, 1.0, 1.0, 1.0, 1.0, 1.0, 1.0, 1.0, 0.0, 1.0, 1.0, 1.0, 0.0, 1.0, 1.0, 1.0, 1.0, 0.0, 0.0, 1.0, 0.0, 0.0, 1.0, 0.0, 0.0, 1.0, 1.0, 1.0, 0.0, 0.0, 0.0, 1.0, 0.0, 0.0, 1.0, 1.0, 1.0, 1.0, 0.0, 1.0, 1.0, 1.0, 1.0, 0.0, 0.0, 0.0, 0.0, 1.0, 0.0, 0.0, 1.0, 1.0, 0.0, 0.0, 1.0, 0.0, 1.0, 1.0, 1.0, 0.0, 0.0, 1.0, 0.0, 0.0, 0.0, 0.0, 1.0, 1.0, 0.0, 1.0, 1.0, 1.0, 0.0, 0.0, 1.0, 0.0, 0.0, 1.0, 0.0, 1.0, 1.0, 1.0, 1.0, 1.0, 0.0, 1.0, 1.0, 1.0, 1.0, 0.0, 0.0, 1.0, 0.0, 0.0, 0.0, 0.0, 0.0, 1.0, 1.0, 0.0, 1.0, 0.0, 0.0, 1.0, 1.0, 0.0, 1.0, 0.0, 0.0, 1.0, 1.0, 1.0, 0.0, 1.0, 0.0, 0.0, 0.0, 0.0, 1.0, 1.0, 1.0, 0.0, 0.0, 0.0, 0.0, 0.0, 0.0, 1.0, 1.0, 0.0, 1.0, 1.0, 0.0, 0.0, 1.0, 1.0, 1.0, 1.0, 0.0, 0.0, 1.0, 0.0, 0.0, 0.0, 1.0, 0.0, 1.0, 0.0, 0.0, 1.0, 0.0, 0.0, 1.0, 0.0, 1.0, 1.0, 0.0, 1.0, 1.0, 1.0, 0.0, 0.0, 0.0, 0.0, 1.0, 0.0, 1.0, 1.0, 1.0, 1.0, 1.0, 1.0, 0.0, 0.0, 0.0, 0.0, 1.0, 1.0, 0.0, 0.0, 1.0, 0.0, 1.0, 0.0, 0.0, 1.0, 1.0, 0.0, 0.0, 1.0, 0.0, 1.0, 0.0, 0.0, 0.0, 0.0, 0.0, 1.0, 0.0, 1.0, 1.0, 1.0, 1.0, 1.0, 0.0, 0.0, 0.0, 0.0, 1.0, 0.0, 1.0, 1.0, 0.0, 1.0, 1.0, 1.0, 1.0, 1.0, 0.0, 0.0, 0.0, 0.0, 1.0, 1.0, 1.0, 1.0, 0.0, 0.0, 1.0, 0.0, 1.0, 1.0, 0.0, 0.0, 1.0, 0.0, 0.0, 1.0, 1.0, 1.0, 0.0, 1.0, 1.0, 1.0, 1.0, 1.0, 1.0, 0.0, 1.0, 0.0, 1.0, 0.0, 1.0, 1.0, 1.0, 1.0, 0.0, 1.0, 1.0, 0.0, 0.0, 0.0, 1.0, 0.0, 0.0, 1.0, 0.0, 0.0, 0.0, 1.0, 1.0, 1.0, 0.0, 1.0, 1.0, 1.0, 0.0, 1.0, 0.0, 0.0, 0.0, 0.0, 0.0, 1.0, 1.0, 0.0, 1.0, 0.0, 0.0, 0.0, 1.0, 1.0, 1.0, 0.0, 0.0, 0.0, 0.0, 1.0, 0.0, 1.0, 1.0, 0.0, 0.0, 1.0, 1.0, 1.0, 1.0, 1.0, 0.0, 0.0, 1.0, 0.0, 1.0, 1.0, 1.0, 1.0, 1.0, 0.0, 0.0, 0.0, 1.0, 1.0, 1.0, 1.0, 1.0, 0.0, 0.0, 1.0, 0.0, 1.0, 1.0, 1.0, 0.0, 0.0, 1.0, 0.0, 0.0, 0.0, 1.0, 0.0, 1.0, 1.0, 1.0, 1.0, 0.0, 0.0, 1.0, 1.0, 0.0, 0.0, 0.0, 1.0, 1.0, 0.0, 1.0, 1.0, 0.0, 1.0, 0.0, 0.0, 0.0, 1.0, 1.0, 0.0, 0.0, 1.0, 0.0, 0.0, 1.0, 1.0, 0.0, 0.0, 0.0, 1.0, 1.0, 1.0, 1.0, 0.0, 0.0, 1.0, 1.0, 1.0, 0.0, 0.0, 0.0, 1.0, 0.0, 1.0, 0.0, 1.0, 0.0, 1.0, 0.0, 1.0, 1.0, 1.0, 1.0, 1.0, 0.0, 0.0, 0.0, 1.0, 0.0, 0.0, 0.0, 0.0, 0.0, 0.0, 0.0, 0.0, 0.0, 1.0, 0.0, 0.0, 0.0, 0.0, 0.0, 1.0, 0.0, 1.0, 0.0, 0.0, 1.0, 1.0, 0.0, 0.0, 1.0, 0.0, 1.0, 0.0, 1.0, 1.0, 1.0, 0.0, 0.0, 0.0, 0.0, 0.0, 1.0, 0.0, 1.0, 1.0, 1.0, 1.0, 1.0, 0.0, 1.0, 1.0, 1.0, 1.0, 1.0, 1.0, 1.0, 1.0, 1.0, 1.0, 1.0, 1.0, 1.0, 1.0, 1.0, 1.0, 1.0, 1.0, 0.0, 0.0, 1.0, 0.0, 0.0, 1.0, 1.0, 1.0, 0.0, 1.0, 0.0, 0.0, 0.0, 1.0, 1.0, 1.0, 1.0, 1.0, 1.0, 0.0, 0.0, 1.0, 1.0, 1.0, 0.0, 1.0, 1.0, 1.0, 1.0, 1.0, 1.0, 0.0, 0.0, 0.0, 0.0, 1.0, 1.0, 1.0, 0.0, 1.0, 1.0, 1.0, 0.0, 1.0, 1.0, 0.0, 0.0, 0.0, 1.0, 0.0, 0.0, 1.0, 1.0, 0.0, 1.0, 1.0, 1.0, 1.0, 1.0, 0.0, 1.0, 1.0, 0.0, 1.0, 0.0, 1.0, 1.0, 0.0, 0.0, 0.0, 0.0, 0.0, 0.0, 0.0, 0.0, 0.0, 0.0, 1.0, 1.0, 1.0, 0.0, 1.0, 1.0, 1.0, 0.0, 1.0, 1.0, 0.0, 0.0, 1.0, 0.0, 1.0, 1.0, 1.0, 0.0, 0.0, 0.0, 0.0, 0.0, 0.0, 0.0, 0.0, 0.0, 1.0, 1.0, 0.0, 1.0, 0.0, 1.0, 1.0, 1.0, 0.0, 0.0, 0.0, 1.0, 0.0, 1.0, 1.0, 0.0, 1.0, 0.0, 0.0, 0.0, 0.0, 1.0, 1.0, 1.0, 1.0, 1.0, 0.0, 0.0, 0.0, 0.0, 0.0, 1.0, 0.0, 0.0, 0.0, 1.0, 1.0, 0.0, 0.0, 0.0, 1.0, 0.0, 0.0, 0.0, 0.0, 1.0, 1.0, 0.0, 1.0, 0.0, 0.0, 0.0, 1.0, 1.0, 0.0, 0.0, 1.0, 1.0, 1.0, 0.0, 0.0, 1.0, 0.0, 1.0, 1.0, 1.0, 0.0, 1.0, 1.0, 1.0, 1.0, 0.0, 0.0, 0.0, 1.0, 0.0, 0.0, 0.0, 0.0, 0.0, 0.0, 0.0, 0.0, 0.0, 1.0, 1.0, 1.0, 0.0, 1.0, 0.0, 1.0, 0.0, 1.0, 1.0, 0.0, 0.0, 0.0, 1.0, 0.0, 1.0, 0.0, 1.0, 1.0, 0.0, 0.0, 1.0, 0.0, 1.0, 1.0, 0.0, 0.0, 1.0, 1.0, 1.0, 0.0, 1.0, 1.0, 0.0, 1.0, 0.0, 1.0, 0.0, 0.0, 0.0, 0.0, 0.0, 1.0, 0.0, 0.0, 1.0, 1.0, 0.0, 0.0, 0.0, 0.0, 0.0, 1.0, 1.0, 1.0, 1.0, 0.0, 0.0, 1.0, 1.0, 0.0, 0.0, 0.0, 0.0, 0.0, 0.0, 1.0, 1.0, 0.0, 1.0, 1.0, 0.0, 0.0, 1.0, 1.0, 0.0, 0.0, 0.0, 0.0, 0.0, 0.0, 1.0, 0.0, 1.0, 0.0, 0.0, 0.0, 0.0, 0.0, 1.0, 1.0, 1.0, 0.0, 1.0, 0.0, 1.0, 0.0, 1.0, 0.0, 1.0, 0.0, 0.0, 1.0, 0.0, 0.0, 1.0, 0.0, 0.0, 0.0, 0.0, 1.0, 1.0, 1.0, 0.0, 1.0, 1.0, 0.0, 1.0, 0.0, 0.0, 0.0, 0.0, 1.0, 1.0, 1.0, 0.0, 1.0, 0.0, 1.0, 1.0, 0.0, 1.0, 0.0, 1.0, 0.0, 0.0, 0.0, 1.0, 1.0, 1.0, 1.0, 1.0, 1.0, 1.0, 0.0, 0.0, 0.0, 1.0, 0.0, 1.0, 0.0, 0.0, 1.0, 0.0, 1.0, 0.0, 0.0, 1.0, 0.0, 1.0, 0.0, 1.0, 0.0, 1.0, 1.0, 1.0, 1.0, 1.0, 0.0, 0.0, 0.0, 0.0, 0.0, 1.0, 0.0, 0.0, 1.0, 1.0, 1.0, 0.0, 1.0, 0.0, 1.0, 0.0, 1.0, 1.0, 0.0, 0.0, 1.0, 1.0, 0.0, 1.0, 1.0, 0.0, 1.0, 1.0, 0.0, 1.0, 0.0, 1.0, 1.0, 0.0, 0.0, 1.0, 0.0, 0.0, 0.0, 1.0, 0.0, 1.0, 0.0, 1.0, 0.0, 1.0, 0.0, 0.0, 1.0, 0.0, 1.0, 0.0, 1.0, 0.0, 1.0, 0.0, 0.0, 1.0, 1.0, 1.0, 1.0, 0.0, 1.0, 0.0, 1.0, 1.0, 0.0, 1.0, 0.0, 1.0, 1.0, 1.0, 0.0, 1.0, 0.0, 1.0, 0.0, 1.0, 0.0, 0.0, 0.0, 1.0, 1.0, 1.0, 0.0, 1.0, 0.0, 1.0, 0.0, 1.0, 1.0, 1.0, 1.0, 0.0, 1.0, 0.0, 1.0, 0.0, 1.0, 1.0, 1.0, 0.0, 0.0, 0.0, 1.0, 1.0, 0.0, 1.0, 0.0, 0.0, 0.0, 0.0, 1.0, 1.0, 1.0, 1.0, 1.0, 0.0, 1.0, 0.0, 1.0, 0.0, 0.0, 0.0, 1.0, 1.0, 0.0, 1.0, 0.0, 1.0, 1.0, 0.0, 1.0, 1.0, 0.0, 0.0, 1.0, 0.0, 1.0, 1.0, 0.0, 0.0, 0.0, 1.0, 1.0, 1.0, 0.0, 1.0, 0.0, 0.0, 1.0, 1.0, 1.0, 1.0, 1.0, 0.0, 0.0, 1.0, 0.0, 1.0, 0.0, 0.0, 1.0, 0.0, 1.0, 1.0, 1.0, 0.0, 0.0, 0.0, 1.0, 0.0, 1.0, 1.0, 1.0, 0.0, 0.0, 0.0, 1.0, 1.0, 1.0, 0.0, 1.0, 0.0, 1.0, 0.0, 0.0, 0.0, 1.0, 0.0, 1.0, 1.0, 1.0, 0.0, 1.0, 0.0, 0.0, 0.0, 0.0, 1.0, 1.0, 0.0, 0.0, 1.0, 0.0, 0.0, 0.0, 1.0, 0.0, 0.0, 0.0, 1.0, 0.0, 1.0, 0.0, 0.0, 1.0, 1.0, 0.0, 1.0, 1.0, 1.0, 1.0, 1.0, 1.0, 0.0, 0.0, 0.0, 1.0, 0.0, 0.0, 0.0, 0.0, 1.0, 1.0, 0.0, 1.0, 1.0, 1.0, 1.0, 0.0, 0.0, 1.0, 0.0, 0.0, 1.0, 1.0, 0.0, 1.0, 1.0, 0.0, 0.0, 1.0, 0.0, 0.0, 0.0, 1.0, 1.0, 0.0, 1.0, 0.0, 1.0, 1.0, 0.0, 1.0, 0.0, 1.0, 0.0, 0.0, 1.0, 1.0, 1.0, 0.0, 0.0, 0.0, 1.0, 1.0, 1.0, 0.0, 1.0, 0.0, 0.0, 1.0, 0.0, 0.0, 1.0, 1.0, 1.0, 0.0, 0.0, 1.0, 0.0, 1.0, 0.0, 0.0, 1.0, 0.0, 0.0, 0.0, 1.0, 0.0, 1.0, 1.0, 0.0, 1.0, 0.0, 1.0, 0.0, 1.0, 1.0, 1.0, 0.0, 0.0, 0.0, 0.0, 0.0, 0.0, 1.0, 0.0, 0.0, 0.0, 0.0, 1.0, 0.0, 1.0, 1.0, 0.0, 0.0, 1.0, 1.0, 1.0, 0.0, 0.0, 1.0, 0.0, 1.0, 0.0, 1.0, 0.0, 0.0, 1.0, 0.0, 1.0, 0.0, 0.0, 1.0, 1.0, 1.0, 1.0, 0.0, 0.0, 0.0, 0.0, 0.0, 1.0, 1.0, 0.0, 0.0, 1.0, 1.0, 0.0, 1.0, 0.0, 0.0, 0.0, 1.0, 0.0, 1.0, 0.0, 1.0, 0.0, 0.0, 1.0, 0.0, 0.0, 0.0, 1.0, 0.0, 0.0, 0.0, 1.0, 0.0, 1.0, 0.0, 0.0, 1.0, 1.0, 0.0, 1.0, 0.0, 1.0, 1.0, 0.0, 0.0, 0.0, 1.0, 1.0, 0.0, 0.0, 0.0, 1.0, 0.0, 0.0, 0.0, 0.0, 0.0, 0.0, 1.0, 0.0, 1.0, 1.0, 1.0, 1.0, 1.0, 1.0, 1.0, 0.0, 0.0, 1.0, 0.0, 1.0, 1.0, 0.0, 1.0, 0.0, 1.0, 0.0, 1.0, 1.0, 1.0, 0.0, 0.0, 0.0, 1.0, 0.0, 1.0, 1.0, 0.0, 1.0, 0.0, 0.0, 1.0, 1.0, 1.0, 0.0, 0.0, 1.0, 1.0, 1.0, 1.0, 0.0, 0.0, 1.0, 1.0, 0.0, 1.0, 1.0, 1.0, 1.0, 1.0, 0.0, 1.0, 1.0, 0.0, 0.0, 0.0, 0.0, 1.0, 1.0, 0.0, 1.0, 1.0, 0.0, 1.0, 1.0, 0.0, 1.0, 0.0, 0.0, 0.0, 1.0, 0.0, 1.0, 0.0, 0.0, 1.0, 1.0, 1.0, 0.0, 0.0, 0.0, 0.0, 1.0, 1.0, 1.0, 1.0, 0.0, 0.0, 1.0, 0.0, 1.0, 1.0, 1.0, 1.0, 0.0, 1.0, 0.0, 1.0, 1.0, 0.0, 0.0, 1.0, 0.0, 0.0, 0.0, 1.0, 0.0, 1.0, 1.0, 0.0, 1.0, 1.0, 1.0, 1.0, 0.0, 0.0, 0.0, 1.0, 1.0, 0.0, 0.0, 1.0, 0.0, 0.0, 1.0, 0.0, 0.0, 0.0, 0.0, 0.0, 1.0, 1.0, 0.0, 1.0, 0.0, 1.0, 0.0, 0.0, 1.0, 0.0, 1.0, 0.0, 0.0, 0.0, 0.0, 0.0, 0.0, 0.0, 1.0, 0.0, 1.0, 0.0, 0.0, 0.0, 0.0, 0.0, 0.0, 1.0, 1.0, 0.0, 1.0, 0.0, 1.0, 0.0, 1.0, 0.0, 0.0, 0.0, 1.0, 0.0, 0.0, 0.0, 0.0, 1.0, 0.0, 0.0, 0.0, 0.0, 0.0, 1.0, 1.0, 1.0, 1.0, 1.0, 1.0, 0.0, 1.0, 1.0, 0.0, 1.0, 1.0, 1.0, 1.0, 1.0, 0.0, 1.0, 0.0, 1.0, 1.0, 0.0, 0.0, 1.0, 1.0, 0.0, 0.0, 0.0, 1.0, 0.0, 1.0, 1.0, 1.0, 1.0, 1.0, 1.0, 1.0, 1.0, 0.0, 1.0, 0.0, 0.0, 0.0, 0.0, 0.0, 0.0, 0.0, 1.0, 1.0, 0.0, 0.0, 0.0, 0.0, 1.0, 1.0, 1.0, 0.0, 1.0, 0.0, 1.0, 1.0, 0.0, 0.0, 1.0, 1.0, 0.0, 0.0, 0.0, 1.0, 0.0, 0.0, 1.0, 0.0, 0.0, 1.0, 1.0, 1.0, 0.0, 1.0, 0.0, 0.0, 0.0, 0.0, 1.0, 0.0, 0.0, 0.0, 1.0, 0.0, 0.0, 1.0, 0.0, 1.0, 0.0, 0.0, 1.0, 0.0, 0.0, 0.0, 1.0, 0.0, 0.0, 1.0, 1.0, 0.0, 1.0, 1.0, 0.0, 1.0, 1.0, 1.0, 0.0, 1.0, 0.0, 0.0, 1.0, 0.0, 1.0, 1.0, 0.0, 1.0, 1.0, 0.0, 1.0, 1.0, 1.0, 1.0, 1.0, 0.0, 1.0, 1.0, 1.0, 0.0, 1.0, 1.0, 1.0, 0.0, 1.0, 1.0, 0.0, 1.0, 0.0, 1.0, 1.0, 0.0, 0.0, 1.0, 0.0, 1.0, 0.0, 0.0, 0.0, 0.0, 1.0, 1.0, 0.0, 1.0, 0.0, 0.0, 0.0, 0.0, 0.0, 1.0, 1.0, 0.0, 0.0, 0.0, 0.0, 1.0, 0.0, 1.0, 0.0, 1.0, 0.0, 1.0, 0.0, 1.0, 0.0, 1.0, 1.0, 0.0, 0.0, 0.0, 1.0, 0.0, 1.0, 0.0, 0.0, 0.0, 0.0, 1.0, 1.0, 0.0, 0.0, 0.0, 0.0, 1.0, 1.0, 0.0, 1.0, 0.0, 0.0, 1.0, 0.0, 0.0, 1.0, 0.0, 1.0, 0.0, 0.0, 0.0, 0.0, 1.0, 0.0, 1.0, 0.0, 1.0, 0.0, 0.0, 1.0, 0.0, 0.0, 0.0, 1.0, 1.0, 0.0, 1.0, 1.0, 0.0, 1.0, 1.0, 1.0, 1.0, 0.0, 0.0, 0.0, 1.0, 1.0, 1.0, 0.0, 1.0, 1.0, 0.0, 0.0, 0.0, 0.0, 1.0, 0.0, 1.0, 0.0, 0.0, 1.0, 1.0, 1.0, 1.0, 0.0, 1.0, 0.0, 1.0, 1.0, 0.0, 0.0, 1.0, 1.0, 0.0, 0.0, 1.0, 1.0, 0.0, 0.0, 0.0, 0.0, 0.0, 0.0, 0.0, 0.0, 1.0, 1.0, 0.0, 0.0, 1.0, 0.0, 0.0, 1.0, 1.0, 0.0, 1.0, 1.0, 1.0, 0.0, 0.0, 1.0, 0.0, 1.0, 0.0, 1.0, 1.0, 1.0, 0.0, 0.0, 1.0, 1.0, 0.0, 1.0, 1.0, 0.0, 1.0, 1.0, 0.0, 1.0, 1.0, 0.0, 0.0, 0.0, 1.0, 0.0, 0.0, 1.0, 0.0, 1.0, 0.0, 1.0, 0.0, 1.0, 1.0, 0.0, 1.0, 1.0, 1.0, 1.0, 1.0, 0.0, 0.0, 1.0, 0.0, 1.0, 1.0, 0.0, 1.0, 0.0, 1.0, 1.0, 0.0, 1.0, 1.0, 1.0, 0.0, 0.0, 0.0, 0.0, 0.0, 1.0, 0.0, 1.0, 0.0, 1.0, 1.0, 0.0, 1.0, 0.0, 1.0, 0.0, 0.0, 1.0, 0.0, 0.0, 1.0, 0.0, 0.0, 0.0, 0.0, 1.0, 0.0, 1.0, 1.0, 1.0, 0.0, 1.0, 0.0, 0.0, 0.0, 1.0, 1.0, 0.0, 0.0, 0.0, 1.0, 1.0, 0.0, 0.0, 0.0, 1.0, 1.0, 0.0, 1.0, 0.0, 0.0, 0.0, 0.0, 1.0, 0.0, 1.0, 0.0, 0.0, 0.0, 0.0, 1.0, 1.0, 0.0, 1.0, 0.0, 0.0, 0.0, 0.0, 1.0, 0.0, 0.0, 1.0, 0.0, 0.0, 0.0, 1.0, 0.0, 1.0, 1.0, 0.0, 1.0, 1.0, 1.0, 0.0, 0.0, 0.0, 1.0, 1.0, 1.0, 0.0, 1.0, 1.0, 1.0, 1.0, 0.0, 0.0, 1.0, 0.0, 1.0, 0.0, 1.0, 1.0, 0.0, 1.0, 1.0, 0.0, 0.0, 1.0, 1.0, 1.0, 1.0, 0.0, 0.0, 0.0, 1.0, 0.0, 0.0, 1.0, 0.0, 0.0, 0.0, 1.0, 0.0, 1.0, 0.0, 1.0, 0.0, 1.0, 0.0, 1.0, 1.0, 0.0, 1.0, 0.0, 0.0, 0.0, 0.0, 1.0, 1.0, 1.0, 1.0, 0.0, 0.0, 0.0, 0.0, 0.0, 0.0, 0.0, 1.0, 1.0, 1.0, 0.0, 1.0, 0.0, 1.0, 0.0, 0.0, 1.0, 0.0, 1.0, 1.0, 0.0, 0.0, 1.0, 1.0, 1.0, 0.0, 0.0, 0.0, 0.0, 0.0, 0.0, 0.0, 1.0, 0.0, 0.0, 1.0, 1.0, 1.0, 1.0, 1.0, 1.0, 0.0, 1.0, 0.0, 0.0, 0.0, 1.0, 1.0, 0.0, 1.0, 0.0, 1.0, 0.0, 1.0, 0.0, 1.0, 1.0, 1.0, 0.0, 1.0, 1.0, 1.0, 1.0, 0.0, 0.0, 0.0, 0.0, 0.0, 1.0, 0.0, 0.0, 1.0, 0.0, 1.0, 0.0, 0.0, 1.0, 1.0, 1.0, 0.0, 0.0, 1.0, 1.0, 0.0, 1.0, 1.0, 1.0, 0.0, 0.0, 1.0, 0.0, 0.0, 0.0, 1.0, 0.0, 1.0, 0.0, 0.0, 0.0, 1.0, 1.0, 0.0, 0.0, 1.0, 0.0, 1.0, 0.0, 0.0, 0.0, 1.0, 0.0, 0.0, 0.0, 1.0, 1.0, 0.0, 1.0, 0.0, 1.0, 1.0, 1.0, 1.0, 1.0, 1.0, 1.0, 1.0, 0.0, 1.0, 1.0, 0.0, 1.0, 0.0, 1.0, 1.0, 1.0, 1.0, 0.0, 0.0, 0.0, 0.0, 1.0, 0.0, 1.0, 0.0, 1.0, 0.0, 1.0, 1.0]","['lNONHSAG000311', 'lNONHSAG000863', 'lNONHSAG000967', 'lNONHSAG001513', 'lNONHSAG002359', 'lNONHSAG003074', 'lNONHSAG003303', 'lNONHSAG003938', 'lNONHSAG004013', 'lNONHSAG004247', 'lNONHSAG004674', 'lNONHSAG005838', 'lNONHSAG006007', 'lNONHSAG006678', 'lNONHSAG006692', 'lNONHSAG007463', 'lNONHSAG007602', 'lNONHSAG007715', 'lNONHSAG008220', 'lNONHSAG009728', 'lNONHSAG010348', 'lNONHSAG012025', 'lNONHSAG012505', 'lNONHSAG013005', 'lNONHSAG013940', 'lNONHSAG014373', 'lNONHSAG014381', 'lNONHSAG014502', 'lNONHSAG014914', 'lNONHSAG015215', 'lNONHSAG015454', 'lNONHSAG016021', 'lNONHSAG016486', 'lNONHSAG017377', 'lNONHSAG018322', 'lNONHSAG018621', 'lNONHSAG018893', 'lNONHSAG019115', 'lNONHSAG019613', 'lNONHSAG019711', 'lNONHSAG020274', 'lNONHSAG020298', 'lNONHSAG021335', 'lNONHSAG021370', 'lNONHSAG021410', 'lNONHSAG022655', 'lNONHSAG023387', 'lNONHSAG023579', 'lNONHSAG024141', 'lNONHSAG024332', 'lNONHSAG025864', 'lNONHSAG025865', 'lNONHSAG027075', 'lNONHSAG027598', 'lNONHSAG027694', 'lNONHSAG028045', 'lNONHSAG028083', 'lNONHSAG028820', 'lNONHSAG029080', 'lNONHSAG029377', 'lNONHSAG029956', 'lNONHSAG029958', 'lNONHSAG030258', 'lNONHSAG030583', 'lNONHSAG031123', 'lNONHSAG031425', 'lNONHSAG032126', 'lNONHSAG032312', 'lNONHSAG032737', 'lNONHSAG033170', 'lNONHSAG033224', 'lNONHSAG033263', 'lNONHSAG033298', 'lNONHSAG033352', 'lNONHSAG033459', 'lNONHSAG033937', 'lNONHSAG034846', 'lNONHSAG035568', 'lNONHSAG037080', 'lNONHSAG037082', 'lNONHSAG037146', 'lNONHSAG037559', 'lNONHSAG038060', 'lNONHSAG038091', 'lNONHSAG038836', 'lNONHSAG039037', 'lNONHSAG039147', 'lNONHSAG039620', 'lNONHSAG039872', 'lNONHSAG039951', 'lNONHSAG040692', 'lNONHSAG041480', 'lNONHSAG041592', 'lNONHSAG041707', 'lNONHSAG042138', 'lNONHSAG042722', 'lNONHSAG044429', 'lNONHSAG044791', 'lNONHSAG047463', 'lNONHSAG048057', 'lNONHSAG048623', 'lNONHSAG048641', 'lNONHSAG048817', 'lNONHSAG049288', 'lNONHSAG051770', 'lNONHSAG053014', 'lNONHSAG053028', 'lNONHSAG053033', 'lNONHSAG053796', 'lNONHSAG055258', 'lNONHSAG061096', 'lNONHSAG061492', 'lNONHSAG068639', 'lNONHSAG074052', 'lNONHSAG075363', 'lNONHSAG077475', 'lNONHSAG080772', 'lNONHSAG081993', 'lNONHSAG083615', 'lNONHSAG083894', 'lNONHSAG093517', 'lNONHSAG094075', 'lNONHSAG097347', 'lNONHSAG099774', 'lENSG00000225470', 'lENSG00000226137', 'lENSG00000227963', 'lENSG00000228022', 'lENSG00000230257', 'lENSG00000231663', 'lENSG00000241388', 'lENSG00000245614', 'lENSG00000265374', 'lENSG00000269911', 'lENSG00000279296', 'lA1BG-AS1', 'lANKRD62P1-PARP4P3', 'lDGKK', 'lGHET1', 'lKCTD21-AS1', 'lLAMTOR5-AS1', 'lLBX2-AS1', 'lLPP-AS2', 'lMYLK-AS1', 'lRP11-49K24.4', 'lRP5-1061H20.4', 'lNONHSAG000157', 'lNONHSAG000896', 'lNONHSAG002487', 'lNONHSAG003308', 'lNONHSAG005473', 'lNONHSAG005747', 'lNONHSAG005915', 'lNONHSAG006078', 'lNONHSAG006086', 'lNONHSAG006186', 'lNONHSAG006377', 'lNONHSAG006399', 'lNONHSAG006581', 'lNONHSAG006808', 'lNONHSAG007118', 'lNONHSAG007129', 'lNONHSAG007730', 'lENSG00000177596', 'lENSG00000203605', 'lENSG00000203864', 'lENSG00000221845', 'lENSG00000222044', 'lENSG00000223374', 'lENSG00000223634', 'lENSG00000223809', 'lENSG00000224075', 'lENSG00000224541', 'lENSG00000225012', 'lENSG00000226047', 'lENSG00000226337', 'lENSG00000226454', 'lENSG00000226508', 'lENSG00000226576', 'lENSG00000227769', 'lENSG00000228548', 'lENSG00000228950', 'lENSG00000229190', 'lENSG00000229370', 'lENSG00000230234', 'lENSG00000230599', 'lENSG00000230972', 'lENSG00000231092', 'lENSG00000232058', 'lENSG00000232451', 'lENSG00000232596', 'lENSG00000233407', 'lENSG00000233534', 'lENSG00000233656', 'lENSG00000233891', 'lENSG00000233969', 'lENSG00000234117', 'lENSG00000234693', 'lENSG00000234860', 'lENSG00000235122', 'lENSG00000235435', 'lENSG00000235669', 'lENSG00000236498', 'lENSG00000236559', 'lENSG00000236648', 'lENSG00000237073', 'lENSG00000237337', 'lENSG00000237670', 'lENSG00000240573', 'lENSG00000241593', 'lENSG00000242391', 'lENSG00000243149', 'lENSG00000245148', 'lENSG00000247925', 'lENSG00000249441', 'lENSG00000249697', 'lENSG00000249782', 'lENSG00000249865', 'lENSG00000250062', 'lENSG00000250242', 'lENSG00000250626', 'lENSG00000250949', 'lENSG00000251185', 'lENSG00000251194', 'lENSG00000253167', 'lENSG00000253282', 'lENSG00000253449', 'lENSG00000253665', 'lENSG00000253754', 'lENSG00000253947', 'lENSG00000254094', 'lENSG00000254123', 'lENSG00000254171', 'lENSG00000254325', 'lENSG00000254380', 'lENSG00000254456', 'lENSG00000255084', 'lENSG00000255357', 'lENSG00000255390', 'lENSG00000255523', 'lENSG00000255565', 'lENSG00000255839', 'lENSG00000256209', 'lENSG00000256234', 'lENSG00000257165', 'lENSG00000257264', 'lENSG00000257342', 'lENSG00000257541', 'lENSG00000257732', 'lENSG00000258044', 'lENSG00000258425', 'lENSG00000258460', 'lENSG00000258670', 'lENSG00000258742', 'lENSG00000258800', 'lENSG00000259202', 'lENSG00000259945', 'lENSG00000260186', 'lENSG00000260454', 'lENSG00000260605', 'lENSG00000260773', 'lENSG00000260798', 'lENSG00000261729', 'lENSG00000262151', 'lENSG00000262815', 'lENSG00000263585', 'lENSG00000263618', 'lENSG00000263873', 'lENSG00000264622', 'lENSG00000264734', 'lENSG00000264825', 'lENSG00000265334', 'lENSG00000265474', 'lENSG00000265743', 'lENSG00000265840', 'lENSG00000266541', 'lENSG00000267000', 'lENSG00000267791', 'lENSG00000267980', 'lENSG00000268289', 'lENSG00000268520', 'lENSG00000269292', 'lENSG00000269495', 'lENSG00000269987', 'lENSG00000270082', 'lENSG00000270094', 'lENSG00000270108', 'lENSG00000270380', 'lENSG00000271032', 'lENSG00000271945', 'lENSG00000272027', 'lENSG00000273035', 'lENSG00000273461', 'lENSG00000281831', 'lENSG00000283083', 'lENSG00000283766', 'lENSG00000284500', 'lENSG00000285012', 'lENSG00000285473', 'lENSG00000285889', 'lENSG00000286020', 'lENSG00000286276', 'lENSG00000286331', 'lENSG00000286419', 'lENSG00000286515', 'lENSG00000286645', 'lENSG00000287236', 'lENSG00000287441', 'lENSG00000287501', 'lENSG00000287517', 'lENSG00000287518', 'lENSG00000229454', 'lENSG00000244620', 'lENSG00000254306', 'lENSG00000256686', 'lENSG00000258196', 'lENSG00000261470', 'lENSG00000266893', 'lENSG00000269391', 'lENSG00000273403', 'lENSG00000263316', 'lENSG00000260141', 'lENSG00000272934']","[0.0, 1.0, 0.0, 0.0, 1.0, 1.0, 1.0, 1.0, 1.0, 1.0, 1.0, 0.0, 0.0, 1.0, 0.0, 1.0, 0.0, 0.0, 1.0, 1.0, 1.0, 0.0, 0.0, 1.0, 1.0, 1.0, 1.0, 0.0, 0.0, 1.0, 0.0, 0.0, 0.0, 1.0, 1.0, 0.0, 0.0, 1.0, 1.0, 1.0, 0.0, 0.0, 0.0, 1.0, 1.0, 1.0, 1.0, 0.0, 1.0, 1.0, 0.0, 1.0, 1.0, 1.0, 1.0, 1.0, 1.0, 1.0, 1.0, 1.0, 1.0, 0.0, 0.0, 0.0, 0.0, 1.0, 1.0, 0.0, 1.0, 0.0, 0.0, 1.0, 0.0, 0.0, 1.0, 0.0, 0.0, 0.0, 1.0, 0.0, 0.0, 1.0, 1.0, 0.0, 1.0, 1.0, 0.0, 1.0, 0.0, 1.0, 0.0, 0.0, 1.0, 0.0, 1.0, 1.0, 0.0, 1.0, 0.0, 1.0, 0.0, 0.0, 0.0, 1.0, 1.0, 0.0, 0.0, 0.0, 0.0, 0.0, 1.0, 0.0, 1.0, 1.0, 1.0, 1.0, 0.0, 1.0, 1.0, 0.0, 0.0, 1.0, 1.0, 1.0, 1.0, 1.0, 0.0, 0.0, 0.0, 1.0, 1.0, 0.0, 0.0, 0.0, 0.0, 0.0, 0.0, 0.0, 0.0, 1.0, 1.0, 1.0, 1.0, 1.0, 0.0, 0.0, 0.0, 0.0, 1.0, 0.0, 0.0, 0.0, 0.0, 1.0, 0.0, 0.0, 1.0, 0.0, 0.0, 0.0, 0.0, 1.0, 1.0, 0.0, 0.0, 1.0, 1.0, 0.0, 0.0, 1.0, 0.0, 0.0, 1.0, 0.0, 0.0, 0.0, 1.0, 1.0, 0.0, 1.0, 0.0, 0.0, 1.0, 1.0, 0.0, 1.0, 1.0, 0.0, 1.0, 1.0, 1.0, 0.0, 1.0, 0.0, 0.0, 1.0, 0.0, 0.0, 0.0, 1.0, 1.0, 1.0, 1.0, 1.0, 1.0, 1.0, 0.0, 0.0, 1.0, 1.0, 0.0, 0.0, 0.0, 1.0, 0.0, 1.0, 1.0, 1.0, 0.0, 1.0, 1.0, 1.0, 1.0, 0.0, 1.0, 0.0, 1.0, 0.0, 0.0, 1.0, 0.0, 1.0, 0.0, 0.0, 1.0, 1.0, 0.0, 0.0, 1.0, 1.0, 1.0, 0.0, 0.0, 1.0, 1.0, 1.0, 0.0, 0.0, 1.0, 0.0, 1.0, 1.0, 0.0, 0.0, 0.0, 0.0, 1.0, 1.0, 1.0, 0.0, 1.0, 0.0, 0.0, 0.0, 0.0, 1.0, 1.0, 0.0, 1.0, 1.0, 0.0, 0.0, 1.0, 1.0, 0.0, 0.0, 1.0, 0.0, 0.0, 1.0, 0.0, 0.0, 1.0, 1.0, 1.0, 1.0, 0.0, 1.0, 0.0, 1.0, 0.0, 1.0, 0.0, 1.0, 1.0, 1.0, 0.0, 0.0, 1.0, 0.0, 1.0, 1.0, 1.0, 0.0, 0.0, 1.0, 1.0, 0.0, 1.0, 0.0, 0.0, 0.0, 0.0, 1.0, 1.0, 1.0, 0.0, 0.0, 1.0, 1.0, 1.0, 0.0, 1.0]","[1, 0, 1, 1, 0, 1, 0, 1, 0, 1, 1, 1, 0, 1, 0, 1, 1, 0, 0, 0, 1, 0, 1, 1, 0, 0, 0, 0, 0, 1, 0, 0, 0, 0, 1, 0, 1, 0, 1, 1, 0, 1, 0, 1, 0, 1, 1, 1, 1, 0, 1, 0, 1, 1, 0, 1, 0, 1, 1, 1, 1, 0, 0, 1, 1, 0, 1, 0, 0, 0, 1, 0, 1, 0, 1, 0, 0, 1, 0, 1, 1, 0, 0, 1, 0, 1, 1, 1, 1, 0, 1, 0, 0, 1, 0, 1, 1, 1, 1, 1, 1, 0, 0, 1, 1, 1, 0, 1, 0, 1, 0, 0, 1, 1, 0, 0, 0, 1, 1, 0, 1, 1, 1, 0, 1, 0, 1, 1, 1, 1, 1, 1, 0, 0, 1, 0, 1, 0, 0, 1, 1, 0, 1, 0, 0, 0, 1, 0, 0, 0, 0, 0, 0, 0, 1, 0, 0, 0, 1, 0, 0, 0, 0, 0, 1, 1, 0, 0, 0, 1, 0, 1, 1, 1, 1, 1, 0, 0, 1, 0, 0, 1, 0, 1, 0, 0, 1, 0, 1, 1, 1, 0, 0, 0, 1, 0, 1, 1, 1, 1, 1, 0, 0, 1, 0, 1, 1, 0, 0, 1, 1, 1, 0, 1, 1, 0, 1, 1, 1, 1, 1, 0, 0, 1, 1, 0, 1, 0, 0, 1, 1, 1, 0, 0, 1, 0, 0, 1, 1, 1, 0, 0, 1, 1, 0, 0, 1, 1, 0, 1, 0, 1, 0, 1, 1, 1, 0, 0, 0, 0, 1, 0, 1, 1, 0, 1, 1, 0, 0, 0, 1, 1, 1, 0, 1, 0, 0, 0, 0, 0, 0, 0, 1, 0, 0, 1, 1, 1, 1, 0, 0, 0, 0, 1, 0, 1, 1, 1, 0, 0, 1, 1, 0, 0, 0, 0, 0, 1, 1, 0, 0, 0, 0, 0, 0, 0, 0, 1, 0, 0, 0, 0, 0]","[0.14589661591982067, -0.0240939624864625, 0.19482628261416685, 0.029668353224361073, -0.21109322318693718, 0.02311413143260683, -0.003889238259837495, 0.18979546513948636, -0.215552211228961, 0.16388695944680548, 0.05053044359943399, 0.3087466249974559, -0.16033020045087448, 0.03885377284027242, -0.02324076080011555, 0.1533020130941029, 0.1237181716685633, -0.16649139335238222, -0.03988166335654935, -0.11289007071735463, 0.12224751132304251, -0.07019225220877151, 0.0005543100266793347, 0.11034098511199736, -0.026498649054421723, -0.10637225544002576, -0.16880946484439346, -0.004088964624507523, -0.14825798754505098, 0.010250769559939595, -0.2365559024063842, -0.23962460842717165, -0.03895904497908625, -0.20420120299799677, 0.08133766617659982, -0.1231295875185337, 0.028289820066064127, -0.18626918888323268, 0.11064240311523726, 0.07991642561489715, -0.057805704795588046, 0.05061767136954138, -0.08557498605732122, 0.20586645038605472, -0.32195794442446407, 0.28992316593232975, 0.23536116484311015, 0.08581421030933106, 0.11545571266816185, -0.040653545877652957, 0.05609956615265083, -0.03349602370679588, 0.12662497102414533, 0.15351757761316004, -0.12888693848820926, 0.21032798586409046, -0.07458388684833911, 0.05073648668934556, 0.04725776709343616, 0.06072010243717347, 0.07897503820756907, -0.03964557468353807, -0.015503763819453557, 0.012356695174782835, 0.09686308088357903, -0.30175667900318875, 0.0015921256758152993, -0.07730691114315108, -0.1836386962144541, -0.215170640252002, 0.05939114407401664, -0.004340607673432299, 0.011150902926622748, -0.06048686460888391, 0.269298117790065, -0.0736860192012479, -0.014893018848904309, 0.13665804389837194, -0.09076603321496607, 0.002331062448633854, 0.06073224910215131, -0.10079646040563955, -0.11778791234143055, 0.06433455639148827, -0.08816883733141073, 0.09286039839403343, 0.2042618614071438, 0.03665388969713063, 0.2098698785409862, -0.28422322873853895, 0.12056708099664232, -0.04864958562332671, -0.1283228243643409, 0.046602618381151824, -0.22815611929648122, 0.16400778824532142, 0.07736551992130475, 0.10426861302861495, 0.0008991792632510667, 0.13671046215693322, 0.09773806458553941, -0.29428219943881634, -0.8072609953955039, 0.05405871322719875, 0.05511355238602284, 0.37916347645735743, -0.17228107942224896, 0.2227118154348366, -0.3335355147623387, 0.051545314927335, -0.15049591947988034, -0.33769518438746166, 0.48081178095199045, 0.30894212151040285, -0.15587043433737585, -0.1362584369730609, -0.023947782191666094, 0.07436014301031796, 0.06794716873211176, -0.11571342240936905, 0.015953626678471618, 0.044627053138290136, 0.21706428886784374, -0.19405691888011473, 0.15607547750838896, -0.03300965356427792, 0.23674929365539849, 0.27339856790195344, 0.0469173974068588, 0.03954929221041965, 0.28572239511115, 0.21930713988219014, -0.0064543256161851345, -0.2251606169962022, 0.09641225984854457, -0.1159521202526877, 0.1051218614647988, -0.23996582196647936, -0.18280457126034105, 0.06290397471675141, 0.09559248674888837, -0.0203159639303852, 0.4777515150902902, -0.02792596981062783, -0.07181008157215257, -0.1942031160242415, 0.22698703441382423, -0.18562587456676277, -0.13150395989641056, -0.23422753456010775, -0.06280032632530458, -0.17375551627205948, -0.08590148012090532, -0.14155273402000185, 0.015472832438214464, -0.2548411397317663, -0.367290227733483, -0.12150370539765182, 0.15784009754983702, -0.15143803162104402, -0.34585055346223953, -0.002772339330452671, -0.058752626799335066, -0.02503505511871245, 0.097490072453781, 0.032856462208307576, -0.2536797859317293, -0.13490019576205753, -0.29004737783081264, 0.0296496493717548, -0.18691589813620962, 0.0824414483434201, 0.2400298676840606, 0.07487951553818845, 0.11452192864206995, 0.14166563236332336, -0.0841506812371618, -0.059181042619207695, 0.07631944424467835, -0.13333531797643322, -0.3495510852650419, 0.045080161106097534, -0.16885854244931836, 0.06947954499170023, -0.19050165624519694, -0.09992135583519329, 0.10533404335850899, -0.06472488651436709, 0.0356693195458992, 0.06217811319886097, 0.07688071997378304, -0.061663193056081415, -0.0745749306973334, -0.050324820584519085, 0.48659659322060084, -0.1075355815293702, 0.00225684855372172, 0.29629461877151336, 0.07815649105043149, 0.03761075665225561, 0.13814228512726706, -0.04943720448155436, -0.18088770739337062, 0.14872090676125999, -0.15301768195086202, 0.06630129950586044, 0.05224562846061271, -0.15079568200532983, -0.0023066146860595757, 0.18120403298364368, 0.5543306145516211, 0.16531382724576876, -0.04863105310061382, 0.14725760294998674, 0.23543209419438388, -0.21693636968225088, 0.0040737590186747455, 0.0011426028708860295, 0.26371361788740905, 0.2558581966109645, 0.004221401451144753, -0.08086559033863044, -0.09673999121805316, 0.24026488226538784, 0.003196737311144733, -0.16467122441568993, 0.17701342564221328, -0.1718999620246205, -0.27599300195249193, 0.0706269491976938, 0.015506620770314679, 0.13876785791049845, -0.09280932586052631, -0.21633167298017614, 0.07769488905133909, -0.06266145258254979, -0.12484090044909851, 0.2344209187533865, 0.02630532145221371, 0.1641127790566676, -0.6534139821098799, -0.06668944963663154, 0.01980000155365786, 0.059542612957282866, -0.172552338276802, -0.09604360504175996, 0.08672592999715362, 0.11616913917874133, -0.17477956877084005, 0.18874739381455824, -0.19639875591286576, 0.17723790862199057, -0.0031043617477804417, 0.08208351561624933, 0.14933568727475394, 0.3485163657206069, -0.13018687446091431, -0.05431842653085699, -0.015670326379487336, -0.14699375708645218, 0.0284624855382642, -0.0923566716695901, 0.24261708311860336, 0.16609467003070683, -0.26743426615081384, 0.02559680239503432, 0.027496119557929695, -0.14790899359357362, -0.0948938134352087, -0.07144344129428887, 0.030394038352413673, 0.03201676628383616, 0.044190757541795196, -0.2151830651332432, 0.039657795194081476, -0.07562565745701139, -0.17121306548198972, -0.33689898937455603, -0.04808805139142996, -0.01400040888225345, -0.3800602429955811, -0.13994594136195487, 0.037260705117091404, -0.06450779303336979, -0.4165906530102828, 0.06976158201652999, 0.3021912243919697, 0.07606676768001214, 0.09473114644050379, -1.080660378196838, -0.10619827921538666, -0.04629886789309517, -0.1631609812689659, 0.2897313493073647, -0.0186266925649548, 0.07701791815620823, 0.16406858804327945, 0.09281012527016425, -0.015664978744936157, -0.209049273308126, 0.015812153428973193, 0.14702805823230952, -0.21817947926236264, -0.10267907526603787, -0.08484896456056906, -0.22121685505584338, -0.14015208669126872, 0.09799878413329094, 0.19945276761894187, -0.1414044745661716, -0.004947900536942211, -0.0869066233996188, -0.1880420538355228, -0.00026467258584954995, -0.016024872080987955, -0.2332205160084742, -0.067170322293505, 0.02011401084169346, -0.048421846346837154, -0.10162640019556185, -0.03820466060414667, -0.05535717425016067, -0.24124617498512252]"
8,"['lNONHSAG000008', 'lNONHSAG000047', 'lNONHSAG000059', 'lNONHSAG000130', 'lNONHSAG000195', 'lNONHSAG000241', 'lNONHSAG000253', 'lNONHSAG000311', 'lNONHSAG000374', 'lNONHSAG000381', 'lNONHSAG000464', 'lNONHSAG000484', 'lNONHSAG000498', 'lNONHSAG000579', 'lNONHSAG000584', 'lNONHSAG000603', 'lNONHSAG000625', 'lNONHSAG000742', 'lNONHSAG000769', 'lNONHSAG000840', 'lNONHSAG000843', 'lNONHSAG000863', 'lNONHSAG000884', 'lNONHSAG000918', 'lNONHSAG000967', 'lNONHSAG001142', 'lNONHSAG001172', 'lNONHSAG001238', 'lNONHSAG001247', 'lNONHSAG001259', 'lNONHSAG001278', 'lNONHSAG001284', 'lNONHSAG001360', 'lNONHSAG001375', 'lNONHSAG001448', 'lNONHSAG001468', 'lNONHSAG001513', 'lNONHSAG001724', 'lNONHSAG001773', 'lNONHSAG001837', 'lNONHSAG001941', 'lNONHSAG002056', 'lNONHSAG002058', 'lNONHSAG002086', 'lNONHSAG002134', 'lNONHSAG002135', 'lNONHSAG002343', 'lNONHSAG002359', 'lNONHSAG002378', 'lNONHSAG002454', 'lNONHSAG002490', 'lNONHSAG002549', 'lNONHSAG002669', 'lNONHSAG002719', 'lNONHSAG002731', 'lNONHSAG002752', 'lNONHSAG002883', 'lNONHSAG003053', 'lNONHSAG003056', 'lNONHSAG003068', 'lNONHSAG003074', 'lNONHSAG003077', 'lNONHSAG003134', 'lNONHSAG003156', 'lNONHSAG003244', 'lNONHSAG003269', 'lNONHSAG003303', 'lNONHSAG003504', 'lNONHSAG003505', 'lNONHSAG003512', 'lNONHSAG003645', 'lNONHSAG003820', 'lNONHSAG003874', 'lNONHSAG003884', 'lNONHSAG003886', 'lNONHSAG003900', 'lNONHSAG003912', 'lNONHSAG003938', 'lNONHSAG003957', 'lNONHSAG003976', 'lNONHSAG004013', 'lNONHSAG004026', 'lNONHSAG004054', 'lNONHSAG004095', 'lNONHSAG004247', 'lNONHSAG004303', 'lNONHSAG004305', 'lNONHSAG004373', 'lNONHSAG004619', 'lNONHSAG004674', 'lNONHSAG004714', 'lNONHSAG004743', 'lNONHSAG004868', 'lNONHSAG005153', 'lNONHSAG005339', 'lNONHSAG005377', 'lNONHSAG005403', 'lNONHSAG005669', 'lNONHSAG005699', 'lNONHSAG005711', 'lNONHSAG005721', 'lNONHSAG005728', 'lNONHSAG005732', 'lNONHSAG005742', 'lNONHSAG005838', 'lNONHSAG005866', 'lNONHSAG005920', 'lNONHSAG006007', 'lNONHSAG006049', 'lNONHSAG006054', 'lNONHSAG006071', 'lNONHSAG006163', 'lNONHSAG006204', 'lNONHSAG006212', 'lNONHSAG006341', 'lNONHSAG006362', 'lNONHSAG006454', 'lNONHSAG006457', 'lNONHSAG006474', 'lNONHSAG006477', 'lNONHSAG006526', 'lNONHSAG006633', 'lNONHSAG006678', 'lNONHSAG006692', 'lNONHSAG006735', 'lNONHSAG006756', 'lNONHSAG006763', 'lNONHSAG006772', 'lNONHSAG006865', 'lNONHSAG006945', 'lNONHSAG006966', 'lNONHSAG007109', 'lNONHSAG007295', 'lNONHSAG007324', 'lNONHSAG007384', 'lNONHSAG007430', 'lNONHSAG007431', 'lNONHSAG007434', 'lNONHSAG007455', 'lNONHSAG007463', 'lNONHSAG007538', 'lNONHSAG007602', 'lNONHSAG007631', 'lNONHSAG007692', 'lNONHSAG007708', 'lNONHSAG007715', 'lNONHSAG007868', 'lNONHSAG007961', 'lNONHSAG007983', 'lNONHSAG007984', 'lNONHSAG008015', 'lNONHSAG008037', 'lNONHSAG008056', 'lNONHSAG008167', 'lNONHSAG008199', 'lNONHSAG008220', 'lNONHSAG008354', 'lNONHSAG008517', 'lNONHSAG008540', 'lNONHSAG008552', 'lNONHSAG008589', 'lNONHSAG008615', 'lNONHSAG008654', 'lNONHSAG008670', 'lNONHSAG008675', 'lNONHSAG008693', 'lNONHSAG008726', 'lNONHSAG008759', 'lNONHSAG008859', 'lNONHSAG008937', 'lNONHSAG008952', 'lNONHSAG008966', 'lNONHSAG009021', 'lNONHSAG009039', 'lNONHSAG009059', 'lNONHSAG009062', 'lNONHSAG009124', 'lNONHSAG009133', 'lNONHSAG009134', 'lNONHSAG009174', 'lNONHSAG009180', 'lNONHSAG009193', 'lNONHSAG009228', 'lNONHSAG009544', 'lNONHSAG009546', 'lNONHSAG009613', 'lNONHSAG009636', 'lNONHSAG009728', 'lNONHSAG009747', 'lNONHSAG009755', 'lNONHSAG009757', 'lNONHSAG009782', 'lNONHSAG009913', 'lNONHSAG009938', 'lNONHSAG009945', 'lNONHSAG009989', 'lNONHSAG010021', 'lNONHSAG010117', 'lNONHSAG010184', 'lNONHSAG010186', 'lNONHSAG010189', 'lNONHSAG010193', 'lNONHSAG010194', 'lNONHSAG010348', 'lNONHSAG010352', 'lNONHSAG010405', 'lNONHSAG010416', 'lNONHSAG010543', 'lNONHSAG010657', 'lNONHSAG010716', 'lNONHSAG010792', 'lNONHSAG010798', 'lNONHSAG010940', 'lNONHSAG010986', 'lNONHSAG011057', 'lNONHSAG011070', 'lNONHSAG011084', 'lNONHSAG011086', 'lNONHSAG011090', 'lNONHSAG011125', 'lNONHSAG011211', 'lNONHSAG011230', 'lNONHSAG011264', 'lNONHSAG011343', 'lNONHSAG011375', 'lNONHSAG011439', 'lNONHSAG011446', 'lNONHSAG011518', 'lNONHSAG011524', 'lNONHSAG011633', 'lNONHSAG011658', 'lNONHSAG011790', 'lNONHSAG011854', 'lNONHSAG011870', 'lNONHSAG011935', 'lNONHSAG012025', 'lNONHSAG012076', 'lNONHSAG012077', 'lNONHSAG012099', 'lNONHSAG012297', 'lNONHSAG012303', 'lNONHSAG012367', 'lNONHSAG012375', 'lNONHSAG012423', 'lNONHSAG012476', 'lNONHSAG012505', 'lNONHSAG012534', 'lNONHSAG012540', 'lNONHSAG012549', 'lNONHSAG012555', 'lNONHSAG012594', 'lNONHSAG012614', 'lNONHSAG012617', 'lNONHSAG012751', 'lNONHSAG012791', 'lNONHSAG013005', 'lNONHSAG013060', 'lNONHSAG013095', 'lNONHSAG013098', 'lNONHSAG013109', 'lNONHSAG013388', 'lNONHSAG013431', 'lNONHSAG013515', 'lNONHSAG013534', 'lNONHSAG013568', 'lNONHSAG013708', 'lNONHSAG013730', 'lNONHSAG013790', 'lNONHSAG013809', 'lNONHSAG013912', 'lNONHSAG013917', 'lNONHSAG013940', 'lNONHSAG013942', 'lNONHSAG013944', 'lNONHSAG013946', 'lNONHSAG013954', 'lNONHSAG013992', 'lNONHSAG014098', 'lNONHSAG014267', 'lNONHSAG014289', 'lNONHSAG014332', 'lNONHSAG014362', 'lNONHSAG014372', 'lNONHSAG014373', 'lNONHSAG014381', 'lNONHSAG014496', 'lNONHSAG014502', 'lNONHSAG014546', 'lNONHSAG014562', 'lNONHSAG014591', 'lNONHSAG014679', 'lNONHSAG014730', 'lNONHSAG014891', 'lNONHSAG014914', 'lNONHSAG015044', 'lNONHSAG015163', 'lNONHSAG015215', 'lNONHSAG015234', 'lNONHSAG015352', 'lNONHSAG015417', 'lNONHSAG015454', 'lNONHSAG015461', 'lNONHSAG015505', 'lNONHSAG015591', 'lNONHSAG015623', 'lNONHSAG015692', 'lNONHSAG015723', 'lNONHSAG015787', 'lNONHSAG015788', 'lNONHSAG015961', 'lNONHSAG016021', 'lNONHSAG016068', 'lNONHSAG016199', 'lNONHSAG016395', 'lNONHSAG016403', 'lNONHSAG016486', 'lNONHSAG016487', 'lNONHSAG016611', 'lNONHSAG016618', 'lNONHSAG016623', 'lNONHSAG016733', 'lNONHSAG016741', 'lNONHSAG016749', 'lNONHSAG016771', 'lNONHSAG017020', 'lNONHSAG017232', 'lNONHSAG017238', 'lNONHSAG017254', 'lNONHSAG017282', 'lNONHSAG017288', 'lNONHSAG017344', 'lNONHSAG017347', 'lNONHSAG017349', 'lNONHSAG017377', 'lNONHSAG017379', 'lNONHSAG017417', 'lNONHSAG017567', 'lNONHSAG017666', 'lNONHSAG017767', 'lNONHSAG017783', 'lNONHSAG017882', 'lNONHSAG017890', 'lNONHSAG017899', 'lNONHSAG018053', 'lNONHSAG018054', 'lNONHSAG018058', 'lNONHSAG018110', 'lNONHSAG018180', 'lNONHSAG018203', 'lNONHSAG018236', 'lNONHSAG018322', 'lNONHSAG018326', 'lNONHSAG018341', 'lNONHSAG018344', 'lNONHSAG018372', 'lNONHSAG018374', 'lNONHSAG018414', 'lNONHSAG018415', 'lNONHSAG018416', 'lNONHSAG018417', 'lNONHSAG018420', 'lNONHSAG018461', 'lNONHSAG018530', 'lNONHSAG018586', 'lNONHSAG018621', 'lNONHSAG018635', 'lNONHSAG018656', 'lNONHSAG018659', 'lNONHSAG018707', 'lNONHSAG018709', 'lNONHSAG018711', 'lNONHSAG018829', 'lNONHSAG018889', 'lNONHSAG018893', 'lNONHSAG018903', 'lNONHSAG018980', 'lNONHSAG019003', 'lNONHSAG019012', 'lNONHSAG019014', 'lNONHSAG019023', 'lNONHSAG019031', 'lNONHSAG019051', 'lNONHSAG019079', 'lNONHSAG019090', 'lNONHSAG019115', 'lNONHSAG019134', 'lNONHSAG019158', 'lNONHSAG019221', 'lNONHSAG019270', 'lNONHSAG019370', 'lNONHSAG019493', 'lNONHSAG019569', 'lNONHSAG019613', 'lNONHSAG019667', 'lNONHSAG019670', 'lNONHSAG019711', 'lNONHSAG019767', 'lNONHSAG019813', 'lNONHSAG019814', 'lNONHSAG019848', 'lNONHSAG019852', 'lNONHSAG019878', 'lNONHSAG019898', 'lNONHSAG019967', 'lNONHSAG020053', 'lNONHSAG020066', 'lNONHSAG020068', 'lNONHSAG020075', 'lNONHSAG020107', 'lNONHSAG020153', 'lNONHSAG020218', 'lNONHSAG020223', 'lNONHSAG020259', 'lNONHSAG020273', 'lNONHSAG020274', 'lNONHSAG020277', 'lNONHSAG020278', 'lNONHSAG020281', 'lNONHSAG020298', 'lNONHSAG020304', 'lNONHSAG020307', 'lNONHSAG020321', 'lNONHSAG020325', 'lNONHSAG020339', 'lNONHSAG020361', 'lNONHSAG020367', 'lNONHSAG020372', 'lNONHSAG020374', 'lNONHSAG020382', 'lNONHSAG020403', 'lNONHSAG020474', 'lNONHSAG020476', 'lNONHSAG020600', 'lNONHSAG020616', 'lNONHSAG020729', 'lNONHSAG020731', 'lNONHSAG020755', 'lNONHSAG020759', 'lNONHSAG020760', 'lNONHSAG020762', 'lNONHSAG020771', 'lNONHSAG020869', 'lNONHSAG020957', 'lNONHSAG020990', 'lNONHSAG021042', 'lNONHSAG021072', 'lNONHSAG021307', 'lNONHSAG021309', 'lNONHSAG021315', 'lNONHSAG021335', 'lNONHSAG021342', 'lNONHSAG021347', 'lNONHSAG021370', 'lNONHSAG021400', 'lNONHSAG021408', 'lNONHSAG021410', 'lNONHSAG021431', 'lNONHSAG021432', 'lNONHSAG021471', 'lNONHSAG021566', 'lNONHSAG021567', 'lNONHSAG021584', 'lNONHSAG021638', 'lNONHSAG021641', 'lNONHSAG021760', 'lNONHSAG021780', 'lNONHSAG021820', 'lNONHSAG021846', 'lNONHSAG021878', 'lNONHSAG021882', 'lNONHSAG021909', 'lNONHSAG021981', 'lNONHSAG022009', 'lNONHSAG022030', 'lNONHSAG022058', 'lNONHSAG022078', 'lNONHSAG022088', 'lNONHSAG022094', 'lNONHSAG022103', 'lNONHSAG022110', 'lNONHSAG022125', 'lNONHSAG022127', 'lNONHSAG022162', 'lNONHSAG022311', 'lNONHSAG022327', 'lNONHSAG022328', 'lNONHSAG022335', 'lNONHSAG022378', 'lNONHSAG022495', 'lNONHSAG022510', 'lNONHSAG022551', 'lNONHSAG022579', 'lNONHSAG022595', 'lNONHSAG022597', 'lNONHSAG022655', 'lNONHSAG022690', 'lNONHSAG022743', 'lNONHSAG022750', 'lNONHSAG022806', 'lNONHSAG022836', 'lNONHSAG022845', 'lNONHSAG022851', 'lNONHSAG022888', 'lNONHSAG022893', 'lNONHSAG022965', 'lNONHSAG022980', 'lNONHSAG022982', 'lNONHSAG023003', 'lNONHSAG023049', 'lNONHSAG023051', 'lNONHSAG023073', 'lNONHSAG023175', 'lNONHSAG023237', 'lNONHSAG023375', 'lNONHSAG023387', 'lNONHSAG023392', 'lNONHSAG023494', 'lNONHSAG023512', 'lNONHSAG023553', 'lNONHSAG023579', 'lNONHSAG023598', 'lNONHSAG023607', 'lNONHSAG023614', 'lNONHSAG023630', 'lNONHSAG023633', 'lNONHSAG023635', 'lNONHSAG023661', 'lNONHSAG023668', 'lNONHSAG023740', 'lNONHSAG023837', 'lNONHSAG023885', 'lNONHSAG023888', 'lNONHSAG023930', 'lNONHSAG023964', 'lNONHSAG024117', 'lNONHSAG024141', 'lNONHSAG024146', 'lNONHSAG024171', 'lNONHSAG024224', 'lNONHSAG024244', 'lNONHSAG024282', 'lNONHSAG024332', 'lNONHSAG024340', 'lNONHSAG024341', 'lNONHSAG024354', 'lNONHSAG024361', 'lNONHSAG024362', 'lNONHSAG024364', 'lNONHSAG024391', 'lNONHSAG024395', 'lNONHSAG024428', 'lNONHSAG024540', 'lNONHSAG024542', 'lNONHSAG024637', 'lNONHSAG024668', 'lNONHSAG024671', 'lNONHSAG024676', 'lNONHSAG024681', 'lNONHSAG024741', 'lNONHSAG024809', 'lNONHSAG024810', 'lNONHSAG024818', 'lNONHSAG024903', 'lNONHSAG024905', 'lNONHSAG024908', 'lNONHSAG024913', 'lNONHSAG024921', 'lNONHSAG024923', 'lNONHSAG024979', 'lNONHSAG025011', 'lNONHSAG025135', 'lNONHSAG025137', 'lNONHSAG025157', 'lNONHSAG025185', 'lNONHSAG025319', 'lNONHSAG025483', 'lNONHSAG025485', 'lNONHSAG025609', 'lNONHSAG025712', 'lNONHSAG025743', 'lNONHSAG025744', 'lNONHSAG025864', 'lNONHSAG025865', 'lNONHSAG025867', 'lNONHSAG025907', 'lNONHSAG025934', 'lNONHSAG025939', 'lNONHSAG026053', 'lNONHSAG026089', 'lNONHSAG026091', 'lNONHSAG026153', 'lNONHSAG026205', 'lNONHSAG026274', 'lNONHSAG026364', 'lNONHSAG026386', 'lNONHSAG026575', 'lNONHSAG026599', 'lNONHSAG026631', 'lNONHSAG026661', 'lNONHSAG026720', 'lNONHSAG026721', 'lNONHSAG026737', 'lNONHSAG026743', 'lNONHSAG026781', 'lNONHSAG026794', 'lNONHSAG026856', 'lNONHSAG027017', 'lNONHSAG027075', 'lNONHSAG027110', 'lNONHSAG027276', 'lNONHSAG027278', 'lNONHSAG027323', 'lNONHSAG027342', 'lNONHSAG027374', 'lNONHSAG027421', 'lNONHSAG027482', 'lNONHSAG027598', 'lNONHSAG027618', 'lNONHSAG027675', 'lNONHSAG027682', 'lNONHSAG027692', 'lNONHSAG027694', 'lNONHSAG027709', 'lNONHSAG027874', 'lNONHSAG027876', 'lNONHSAG028045', 'lNONHSAG028083', 'lNONHSAG028093', 'lNONHSAG028112', 'lNONHSAG028141', 'lNONHSAG028159', 'lNONHSAG028403', 'lNONHSAG028713', 'lNONHSAG028720', 'lNONHSAG028817', 'lNONHSAG028820', 'lNONHSAG028918', 'lNONHSAG028948', 'lNONHSAG028996', 'lNONHSAG029033', 'lNONHSAG029080', 'lNONHSAG029124', 'lNONHSAG029267', 'lNONHSAG029312', 'lNONHSAG029336', 'lNONHSAG029377', 'lNONHSAG029467', 'lNONHSAG029668', 'lNONHSAG029792', 'lNONHSAG029873', 'lNONHSAG029880', 'lNONHSAG029933', 'lNONHSAG029956', 'lNONHSAG029957', 'lNONHSAG029958', 'lNONHSAG029959', 'lNONHSAG029960', 'lNONHSAG029961', 'lNONHSAG029962', 'lNONHSAG029964', 'lNONHSAG029965', 'lNONHSAG029985', 'lNONHSAG030074', 'lNONHSAG030113', 'lNONHSAG030129', 'lNONHSAG030244', 'lNONHSAG030258', 'lNONHSAG030279', 'lNONHSAG030333', 'lNONHSAG030440', 'lNONHSAG030487', 'lNONHSAG030516', 'lNONHSAG030525', 'lNONHSAG030582', 'lNONHSAG030583', 'lNONHSAG030738', 'lNONHSAG030742', 'lNONHSAG031025', 'lNONHSAG031035', 'lNONHSAG031123', 'lNONHSAG031261', 'lNONHSAG031385', 'lNONHSAG031425', 'lNONHSAG031452', 'lNONHSAG031453', 'lNONHSAG031456', 'lNONHSAG031481', 'lNONHSAG031563', 'lNONHSAG031565', 'lNONHSAG031581', 'lNONHSAG031584', 'lNONHSAG031636', 'lNONHSAG031696', 'lNONHSAG031853', 'lNONHSAG031900', 'lNONHSAG031913', 'lNONHSAG031991', 'lNONHSAG032063', 'lNONHSAG032126', 'lNONHSAG032247', 'lNONHSAG032267', 'lNONHSAG032302', 'lNONHSAG032309', 'lNONHSAG032312', 'lNONHSAG032537', 'lNONHSAG032560', 'lNONHSAG032664', 'lNONHSAG032682', 'lNONHSAG032724', 'lNONHSAG032735', 'lNONHSAG032737', 'lNONHSAG032748', 'lNONHSAG032750', 'lNONHSAG033027', 'lNONHSAG033061', 'lNONHSAG033100', 'lNONHSAG033105', 'lNONHSAG033107', 'lNONHSAG033168', 'lNONHSAG033170', 'lNONHSAG033216', 'lNONHSAG033224', 'lNONHSAG033254', 'lNONHSAG033263', 'lNONHSAG033266', 'lNONHSAG033298', 'lNONHSAG033328', 'lNONHSAG033334', 'lNONHSAG033342', 'lNONHSAG033348', 'lNONHSAG033352', 'lNONHSAG033368', 'lNONHSAG033386', 'lNONHSAG033390', 'lNONHSAG033435', 'lNONHSAG033459', 'lNONHSAG033471', 'lNONHSAG033480', 'lNONHSAG033528', 'lNONHSAG033589', 'lNONHSAG033611', 'lNONHSAG033645', 'lNONHSAG033691', 'lNONHSAG033716', 'lNONHSAG033735', 'lNONHSAG033748', 'lNONHSAG033810', 'lNONHSAG033862', 'lNONHSAG033896', 'lNONHSAG033899', 'lNONHSAG033937', 'lNONHSAG033940', 'lNONHSAG034006', 'lNONHSAG034014', 'lNONHSAG034032', 'lNONHSAG034217', 'lNONHSAG034316', 'lNONHSAG034417', 'lNONHSAG034418', 'lNONHSAG034492', 'lNONHSAG034508', 'lNONHSAG034527', 'lNONHSAG034676', 'lNONHSAG034678', 'lNONHSAG034801', 'lNONHSAG034845', 'lNONHSAG034846', 'lNONHSAG034935', 'lNONHSAG034973', 'lNONHSAG035103', 'lNONHSAG035262', 'lNONHSAG035287', 'lNONHSAG035382', 'lNONHSAG035456', 'lNONHSAG035531', 'lNONHSAG035568', 'lNONHSAG035806', 'lNONHSAG035914', 'lNONHSAG035916', 'lNONHSAG035919', 'lNONHSAG035923', 'lNONHSAG036047', 'lNONHSAG036115', 'lNONHSAG036120', 'lNONHSAG036255', 'lNONHSAG036263', 'lNONHSAG036273', 'lNONHSAG036403', 'lNONHSAG036407', 'lNONHSAG036412', 'lNONHSAG036413', 'lNONHSAG036612', 'lNONHSAG036615', 'lNONHSAG036667', 'lNONHSAG036718', 'lNONHSAG036783', 'lNONHSAG036866', 'lNONHSAG036922', 'lNONHSAG037025', 'lNONHSAG037072', 'lNONHSAG037073', 'lNONHSAG037080', 'lNONHSAG037082', 'lNONHSAG037083', 'lNONHSAG037096', 'lNONHSAG037137', 'lNONHSAG037146', 'lNONHSAG037164', 'lNONHSAG037241', 'lNONHSAG037348', 'lNONHSAG037420', 'lNONHSAG037559', 'lNONHSAG037827', 'lNONHSAG037891', 'lNONHSAG037936', 'lNONHSAG038024', 'lNONHSAG038060', 'lNONHSAG038091', 'lNONHSAG038162', 'lNONHSAG038344', 'lNONHSAG038397', 'lNONHSAG038502', 'lNONHSAG038530', 'lNONHSAG038561', 'lNONHSAG038578', 'lNONHSAG038663', 'lNONHSAG038675', 'lNONHSAG038676', 'lNONHSAG038682', 'lNONHSAG038836', 'lNONHSAG039037', 'lNONHSAG039038', 'lNONHSAG039147', 'lNONHSAG039293', 'lNONHSAG039295', 'lNONHSAG039319', 'lNONHSAG039617', 'lNONHSAG039620', 'lNONHSAG039634', 'lNONHSAG039637', 'lNONHSAG039664', 'lNONHSAG039669', 'lNONHSAG039749', 'lNONHSAG039872', 'lNONHSAG039951', 'lNONHSAG040179', 'lNONHSAG040188', 'lNONHSAG040226', 'lNONHSAG040241', 'lNONHSAG040269', 'lNONHSAG040320', 'lNONHSAG040329', 'lNONHSAG040408', 'lNONHSAG040444', 'lNONHSAG040481', 'lNONHSAG040542', 'lNONHSAG040544', 'lNONHSAG040560', 'lNONHSAG040601', 'lNONHSAG040692', 'lNONHSAG040729', 'lNONHSAG040804', 'lNONHSAG040859', 'lNONHSAG040870', 'lNONHSAG040909', 'lNONHSAG040945', 'lNONHSAG040958', 'lNONHSAG040969', 'lNONHSAG040976', 'lNONHSAG041002', 'lNONHSAG041017', 'lNONHSAG041023', 'lNONHSAG041241', 'lNONHSAG041250', 'lNONHSAG041256', 'lNONHSAG041257', 'lNONHSAG041480', 'lNONHSAG041528', 'lNONHSAG041529', 'lNONHSAG041592', 'lNONHSAG041670', 'lNONHSAG041707', 'lNONHSAG041716', 'lNONHSAG041758', 'lNONHSAG041844', 'lNONHSAG041883', 'lNONHSAG041938', 'lNONHSAG041966', 'lNONHSAG041981', 'lNONHSAG042033', 'lNONHSAG042050', 'lNONHSAG042062', 'lNONHSAG042080', 'lNONHSAG042132', 'lNONHSAG042138', 'lNONHSAG042218', 'lNONHSAG042257', 'lNONHSAG042270', 'lNONHSAG042306', 'lNONHSAG042307', 'lNONHSAG042370', 'lNONHSAG042433', 'lNONHSAG042476', 'lNONHSAG042491', 'lNONHSAG042500', 'lNONHSAG042722', 'lNONHSAG042724', 'lNONHSAG042836', 'lNONHSAG042855', 'lNONHSAG042957', 'lNONHSAG042966', 'lNONHSAG042991', 'lNONHSAG043138', 'lNONHSAG043159', 'lNONHSAG043229', 'lNONHSAG043250', 'lNONHSAG043303', 'lNONHSAG043550', 'lNONHSAG043592', 'lNONHSAG043625', 'lNONHSAG043851', 'lNONHSAG043934', 'lNONHSAG044022', 'lNONHSAG044064', 'lNONHSAG044283', 'lNONHSAG044350', 'lNONHSAG044406', 'lNONHSAG044429', 'lNONHSAG044533', 'lNONHSAG044624', 'lNONHSAG044666', 'lNONHSAG044709', 'lNONHSAG044751', 'lNONHSAG044791', 'lNONHSAG045131', 'lNONHSAG045160', 'lNONHSAG045166', 'lNONHSAG045306', 'lNONHSAG045383', 'lNONHSAG045430', 'lNONHSAG046722', 'lNONHSAG046730', 'lNONHSAG046765', 'lNONHSAG046781', 'lNONHSAG046811', 'lNONHSAG046839', 'lNONHSAG046953', 'lNONHSAG047182', 'lNONHSAG047191', 'lNONHSAG047260', 'lNONHSAG047319', 'lNONHSAG047433', 'lNONHSAG047463', 'lNONHSAG047469', 'lNONHSAG047471', 'lNONHSAG047507', 'lNONHSAG047543', 'lNONHSAG047544', 'lNONHSAG047547', 'lNONHSAG047619', 'lNONHSAG047620', 'lNONHSAG047725', 'lNONHSAG047792', 'lNONHSAG047796', 'lNONHSAG047840', 'lNONHSAG047842', 'lNONHSAG047851', 'lNONHSAG047951', 'lNONHSAG047973', 'lNONHSAG047974', 'lNONHSAG048057', 'lNONHSAG048101', 'lNONHSAG048114', 'lNONHSAG048189', 'lNONHSAG048191', 'lNONHSAG048201', 'lNONHSAG048228', 'lNONHSAG048231', 'lNONHSAG048270', 'lNONHSAG048302', 'lNONHSAG048323', 'lNONHSAG048354', 'lNONHSAG048439', 'lNONHSAG048464', 'lNONHSAG048598', 'lNONHSAG048603', 'lNONHSAG048610', 'lNONHSAG048623', 'lNONHSAG048624', 'lNONHSAG048626', 'lNONHSAG048641', 'lNONHSAG048682', 'lNONHSAG048695', 'lNONHSAG048781', 'lNONHSAG048817', 'lNONHSAG049037', 'lNONHSAG049050', 'lNONHSAG049051', 'lNONHSAG049119', 'lNONHSAG049129', 'lNONHSAG049157', 'lNONHSAG049191', 'lNONHSAG049288', 'lNONHSAG049303', 'lNONHSAG049356', 'lNONHSAG049421', 'lNONHSAG049507', 'lNONHSAG049626', 'lNONHSAG049655', 'lNONHSAG049754', 'lNONHSAG049801', 'lNONHSAG049901', 'lNONHSAG050073', 'lNONHSAG050104', 'lNONHSAG050167', 'lNONHSAG050168', 'lNONHSAG050272', 'lNONHSAG050273', 'lNONHSAG050284', 'lNONHSAG050345', 'lNONHSAG050423', 'lNONHSAG050445', 'lNONHSAG050493', 'lNONHSAG050518', 'lNONHSAG050670', 'lNONHSAG050725', 'lNONHSAG050815', 'lNONHSAG050929', 'lNONHSAG050985', 'lNONHSAG051010', 'lNONHSAG051015', 'lNONHSAG051166', 'lNONHSAG051196', 'lNONHSAG051245', 'lNONHSAG051250', 'lNONHSAG051255', 'lNONHSAG051259', 'lNONHSAG051260', 'lNONHSAG051263', 'lNONHSAG051266', 'lNONHSAG051448', 'lNONHSAG051454', 'lNONHSAG051484', 'lNONHSAG051514', 'lNONHSAG051517', 'lNONHSAG051523', 'lNONHSAG051542', 'lNONHSAG051603', 'lNONHSAG051770', 'lNONHSAG051958', 'lNONHSAG052046', 'lNONHSAG052082', 'lNONHSAG052097', 'lNONHSAG052119', 'lNONHSAG052149', 'lNONHSAG052151', 'lNONHSAG052179', 'lNONHSAG052454', 'lNONHSAG052459', 'lNONHSAG052491', 'lNONHSAG052492', 'lNONHSAG052495', 'lNONHSAG052510', 'lNONHSAG052511', 'lNONHSAG052609', 'lNONHSAG052680', 'lNONHSAG052686', 'lNONHSAG052709', 'lNONHSAG052726', 'lNONHSAG052853', 'lNONHSAG052908', 'lNONHSAG052925', 'lNONHSAG052929', 'lNONHSAG052931', 'lNONHSAG052933', 'lNONHSAG052943', 'lNONHSAG053007', 'lNONHSAG053014', 'lNONHSAG053028', 'lNONHSAG053033', 'lNONHSAG053082', 'lNONHSAG053108', 'lNONHSAG053162', 'lNONHSAG053228', 'lNONHSAG053419', 'lNONHSAG053456', 'lNONHSAG053499', 'lNONHSAG053500', 'lNONHSAG053502', 'lNONHSAG053546', 'lNONHSAG053547', 'lNONHSAG053590', 'lNONHSAG053602', 'lNONHSAG053626', 'lNONHSAG053631', 'lNONHSAG053651', 'lNONHSAG053716', 'lNONHSAG053719', 'lNONHSAG053748', 'lNONHSAG053796', 'lNONHSAG053842', 'lNONHSAG054024', 'lNONHSAG054038', 'lNONHSAG054212', 'lNONHSAG054213', 'lNONHSAG054214', 'lNONHSAG054215', 'lNONHSAG054216', 'lNONHSAG054301', 'lNONHSAG054360', 'lNONHSAG054432', 'lNONHSAG054699', 'lNONHSAG054716', 'lNONHSAG054717', 'lNONHSAG054718', 'lNONHSAG054791', 'lNONHSAG054807', 'lNONHSAG054832', 'lNONHSAG055008', 'lNONHSAG055088', 'lNONHSAG055151', 'lNONHSAG055258', 'lNONHSAG055350', 'lNONHSAG055450', 'lNONHSAG055558', 'lNONHSAG055577', 'lNONHSAG056025', 'lNONHSAG056029', 'lNONHSAG056053', 'lNONHSAG056451', 'lNONHSAG056733', 'lNONHSAG056868', 'lNONHSAG056875', 'lNONHSAG057043', 'lNONHSAG057222', 'lNONHSAG057260', 'lNONHSAG058006', 'lNONHSAG058109', 'lNONHSAG058112', 'lNONHSAG058118', 'lNONHSAG058128', 'lNONHSAG058533', 'lNONHSAG058967', 'lNONHSAG059768', 'lNONHSAG061096', 'lNONHSAG061404', 'lNONHSAG061492', 'lNONHSAG064784', 'lNONHSAG064962', 'lNONHSAG065252', 'lNONHSAG065364', 'lNONHSAG066253', 'lNONHSAG068402', 'lNONHSAG068639', 'lNONHSAG069030', 'lNONHSAG069147', 'lNONHSAG069277', 'lNONHSAG069876', 'lNONHSAG070257', 'lNONHSAG071444', 'lNONHSAG072176', 'lNONHSAG072945', 'lNONHSAG073025', 'lNONHSAG073380', 'lNONHSAG073406', 'lNONHSAG073419', 'lNONHSAG073786', 'lNONHSAG074052', 'lNONHSAG074661', 'lNONHSAG075363', 'lNONHSAG077475', 'lNONHSAG077551', 'lNONHSAG079231', 'lNONHSAG080772', 'lNONHSAG081227', 'lNONHSAG081583', 'lNONHSAG081993', 'lNONHSAG082891', 'lNONHSAG083209', 'lNONHSAG083615', 'lNONHSAG083859', 'lNONHSAG083883', 'lNONHSAG083894', 'lNONHSAG084832', 'lNONHSAG084937', 'lNONHSAG085975', 'lNONHSAG088562', 'lNONHSAG089857', 'lNONHSAG091116', 'lNONHSAG091284', 'lNONHSAG091452', 'lNONHSAG091943', 'lNONHSAG093064', 'lNONHSAG093517', 'lNONHSAG094075', 'lNONHSAG094129', 'lNONHSAG096130', 'lNONHSAG096227', 'lNONHSAG096230', 'lNONHSAG096627', 'lNONHSAG097344', 'lNONHSAG097347', 'lNONHSAG099082', 'lNONHSAG099120', 'lNONHSAG099126', 'lNONHSAG099742', 'lNONHSAG099774', 'lNONHSAG101229', 'lNONHSAG101725', 'lNONHSAG102572', 'lNONHSAG102979', 'lNONHSAG103259', 'lNONHSAG103817', 'lNONHSAG104186', 'lNONHSAG110420', 'lNONHSAG110858', 'lNONHSAG112396', 'lNONHSAG113761', 'lNONHSAG114445', 'lENSG00000103472', 'lENSG00000163364', 'lENSG00000171889', 'lENSG00000175061', 'lENSG00000177410', 'lENSG00000179406', 'lENSG00000179523', 'lENSG00000189295', 'lENSG00000198221', 'lENSG00000205611', 'lENSG00000223764', 'lENSG00000223783', 'lENSG00000224057', 'lENSG00000224078', 'lENSG00000224614', 'lENSG00000225470', 'lENSG00000225506', 'lENSG00000225855', 'lENSG00000226115', 'lENSG00000226137', 'lENSG00000227082', 'lENSG00000227256', 'lENSG00000227963', 'lENSG00000228022', 'lENSG00000228526', 'lENSG00000229267', 'lENSG00000229335', 'lENSG00000229388', 'lENSG00000230046', 'lENSG00000230061', 'lENSG00000230257', 'lENSG00000230313', 'lENSG00000230866', 'lENSG00000231019', 'lENSG00000231437', 'lENSG00000231473', 'lENSG00000231663', 'lENSG00000232265', 'lENSG00000232415', 'lENSG00000232442', 'lENSG00000232500', 'lENSG00000233047', 'lENSG00000233387', 'lENSG00000233532', 'lENSG00000233590', 'lENSG00000234169', 'lENSG00000234222', 'lENSG00000234455', 'lENSG00000234546', 'lENSG00000234625', 'lENSG00000235385', 'lENSG00000235535', 'lENSG00000235724', 'lENSG00000236240', 'lENSG00000236535', 'lENSG00000236671', 'lENSG00000237167', 'lENSG00000237396', 'lENSG00000237880', 'lENSG00000241388', 'lENSG00000242207', 'lENSG00000243479', 'lENSG00000244124', 'lENSG00000245146', 'lENSG00000245614', 'lENSG00000246560', 'lENSG00000247095', 'lENSG00000247400', 'lENSG00000247498', 'lENSG00000249532', 'lENSG00000249786', 'lENSG00000249835', 'lENSG00000249993', 'lENSG00000250635', 'lENSG00000251003', 'lENSG00000251061', 'lENSG00000253315', 'lENSG00000254418', 'lENSG00000254480', 'lENSG00000254508', 'lENSG00000254635', 'lENSG00000254791', 'lENSG00000255363', 'lENSG00000255427', 'lENSG00000255553', 'lENSG00000255850', 'lENSG00000256742', 'lENSG00000256769', 'lENSG00000257084', 'lENSG00000257557', 'lENSG00000258197', 'lENSG00000259289', 'lENSG00000260219', 'lENSG00000260280', 'lENSG00000260455', 'lENSG00000260969', 'lENSG00000261183', 'lENSG00000261423', 'lENSG00000261780', 'lENSG00000264672', 'lENSG00000265374', 'lENSG00000266402', 'lENSG00000267296', 'lENSG00000267321', 'lENSG00000267395', 'lENSG00000267413', 'lENSG00000267440', 'lENSG00000267858', 'lENSG00000269019', 'lENSG00000269911', 'lENSG00000269939', 'lENSG00000270084', 'lENSG00000270344', 'lENSG00000270959', 'lENSG00000272769', 'lENSG00000274372', 'lENSG00000278709', 'lENSG00000279296', 'lENSG00000281189', 'lENSG00000284070', 'lENSG00000286004', 'lENSG00000286737', 'lENSG00000288080', 'lENSG00000224167', 'lENSG00000224739', 'lA1BG-AS1', 'lADAMTS9-AS2', 'lANKRD62P1-PARP4P3', 'lAQP4-AS1', 'lASMTL-AS1', 'lBANCR', 'lCCAT2', 'lCDKN2B-AS1', 'lCRNDE', 'lDGKK', 'lDLX6-AS1', 'lEGOT', 'lFEZF1-AS1', 'lGATA3-AS1', 'lGATA6-AS1', 'lGHET1', 'lHEIH', 'lHOTAIRM1', 'lHOXA-AS3', 'lINHBA-AS1', 'lJPX', 'lJRK', 'lKCTD21-AS1', 'lKTN1-AS1', 'lLAMTOR5-AS1', 'lLBX2-AS1', 'lLINC00173', 'lLINC00240', 'lLINC00333', 'lLINC00472', 'lLPP-AS2', 'lMCM3AP-AS1', 'lMEG3', 'lMIR181A1HG', 'lMIR31HG', 'lMYLK-AS1', 'lPANDAR', 'lPCGEM1', 'lPVT1', 'lRHPN1-AS1', 'lRMST', 'lSNHG16', 'lSNX29P2', 'lTEN1-CDK3', 'lTPTEP1', 'lTRAM2-AS1', 'lVCAN-AS1', 'lZFAS1', 'lZNF503-AS2', 'lLINC00461', 'lLINC00514', 'lSLC2A1-AS1', 'lSRP14-AS1', 'lPWAR6', 'lAC004840.8', 'lAC061992.2', 'lAC103564.7', 'lAC135048.13', 'lAC137723.5', 'lAC137932.5', 'lAL928742.12', 'lAP001058.3', 'lCTB-60B18.10', 'lCTB-91J4.1', 'lCTC-338M12.2', 'lCTD-2165H16.4', 'lCTD-2195B23.3', 'lCTD-2540L5.5', 'lKB-7G2.8', 'lLA16c-321D4.2', 'lRP1-283E3.8', 'lRP11-100F15.1', 'lRP11-104E19.1', 'lRP11-108M9.3', 'lRP11-123O10.4', 'lRP11-137H2.4', 'lRP11-21J18.1', 'lRP11-227H15.4', 'lRP11-243J18.2', 'lRP11-24P14.1', 'lRP11-264B17.3', 'lRP11-276H7.2', 'lRP11-2C24.4', 'lRP11-305P14.1', 'lRP11-439K3.1', 'lRP11-467J12.4', 'lRP11-49K24.4', 'lRP11-514P8.8', 'lRP11-54O7.3', 'lRP11-550C4.6', 'lRP11-680A11.5', 'lRP4-756H11.3', 'lRP4-790G17.7', 'lRP5-1061H20.4', 'lRP5-1074L1.1', 'lRP5-1160K1.8', 'lXXbac-B444P24.8', 'lXXbac-BPG300A18.13', 'lHNRNPU-AS1', 'lRP11-429J17.8', 'lRP11-672A2.1', 'lRP5-1063M23.1', 'lRP11-495P10.8', 'lCTA-250D10.23', 'lRP4-610C12.4', 'lLINC00035', 'lRP11-408H20.2', 'lNONHSAG000157', 'lNONHSAG000265', 'lNONHSAG000298', 'lNONHSAG000636', 'lNONHSAG000677', 'lNONHSAG000896', 'lNONHSAG000969', 'lNONHSAG000994', 'lNONHSAG001008', 'lNONHSAG001014', 'lNONHSAG001028', 'lNONHSAG001030', 'lNONHSAG001147', 'lNONHSAG001171', 'lNONHSAG001207', 'lNONHSAG001258', 'lNONHSAG001419', 'lNONHSAG001435', 'lNONHSAG001613', 'lNONHSAG002403', 'lNONHSAG002487', 'lNONHSAG002619', 'lNONHSAG002726', 'lNONHSAG002790', 'lNONHSAG002816', 'lNONHSAG003227', 'lNONHSAG003308', 'lNONHSAG003459', 'lNONHSAG003810', 'lNONHSAG003881', 'lNONHSAG004227', 'lNONHSAG004351', 'lNONHSAG004475', 'lNONHSAG004507', 'lNONHSAG004893', 'lNONHSAG005249', 'lNONHSAG005363', 'lNONHSAG005473', 'lNONHSAG005522', 'lNONHSAG005652', 'lNONHSAG005679', 'lNONHSAG005690', 'lNONHSAG005717', 'lNONHSAG005725', 'lNONHSAG005727', 'lNONHSAG005739', 'lNONHSAG005740', 'lNONHSAG005747', 'lNONHSAG005760', 'lNONHSAG005761', 'lNONHSAG005769', 'lNONHSAG005797', 'lNONHSAG005809', 'lNONHSAG005821', 'lNONHSAG005830', 'lNONHSAG005842', 'lNONHSAG005847', 'lNONHSAG005851', 'lNONHSAG005852', 'lNONHSAG005853', 'lNONHSAG005855', 'lNONHSAG005856', 'lNONHSAG005857', 'lNONHSAG005859', 'lNONHSAG005862', 'lNONHSAG005867', 'lNONHSAG005870', 'lNONHSAG005885', 'lNONHSAG005901', 'lNONHSAG005915', 'lNONHSAG005935', 'lNONHSAG005936', 'lNONHSAG005939', 'lNONHSAG005985', 'lNONHSAG005986', 'lNONHSAG006012', 'lNONHSAG006078', 'lNONHSAG006086', 'lNONHSAG006091', 'lNONHSAG006097', 'lNONHSAG006103', 'lNONHSAG006160', 'lNONHSAG006166', 'lNONHSAG006183', 'lNONHSAG006186', 'lNONHSAG006187', 'lNONHSAG006188', 'lNONHSAG006206', 'lNONHSAG006220', 'lNONHSAG006221', 'lNONHSAG006235', 'lNONHSAG006240', 'lNONHSAG006274', 'lNONHSAG006279', 'lNONHSAG006290', 'lNONHSAG006300', 'lNONHSAG006314', 'lNONHSAG006324', 'lNONHSAG006376', 'lNONHSAG006377', 'lNONHSAG006382', 'lNONHSAG006388', 'lNONHSAG006395', 'lNONHSAG006399', 'lNONHSAG006405', 'lNONHSAG006407', 'lNONHSAG006412', 'lNONHSAG006415', 'lNONHSAG006434', 'lNONHSAG006440', 'lNONHSAG006450', 'lNONHSAG006459', 'lNONHSAG006479', 'lNONHSAG006487', 'lNONHSAG006493', 'lNONHSAG006507', 'lNONHSAG006527', 'lNONHSAG006536', 'lNONHSAG006551', 'lNONHSAG006554', 'lNONHSAG006555', 'lNONHSAG006557', 'lNONHSAG006573', 'lNONHSAG006576', 'lNONHSAG006579', 'lNONHSAG006581', 'lNONHSAG006586', 'lNONHSAG006591', 'lNONHSAG006646', 'lNONHSAG006669', 'lNONHSAG006716', 'lNONHSAG006748', 'lNONHSAG006750', 'lNONHSAG006765', 'lNONHSAG006808', 'lNONHSAG006830', 'lNONHSAG006832', 'lNONHSAG006837', 'lNONHSAG006855', 'lNONHSAG006863', 'lNONHSAG006883', 'lNONHSAG006889', 'lNONHSAG006894', 'lNONHSAG006897', 'lNONHSAG006915', 'lNONHSAG006967', 'lNONHSAG006970', 'lNONHSAG006976', 'lNONHSAG007000', 'lNONHSAG007008', 'lNONHSAG007020', 'lNONHSAG007023', 'lNONHSAG007029', 'lNONHSAG007031', 'lNONHSAG007035', 'lNONHSAG007063', 'lNONHSAG007065', 'lNONHSAG007087', 'lNONHSAG007093', 'lNONHSAG007103', 'lNONHSAG007118', 'lNONHSAG007123', 'lNONHSAG007129', 'lNONHSAG007139', 'lNONHSAG007155', 'lNONHSAG007166', 'lNONHSAG007172', 'lNONHSAG007203', 'lNONHSAG007222', 'lNONHSAG007224', 'lNONHSAG007225', 'lNONHSAG007242', 'lNONHSAG007259', 'lNONHSAG007268', 'lNONHSAG007278', 'lNONHSAG007286', 'lNONHSAG007298', 'lNONHSAG007414', 'lNONHSAG007419', 'lNONHSAG007429', 'lNONHSAG007458', 'lNONHSAG007488', 'lNONHSAG007507', 'lNONHSAG007531', 'lNONHSAG007533', 'lNONHSAG007543', 'lNONHSAG007544', 'lNONHSAG007554', 'lNONHSAG007563', 'lNONHSAG007574', 'lNONHSAG007578', 'lNONHSAG007587', 'lNONHSAG007599', 'lNONHSAG007621', 'lNONHSAG007638', 'lNONHSAG007730', 'lNONHSAG007932', 'lENSG00000105501', 'lENSG00000122043', 'lENSG00000149443', 'lENSG00000167920', 'lENSG00000175746', 'lENSG00000177596', 'lENSG00000178248', 'lENSG00000197880', 'lENSG00000198671', 'lENSG00000203307', 'lENSG00000203434', 'lENSG00000203469', 'lENSG00000203472', 'lENSG00000203565', 'lENSG00000203605', 'lENSG00000203864', 'lENSG00000204393', 'lENSG00000205018', 'lENSG00000205452', 'lENSG00000219410', 'lENSG00000221845', 'lENSG00000222032', 'lENSG00000222044', 'lENSG00000223374', 'lENSG00000223381', 'lENSG00000223387', 'lENSG00000223400', 'lENSG00000223537', 'lENSG00000223563', 'lENSG00000223598', 'lENSG00000223634', 'lENSG00000223641', 'lENSG00000223643', 'lENSG00000223647', 'lENSG00000223720', 'lENSG00000223786', 'lENSG00000223809', 'lENSG00000223831', 'lENSG00000223870', 'lENSG00000223966', 'lENSG00000223993', 'lENSG00000224031', 'lENSG00000224075', 'lENSG00000224087', 'lENSG00000224095', 'lENSG00000224220', 'lENSG00000224277', 'lENSG00000224330', 'lENSG00000224384', 'lENSG00000224500', 'lENSG00000224541', 'lENSG00000224549', 'lENSG00000224595', 'lENSG00000224645', 'lENSG00000224655', 'lENSG00000224821', 'lENSG00000224844', 'lENSG00000224857', 'lENSG00000224885', 'lENSG00000224922', 'lENSG00000224972', 'lENSG00000225012', 'lENSG00000225129', 'lENSG00000225146', 'lENSG00000225218', 'lENSG00000225325', 'lENSG00000225334', 'lENSG00000225378', 'lENSG00000225537', 'lENSG00000225570', 'lENSG00000225588', 'lENSG00000225647', 'lENSG00000225750', 'lENSG00000225751', 'lENSG00000225761', 'lENSG00000225798', 'lENSG00000225919', 'lENSG00000225929', 'lENSG00000226047', 'lENSG00000226089', 'lENSG00000226133', 'lENSG00000226143', 'lENSG00000226193', 'lENSG00000226194', 'lENSG00000226238', 'lENSG00000226323', 'lENSG00000226337', 'lENSG00000226352', 'lENSG00000226398', 'lENSG00000226442', 'lENSG00000226454', 'lENSG00000226486', 'lENSG00000226508', 'lENSG00000226542', 'lENSG00000226562', 'lENSG00000226566', 'lENSG00000226576', 'lENSG00000226601', 'lENSG00000226647', 'lENSG00000226883', 'lENSG00000226956', 'lENSG00000226957', 'lENSG00000227075', 'lENSG00000227076', 'lENSG00000227125', 'lENSG00000227131', 'lENSG00000227181', 'lENSG00000227197', 'lENSG00000227330', 'lENSG00000227360', 'lENSG00000227409', 'lENSG00000227459', 'lENSG00000227482', 'lENSG00000227496', 'lENSG00000227509', 'lENSG00000227512', 'lENSG00000227549', 'lENSG00000227579', 'lENSG00000227606', 'lENSG00000227611', 'lENSG00000227680', 'lENSG00000227718', 'lENSG00000227769', 'lENSG00000227863', 'lENSG00000227893', 'lENSG00000227930', 'lENSG00000227958', 'lENSG00000228082', 'lENSG00000228108', 'lENSG00000228136', 'lENSG00000228170', 'lENSG00000228215', 'lENSG00000228231', 'lENSG00000228261', 'lENSG00000228351', 'lENSG00000228372', 'lENSG00000228383', 'lENSG00000228470', 'lENSG00000228548', 'lENSG00000228596', 'lENSG00000228627', 'lENSG00000228804', 'lENSG00000228852', 'lENSG00000228939', 'lENSG00000228950', 'lENSG00000229152', 'lENSG00000229162', 'lENSG00000229190', 'lENSG00000229224', 'lENSG00000229283', 'lENSG00000229297', 'lENSG00000229331', 'lENSG00000229345', 'lENSG00000229370', 'lENSG00000229379', 'lENSG00000229444', 'lENSG00000229457', 'lENSG00000229487', 'lENSG00000229498', 'lENSG00000229502', 'lENSG00000229528', 'lENSG00000229531', 'lENSG00000229673', 'lENSG00000229688', 'lENSG00000229848', 'lENSG00000229851', 'lENSG00000229999', 'lENSG00000230010', 'lENSG00000230065', 'lENSG00000230105', 'lENSG00000230121', 'lENSG00000230131', 'lENSG00000230153', 'lENSG00000230155', 'lENSG00000230190', 'lENSG00000230197', 'lENSG00000230212', 'lENSG00000230233', 'lENSG00000230234', 'lENSG00000230432', 'lENSG00000230483', 'lENSG00000230599', 'lENSG00000230668', 'lENSG00000230735', 'lENSG00000230741', 'lENSG00000230759', 'lENSG00000230790', 'lENSG00000230794', 'lENSG00000230826', 'lENSG00000230912', 'lENSG00000230918', 'lENSG00000230972', 'lENSG00000231082', 'lENSG00000231092', 'lENSG00000231114', 'lENSG00000231143', 'lENSG00000231253', 'lENSG00000231272', 'lENSG00000231413', 'lENSG00000231440', 'lENSG00000231492', 'lENSG00000231496', 'lENSG00000231539', 'lENSG00000231597', 'lENSG00000231678', 'lENSG00000231681', 'lENSG00000231724', 'lENSG00000231760', 'lENSG00000231772', 'lENSG00000231912', 'lENSG00000231914', 'lENSG00000231953', 'lENSG00000231964', 'lENSG00000232031', 'lENSG00000232058', 'lENSG00000232072', 'lENSG00000232120', 'lENSG00000232192', 'lENSG00000232197', 'lENSG00000232252', 'lENSG00000232286', 'lENSG00000232310', 'lENSG00000232328', 'lENSG00000232335', 'lENSG00000232359', 'lENSG00000232363', 'lENSG00000232396', 'lENSG00000232451', 'lENSG00000232465', 'lENSG00000232564', 'lENSG00000232596', 'lENSG00000232604', 'lENSG00000232710', 'lENSG00000232746', 'lENSG00000232806', 'lENSG00000232893', 'lENSG00000232895', 'lENSG00000232939', 'lENSG00000232964', 'lENSG00000233070', 'lENSG00000233079', 'lENSG00000233178', 'lENSG00000233179', 'lENSG00000233219', 'lENSG00000233222', 'lENSG00000233330', 'lENSG00000233339', 'lENSG00000233407', 'lENSG00000233472', 'lENSG00000233479', 'lENSG00000233534', 'lENSG00000233574', 'lENSG00000233581', 'lENSG00000233625', 'lENSG00000233656', 'lENSG00000233689', 'lENSG00000233706', 'lENSG00000233891', 'lENSG00000233953', 'lENSG00000233960', 'lENSG00000233969', 'lENSG00000234021', 'lENSG00000234055', 'lENSG00000234117', 'lENSG00000234160', 'lENSG00000234172', 'lENSG00000234191', 'lENSG00000234318', 'lENSG00000234567', 'lENSG00000234622', 'lENSG00000234653', 'lENSG00000234690', 'lENSG00000234693', 'lENSG00000234714', 'lENSG00000234860', 'lENSG00000234953', 'lENSG00000234961', 'lENSG00000234979', 'lENSG00000235011', 'lENSG00000235035', 'lENSG00000235059', 'lENSG00000235086', 'lENSG00000235122', 'lENSG00000235168', 'lENSG00000235262', 'lENSG00000235435', 'lENSG00000235503', 'lENSG00000235533', 'lENSG00000235628', 'lENSG00000235635', 'lENSG00000235637', 'lENSG00000235669', 'lENSG00000235786', 'lENSG00000236022', 'lENSG00000236031', 'lENSG00000236065', 'lENSG00000236109', 'lENSG00000236242', 'lENSG00000236267', 'lENSG00000236324', 'lENSG00000236326', 'lENSG00000236358', 'lENSG00000236366', 'lENSG00000236414', 'lENSG00000236452', 'lENSG00000236498', 'lENSG00000236559', 'lENSG00000236648', 'lENSG00000236662', 'lENSG00000236758', 'lENSG00000236800', 'lENSG00000236828', 'lENSG00000236854', 'lENSG00000236921', 'lENSG00000236951', 'lENSG00000236953', 'lENSG00000237015', 'lENSG00000237058', 'lENSG00000237073', 'lENSG00000237200', 'lENSG00000237293', 'lENSG00000237312', 'lENSG00000237324', 'lENSG00000237331', 'lENSG00000237337', 'lENSG00000237373', 'lENSG00000237435', 'lENSG00000237463', 'lENSG00000237477', 'lENSG00000237481', 'lENSG00000237494', 'lENSG00000237520', 'lENSG00000237571', 'lENSG00000237670', 'lENSG00000237687', 'lENSG00000237734', 'lENSG00000237756', 'lENSG00000237768', 'lENSG00000237802', 'lENSG00000237919', 'lENSG00000237921', 'lENSG00000237937', 'lENSG00000237993', 'lENSG00000238140', 'lENSG00000238185', 'lENSG00000238282', 'lENSG00000238291', 'lENSG00000239314', 'lENSG00000239415', 'lENSG00000239482', 'lENSG00000239593', 'lENSG00000240354', 'lENSG00000240573', 'lENSG00000240868', 'lENSG00000241383', 'lENSG00000241397', 'lENSG00000241577', 'lENSG00000241593', 'lENSG00000241666', 'lENSG00000241985', 'lENSG00000242012', 'lENSG00000242072', 'lENSG00000242339', 'lENSG00000242391', 'lENSG00000242545', 'lENSG00000242568', 'lENSG00000242618', 'lENSG00000242795', 'lENSG00000242861', 'lENSG00000243149', 'lENSG00000243230', 'lENSG00000243273', 'lENSG00000243797', 'lENSG00000243903', 'lENSG00000243961', 'lENSG00000244278', 'lENSG00000244327', 'lENSG00000244461', 'lENSG00000244701', 'lENSG00000245148', 'lENSG00000245385', 'lENSG00000246541', 'lENSG00000247867', 'lENSG00000247925', 'lENSG00000248125', 'lENSG00000248148', 'lENSG00000248172', 'lENSG00000248245', 'lENSG00000248358', 'lENSG00000248393', 'lENSG00000248397', 'lENSG00000248416', 'lENSG00000248457', 'lENSG00000248482', 'lENSG00000248576', 'lENSG00000248599', 'lENSG00000248627', 'lENSG00000248758', 'lENSG00000248789', 'lENSG00000248802', 'lENSG00000248925', 'lENSG00000248935', 'lENSG00000248969', 'lENSG00000248984', 'lENSG00000248995', 'lENSG00000249066', 'lENSG00000249071', 'lENSG00000249099', 'lENSG00000249111', 'lENSG00000249114', 'lENSG00000249297', 'lENSG00000249334', 'lENSG00000249382', 'lENSG00000249409', 'lENSG00000249419', 'lENSG00000249426', 'lENSG00000249441', 'lENSG00000249451', 'lENSG00000249474', 'lENSG00000249547', 'lENSG00000249605', 'lENSG00000249613', 'lENSG00000249697', 'lENSG00000249706', 'lENSG00000249742', 'lENSG00000249753', 'lENSG00000249782', 'lENSG00000249806', 'lENSG00000249830', 'lENSG00000249865', 'lENSG00000249892', 'lENSG00000250062', 'lENSG00000250092', 'lENSG00000250186', 'lENSG00000250195', 'lENSG00000250242', 'lENSG00000250524', 'lENSG00000250541', 'lENSG00000250626', 'lENSG00000250629', 'lENSG00000250646', 'lENSG00000250657', 'lENSG00000250665', 'lENSG00000250698', 'lENSG00000250761', 'lENSG00000250791', 'lENSG00000250820', 'lENSG00000250855', 'lENSG00000250866', 'lENSG00000250877', 'lENSG00000250910', 'lENSG00000250917', 'lENSG00000250929', 'lENSG00000250945', 'lENSG00000250949', 'lENSG00000250950', 'lENSG00000250955', 'lENSG00000250993', 'lENSG00000251059', 'lENSG00000251072', 'lENSG00000251088', 'lENSG00000251185', 'lENSG00000251194', 'lENSG00000251256', 'lENSG00000251266', 'lENSG00000251281', 'lENSG00000251283', 'lENSG00000251412', 'lENSG00000251414', 'lENSG00000251438', 'lENSG00000251688', 'lENSG00000253134', 'lENSG00000253142', 'lENSG00000253147', 'lENSG00000253167', 'lENSG00000253171', 'lENSG00000253189', 'lENSG00000253282', 'lENSG00000253356', 'lENSG00000253397', 'lENSG00000253449', 'lENSG00000253456', 'lENSG00000253503', 'lENSG00000253507', 'lENSG00000253526', 'lENSG00000253530', 'lENSG00000253539', 'lENSG00000253577', 'lENSG00000253616', 'lENSG00000253619', 'lENSG00000253627', 'lENSG00000253643', 'lENSG00000253645', 'lENSG00000253660', 'lENSG00000253665', 'lENSG00000253717', 'lENSG00000253722', 'lENSG00000253754', 'lENSG00000253782', 'lENSG00000253834', 'lENSG00000253851', 'lENSG00000253858', 'lENSG00000253871', 'lENSG00000253875', 'lENSG00000253880', 'lENSG00000253927', 'lENSG00000253947', 'lENSG00000253976', 'lENSG00000254011', 'lENSG00000254021', 'lENSG00000254026', 'lENSG00000254031', 'lENSG00000254033', 'lENSG00000254035', 'lENSG00000254043', 'lENSG00000254084', 'lENSG00000254094', 'lENSG00000254123', 'lENSG00000254141', 'lENSG00000254171', 'lENSG00000254177', 'lENSG00000254207', 'lENSG00000254239', 'lENSG00000254242', 'lENSG00000254263', 'lENSG00000254314', 'lENSG00000254325', 'lENSG00000254330', 'lENSG00000254347', 'lENSG00000254350', 'lENSG00000254380', 'lENSG00000254428', 'lENSG00000254429', 'lENSG00000254456', 'lENSG00000254526', 'lENSG00000254559', 'lENSG00000254563', 'lENSG00000254574', 'lENSG00000254592', 'lENSG00000254604', 'lENSG00000254620', 'lENSG00000254626', 'lENSG00000254627', 'lENSG00000254739', 'lENSG00000254775', 'lENSG00000254829', 'lENSG00000254842', 'lENSG00000254846', 'lENSG00000254847', 'lENSG00000254879', 'lENSG00000254913', 'lENSG00000254921', 'lENSG00000254928', 'lENSG00000254930', 'lENSG00000254972', 'lENSG00000254983', 'lENSG00000254990', 'lENSG00000255027', 'lENSG00000255041', 'lENSG00000255084', 'lENSG00000255114', 'lENSG00000255121', 'lENSG00000255159', 'lENSG00000255167', 'lENSG00000255227', 'lENSG00000255241', 'lENSG00000255252', 'lENSG00000255271', 'lENSG00000255300', 'lENSG00000255327', 'lENSG00000255343', 'lENSG00000255357', 'lENSG00000255366', 'lENSG00000255388', 'lENSG00000255390', 'lENSG00000255443', 'lENSG00000255462', 'lENSG00000255478', 'lENSG00000255487', 'lENSG00000255496', 'lENSG00000255498', 'lENSG00000255506', 'lENSG00000255523', 'lENSG00000255528', 'lENSG00000255539', 'lENSG00000255555', 'lENSG00000255565', 'lENSG00000255572', 'lENSG00000255580', 'lENSG00000255839', 'lENSG00000255893', 'lENSG00000255949', 'lENSG00000256071', 'lENSG00000256072', 'lENSG00000256083', 'lENSG00000256209', 'lENSG00000256226', 'lENSG00000256234', 'lENSG00000256292', 'lENSG00000256314', 'lENSG00000256364', 'lENSG00000256482', 'lENSG00000256568', 'lENSG00000256582', 'lENSG00000256670', 'lENSG00000256733', 'lENSG00000256897', 'lENSG00000256972', 'lENSG00000257004', 'lENSG00000257022', 'lENSG00000257096', 'lENSG00000257105', 'lENSG00000257137', 'lENSG00000257165', 'lENSG00000257235', 'lENSG00000257261', 'lENSG00000257264', 'lENSG00000257265', 'lENSG00000257271', 'lENSG00000257275', 'lENSG00000257342', 'lENSG00000257381', 'lENSG00000257407', 'lENSG00000257470', 'lENSG00000257494', 'lENSG00000257514', 'lENSG00000257527', 'lENSG00000257541', 'lENSG00000257587', 'lENSG00000257634', 'lENSG00000257653', 'lENSG00000257682', 'lENSG00000257732', 'lENSG00000257750', 'lENSG00000257787', 'lENSG00000257860', 'lENSG00000257904', 'lENSG00000257997', 'lENSG00000258007', 'lENSG00000258044', 'lENSG00000258084', 'lENSG00000258108', 'lENSG00000258167', 'lENSG00000258185', 'lENSG00000258210', 'lENSG00000258220', 'lENSG00000258234', 'lENSG00000258272', 'lENSG00000258292', 'lENSG00000258308', 'lENSG00000258313', 'lENSG00000258323', 'lENSG00000258331', 'lENSG00000258378', 'lENSG00000258379', 'lENSG00000258390', 'lENSG00000258425', 'lENSG00000258451', 'lENSG00000258460', 'lENSG00000258515', 'lENSG00000258520', 'lENSG00000258610', 'lENSG00000258657', 'lENSG00000258670', 'lENSG00000258690', 'lENSG00000258742', 'lENSG00000258745', 'lENSG00000258784', 'lENSG00000258800', 'lENSG00000258826', 'lENSG00000258850', 'lENSG00000258869', 'lENSG00000258892', 'lENSG00000258908', 'lENSG00000258944', 'lENSG00000258958', 'lENSG00000259007', 'lENSG00000259026', 'lENSG00000259187', 'lENSG00000259188', 'lENSG00000259194', 'lENSG00000259202', 'lENSG00000259211', 'lENSG00000259223', 'lENSG00000259250', 'lENSG00000259256', 'lENSG00000259265', 'lENSG00000259268', 'lENSG00000259290', 'lENSG00000259307', 'lENSG00000259342', 'lENSG00000259351', 'lENSG00000259385', 'lENSG00000259432', 'lENSG00000259503', 'lENSG00000259532', 'lENSG00000259595', 'lENSG00000259631', 'lENSG00000259636', 'lENSG00000259649', 'lENSG00000259659', 'lENSG00000259678', 'lENSG00000259757', 'lENSG00000259759', 'lENSG00000259767', 'lENSG00000259798', 'lENSG00000259805', 'lENSG00000259935', 'lENSG00000259945', 'lENSG00000259967', 'lENSG00000260003', 'lENSG00000260017', 'lENSG00000260022', 'lENSG00000260058', 'lENSG00000260158', 'lENSG00000260186', 'lENSG00000260190', 'lENSG00000260237', 'lENSG00000260246', 'lENSG00000260304', 'lENSG00000260454', 'lENSG00000260476', 'lENSG00000260586', 'lENSG00000260605', 'lENSG00000260720', 'lENSG00000260741', 'lENSG00000260773', 'lENSG00000260798', 'lENSG00000260814', 'lENSG00000260884', 'lENSG00000260911', 'lENSG00000260934', 'lENSG00000260970', 'lENSG00000260986', 'lENSG00000261014', 'lENSG00000261036', 'lENSG00000261065', 'lENSG00000261066', 'lENSG00000261070', 'lENSG00000261248', 'lENSG00000261261', 'lENSG00000261266', 'lENSG00000261307', 'lENSG00000261332', 'lENSG00000261379', 'lENSG00000261432', 'lENSG00000261507', 'lENSG00000261552', 'lENSG00000261569', 'lENSG00000261633', 'lENSG00000261663', 'lENSG00000261671', 'lENSG00000261695', 'lENSG00000261697', 'lENSG00000261723', 'lENSG00000261729', 'lENSG00000261731', 'lENSG00000261761', 'lENSG00000261838', 'lENSG00000261864', 'lENSG00000262151', 'lENSG00000262298', 'lENSG00000262434', 'lENSG00000262533', 'lENSG00000262652', 'lENSG00000262692', 'lENSG00000262777', 'lENSG00000262810', 'lENSG00000262815', 'lENSG00000263080', 'lENSG00000263237', 'lENSG00000263257', 'lENSG00000263321', 'lENSG00000263335', 'lENSG00000263417', 'lENSG00000263585', 'lENSG00000263618', 'lENSG00000263684', 'lENSG00000263709', 'lENSG00000263765', 'lENSG00000263797', 'lENSG00000263873', 'lENSG00000263952', 'lENSG00000263982', 'lENSG00000263986', 'lENSG00000264016', 'lENSG00000264023', 'lENSG00000264066', 'lENSG00000264107', 'lENSG00000264116', 'lENSG00000264151', 'lENSG00000264254', 'lENSG00000264269', 'lENSG00000264486', 'lENSG00000264513', 'lENSG00000264520', 'lENSG00000264546', 'lENSG00000264558', 'lENSG00000264577', 'lENSG00000264595', 'lENSG00000264622', 'lENSG00000264734', 'lENSG00000264769', 'lENSG00000264825', 'lENSG00000265125', 'lENSG00000265168', 'lENSG00000265205', 'lENSG00000265265', 'lENSG00000265334', 'lENSG00000265359', 'lENSG00000265400', 'lENSG00000265443', 'lENSG00000265474', 'lENSG00000265554', 'lENSG00000265625', 'lENSG00000265643', 'lENSG00000265728', 'lENSG00000265739', 'lENSG00000265743', 'lENSG00000265791', 'lENSG00000265800', 'lENSG00000265840', 'lENSG00000265844', 'lENSG00000265845', 'lENSG00000265980', 'lENSG00000265987', 'lENSG00000265994', 'lENSG00000266102', 'lENSG00000266311', 'lENSG00000266341', 'lENSG00000266368', 'lENSG00000266397', 'lENSG00000266535', 'lENSG00000266538', 'lENSG00000266541', 'lENSG00000266651', 'lENSG00000266696', 'lENSG00000266801', 'lENSG00000266839', 'lENSG00000266844', 'lENSG00000266877', 'lENSG00000266936', 'lENSG00000266981', 'lENSG00000266985', 'lENSG00000266993', 'lENSG00000267000', 'lENSG00000267028', 'lENSG00000267057', 'lENSG00000267177', 'lENSG00000267225', 'lENSG00000267234', 'lENSG00000267255', 'lENSG00000267263', 'lENSG00000267274', 'lENSG00000267286', 'lENSG00000267320', 'lENSG00000267354', 'lENSG00000267364', 'lENSG00000267378', 'lENSG00000267387', 'lENSG00000267436', 'lENSG00000267437', 'lENSG00000267501', 'lENSG00000267510', 'lENSG00000267583', 'lENSG00000267593', 'lENSG00000267617', 'lENSG00000267633', 'lENSG00000267638', 'lENSG00000267665', 'lENSG00000267711', 'lENSG00000267791', 'lENSG00000267838', 'lENSG00000267922', 'lENSG00000267980', 'lENSG00000268015', 'lENSG00000268051', 'lENSG00000268069', 'lENSG00000268191', 'lENSG00000268240', 'lENSG00000268289', 'lENSG00000268292', 'lENSG00000268296', 'lENSG00000268520', 'lENSG00000268605', 'lENSG00000268743', 'lENSG00000268798', 'lENSG00000268833', 'lENSG00000268906', 'lENSG00000268912', 'lENSG00000268981', 'lENSG00000269085', 'lENSG00000269191', 'lENSG00000269292', 'lENSG00000269321', 'lENSG00000269350', 'lENSG00000269495', 'lENSG00000269504', 'lENSG00000269578', 'lENSG00000269621', 'lENSG00000269656', 'lENSG00000269729', 'lENSG00000269802', 'lENSG00000269826', 'lENSG00000269843', 'lENSG00000269867', 'lENSG00000269901', 'lENSG00000269950', 'lENSG00000269987', 'lENSG00000270082', 'lENSG00000270094', 'lENSG00000270108', 'lENSG00000270380', 'lENSG00000270726', 'lENSG00000270871', 'lENSG00000270996', 'lENSG00000271032', 'lENSG00000271218', 'lENSG00000271314', 'lENSG00000271579', 'lENSG00000271717', 'lENSG00000271763', 'lENSG00000271787', 'lENSG00000271833', 'lENSG00000271901', 'lENSG00000271936', 'lENSG00000271945', 'lENSG00000271983', 'lENSG00000272027', 'lENSG00000272072', 'lENSG00000272149', 'lENSG00000272159', 'lENSG00000272510', 'lENSG00000272540', 'lENSG00000272575', 'lENSG00000272642', 'lENSG00000272661', 'lENSG00000272742', 'lENSG00000272810', 'lENSG00000272814', 'lENSG00000272866', 'lENSG00000272995', 'lENSG00000273035', 'lENSG00000273110', 'lENSG00000273198', 'lENSG00000273226', 'lENSG00000273257', 'lENSG00000273271', 'lENSG00000273275', 'lENSG00000273360', 'lENSG00000273449', 'lENSG00000273461', 'lENSG00000273485', 'lENSG00000273493', 'lENSG00000273550', 'lENSG00000273568', 'lENSG00000273838', 'lENSG00000273877', 'lENSG00000274177', 'lENSG00000274227', 'lENSG00000274561', 'lENSG00000274624', 'lENSG00000274678', 'lENSG00000274737', 'lENSG00000274893', 'lENSG00000275173', 'lENSG00000275345', 'lENSG00000275356', 'lENSG00000275401', 'lENSG00000275484', 'lENSG00000275576', 'lENSG00000275638', 'lENSG00000275871', 'lENSG00000275963', 'lENSG00000276054', 'lENSG00000276107', 'lENSG00000276266', 'lENSG00000276488', 'lENSG00000276527', 'lENSG00000276533', 'lENSG00000276668', 'lENSG00000276997', 'lENSG00000277173', 'lENSG00000277332', 'lENSG00000277639', 'lENSG00000277675', 'lENSG00000278000', 'lENSG00000278013', 'lENSG00000278202', 'lENSG00000278351', 'lENSG00000278630', 'lENSG00000278766', 'lENSG00000278944', 'lENSG00000279088', 'lENSG00000279240', 'lENSG00000279484', 'lENSG00000279501', 'lENSG00000279623', 'lENSG00000279751', 'lENSG00000280224', 'lENSG00000280455', 'lENSG00000280580', 'lENSG00000280703', 'lENSG00000280870', 'lENSG00000280881', 'lENSG00000281831', 'lENSG00000282828', 'lENSG00000282950', 'lENSG00000283083', 'lENSG00000283286', 'lENSG00000283347', 'lENSG00000283375', 'lENSG00000283436', 'lENSG00000283457', 'lENSG00000283573', 'lENSG00000283631', 'lENSG00000283766', 'lENSG00000283973', 'lENSG00000284376', 'lENSG00000284418', 'lENSG00000284500', 'lENSG00000284513', 'lENSG00000284608', 'lENSG00000284699', 'lENSG00000284846', 'lENSG00000284994', 'lENSG00000285012', 'lENSG00000285040', 'lENSG00000285117', 'lENSG00000285325', 'lENSG00000285354', 'lENSG00000285409', 'lENSG00000285473', 'lENSG00000285518', 'lENSG00000285524', 'lENSG00000285550', 'lENSG00000285551', 'lENSG00000285619', 'lENSG00000285621', 'lENSG00000285699', 'lENSG00000285709', 'lENSG00000285780', 'lENSG00000285857', 'lENSG00000285861', 'lENSG00000285889', 'lENSG00000285954', 'lENSG00000285998', 'lENSG00000286002', 'lENSG00000286010', 'lENSG00000286018', 'lENSG00000286020', 'lENSG00000286050', 'lENSG00000286076', 'lENSG00000286089', 'lENSG00000286093', 'lENSG00000286101', 'lENSG00000286168', 'lENSG00000286188', 'lENSG00000286197', 'lENSG00000286206', 'lENSG00000286242', 'lENSG00000286244', 'lENSG00000286276', 'lENSG00000286303', 'lENSG00000286331', 'lENSG00000286333', 'lENSG00000286338', 'lENSG00000286357', 'lENSG00000286419', 'lENSG00000286430', 'lENSG00000286436', 'lENSG00000286441', 'lENSG00000286453', 'lENSG00000286461', 'lENSG00000286474', 'lENSG00000286515', 'lENSG00000286565', 'lENSG00000286578', 'lENSG00000286581', 'lENSG00000286584', 'lENSG00000286588', 'lENSG00000286598', 'lENSG00000286617', 'lENSG00000286639', 'lENSG00000286645', 'lENSG00000286670', 'lENSG00000286690', 'lENSG00000286698', 'lENSG00000286715', 'lENSG00000286716', 'lENSG00000286722', 'lENSG00000286735', 'lENSG00000286738', 'lENSG00000286740', 'lENSG00000286751', 'lENSG00000286759', 'lENSG00000286767', 'lENSG00000286770', 'lENSG00000286776', 'lENSG00000286781', 'lENSG00000286795', 'lENSG00000286803', 'lENSG00000286820', 'lENSG00000286822', 'lENSG00000286838', 'lENSG00000286843', 'lENSG00000286850', 'lENSG00000286887', 'lENSG00000286963', 'lENSG00000287005', 'lENSG00000287006', 'lENSG00000287020', 'lENSG00000287028', 'lENSG00000287030', 'lENSG00000287066', 'lENSG00000287107', 'lENSG00000287108', 'lENSG00000287128', 'lENSG00000287155', 'lENSG00000287159', 'lENSG00000287191', 'lENSG00000287198', 'lENSG00000287202', 'lENSG00000287236', 'lENSG00000287321', 'lENSG00000287335', 'lENSG00000287358', 'lENSG00000287366', 'lENSG00000287367', 'lENSG00000287423', 'lENSG00000287441', 'lENSG00000287451', 'lENSG00000287456', 'lENSG00000287462', 'lENSG00000287501', 'lENSG00000287511', 'lENSG00000287517', 'lENSG00000287518', 'lENSG00000287545', 'lENSG00000287550', 'lENSG00000287551', 'lENSG00000287556', 'lENSG00000287587', 'lENSG00000287618', 'lENSG00000287660', 'lENSG00000287664', 'lENSG00000287684', 'lENSG00000287687', 'lENSG00000287691', 'lENSG00000287704', 'lENSG00000211683', 'lENSG00000214955', 'lENSG00000223379', 'lENSG00000223795', 'lENSG00000224884', 'lENSG00000225393', 'lENSG00000225836', 'lENSG00000228255', 'lENSG00000228538', 'lENSG00000229454', 'lENSG00000229458', 'lENSG00000229628', 'lENSG00000229964', 'lENSG00000230600', 'lENSG00000230649', 'lENSG00000231616', 'lENSG00000232056', 'lENSG00000232636', 'lENSG00000233200', 'lENSG00000233987', 'lENSG00000234810', 'lENSG00000234998', 'lENSG00000235337', 'lENSG00000235795', 'lENSG00000236453', 'lENSG00000239801', 'lENSG00000241792', 'lENSG00000242375', 'lENSG00000244620', 'lENSG00000247810', 'lENSG00000248359', 'lENSG00000248991', 'lENSG00000249159', 'lENSG00000250481', 'lENSG00000250567', 'lENSG00000250670', 'lENSG00000250686', 'lENSG00000250777', 'lENSG00000250948', 'lENSG00000251506', 'lENSG00000251654', 'lENSG00000253766', 'lENSG00000254306', 'lENSG00000254927', 'lENSG00000255279', 'lENSG00000255325', 'lENSG00000255644', 'lENSG00000256686', 'lENSG00000257603', 'lENSG00000257715', 'lENSG00000257962', 'lENSG00000258088', 'lENSG00000258196', 'lENSG00000258386', 'lENSG00000258949', 'lENSG00000259123', 'lENSG00000259209', 'lENSG00000259222', 'lENSG00000259255', 'lENSG00000259274', 'lENSG00000259306', 'lENSG00000260511', 'lENSG00000260983', 'lENSG00000261193', 'lENSG00000261445', 'lENSG00000261470', 'lENSG00000261775', 'lENSG00000264660', 'lENSG00000265174', 'lENSG00000266893', 'lENSG00000267081', 'lENSG00000267521', 'lENSG00000267581', 'lENSG00000269391', 'lENSG00000269460', 'lENSG00000272304', 'lENSG00000272369', 'lENSG00000273138', 'lENSG00000273403', 'lENSG00000273486', 'lENSG00000274902', 'lENSG00000275232', 'lENSG00000278514', 'lENSG00000279672', 'lENSG00000282887', 'lENSG00000226032', 'lENSG00000235736', 'lENSG00000251613', 'lENSG00000263316', 'lENSG00000258631', 'lENSG00000260141', 'lENSG00000279472', 'lENSG00000271870', 'lENSG00000272934', 'lENSG00000265556', 'lENSG00000271840', 'lENSG00000253701', 'lENSG00000281408', 'lENSG00000268166', 'lALG13-AS1', 'lDGUOK-AS1', 'lDSCR8', 'lMIR145', 'lMIR24-2', 'lMIR3179-2', 'lMIR3654', 'lACA64', 'lCDKN2B-AS', 'lC3orf65']","[0.0, 1.0, 1.0, 0.0, 0.0, 1.0, 0.0, 0.0, 0.0, 1.0, 1.0, 1.0, 0.0, 0.0, 0.0, 1.0, 0.0, 0.0, 0.0, 0.0, 0.0, 1.0, 0.0, 0.0, 0.0, 1.0, 1.0, 1.0, 1.0, 1.0, 0.0, 1.0, 0.0, 1.0, 1.0, 0.0, 0.0, 0.0, 0.0, 1.0, 0.0, 0.0, 1.0, 0.0, 1.0, 1.0, 1.0, 1.0, 1.0, 1.0, 0.0, 0.0, 0.0, 1.0, 1.0, 1.0, 0.0, 0.0, 0.0, 1.0, 1.0, 1.0, 1.0, 1.0, 1.0, 0.0, 1.0, 1.0, 1.0, 1.0, 0.0, 0.0, 1.0, 1.0, 0.0, 1.0, 1.0, 1.0, 1.0, 0.0, 1.0, 0.0, 1.0, 1.0, 1.0, 0.0, 0.0, 1.0, 1.0, 1.0, 0.0, 0.0, 1.0, 0.0, 1.0, 1.0, 1.0, 1.0, 1.0, 0.0, 0.0, 1.0, 1.0, 1.0, 0.0, 1.0, 0.0, 0.0, 1.0, 1.0, 0.0, 1.0, 0.0, 0.0, 1.0, 1.0, 1.0, 0.0, 0.0, 0.0, 0.0, 1.0, 1.0, 0.0, 1.0, 1.0, 1.0, 0.0, 1.0, 0.0, 1.0, 1.0, 1.0, 0.0, 0.0, 0.0, 0.0, 1.0, 0.0, 1.0, 0.0, 0.0, 1.0, 1.0, 0.0, 0.0, 1.0, 0.0, 1.0, 1.0, 1.0, 0.0, 1.0, 1.0, 0.0, 1.0, 0.0, 1.0, 1.0, 0.0, 0.0, 1.0, 0.0, 1.0, 0.0, 0.0, 1.0, 1.0, 0.0, 0.0, 1.0, 0.0, 0.0, 1.0, 0.0, 0.0, 1.0, 0.0, 1.0, 0.0, 0.0, 0.0, 1.0, 0.0, 0.0, 1.0, 0.0, 1.0, 1.0, 1.0, 0.0, 0.0, 0.0, 1.0, 0.0, 1.0, 1.0, 1.0, 1.0, 1.0, 0.0, 1.0, 0.0, 1.0, 0.0, 1.0, 1.0, 1.0, 0.0, 1.0, 0.0, 1.0, 1.0, 0.0, 1.0, 0.0, 0.0, 1.0, 1.0, 1.0, 1.0, 1.0, 0.0, 1.0, 1.0, 1.0, 1.0, 0.0, 0.0, 1.0, 1.0, 0.0, 1.0, 1.0, 0.0, 0.0, 1.0, 1.0, 1.0, 1.0, 1.0, 0.0, 1.0, 1.0, 0.0, 0.0, 1.0, 1.0, 1.0, 0.0, 1.0, 1.0, 1.0, 0.0, 1.0, 1.0, 0.0, 0.0, 0.0, 0.0, 1.0, 0.0, 1.0, 1.0, 0.0, 1.0, 0.0, 0.0, 1.0, 0.0, 1.0, 1.0, 1.0, 0.0, 0.0, 1.0, 0.0, 0.0, 0.0, 0.0, 1.0, 1.0, 1.0, 1.0, 1.0, 1.0, 0.0, 1.0, 0.0, 0.0, 0.0, 0.0, 1.0, 0.0, 1.0, 1.0, 1.0, 0.0, 0.0, 1.0, 0.0, 0.0, 1.0, 1.0, 0.0, 1.0, 0.0, 1.0, 1.0, 1.0, 0.0, 1.0, 1.0, 1.0, 0.0, 0.0, 1.0, 0.0, 1.0, 1.0, 1.0, 1.0, 1.0, 0.0, 1.0, 0.0, 0.0, 1.0, 1.0, 0.0, 1.0, 0.0, 1.0, 1.0, 0.0, 0.0, 1.0, 0.0, 1.0, 1.0, 1.0, 0.0, 0.0, 1.0, 0.0, 0.0, 1.0, 0.0, 0.0, 1.0, 1.0, 0.0, 1.0, 1.0, 1.0, 0.0, 0.0, 0.0, 1.0, 0.0, 1.0, 0.0, 1.0, 1.0, 0.0, 1.0, 0.0, 1.0, 0.0, 0.0, 1.0, 0.0, 0.0, 0.0, 1.0, 1.0, 1.0, 0.0, 1.0, 0.0, 0.0, 1.0, 0.0, 0.0, 1.0, 1.0, 1.0, 0.0, 0.0, 0.0, 0.0, 0.0, 1.0, 0.0, 1.0, 1.0, 0.0, 1.0, 1.0, 1.0, 1.0, 0.0, 0.0, 0.0, 0.0, 1.0, 0.0, 1.0, 0.0, 0.0, 1.0, 1.0, 1.0, 0.0, 0.0, 0.0, 1.0, 1.0, 0.0, 0.0, 0.0, 0.0, 1.0, 1.0, 0.0, 0.0, 0.0, 0.0, 0.0, 0.0, 0.0, 1.0, 0.0, 1.0, 0.0, 0.0, 0.0, 1.0, 0.0, 0.0, 1.0, 0.0, 0.0, 0.0, 0.0, 0.0, 0.0, 1.0, 0.0, 0.0, 1.0, 1.0, 1.0, 0.0, 0.0, 1.0, 1.0, 0.0, 1.0, 1.0, 0.0, 1.0, 0.0, 1.0, 1.0, 1.0, 1.0, 1.0, 1.0, 1.0, 0.0, 1.0, 0.0, 1.0, 0.0, 1.0, 0.0, 0.0, 0.0, 0.0, 1.0, 1.0, 0.0, 1.0, 0.0, 0.0, 1.0, 1.0, 1.0, 1.0, 0.0, 1.0, 0.0, 1.0, 1.0, 0.0, 1.0, 0.0, 1.0, 1.0, 0.0, 0.0, 1.0, 0.0, 1.0, 0.0, 1.0, 1.0, 1.0, 1.0, 1.0, 0.0, 1.0, 0.0, 1.0, 1.0, 1.0, 1.0, 1.0, 0.0, 0.0, 0.0, 0.0, 1.0, 0.0, 1.0, 1.0, 1.0, 0.0, 1.0, 1.0, 0.0, 0.0, 0.0, 0.0, 1.0, 0.0, 0.0, 0.0, 0.0, 0.0, 1.0, 1.0, 0.0, 1.0, 0.0, 0.0, 1.0, 1.0, 1.0, 0.0, 1.0, 1.0, 1.0, 0.0, 1.0, 1.0, 1.0, 1.0, 1.0, 1.0, 0.0, 1.0, 0.0, 1.0, 1.0, 1.0, 0.0, 0.0, 1.0, 0.0, 1.0, 0.0, 1.0, 1.0, 1.0, 1.0, 0.0, 1.0, 0.0, 0.0, 0.0, 1.0, 1.0, 0.0, 0.0, 1.0, 0.0, 0.0, 1.0, 1.0, 1.0, 0.0, 1.0, 0.0, 0.0, 1.0, 1.0, 0.0, 1.0, 1.0, 0.0, 0.0, 1.0, 1.0, 0.0, 1.0, 1.0, 1.0, 1.0, 0.0, 1.0, 0.0, 1.0, 1.0, 0.0, 1.0, 1.0, 1.0, 1.0, 0.0, 1.0, 0.0, 0.0, 1.0, 1.0, 1.0, 0.0, 1.0, 1.0, 1.0, 0.0, 0.0, 1.0, 1.0, 1.0, 0.0, 1.0, 0.0, 1.0, 1.0, 1.0, 1.0, 0.0, 1.0, 1.0, 0.0, 0.0, 1.0, 1.0, 0.0, 0.0, 1.0, 1.0, 0.0, 0.0, 1.0, 0.0, 1.0, 1.0, 0.0, 0.0, 1.0, 1.0, 0.0, 0.0, 0.0, 0.0, 0.0, 0.0, 0.0, 1.0, 1.0, 0.0, 0.0, 0.0, 0.0, 0.0, 1.0, 0.0, 0.0, 1.0, 1.0, 1.0, 0.0, 1.0, 1.0, 0.0, 0.0, 1.0, 0.0, 1.0, 1.0, 1.0, 1.0, 1.0, 0.0, 0.0, 1.0, 0.0, 0.0, 0.0, 1.0, 0.0, 0.0, 1.0, 0.0, 1.0, 1.0, 0.0, 1.0, 1.0, 0.0, 1.0, 0.0, 0.0, 1.0, 1.0, 0.0, 0.0, 0.0, 0.0, 0.0, 1.0, 0.0, 0.0, 1.0, 0.0, 1.0, 0.0, 0.0, 1.0, 1.0, 1.0, 0.0, 1.0, 0.0, 0.0, 0.0, 1.0, 1.0, 1.0, 0.0, 0.0, 0.0, 0.0, 1.0, 0.0, 0.0, 0.0, 0.0, 1.0, 0.0, 0.0, 0.0, 0.0, 0.0, 1.0, 0.0, 1.0, 0.0, 1.0, 0.0, 1.0, 0.0, 0.0, 0.0, 1.0, 0.0, 1.0, 1.0, 0.0, 1.0, 1.0, 0.0, 0.0, 1.0, 0.0, 0.0, 1.0, 0.0, 1.0, 1.0, 0.0, 0.0, 1.0, 0.0, 1.0, 0.0, 1.0, 1.0, 1.0, 0.0, 1.0, 1.0, 1.0, 1.0, 1.0, 0.0, 1.0, 0.0, 1.0, 0.0, 1.0, 1.0, 0.0, 0.0, 1.0, 1.0, 0.0, 0.0, 1.0, 0.0, 0.0, 0.0, 0.0, 1.0, 0.0, 0.0, 1.0, 1.0, 0.0, 0.0, 1.0, 0.0, 1.0, 0.0, 1.0, 0.0, 1.0, 1.0, 1.0, 0.0, 1.0, 0.0, 0.0, 0.0, 1.0, 0.0, 1.0, 1.0, 0.0, 0.0, 0.0, 1.0, 1.0, 0.0, 0.0, 0.0, 1.0, 1.0, 1.0, 1.0, 1.0, 1.0, 1.0, 0.0, 1.0, 1.0, 0.0, 0.0, 1.0, 1.0, 1.0, 1.0, 0.0, 0.0, 1.0, 0.0, 0.0, 1.0, 0.0, 0.0, 1.0, 1.0, 1.0, 0.0, 0.0, 0.0, 1.0, 0.0, 0.0, 1.0, 0.0, 0.0, 1.0, 1.0, 1.0, 1.0, 0.0, 1.0, 1.0, 1.0, 1.0, 1.0, 0.0, 0.0, 0.0, 0.0, 1.0, 0.0, 0.0, 1.0, 1.0, 0.0, 1.0, 0.0, 1.0, 0.0, 1.0, 1.0, 0.0, 0.0, 1.0, 0.0, 0.0, 0.0, 1.0, 1.0, 0.0, 1.0, 0.0, 0.0, 0.0, 0.0, 1.0, 0.0, 0.0, 1.0, 1.0, 1.0, 1.0, 1.0, 1.0, 0.0, 1.0, 1.0, 1.0, 0.0, 0.0, 1.0, 0.0, 0.0, 0.0, 0.0, 0.0, 1.0, 1.0, 0.0, 0.0, 0.0, 1.0, 0.0, 1.0, 0.0, 1.0, 0.0, 0.0, 1.0, 1.0, 1.0, 0.0, 1.0, 0.0, 0.0, 0.0, 1.0, 1.0, 1.0, 0.0, 1.0, 0.0, 0.0, 0.0, 0.0, 0.0, 1.0, 1.0, 0.0, 1.0, 1.0, 0.0, 0.0, 1.0, 1.0, 1.0, 0.0, 0.0, 0.0, 1.0, 0.0, 0.0, 0.0, 0.0, 0.0, 1.0, 0.0, 1.0, 0.0, 0.0, 1.0, 0.0, 1.0, 1.0, 0.0, 1.0, 1.0, 0.0, 1.0, 1.0, 1.0, 0.0, 0.0, 0.0, 0.0, 1.0, 0.0, 1.0, 1.0, 1.0, 1.0, 1.0, 1.0, 0.0, 0.0, 0.0, 1.0, 0.0, 0.0, 1.0, 0.0, 1.0, 0.0, 0.0, 1.0, 1.0, 0.0, 0.0, 1.0, 0.0, 0.0, 0.0, 0.0, 0.0, 0.0, 1.0, 0.0, 1.0, 1.0, 1.0, 0.0, 0.0, 0.0, 0.0, 1.0, 0.0, 1.0, 1.0, 0.0, 1.0, 1.0, 1.0, 1.0, 1.0, 0.0, 0.0, 0.0, 0.0, 1.0, 1.0, 1.0, 1.0, 0.0, 0.0, 1.0, 0.0, 1.0, 0.0, 0.0, 0.0, 1.0, 0.0, 0.0, 1.0, 0.0, 0.0, 1.0, 1.0, 1.0, 0.0, 1.0, 1.0, 1.0, 1.0, 1.0, 1.0, 0.0, 1.0, 0.0, 0.0, 0.0, 1.0, 1.0, 1.0, 1.0, 0.0, 1.0, 1.0, 0.0, 0.0, 0.0, 1.0, 0.0, 0.0, 1.0, 0.0, 0.0, 1.0, 1.0, 1.0, 1.0, 0.0, 1.0, 0.0, 0.0, 0.0, 0.0, 1.0, 1.0, 0.0, 1.0, 0.0, 0.0, 1.0, 1.0, 1.0, 0.0, 0.0, 0.0, 0.0, 1.0, 0.0, 1.0, 1.0, 1.0, 0.0, 0.0, 1.0, 1.0, 1.0, 1.0, 0.0, 0.0, 1.0, 1.0, 0.0, 1.0, 1.0, 1.0, 1.0, 1.0, 0.0, 0.0, 0.0, 1.0, 1.0, 1.0, 1.0, 1.0, 1.0, 1.0, 0.0, 0.0, 0.0, 1.0, 0.0, 1.0, 1.0, 1.0, 1.0, 0.0, 0.0, 0.0, 0.0, 0.0, 0.0, 1.0, 0.0, 1.0, 1.0, 1.0, 1.0, 0.0, 0.0, 1.0, 1.0, 0.0, 0.0, 1.0, 1.0, 0.0, 1.0, 1.0, 0.0, 1.0, 0.0, 1.0, 0.0, 0.0, 1.0, 1.0, 0.0, 1.0, 0.0, 0.0, 1.0, 0.0, 0.0, 0.0, 1.0, 1.0, 1.0, 1.0, 0.0, 0.0, 1.0, 1.0, 1.0, 0.0, 1.0, 0.0, 1.0, 0.0, 1.0, 1.0, 0.0, 1.0, 0.0, 1.0, 1.0, 1.0, 0.0, 0.0, 1.0, 1.0, 1.0, 0.0, 0.0, 0.0, 0.0, 1.0, 0.0, 0.0, 0.0, 0.0, 1.0, 0.0, 0.0, 0.0, 0.0, 1.0, 0.0, 0.0, 0.0, 0.0, 0.0, 1.0, 0.0, 1.0, 0.0, 0.0, 1.0, 1.0, 0.0, 0.0, 1.0, 0.0, 1.0, 1.0, 0.0, 1.0, 1.0, 0.0, 0.0, 0.0, 0.0, 0.0, 1.0, 0.0, 1.0, 1.0, 1.0, 1.0, 1.0, 0.0, 1.0, 1.0, 1.0, 1.0, 1.0, 1.0, 1.0, 1.0, 1.0, 1.0, 1.0, 1.0, 1.0, 1.0, 1.0, 1.0, 0.0, 0.0, 1.0, 0.0, 1.0, 1.0, 1.0, 1.0, 0.0, 0.0, 0.0, 1.0, 1.0, 1.0, 1.0, 1.0, 1.0, 0.0, 0.0, 0.0, 1.0, 1.0, 1.0, 0.0, 1.0, 0.0, 1.0, 1.0, 1.0, 0.0, 0.0, 0.0, 0.0, 0.0, 1.0, 0.0, 1.0, 1.0, 0.0, 1.0, 1.0, 1.0, 0.0, 0.0, 1.0, 1.0, 0.0, 0.0, 0.0, 0.0, 1.0, 0.0, 0.0, 1.0, 1.0, 1.0, 0.0, 1.0, 1.0, 1.0, 1.0, 1.0, 1.0, 1.0, 0.0, 1.0, 1.0, 0.0, 1.0, 1.0, 0.0, 1.0, 1.0, 0.0, 0.0, 0.0, 0.0, 0.0, 0.0, 0.0, 0.0, 1.0, 1.0, 1.0, 0.0, 1.0, 1.0, 0.0, 1.0, 1.0, 0.0, 0.0, 1.0, 0.0, 1.0, 1.0, 1.0, 0.0, 0.0, 0.0, 0.0, 0.0, 0.0, 0.0, 1.0, 1.0, 0.0, 1.0, 0.0, 1.0, 1.0, 0.0, 0.0, 0.0, 1.0, 0.0, 1.0, 1.0, 0.0, 0.0, 1.0, 0.0, 0.0, 0.0, 0.0, 1.0, 0.0, 1.0, 1.0, 1.0, 1.0, 0.0, 0.0, 0.0, 1.0, 0.0, 0.0, 0.0, 1.0, 1.0, 0.0, 0.0, 0.0, 0.0, 0.0, 0.0, 0.0, 0.0, 1.0, 1.0, 0.0, 1.0, 0.0, 0.0, 1.0, 0.0, 0.0, 1.0, 1.0, 1.0, 1.0, 0.0, 0.0, 1.0, 0.0, 1.0, 0.0, 1.0, 0.0, 1.0, 1.0, 1.0, 1.0, 0.0, 0.0, 1.0, 0.0, 0.0, 0.0, 0.0, 0.0, 0.0, 0.0, 0.0, 0.0, 0.0, 1.0, 0.0, 1.0, 0.0, 1.0, 1.0, 0.0, 1.0, 1.0, 0.0, 0.0, 0.0, 1.0, 0.0, 1.0, 0.0, 1.0, 1.0, 0.0, 0.0, 1.0, 0.0, 1.0, 0.0, 1.0, 0.0, 0.0, 1.0, 1.0, 1.0, 1.0, 0.0, 1.0, 1.0, 0.0, 1.0, 0.0, 1.0, 0.0, 0.0, 0.0, 0.0, 0.0, 0.0, 1.0, 0.0, 0.0, 1.0, 1.0, 0.0, 0.0, 0.0, 0.0, 1.0, 1.0, 1.0, 1.0, 0.0, 1.0, 0.0, 0.0, 1.0, 1.0, 0.0, 0.0, 0.0, 0.0, 0.0, 0.0, 1.0, 1.0, 0.0, 1.0, 1.0, 0.0, 0.0, 1.0, 1.0, 0.0, 0.0, 0.0, 0.0, 0.0, 1.0, 0.0, 1.0, 0.0, 0.0, 0.0, 0.0, 0.0, 1.0, 1.0, 1.0, 0.0, 1.0, 0.0, 1.0, 1.0, 1.0, 0.0, 0.0, 1.0, 0.0, 0.0, 1.0, 0.0, 0.0, 0.0, 0.0, 1.0, 1.0, 1.0, 0.0, 0.0, 1.0, 1.0, 1.0, 0.0, 1.0, 0.0, 0.0, 0.0, 0.0, 1.0, 1.0, 1.0, 0.0, 1.0, 0.0, 1.0, 1.0, 0.0, 1.0, 0.0, 1.0, 0.0, 0.0, 0.0, 1.0, 1.0, 1.0, 1.0, 1.0, 1.0, 1.0, 0.0, 0.0, 1.0, 1.0, 0.0, 0.0, 0.0, 1.0, 0.0, 1.0, 0.0, 0.0, 1.0, 1.0, 0.0, 1.0, 0.0, 1.0, 1.0, 0.0, 1.0, 1.0, 1.0, 0.0, 0.0, 1.0, 1.0, 0.0, 0.0, 0.0, 0.0, 1.0, 1.0, 1.0, 0.0, 1.0, 1.0, 0.0, 1.0, 0.0, 1.0, 0.0, 0.0, 0.0, 1.0, 0.0, 1.0, 0.0, 1.0, 0.0, 1.0, 1.0, 0.0, 1.0, 0.0, 1.0, 1.0, 0.0, 0.0, 1.0, 0.0, 0.0, 1.0, 0.0, 1.0, 0.0, 0.0, 0.0, 1.0, 0.0, 0.0, 1.0, 0.0, 0.0, 1.0, 0.0, 1.0, 0.0, 0.0, 1.0, 1.0, 1.0, 0.0, 0.0, 1.0, 0.0, 1.0, 1.0, 0.0, 1.0, 0.0, 0.0, 1.0, 1.0, 1.0, 1.0, 0.0, 1.0, 0.0, 1.0, 0.0, 0.0, 1.0, 0.0, 1.0, 0.0, 1.0, 0.0, 1.0, 0.0, 1.0, 1.0, 1.0, 1.0, 0.0, 1.0, 0.0, 1.0, 0.0, 1.0, 1.0, 1.0, 0.0, 0.0, 0.0, 1.0, 0.0, 1.0, 1.0, 0.0, 0.0, 0.0, 1.0, 1.0, 1.0, 1.0, 0.0, 1.0, 0.0, 0.0, 0.0, 0.0, 1.0, 0.0, 0.0, 1.0, 0.0, 1.0, 0.0, 0.0, 1.0, 1.0, 1.0, 0.0, 1.0, 0.0, 1.0, 1.0, 1.0, 0.0, 0.0, 0.0, 1.0, 1.0, 1.0, 0.0, 1.0, 0.0, 1.0, 1.0, 1.0, 1.0, 0.0, 0.0, 1.0, 1.0, 0.0, 0.0, 1.0, 0.0, 1.0, 1.0, 1.0, 0.0, 0.0, 0.0, 1.0, 0.0, 1.0, 1.0, 1.0, 0.0, 0.0, 0.0, 1.0, 1.0, 1.0, 1.0, 0.0, 1.0, 0.0, 0.0, 0.0, 0.0, 1.0, 1.0, 1.0, 0.0, 1.0, 0.0, 0.0, 0.0, 0.0, 1.0, 0.0, 0.0, 0.0, 0.0, 0.0, 1.0, 1.0, 0.0, 0.0, 1.0, 0.0, 1.0, 0.0, 0.0, 1.0, 1.0, 0.0, 1.0, 1.0, 1.0, 1.0, 1.0, 1.0, 1.0, 0.0, 0.0, 1.0, 0.0, 0.0, 0.0, 1.0, 1.0, 0.0, 1.0, 1.0, 1.0, 1.0, 0.0, 0.0, 0.0, 1.0, 1.0, 0.0, 0.0, 1.0, 0.0, 1.0, 1.0, 0.0, 0.0, 1.0, 1.0, 0.0, 0.0, 0.0, 1.0, 0.0, 1.0, 0.0, 1.0, 0.0, 0.0, 1.0, 0.0, 0.0, 0.0, 1.0, 1.0, 0.0, 0.0, 0.0, 1.0, 1.0, 1.0, 0.0, 1.0, 1.0, 0.0, 1.0, 0.0, 0.0, 1.0, 1.0, 1.0, 0.0, 0.0, 1.0, 0.0, 1.0, 0.0, 1.0, 0.0, 0.0, 0.0, 1.0, 0.0, 1.0, 1.0, 1.0, 1.0, 0.0, 1.0, 0.0, 1.0, 1.0, 1.0, 0.0, 0.0, 0.0, 1.0, 0.0, 0.0, 1.0, 0.0, 0.0, 0.0, 0.0, 0.0, 1.0, 0.0, 1.0, 1.0, 0.0, 0.0, 0.0, 1.0, 0.0, 0.0, 1.0, 0.0, 1.0, 0.0, 1.0, 0.0, 1.0, 0.0, 1.0, 0.0, 0.0, 1.0, 1.0, 1.0, 1.0, 1.0, 0.0, 0.0, 0.0, 0.0, 1.0, 0.0, 1.0, 1.0, 0.0, 0.0, 0.0, 1.0, 1.0, 0.0, 1.0, 0.0, 0.0, 0.0, 0.0, 0.0, 1.0, 0.0, 1.0, 0.0, 0.0, 1.0, 0.0, 0.0, 0.0, 0.0, 1.0, 1.0, 0.0, 0.0, 1.0, 0.0, 0.0, 0.0, 1.0, 1.0, 0.0, 0.0, 1.0, 1.0, 0.0, 0.0, 0.0, 1.0, 1.0, 0.0, 0.0, 1.0, 0.0, 0.0, 0.0, 0.0, 0.0, 0.0, 1.0, 0.0, 1.0, 1.0, 1.0, 0.0, 1.0, 1.0, 1.0, 1.0, 0.0, 1.0, 0.0, 1.0, 0.0, 1.0, 1.0, 1.0, 1.0, 0.0, 0.0, 1.0, 0.0, 1.0, 1.0, 0.0, 1.0, 1.0, 1.0, 1.0, 0.0, 0.0, 0.0, 1.0, 0.0, 1.0, 1.0, 1.0, 0.0, 0.0, 1.0, 1.0, 1.0, 1.0, 0.0, 0.0, 1.0, 1.0, 1.0, 1.0, 1.0, 0.0, 0.0, 0.0, 1.0, 1.0, 0.0, 1.0, 1.0, 1.0, 1.0, 1.0, 0.0, 1.0, 1.0, 1.0, 0.0, 0.0, 0.0, 1.0, 0.0, 0.0, 1.0, 1.0, 0.0, 1.0, 1.0, 0.0, 1.0, 1.0, 0.0, 1.0, 0.0, 0.0, 0.0, 0.0, 0.0, 1.0, 0.0, 1.0, 0.0, 1.0, 1.0, 1.0, 0.0, 1.0, 0.0, 0.0, 0.0, 1.0, 1.0, 1.0, 1.0, 0.0, 0.0, 0.0, 1.0, 1.0, 0.0, 0.0, 1.0, 1.0, 1.0, 1.0, 0.0, 0.0, 1.0, 0.0, 1.0, 1.0, 1.0, 0.0, 1.0, 1.0, 0.0, 0.0, 0.0, 1.0, 0.0, 1.0, 1.0, 0.0, 1.0, 1.0, 0.0, 0.0, 0.0, 1.0, 0.0, 0.0, 1.0, 0.0, 0.0, 1.0, 0.0, 0.0, 0.0, 0.0, 0.0, 1.0, 1.0, 0.0, 1.0, 0.0, 1.0, 0.0, 1.0, 0.0, 1.0, 0.0, 0.0, 0.0, 0.0, 1.0, 0.0, 0.0, 0.0, 0.0, 1.0, 0.0, 0.0, 1.0, 0.0, 0.0, 0.0, 1.0, 0.0, 1.0, 0.0, 0.0, 1.0, 1.0, 0.0, 1.0, 0.0, 0.0, 1.0, 0.0, 0.0, 1.0, 0.0, 1.0, 0.0, 0.0, 0.0, 0.0, 0.0, 1.0, 1.0, 1.0, 1.0, 1.0, 1.0, 1.0, 0.0, 1.0, 1.0, 1.0, 0.0, 0.0, 1.0, 1.0, 1.0, 1.0, 1.0, 0.0, 0.0, 1.0, 1.0, 0.0, 0.0, 1.0, 1.0, 0.0, 0.0, 0.0, 0.0, 1.0, 0.0, 1.0, 1.0, 1.0, 1.0, 1.0, 1.0, 1.0, 0.0, 1.0, 0.0, 0.0, 0.0, 0.0, 0.0, 0.0, 1.0, 1.0, 0.0, 1.0, 0.0, 0.0, 1.0, 1.0, 0.0, 1.0, 0.0, 0.0, 1.0, 0.0, 0.0, 1.0, 1.0, 0.0, 0.0, 1.0, 0.0, 0.0, 1.0, 0.0, 0.0, 1.0, 0.0, 1.0, 1.0, 0.0, 1.0, 0.0, 0.0, 0.0, 1.0, 0.0, 0.0, 0.0, 0.0, 1.0, 0.0, 0.0, 0.0, 1.0, 0.0, 0.0, 0.0, 1.0, 0.0, 0.0, 1.0, 1.0, 0.0, 1.0, 1.0, 0.0, 1.0, 1.0, 1.0, 0.0, 1.0, 1.0, 0.0, 0.0, 1.0, 1.0, 0.0, 1.0, 0.0, 1.0, 1.0, 1.0, 0.0, 0.0, 1.0, 1.0, 1.0, 1.0, 1.0, 1.0, 1.0, 1.0, 0.0, 1.0, 1.0, 0.0, 1.0, 1.0, 0.0, 1.0, 0.0, 1.0, 0.0, 1.0, 0.0, 1.0, 0.0, 0.0, 0.0, 0.0, 0.0, 1.0, 1.0, 0.0, 1.0, 0.0, 0.0, 0.0, 0.0, 0.0, 0.0, 1.0, 1.0, 0.0, 0.0, 0.0, 0.0, 1.0, 0.0, 1.0, 1.0, 1.0, 0.0, 1.0, 0.0, 1.0, 0.0, 1.0, 1.0, 0.0, 0.0, 0.0, 1.0, 0.0, 1.0, 0.0, 0.0, 0.0, 0.0, 1.0, 1.0, 0.0, 0.0, 0.0, 0.0, 1.0, 1.0, 1.0, 0.0, 0.0, 1.0, 0.0, 0.0, 0.0, 1.0, 0.0, 0.0, 1.0, 1.0, 0.0, 1.0, 0.0, 0.0, 1.0, 0.0, 0.0, 0.0, 1.0, 0.0, 1.0, 0.0, 1.0, 0.0, 1.0, 0.0, 0.0, 0.0, 1.0, 1.0, 0.0, 0.0, 1.0, 1.0, 0.0, 1.0, 1.0, 1.0, 1.0, 0.0, 0.0, 1.0, 0.0, 1.0, 1.0, 0.0, 1.0, 1.0, 0.0, 0.0, 0.0, 0.0, 0.0, 1.0, 0.0, 0.0, 1.0, 1.0, 1.0, 1.0, 1.0, 0.0, 1.0, 0.0, 0.0, 1.0, 1.0, 0.0, 0.0, 0.0, 0.0, 1.0, 0.0, 0.0, 0.0, 0.0, 1.0, 0.0, 0.0, 0.0, 1.0, 0.0, 0.0, 1.0, 0.0, 0.0, 1.0, 0.0, 1.0, 0.0, 1.0, 0.0, 1.0, 0.0, 1.0, 0.0, 1.0, 0.0, 1.0, 1.0, 1.0, 0.0, 0.0, 1.0, 1.0, 1.0, 1.0, 0.0, 1.0, 1.0, 0.0, 1.0, 0.0, 1.0, 0.0, 1.0, 1.0, 0.0, 1.0, 1.0, 0.0, 0.0, 1.0, 0.0, 0.0, 1.0, 0.0, 0.0, 0.0, 1.0, 0.0, 1.0, 0.0, 1.0, 1.0, 0.0, 1.0, 1.0, 1.0, 1.0, 1.0, 1.0, 0.0, 0.0, 1.0, 0.0, 1.0, 0.0, 1.0, 0.0, 1.0, 0.0, 1.0, 1.0, 1.0, 1.0, 1.0, 0.0, 0.0, 0.0, 0.0, 1.0, 0.0, 1.0, 0.0, 1.0, 1.0, 0.0, 1.0, 0.0, 1.0, 0.0, 0.0, 1.0, 0.0, 0.0, 1.0, 0.0, 0.0, 0.0, 0.0, 1.0, 0.0, 1.0, 1.0, 1.0, 0.0, 1.0, 0.0, 0.0, 0.0, 1.0, 1.0, 0.0, 0.0, 0.0, 0.0, 0.0, 1.0, 1.0, 0.0, 1.0, 0.0, 0.0, 1.0, 0.0, 1.0, 0.0, 1.0, 0.0, 0.0, 0.0, 1.0, 0.0, 1.0, 1.0, 0.0, 0.0, 1.0, 0.0, 0.0, 0.0, 0.0, 0.0, 1.0, 0.0, 0.0, 1.0, 1.0, 0.0, 0.0, 0.0, 1.0, 0.0, 1.0, 0.0, 1.0, 1.0, 1.0, 0.0, 0.0, 0.0, 0.0, 1.0, 1.0, 1.0, 1.0, 0.0, 1.0, 1.0, 1.0, 1.0, 0.0, 0.0, 0.0, 1.0, 0.0, 1.0, 1.0, 1.0, 1.0, 0.0, 1.0, 1.0, 0.0, 0.0, 0.0, 1.0, 1.0, 1.0, 1.0, 0.0, 0.0, 0.0, 0.0, 1.0, 0.0, 0.0, 1.0, 0.0, 1.0, 0.0, 1.0, 0.0, 1.0, 0.0, 1.0, 0.0, 1.0, 0.0, 1.0, 1.0, 0.0, 1.0, 0.0, 0.0, 0.0, 0.0, 1.0, 1.0, 1.0, 1.0, 0.0, 0.0, 0.0, 0.0, 0.0, 0.0, 1.0, 1.0, 1.0, 1.0, 0.0, 1.0, 0.0, 0.0, 1.0, 0.0, 1.0, 1.0, 1.0, 1.0, 1.0, 0.0, 0.0, 0.0, 0.0, 0.0, 0.0, 1.0, 1.0, 0.0, 0.0, 0.0, 0.0, 1.0, 1.0, 1.0, 1.0, 1.0, 1.0, 0.0, 1.0, 0.0, 0.0, 0.0, 1.0, 1.0, 0.0, 1.0, 0.0, 1.0, 0.0, 1.0, 0.0, 0.0, 1.0, 1.0, 1.0, 0.0, 1.0, 1.0, 1.0, 0.0, 0.0, 0.0, 0.0, 1.0, 0.0, 0.0, 1.0, 0.0, 1.0, 0.0, 0.0, 0.0, 1.0, 1.0, 1.0, 0.0, 0.0, 1.0, 1.0, 0.0, 1.0, 1.0, 1.0, 0.0, 1.0, 0.0, 1.0, 0.0, 0.0, 1.0, 0.0, 1.0, 0.0, 1.0, 1.0, 0.0, 0.0, 0.0, 1.0, 1.0, 0.0, 1.0, 0.0, 0.0, 0.0, 0.0, 1.0, 0.0, 0.0, 0.0, 0.0, 0.0, 1.0, 1.0, 0.0, 1.0, 1.0, 0.0, 1.0, 1.0, 1.0, 1.0, 1.0, 1.0, 1.0, 1.0, 1.0, 1.0, 1.0, 0.0, 1.0, 1.0, 0.0, 0.0, 1.0, 1.0, 1.0, 1.0, 1.0, 0.0, 0.0, 0.0, 0.0, 1.0, 0.0, 1.0, 0.0, 1.0, 0.0, 1.0, 1.0]","['lNONHSAG000069', 'lNONHSAG000158', 'lNONHSAG000310', 'lNONHSAG000938', 'lNONHSAG001499', 'lNONHSAG001696', 'lNONHSAG001993', 'lNONHSAG002376', 'lNONHSAG002617', 'lNONHSAG002701', 'lNONHSAG002859', 'lNONHSAG002978', 'lNONHSAG003119', 'lNONHSAG003198', 'lNONHSAG003260', 'lNONHSAG003374', 'lNONHSAG003911', 'lNONHSAG004673', 'lNONHSAG004779', 'lNONHSAG005084', 'lNONHSAG005482', 'lNONHSAG005780', 'lNONHSAG006050', 'lNONHSAG006238', 'lNONHSAG006301', 'lNONHSAG007487', 'lNONHSAG008728', 'lNONHSAG009130', 'lNONHSAG009950', 'lNONHSAG009968', 'lNONHSAG010179', 'lNONHSAG010190', 'lNONHSAG010200', 'lNONHSAG010658', 'lNONHSAG010989', 'lNONHSAG011028', 'lNONHSAG011121', 'lNONHSAG011337', 'lNONHSAG011576', 'lNONHSAG012339', 'lNONHSAG013475', 'lNONHSAG014112', 'lNONHSAG014130', 'lNONHSAG014672', 'lNONHSAG014890', 'lNONHSAG016118', 'lNONHSAG016307', 'lNONHSAG016576', 'lNONHSAG016822', 'lNONHSAG016893', 'lNONHSAG017060', 'lNONHSAG017376', 'lNONHSAG017486', 'lNONHSAG017504', 'lNONHSAG018313', 'lNONHSAG019021', 'lNONHSAG019049', 'lNONHSAG019332', 'lNONHSAG019439', 'lNONHSAG020091', 'lNONHSAG020155', 'lNONHSAG020252', 'lNONHSAG020260', 'lNONHSAG020312', 'lNONHSAG021390', 'lNONHSAG021433', 'lNONHSAG021557', 'lNONHSAG021698', 'lNONHSAG021874', 'lNONHSAG021893', 'lNONHSAG021976', 'lNONHSAG022339', 'lNONHSAG022972', 'lNONHSAG023864', 'lNONHSAG024381', 'lNONHSAG024393', 'lNONHSAG024826', 'lNONHSAG024925', 'lNONHSAG025352', 'lNONHSAG025964', 'lNONHSAG025997', 'lNONHSAG026103', 'lNONHSAG026176', 'lNONHSAG026852', 'lNONHSAG026854', 'lNONHSAG027837', 'lNONHSAG028142', 'lNONHSAG028857', 'lNONHSAG028870', 'lNONHSAG028913', 'lNONHSAG029830', 'lNONHSAG030278', 'lNONHSAG030304', 'lNONHSAG030410', 'lNONHSAG030739', 'lNONHSAG032297', 'lNONHSAG033121', 'lNONHSAG033898', 'lNONHSAG034021', 'lNONHSAG035096', 'lNONHSAG036054', 'lNONHSAG036926', 'lNONHSAG037061', 'lNONHSAG037946', 'lNONHSAG038001', 'lNONHSAG038343', 'lNONHSAG039654', 'lNONHSAG040700', 'lNONHSAG042970', 'lNONHSAG043433', 'lNONHSAG043657', 'lNONHSAG043770', 'lNONHSAG044041', 'lNONHSAG045163', 'lNONHSAG047197', 'lNONHSAG047830', 'lNONHSAG048602', 'lNONHSAG049185', 'lNONHSAG050769', 'lNONHSAG050786', 'lNONHSAG051291', 'lNONHSAG051567', 'lNONHSAG051568', 'lNONHSAG051898', 'lNONHSAG053802', 'lNONHSAG054780', 'lNONHSAG055092', 'lNONHSAG055418', 'lNONHSAG055546', 'lNONHSAG055565', 'lNONHSAG055582', 'lNONHSAG056746', 'lNONHSAG060586', 'lNONHSAG063700', 'lNONHSAG077527', 'lNONHSAG083289', 'lNONHSAG084701', 'lNONHSAG092907', 'lNONHSAG093078', 'lNONHSAG094269', 'lNONHSAG098653', 'lNONHSAG103457', 'lNONHSAG111667', 'lENSG00000198468', 'lENSG00000203497', 'lENSG00000230400', 'lENSG00000245067', 'lENSG00000247373', 'lENSG00000258912', 'lENSG00000259424', 'lENSG00000260924', 'lENSG00000263718', 'lENSG00000266970', 'lENSG00000278970', 'lENSG00000285644', 'lLINC00174', 'lSNHG15', 'lZNF286B', 'lAC007009.1', 'lLA16c-380H5.3', 'lLL22NC03-23C6.13', 'lRP11-197N18.2', 'lAC018766.4', 'lCTD-2231H16.1', 'lNONHSAG000297', 'lNONHSAG000623', 'lNONHSAG001033', 'lNONHSAG001240', 'lNONHSAG003418', 'lNONHSAG004638', 'lNONHSAG005746', 'lNONHSAG005789', 'lNONHSAG006022', 'lNONHSAG006293', 'lNONHSAG006602', 'lNONHSAG006653', 'lNONHSAG006779', 'lNONHSAG006909', 'lNONHSAG006922', 'lNONHSAG007632', 'lENSG00000083622', 'lENSG00000197644', 'lENSG00000198054', 'lENSG00000204464', 'lENSG00000205500', 'lENSG00000212856', 'lENSG00000222000', 'lENSG00000223727', 'lENSG00000223881', 'lENSG00000224535', 'lENSG00000224794', 'lENSG00000225050', 'lENSG00000225457', 'lENSG00000225886', 'lENSG00000226522', 'lENSG00000226699', 'lENSG00000226770', 'lENSG00000226813', 'lENSG00000226925', 'lENSG00000227716', 'lENSG00000227960', 'lENSG00000228028', 'lENSG00000228272', 'lENSG00000228485', 'lENSG00000228826', 'lENSG00000229167', 'lENSG00000229679', 'lENSG00000229953', 'lENSG00000230109', 'lENSG00000230323', 'lENSG00000230499', 'lENSG00000230830', 'lENSG00000231081', 'lENSG00000231102', 'lENSG00000231407', 'lENSG00000231781', 'lENSG00000231937', 'lENSG00000232086', 'lENSG00000232464', 'lENSG00000232719', 'lENSG00000232930', 'lENSG00000233613', 'lENSG00000233665', 'lENSG00000233851', 'lENSG00000233985', 'lENSG00000234149', 'lENSG00000234504', 'lENSG00000234626', 'lENSG00000234756', 'lENSG00000234900', 'lENSG00000235050', 'lENSG00000235494', 'lENSG00000235813', 'lENSG00000236272', 'lENSG00000236463', 'lENSG00000236723', 'lENSG00000236744', 'lENSG00000236975', 'lENSG00000237576', 'lENSG00000237581', 'lENSG00000238131', 'lENSG00000243368', 'lENSG00000248145', 'lENSG00000248373', 'lENSG00000248490', 'lENSG00000248975', 'lENSG00000250865', 'lENSG00000253865', 'lENSG00000254516', 'lENSG00000254689', 'lENSG00000254787', 'lENSG00000254864', 'lENSG00000255039', 'lENSG00000255247', 'lENSG00000255375', 'lENSG00000255482', 'lENSG00000255808', 'lENSG00000256007', 'lENSG00000256448', 'lENSG00000256452', 'lENSG00000256484', 'lENSG00000257488', 'lENSG00000257500', 'lENSG00000257764', 'lENSG00000257925', 'lENSG00000258312', 'lENSG00000258394', 'lENSG00000258516', 'lENSG00000258695', 'lENSG00000258698', 'lENSG00000258824', 'lENSG00000258829', 'lENSG00000258904', 'lENSG00000259294', 'lENSG00000259352', 'lENSG00000259360', 'lENSG00000259544', 'lENSG00000259955', 'lENSG00000260626', 'lENSG00000260659', 'lENSG00000260999', 'lENSG00000261243', 'lENSG00000261475', 'lENSG00000261523', 'lENSG00000263300', 'lENSG00000263466', 'lENSG00000263594', 'lENSG00000263847', 'lENSG00000264924', 'lENSG00000266153', 'lENSG00000267063', 'lENSG00000267341', 'lENSG00000267543', 'lENSG00000267615', 'lENSG00000268049', 'lENSG00000268078', 'lENSG00000268203', 'lENSG00000268734', 'lENSG00000269044', 'lENSG00000269145', 'lENSG00000272338', 'lENSG00000273919', 'lENSG00000274863', 'lENSG00000279687', 'lENSG00000279920', 'lENSG00000280206', 'lENSG00000281021', 'lENSG00000282478', 'lENSG00000285654', 'lENSG00000286194', 'lENSG00000286689', 'lENSG00000286908', 'lENSG00000287094', 'lENSG00000287213', 'lENSG00000287270', 'lENSG00000287285', 'lENSG00000287359', 'lENSG00000287381', 'lENSG00000231212', 'lENSG00000234083', 'lENSG00000259244', 'lENSG00000259407', 'lENSG00000286164']","[1.0, 1.0, 0.0, 0.0, 1.0, 1.0, 0.0, 0.0, 1.0, 0.0, 1.0, 0.0, 1.0, 0.0, 0.0, 1.0, 0.0, 0.0, 0.0, 0.0, 1.0, 1.0, 1.0, 0.0, 0.0, 1.0, 0.0, 0.0, 0.0, 0.0, 1.0, 1.0, 1.0, 1.0, 0.0, 0.0, 1.0, 1.0, 1.0, 1.0, 0.0, 0.0, 0.0, 0.0, 1.0, 1.0, 1.0, 0.0, 1.0, 0.0, 1.0, 0.0, 0.0, 0.0, 1.0, 1.0, 1.0, 1.0, 0.0, 0.0, 0.0, 1.0, 0.0, 0.0, 0.0, 0.0, 0.0, 1.0, 1.0, 0.0, 0.0, 0.0, 0.0, 1.0, 0.0, 0.0, 1.0, 0.0, 1.0, 1.0, 1.0, 1.0, 1.0, 0.0, 0.0, 0.0, 1.0, 1.0, 1.0, 0.0, 0.0, 1.0, 1.0, 1.0, 1.0, 1.0, 1.0, 0.0, 1.0, 0.0, 0.0, 0.0, 1.0, 0.0, 1.0, 1.0, 1.0, 1.0, 1.0, 0.0, 1.0, 1.0, 1.0, 1.0, 1.0, 0.0, 1.0, 0.0, 0.0, 1.0, 1.0, 1.0, 1.0, 1.0, 1.0, 0.0, 0.0, 1.0, 1.0, 0.0, 0.0, 0.0, 0.0, 1.0, 1.0, 1.0, 1.0, 0.0, 1.0, 0.0, 1.0, 0.0, 1.0, 0.0, 0.0, 0.0, 1.0, 0.0, 1.0, 1.0, 0.0, 0.0, 0.0, 1.0, 1.0, 1.0, 0.0, 0.0, 1.0, 0.0, 0.0, 1.0, 0.0, 0.0, 0.0, 1.0, 0.0, 1.0, 1.0, 0.0, 1.0, 0.0, 0.0, 0.0, 0.0, 0.0, 0.0, 0.0, 0.0, 0.0, 1.0, 0.0, 0.0, 1.0, 0.0, 0.0, 0.0, 1.0, 1.0, 1.0, 0.0, 1.0, 1.0, 1.0, 1.0, 0.0, 0.0, 1.0, 1.0, 1.0, 0.0, 1.0, 1.0, 1.0, 1.0, 0.0, 0.0, 1.0, 0.0, 0.0, 1.0, 1.0, 0.0, 0.0, 1.0, 1.0, 1.0, 0.0, 1.0, 0.0, 0.0, 1.0, 0.0, 0.0, 0.0, 1.0, 1.0, 1.0, 0.0, 1.0, 1.0, 0.0, 1.0, 0.0, 1.0, 0.0, 1.0, 0.0, 1.0, 1.0, 0.0, 1.0, 0.0, 1.0, 1.0, 0.0, 0.0, 0.0, 0.0, 1.0, 1.0, 1.0, 0.0, 0.0, 0.0, 1.0, 1.0, 0.0, 0.0, 0.0, 0.0, 1.0, 0.0, 1.0, 1.0, 0.0, 1.0, 0.0, 0.0, 1.0, 1.0, 0.0, 0.0, 0.0, 0.0, 1.0, 1.0, 1.0, 1.0, 0.0, 0.0, 1.0, 1.0, 0.0, 0.0, 0.0, 1.0, 0.0, 1.0, 0.0, 1.0, 1.0, 0.0, 1.0, 1.0, 0.0, 0.0, 1.0, 1.0, 1.0, 1.0, 0.0, 0.0, 0.0, 1.0, 1.0, 1.0, 0.0, 1.0, 1.0, 0.0, 0.0, 0.0, 1.0, 0.0, 0.0, 0.0, 0.0, 1.0, 0.0, 0.0, 1.0, 0.0]","[0, 1, 1, 1, 0, 1, 1, 1, 0, 0, 0, 1, 1, 1, 1, 0, 0, 1, 0, 0, 0, 1, 0, 0, 0, 1, 0, 1, 1, 1, 0, 1, 1, 0, 0, 1, 1, 1, 1, 1, 1, 0, 0, 1, 1, 0, 0, 0, 0, 1, 1, 1, 0, 0, 0, 1, 0, 0, 0, 1, 0, 1, 1, 1, 0, 0, 0, 1, 1, 0, 0, 0, 0, 1, 0, 1, 0, 1, 0, 1, 1, 0, 1, 0, 0, 0, 0, 1, 0, 1, 0, 1, 1, 1, 0, 0, 0, 1, 1, 0, 1, 1, 1, 1, 1, 0, 0, 1, 0, 1, 1, 0, 1, 1, 0, 0, 1, 1, 1, 0, 0, 0, 0, 0, 1, 0, 0, 0, 1, 0, 1, 0, 1, 1, 1, 1, 1, 1, 0, 0, 1, 1, 1, 1, 1, 1, 1, 1, 1, 1, 1, 0, 1, 1, 1, 1, 1, 0, 0, 0, 0, 1, 0, 1, 1, 0, 0, 0, 0, 0, 0, 0, 0, 1, 0, 0, 1, 1, 0, 0, 1, 0, 0, 0, 1, 1, 1, 1, 1, 0, 1, 1, 0, 0, 1, 0, 0, 0, 1, 1, 0, 0, 0, 0, 1, 1, 0, 1, 0, 1, 0, 1, 1, 0, 1, 1, 1, 0, 0, 1, 1, 1, 1, 0, 0, 0, 1, 0, 1, 1, 1, 0, 0, 0, 0, 0, 0, 1, 0, 0, 1, 1, 0, 1, 1, 0, 1, 1, 0, 1, 1, 0, 1, 1, 0, 0, 1, 0, 0, 1, 0, 1, 1, 0, 0, 1, 0, 0, 0, 0, 1, 0, 0, 1, 0, 1, 1, 0, 0, 1, 0, 0, 0, 0, 1, 0, 1, 0, 1, 1, 0, 0, 0, 0, 0, 1, 1, 0, 0, 0, 0, 1, 0, 0, 0, 0, 0, 0, 1, 0, 0, 0, 1, 0, 1, 1, 0, 1, 1, 0, 0, 0, 1]","[-0.2689822264628611, 0.4971816926427578, 0.09256280649968496, 0.035547528327473654, -0.04007184709564571, 0.00639846907063657, 0.182305301640438, 0.09339871113387022, -0.04242802781314914, -0.04597084731052348, -0.3980293321509113, 0.09650305300754713, 0.2225085378363062, 0.011936881766791196, 0.07658112316206112, -0.23448101711766334, -0.10399986840837439, 0.15469934263388885, -0.11417599225125119, -0.10835745848215639, -0.047360141760438235, 0.3154026336654431, -0.08869991280695577, -0.2712449212261502, -0.023791106930217576, 0.09023602301412936, -0.5642038475600656, 0.04160210243172513, 0.030099853308509172, 0.22029125765374158, -0.0048981521901335645, 0.1719999807268101, 0.24241683242627599, -0.0514743208034768, -0.5399532239927057, 0.09050001111403516, 0.014959642074018675, 0.05998691925409905, 0.033190095053460156, 0.013764012369541168, 0.08882719120549754, -0.0574297073213067, -0.1394874073134037, 0.020144750433995662, 0.19993311242152967, -0.20336264084810673, -0.7517322321352381, -0.35067389727106624, -0.03691668569617812, 0.10703011543961882, 0.04961739196424608, 0.008028185512673702, -0.025491356508950846, -0.06097431090152561, -0.20992218691806153, 0.20441155643622955, -0.05214564926057752, -0.2458044720207878, -0.2149225142132981, 0.04986440538693959, -0.10058837383685526, 0.27596884764318974, 0.14052543026779418, 0.08812612928471542, -0.12966535232294152, -0.12578742084694283, -0.09876215042449255, 0.16310792599852564, 0.10374231115978916, -0.024452715792089186, -0.04516412471419684, -0.06049169276357913, -0.023741469271527094, 0.05218568546122537, -0.13339566587044238, 0.1505012465047787, -0.013861942814709205, 0.3986538910810141, -0.5590941118286089, 0.2649111797363336, 0.2565565648310951, -0.10641836033170315, 0.3319102448511543, -0.20361721313937486, -0.17208411406610213, -0.23676629504396052, -0.40620367877776287, 0.21099147141008656, -0.0763161741401287, 0.22467741270307695, -0.0023179232925384374, 0.5810918049418082, 0.12590319226596292, 0.05535761170664666, -0.010943742352797936, -0.04273068087784215, -0.42826315848049823, 0.05183471238357129, 0.32766426430786855, -0.06542853559202422, 0.13944503293443378, 0.020906839401998334, 0.29732699845242616, 0.10286637747965355, 0.2873929529464735, -0.27153883006682455, -0.26715112294581844, 0.18530578273585008, -0.002251637173146359, 0.12456999995433249, 0.305546341591466, -0.15404300333607546, 0.10302198685790886, 0.3221592991139445, -0.059856615413986236, -0.2809143649507052, 0.46727596442220876, 0.2119307658864994, 0.0077330102623293095, -0.20846578297641283, -0.2989045284651789, -0.017937555030445362, -0.2831561738893943, -0.07931934812595054, 0.6748666070891575, -0.19182922911007771, -0.12747492275203587, -0.003025588546732183, 0.0959974752952989, -0.22182364082085193, 0.05005481587280258, -0.07583267298336194, 0.05747327151762349, 0.3742072124683108, 0.10250015893831288, 0.08945809671727212, 0.21162700028569337, 0.41787272848343016, -0.06564175384998439, -0.13839880618892308, 0.33257535153715756, 0.1876219618322158, 0.06345512159604738, 0.11082130500446985, 0.1269018965275387, 0.04369868399924848, 0.22814510733939486, 0.1681738449649971, 0.14507994995607298, 0.08083238771684897, 0.13283552999617687, -0.001853670535370333, 0.10107771626546758, 0.15119989938332623, 0.14575460247303262, 0.38754793480482264, 0.11941796449262576, -0.05809523226395752, -0.7607772806207115, -0.2552683785232376, -0.1459843246513105, 0.17941840170415635, -0.06583540446606662, 0.04336252386619244, 0.0905572404815086, -0.13951631226223415, -0.1297417827619135, -0.15859289694605294, -0.05847096186295564, -0.027240027738001937, -0.31549041110188936, -0.18059942631572035, -0.06050695279571261, 0.17002691274688708, -0.1357530190094821, -0.29821166952226974, 0.030808646663338046, 0.2395622668130476, -0.13927865225408753, -0.06119019404963655, 0.11410223676891829, -0.022314346260357776, -0.11768341094778723, -0.016603063742896995, 0.07358579061598569, 0.01658046891913323, 0.032226619615817964, 0.040433581021948606, 0.1260298230925364, -0.23601539571087649, 0.0622388397971837, 0.002630840139826174, -0.06010167607931105, -0.018230341318307697, 0.0005111778227987473, -0.269125628283747, -0.0002746387269868533, -0.10948873979345553, 0.28030989924211014, 0.3373441614798215, -0.185323878199818, -0.3516591243077637, -0.13532372285755645, -0.06363255851696514, 0.13097692822818907, 0.11563770944864704, -0.024521655375385865, 0.09626177114139989, -0.004171386812536926, 0.22022992708948863, -0.06586431348475663, 0.06746606338162675, 0.16901646520557823, -0.28753424825577756, 0.18112077403608773, 0.04033398231772989, 0.1553204366594586, -0.021006397246942643, -0.07122746463460039, 0.14260693733831886, 0.20192993142618143, 0.138453572124961, 0.3117117969109594, -0.2346175335508266, -0.013641181328217011, -0.052950169884735554, 0.04980815250048576, -0.03012093576831354, 0.00631390584811975, 0.08374051779043257, 0.2545566775382896, -0.06315564017767439, -0.08048279069038677, -0.29940438893807675, -0.039820016768867705, -0.5673142958757492, -0.06045003188847076, 0.28730066930968523, -0.5133791377310349, -0.15734207134907263, 0.08065717260443173, 0.1023887587785769, -0.1045515719963176, 0.11990989915450811, 0.15675829689452414, -0.14220239402342771, 0.19681073692562656, 0.25516463493408204, -0.31915744750765274, 0.0885941216206706, 0.2999938060379487, -0.1519273531019384, 0.08977168398197499, 0.25668234787778055, -0.1505488468845647, -0.1210025080100009, 0.04010010243623097, -0.08168234557574017, -0.07127151373885743, 0.1545804188316976, -0.04159278423506485, 0.14378999582110918, 0.23527458499996456, -0.16076017778891039, -0.025385628136222915, 0.01136622377350538, -0.6829587762147099, -0.017645654096361763, -0.0831802448705864, -0.19417857866520538, 0.07246218140922178, -0.036809626538722884, -0.030684388689860564, 0.15618539873601078, -0.05202568405009422, 0.08948180647998882, 0.20375814811489257, -0.05303001570393018, -0.13333012757085505, 0.030852302230361173, -0.23527723910615694, -0.05723119327189774, -0.16563619189341672, -0.07131597691959735, 0.1781634673234428, -0.22542079329259035, 0.12976780675256372, -0.0022194117552264414, 0.06978882956018151, 0.06106864431071124, -0.024802899018548596, -0.23623906729008215, -0.08368185406021744, -0.13937202367258006, -0.03191177441451598, 0.1960847973259484, 0.12054692573129888, -0.016324581465668397, -0.18217744388157342, -0.2708299639793442, -0.3608636521871559, 0.032520214592414054, -0.03819108664566773, -0.04893969981383861, -0.2912342780306617, -0.20295875752047088, -0.11957679419647771, -0.13781992736076265, 0.06962147030332588, -0.07802921320348133, -0.018099852719171916, -0.039859240515398464, 0.1371178973884365, -0.05543928253408914, 0.030194516826648976, 0.10835892612004472, -0.08820715707230187, 0.2156524938840888, 0.31895296923426575, -0.07928616020990631, -0.12003845527197832, -0.010995041643025227, 0.18811813434590186]"
9,"['lNONHSAG000008', 'lNONHSAG000047', 'lNONHSAG000059', 'lNONHSAG000069', 'lNONHSAG000158', 'lNONHSAG000195', 'lNONHSAG000241', 'lNONHSAG000253', 'lNONHSAG000310', 'lNONHSAG000311', 'lNONHSAG000381', 'lNONHSAG000464', 'lNONHSAG000484', 'lNONHSAG000498', 'lNONHSAG000584', 'lNONHSAG000603', 'lNONHSAG000742', 'lNONHSAG000769', 'lNONHSAG000840', 'lNONHSAG000843', 'lNONHSAG000863', 'lNONHSAG000884', 'lNONHSAG000918', 'lNONHSAG000938', 'lNONHSAG000967', 'lNONHSAG001142', 'lNONHSAG001172', 'lNONHSAG001238', 'lNONHSAG001247', 'lNONHSAG001259', 'lNONHSAG001278', 'lNONHSAG001375', 'lNONHSAG001468', 'lNONHSAG001499', 'lNONHSAG001513', 'lNONHSAG001696', 'lNONHSAG001724', 'lNONHSAG001773', 'lNONHSAG001837', 'lNONHSAG001993', 'lNONHSAG002056', 'lNONHSAG002058', 'lNONHSAG002134', 'lNONHSAG002135', 'lNONHSAG002343', 'lNONHSAG002359', 'lNONHSAG002376', 'lNONHSAG002378', 'lNONHSAG002454', 'lNONHSAG002490', 'lNONHSAG002549', 'lNONHSAG002617', 'lNONHSAG002669', 'lNONHSAG002701', 'lNONHSAG002719', 'lNONHSAG002731', 'lNONHSAG002752', 'lNONHSAG002859', 'lNONHSAG002883', 'lNONHSAG002978', 'lNONHSAG003053', 'lNONHSAG003056', 'lNONHSAG003068', 'lNONHSAG003074', 'lNONHSAG003077', 'lNONHSAG003119', 'lNONHSAG003156', 'lNONHSAG003198', 'lNONHSAG003244', 'lNONHSAG003260', 'lNONHSAG003269', 'lNONHSAG003303', 'lNONHSAG003374', 'lNONHSAG003504', 'lNONHSAG003505', 'lNONHSAG003512', 'lNONHSAG003645', 'lNONHSAG003820', 'lNONHSAG003874', 'lNONHSAG003900', 'lNONHSAG003911', 'lNONHSAG003912', 'lNONHSAG003938', 'lNONHSAG003957', 'lNONHSAG003976', 'lNONHSAG004013', 'lNONHSAG004026', 'lNONHSAG004054', 'lNONHSAG004095', 'lNONHSAG004247', 'lNONHSAG004303', 'lNONHSAG004305', 'lNONHSAG004373', 'lNONHSAG004619', 'lNONHSAG004673', 'lNONHSAG004674', 'lNONHSAG004714', 'lNONHSAG004743', 'lNONHSAG004779', 'lNONHSAG004868', 'lNONHSAG005084', 'lNONHSAG005153', 'lNONHSAG005377', 'lNONHSAG005482', 'lNONHSAG005669', 'lNONHSAG005711', 'lNONHSAG005721', 'lNONHSAG005728', 'lNONHSAG005732', 'lNONHSAG005742', 'lNONHSAG005780', 'lNONHSAG005838', 'lNONHSAG005920', 'lNONHSAG006007', 'lNONHSAG006049', 'lNONHSAG006050', 'lNONHSAG006054', 'lNONHSAG006163', 'lNONHSAG006204', 'lNONHSAG006212', 'lNONHSAG006238', 'lNONHSAG006301', 'lNONHSAG006341', 'lNONHSAG006362', 'lNONHSAG006454', 'lNONHSAG006457', 'lNONHSAG006477', 'lNONHSAG006526', 'lNONHSAG006633', 'lNONHSAG006678', 'lNONHSAG006692', 'lNONHSAG006735', 'lNONHSAG006756', 'lNONHSAG006763', 'lNONHSAG006772', 'lNONHSAG006966', 'lNONHSAG007109', 'lNONHSAG007295', 'lNONHSAG007324', 'lNONHSAG007384', 'lNONHSAG007430', 'lNONHSAG007431', 'lNONHSAG007434', 'lNONHSAG007455', 'lNONHSAG007463', 'lNONHSAG007487', 'lNONHSAG007538', 'lNONHSAG007602', 'lNONHSAG007631', 'lNONHSAG007692', 'lNONHSAG007708', 'lNONHSAG007715', 'lNONHSAG007961', 'lNONHSAG007983', 'lNONHSAG007984', 'lNONHSAG008015', 'lNONHSAG008037', 'lNONHSAG008056', 'lNONHSAG008167', 'lNONHSAG008220', 'lNONHSAG008354', 'lNONHSAG008517', 'lNONHSAG008540', 'lNONHSAG008552', 'lNONHSAG008589', 'lNONHSAG008615', 'lNONHSAG008654', 'lNONHSAG008670', 'lNONHSAG008693', 'lNONHSAG008726', 'lNONHSAG008728', 'lNONHSAG008759', 'lNONHSAG008859', 'lNONHSAG008937', 'lNONHSAG008952', 'lNONHSAG008966', 'lNONHSAG009021', 'lNONHSAG009039', 'lNONHSAG009059', 'lNONHSAG009062', 'lNONHSAG009124', 'lNONHSAG009130', 'lNONHSAG009133', 'lNONHSAG009134', 'lNONHSAG009174', 'lNONHSAG009180', 'lNONHSAG009193', 'lNONHSAG009228', 'lNONHSAG009544', 'lNONHSAG009546', 'lNONHSAG009613', 'lNONHSAG009636', 'lNONHSAG009728', 'lNONHSAG009755', 'lNONHSAG009757', 'lNONHSAG009782', 'lNONHSAG009913', 'lNONHSAG009938', 'lNONHSAG009945', 'lNONHSAG009950', 'lNONHSAG009968', 'lNONHSAG010021', 'lNONHSAG010117', 'lNONHSAG010179', 'lNONHSAG010184', 'lNONHSAG010186', 'lNONHSAG010189', 'lNONHSAG010190', 'lNONHSAG010193', 'lNONHSAG010200', 'lNONHSAG010348', 'lNONHSAG010352', 'lNONHSAG010405', 'lNONHSAG010416', 'lNONHSAG010543', 'lNONHSAG010657', 'lNONHSAG010658', 'lNONHSAG010716', 'lNONHSAG010792', 'lNONHSAG010940', 'lNONHSAG010986', 'lNONHSAG010989', 'lNONHSAG011028', 'lNONHSAG011057', 'lNONHSAG011070', 'lNONHSAG011084', 'lNONHSAG011086', 'lNONHSAG011090', 'lNONHSAG011121', 'lNONHSAG011125', 'lNONHSAG011211', 'lNONHSAG011230', 'lNONHSAG011264', 'lNONHSAG011337', 'lNONHSAG011343', 'lNONHSAG011375', 'lNONHSAG011439', 'lNONHSAG011518', 'lNONHSAG011524', 'lNONHSAG011576', 'lNONHSAG011658', 'lNONHSAG011790', 'lNONHSAG011854', 'lNONHSAG011870', 'lNONHSAG011935', 'lNONHSAG012025', 'lNONHSAG012076', 'lNONHSAG012077', 'lNONHSAG012099', 'lNONHSAG012297', 'lNONHSAG012303', 'lNONHSAG012339', 'lNONHSAG012367', 'lNONHSAG012375', 'lNONHSAG012423', 'lNONHSAG012505', 'lNONHSAG012534', 'lNONHSAG012540', 'lNONHSAG012549', 'lNONHSAG012555', 'lNONHSAG012594', 'lNONHSAG012614', 'lNONHSAG012617', 'lNONHSAG012751', 'lNONHSAG012791', 'lNONHSAG013005', 'lNONHSAG013060', 'lNONHSAG013095', 'lNONHSAG013098', 'lNONHSAG013109', 'lNONHSAG013388', 'lNONHSAG013475', 'lNONHSAG013515', 'lNONHSAG013534', 'lNONHSAG013568', 'lNONHSAG013708', 'lNONHSAG013730', 'lNONHSAG013790', 'lNONHSAG013809', 'lNONHSAG013912', 'lNONHSAG013917', 'lNONHSAG013940', 'lNONHSAG013942', 'lNONHSAG013944', 'lNONHSAG013946', 'lNONHSAG013954', 'lNONHSAG013992', 'lNONHSAG014098', 'lNONHSAG014112', 'lNONHSAG014130', 'lNONHSAG014267', 'lNONHSAG014289', 'lNONHSAG014332', 'lNONHSAG014362', 'lNONHSAG014372', 'lNONHSAG014373', 'lNONHSAG014381', 'lNONHSAG014496', 'lNONHSAG014502', 'lNONHSAG014546', 'lNONHSAG014562', 'lNONHSAG014591', 'lNONHSAG014672', 'lNONHSAG014679', 'lNONHSAG014890', 'lNONHSAG014891', 'lNONHSAG014914', 'lNONHSAG015044', 'lNONHSAG015163', 'lNONHSAG015215', 'lNONHSAG015234', 'lNONHSAG015352', 'lNONHSAG015417', 'lNONHSAG015454', 'lNONHSAG015461', 'lNONHSAG015505', 'lNONHSAG015591', 'lNONHSAG015623', 'lNONHSAG015692', 'lNONHSAG015723', 'lNONHSAG015787', 'lNONHSAG015788', 'lNONHSAG015961', 'lNONHSAG016021', 'lNONHSAG016118', 'lNONHSAG016199', 'lNONHSAG016307', 'lNONHSAG016395', 'lNONHSAG016403', 'lNONHSAG016486', 'lNONHSAG016487', 'lNONHSAG016576', 'lNONHSAG016611', 'lNONHSAG016618', 'lNONHSAG016623', 'lNONHSAG016733', 'lNONHSAG016749', 'lNONHSAG016771', 'lNONHSAG016822', 'lNONHSAG016893', 'lNONHSAG017020', 'lNONHSAG017060', 'lNONHSAG017232', 'lNONHSAG017238', 'lNONHSAG017254', 'lNONHSAG017282', 'lNONHSAG017288', 'lNONHSAG017344', 'lNONHSAG017347', 'lNONHSAG017349', 'lNONHSAG017376', 'lNONHSAG017377', 'lNONHSAG017379', 'lNONHSAG017417', 'lNONHSAG017486', 'lNONHSAG017504', 'lNONHSAG017567', 'lNONHSAG017666', 'lNONHSAG017767', 'lNONHSAG017783', 'lNONHSAG017882', 'lNONHSAG018053', 'lNONHSAG018054', 'lNONHSAG018110', 'lNONHSAG018180', 'lNONHSAG018203', 'lNONHSAG018236', 'lNONHSAG018313', 'lNONHSAG018322', 'lNONHSAG018326', 'lNONHSAG018341', 'lNONHSAG018344', 'lNONHSAG018372', 'lNONHSAG018374', 'lNONHSAG018414', 'lNONHSAG018416', 'lNONHSAG018417', 'lNONHSAG018420', 'lNONHSAG018461', 'lNONHSAG018586', 'lNONHSAG018621', 'lNONHSAG018635', 'lNONHSAG018656', 'lNONHSAG018659', 'lNONHSAG018707', 'lNONHSAG018709', 'lNONHSAG018711', 'lNONHSAG018829', 'lNONHSAG018889', 'lNONHSAG018893', 'lNONHSAG018903', 'lNONHSAG018980', 'lNONHSAG019003', 'lNONHSAG019012', 'lNONHSAG019014', 'lNONHSAG019021', 'lNONHSAG019023', 'lNONHSAG019031', 'lNONHSAG019049', 'lNONHSAG019051', 'lNONHSAG019079', 'lNONHSAG019090', 'lNONHSAG019115', 'lNONHSAG019134', 'lNONHSAG019158', 'lNONHSAG019221', 'lNONHSAG019270', 'lNONHSAG019332', 'lNONHSAG019370', 'lNONHSAG019439', 'lNONHSAG019493', 'lNONHSAG019569', 'lNONHSAG019613', 'lNONHSAG019667', 'lNONHSAG019670', 'lNONHSAG019711', 'lNONHSAG019767', 'lNONHSAG019813', 'lNONHSAG019814', 'lNONHSAG019848', 'lNONHSAG019852', 'lNONHSAG019878', 'lNONHSAG019898', 'lNONHSAG019967', 'lNONHSAG020053', 'lNONHSAG020066', 'lNONHSAG020068', 'lNONHSAG020075', 'lNONHSAG020091', 'lNONHSAG020107', 'lNONHSAG020155', 'lNONHSAG020218', 'lNONHSAG020223', 'lNONHSAG020252', 'lNONHSAG020259', 'lNONHSAG020260', 'lNONHSAG020273', 'lNONHSAG020274', 'lNONHSAG020277', 'lNONHSAG020278', 'lNONHSAG020281', 'lNONHSAG020298', 'lNONHSAG020304', 'lNONHSAG020307', 'lNONHSAG020312', 'lNONHSAG020321', 'lNONHSAG020325', 'lNONHSAG020361', 'lNONHSAG020367', 'lNONHSAG020372', 'lNONHSAG020374', 'lNONHSAG020382', 'lNONHSAG020403', 'lNONHSAG020474', 'lNONHSAG020476', 'lNONHSAG020616', 'lNONHSAG020729', 'lNONHSAG020755', 'lNONHSAG020759', 'lNONHSAG020760', 'lNONHSAG020762', 'lNONHSAG020869', 'lNONHSAG020957', 'lNONHSAG020990', 'lNONHSAG021042', 'lNONHSAG021072', 'lNONHSAG021309', 'lNONHSAG021335', 'lNONHSAG021342', 'lNONHSAG021370', 'lNONHSAG021390', 'lNONHSAG021400', 'lNONHSAG021408', 'lNONHSAG021410', 'lNONHSAG021431', 'lNONHSAG021432', 'lNONHSAG021433', 'lNONHSAG021557', 'lNONHSAG021566', 'lNONHSAG021567', 'lNONHSAG021584', 'lNONHSAG021638', 'lNONHSAG021641', 'lNONHSAG021698', 'lNONHSAG021760', 'lNONHSAG021780', 'lNONHSAG021820', 'lNONHSAG021846', 'lNONHSAG021874', 'lNONHSAG021882', 'lNONHSAG021893', 'lNONHSAG021909', 'lNONHSAG021976', 'lNONHSAG021981', 'lNONHSAG022009', 'lNONHSAG022030', 'lNONHSAG022058', 'lNONHSAG022088', 'lNONHSAG022094', 'lNONHSAG022103', 'lNONHSAG022125', 'lNONHSAG022127', 'lNONHSAG022162', 'lNONHSAG022311', 'lNONHSAG022327', 'lNONHSAG022328', 'lNONHSAG022335', 'lNONHSAG022339', 'lNONHSAG022495', 'lNONHSAG022510', 'lNONHSAG022551', 'lNONHSAG022579', 'lNONHSAG022595', 'lNONHSAG022597', 'lNONHSAG022655', 'lNONHSAG022690', 'lNONHSAG022743', 'lNONHSAG022806', 'lNONHSAG022836', 'lNONHSAG022845', 'lNONHSAG022851', 'lNONHSAG022893', 'lNONHSAG022965', 'lNONHSAG022972', 'lNONHSAG022980', 'lNONHSAG022982', 'lNONHSAG023049', 'lNONHSAG023051', 'lNONHSAG023073', 'lNONHSAG023175', 'lNONHSAG023237', 'lNONHSAG023375', 'lNONHSAG023387', 'lNONHSAG023392', 'lNONHSAG023494', 'lNONHSAG023512', 'lNONHSAG023553', 'lNONHSAG023579', 'lNONHSAG023598', 'lNONHSAG023607', 'lNONHSAG023630', 'lNONHSAG023633', 'lNONHSAG023635', 'lNONHSAG023661', 'lNONHSAG023668', 'lNONHSAG023740', 'lNONHSAG023837', 'lNONHSAG023864', 'lNONHSAG023885', 'lNONHSAG023888', 'lNONHSAG023964', 'lNONHSAG024117', 'lNONHSAG024141', 'lNONHSAG024146', 'lNONHSAG024171', 'lNONHSAG024224', 'lNONHSAG024244', 'lNONHSAG024282', 'lNONHSAG024332', 'lNONHSAG024341', 'lNONHSAG024354', 'lNONHSAG024361', 'lNONHSAG024362', 'lNONHSAG024364', 'lNONHSAG024381', 'lNONHSAG024391', 'lNONHSAG024393', 'lNONHSAG024428', 'lNONHSAG024540', 'lNONHSAG024542', 'lNONHSAG024637', 'lNONHSAG024668', 'lNONHSAG024671', 'lNONHSAG024676', 'lNONHSAG024741', 'lNONHSAG024810', 'lNONHSAG024818', 'lNONHSAG024826', 'lNONHSAG024905', 'lNONHSAG024908', 'lNONHSAG024913', 'lNONHSAG024921', 'lNONHSAG024923', 'lNONHSAG024925', 'lNONHSAG024979', 'lNONHSAG025011', 'lNONHSAG025135', 'lNONHSAG025137', 'lNONHSAG025157', 'lNONHSAG025185', 'lNONHSAG025352', 'lNONHSAG025483', 'lNONHSAG025485', 'lNONHSAG025712', 'lNONHSAG025744', 'lNONHSAG025864', 'lNONHSAG025865', 'lNONHSAG025867', 'lNONHSAG025907', 'lNONHSAG025934', 'lNONHSAG025939', 'lNONHSAG025964', 'lNONHSAG025997', 'lNONHSAG026053', 'lNONHSAG026089', 'lNONHSAG026091', 'lNONHSAG026103', 'lNONHSAG026153', 'lNONHSAG026176', 'lNONHSAG026205', 'lNONHSAG026364', 'lNONHSAG026386', 'lNONHSAG026575', 'lNONHSAG026599', 'lNONHSAG026631', 'lNONHSAG026720', 'lNONHSAG026721', 'lNONHSAG026743', 'lNONHSAG026781', 'lNONHSAG026794', 'lNONHSAG026852', 'lNONHSAG026854', 'lNONHSAG026856', 'lNONHSAG027017', 'lNONHSAG027075', 'lNONHSAG027110', 'lNONHSAG027276', 'lNONHSAG027278', 'lNONHSAG027323', 'lNONHSAG027342', 'lNONHSAG027374', 'lNONHSAG027482', 'lNONHSAG027598', 'lNONHSAG027618', 'lNONHSAG027682', 'lNONHSAG027692', 'lNONHSAG027694', 'lNONHSAG027709', 'lNONHSAG027837', 'lNONHSAG027874', 'lNONHSAG027876', 'lNONHSAG028045', 'lNONHSAG028083', 'lNONHSAG028112', 'lNONHSAG028141', 'lNONHSAG028142', 'lNONHSAG028403', 'lNONHSAG028713', 'lNONHSAG028720', 'lNONHSAG028817', 'lNONHSAG028820', 'lNONHSAG028857', 'lNONHSAG028870', 'lNONHSAG028913', 'lNONHSAG028918', 'lNONHSAG028948', 'lNONHSAG029033', 'lNONHSAG029080', 'lNONHSAG029124', 'lNONHSAG029312', 'lNONHSAG029336', 'lNONHSAG029377', 'lNONHSAG029467', 'lNONHSAG029668', 'lNONHSAG029792', 'lNONHSAG029830', 'lNONHSAG029880', 'lNONHSAG029933', 'lNONHSAG029956', 'lNONHSAG029957', 'lNONHSAG029958', 'lNONHSAG029959', 'lNONHSAG029960', 'lNONHSAG029961', 'lNONHSAG029962', 'lNONHSAG029965', 'lNONHSAG029985', 'lNONHSAG030113', 'lNONHSAG030129', 'lNONHSAG030244', 'lNONHSAG030258', 'lNONHSAG030278', 'lNONHSAG030279', 'lNONHSAG030304', 'lNONHSAG030333', 'lNONHSAG030410', 'lNONHSAG030440', 'lNONHSAG030487', 'lNONHSAG030516', 'lNONHSAG030525', 'lNONHSAG030582', 'lNONHSAG030583', 'lNONHSAG030738', 'lNONHSAG030739', 'lNONHSAG030742', 'lNONHSAG031025', 'lNONHSAG031123', 'lNONHSAG031261', 'lNONHSAG031385', 'lNONHSAG031425', 'lNONHSAG031452', 'lNONHSAG031453', 'lNONHSAG031456', 'lNONHSAG031481', 'lNONHSAG031563', 'lNONHSAG031565', 'lNONHSAG031584', 'lNONHSAG031636', 'lNONHSAG031696', 'lNONHSAG031853', 'lNONHSAG031900', 'lNONHSAG031913', 'lNONHSAG031991', 'lNONHSAG032063', 'lNONHSAG032126', 'lNONHSAG032247', 'lNONHSAG032267', 'lNONHSAG032297', 'lNONHSAG032309', 'lNONHSAG032312', 'lNONHSAG032537', 'lNONHSAG032560', 'lNONHSAG032664', 'lNONHSAG032682', 'lNONHSAG032724', 'lNONHSAG032735', 'lNONHSAG032737', 'lNONHSAG032748', 'lNONHSAG032750', 'lNONHSAG033027', 'lNONHSAG033061', 'lNONHSAG033100', 'lNONHSAG033105', 'lNONHSAG033107', 'lNONHSAG033121', 'lNONHSAG033168', 'lNONHSAG033170', 'lNONHSAG033216', 'lNONHSAG033224', 'lNONHSAG033254', 'lNONHSAG033263', 'lNONHSAG033266', 'lNONHSAG033298', 'lNONHSAG033334', 'lNONHSAG033348', 'lNONHSAG033352', 'lNONHSAG033386', 'lNONHSAG033435', 'lNONHSAG033459', 'lNONHSAG033480', 'lNONHSAG033528', 'lNONHSAG033589', 'lNONHSAG033645', 'lNONHSAG033691', 'lNONHSAG033716', 'lNONHSAG033735', 'lNONHSAG033748', 'lNONHSAG033810', 'lNONHSAG033862', 'lNONHSAG033896', 'lNONHSAG033898', 'lNONHSAG033899', 'lNONHSAG033937', 'lNONHSAG033940', 'lNONHSAG034021', 'lNONHSAG034217', 'lNONHSAG034316', 'lNONHSAG034417', 'lNONHSAG034418', 'lNONHSAG034492', 'lNONHSAG034508', 'lNONHSAG034527', 'lNONHSAG034676', 'lNONHSAG034678', 'lNONHSAG034801', 'lNONHSAG034845', 'lNONHSAG034846', 'lNONHSAG034935', 'lNONHSAG034973', 'lNONHSAG035096', 'lNONHSAG035103', 'lNONHSAG035262', 'lNONHSAG035287', 'lNONHSAG035456', 'lNONHSAG035531', 'lNONHSAG035568', 'lNONHSAG035914', 'lNONHSAG035916', 'lNONHSAG035919', 'lNONHSAG035923', 'lNONHSAG036047', 'lNONHSAG036054', 'lNONHSAG036115', 'lNONHSAG036255', 'lNONHSAG036263', 'lNONHSAG036273', 'lNONHSAG036403', 'lNONHSAG036407', 'lNONHSAG036412', 'lNONHSAG036413', 'lNONHSAG036612', 'lNONHSAG036615', 'lNONHSAG036866', 'lNONHSAG036922', 'lNONHSAG036926', 'lNONHSAG037025', 'lNONHSAG037061', 'lNONHSAG037072', 'lNONHSAG037073', 'lNONHSAG037080', 'lNONHSAG037082', 'lNONHSAG037083', 'lNONHSAG037096', 'lNONHSAG037137', 'lNONHSAG037146', 'lNONHSAG037164', 'lNONHSAG037241', 'lNONHSAG037348', 'lNONHSAG037420', 'lNONHSAG037559', 'lNONHSAG037827', 'lNONHSAG037891', 'lNONHSAG037936', 'lNONHSAG037946', 'lNONHSAG038001', 'lNONHSAG038060', 'lNONHSAG038091', 'lNONHSAG038162', 'lNONHSAG038343', 'lNONHSAG038344', 'lNONHSAG038397', 'lNONHSAG038502', 'lNONHSAG038561', 'lNONHSAG038578', 'lNONHSAG038663', 'lNONHSAG038675', 'lNONHSAG038682', 'lNONHSAG038836', 'lNONHSAG039037', 'lNONHSAG039038', 'lNONHSAG039147', 'lNONHSAG039293', 'lNONHSAG039295', 'lNONHSAG039319', 'lNONHSAG039617', 'lNONHSAG039620', 'lNONHSAG039634', 'lNONHSAG039637', 'lNONHSAG039654', 'lNONHSAG039664', 'lNONHSAG039669', 'lNONHSAG039749', 'lNONHSAG039872', 'lNONHSAG039951', 'lNONHSAG040179', 'lNONHSAG040241', 'lNONHSAG040269', 'lNONHSAG040329', 'lNONHSAG040444', 'lNONHSAG040481', 'lNONHSAG040542', 'lNONHSAG040544', 'lNONHSAG040560', 'lNONHSAG040601', 'lNONHSAG040692', 'lNONHSAG040700', 'lNONHSAG040729', 'lNONHSAG040804', 'lNONHSAG040859', 'lNONHSAG040909', 'lNONHSAG040945', 'lNONHSAG040958', 'lNONHSAG040969', 'lNONHSAG040976', 'lNONHSAG041017', 'lNONHSAG041023', 'lNONHSAG041250', 'lNONHSAG041256', 'lNONHSAG041257', 'lNONHSAG041480', 'lNONHSAG041528', 'lNONHSAG041529', 'lNONHSAG041592', 'lNONHSAG041670', 'lNONHSAG041707', 'lNONHSAG041716', 'lNONHSAG041883', 'lNONHSAG041938', 'lNONHSAG041966', 'lNONHSAG042033', 'lNONHSAG042050', 'lNONHSAG042062', 'lNONHSAG042080', 'lNONHSAG042132', 'lNONHSAG042138', 'lNONHSAG042218', 'lNONHSAG042257', 'lNONHSAG042270', 'lNONHSAG042306', 'lNONHSAG042307', 'lNONHSAG042433', 'lNONHSAG042476', 'lNONHSAG042491', 'lNONHSAG042722', 'lNONHSAG042724', 'lNONHSAG042855', 'lNONHSAG042957', 'lNONHSAG042966', 'lNONHSAG042970', 'lNONHSAG042991', 'lNONHSAG043138', 'lNONHSAG043159', 'lNONHSAG043229', 'lNONHSAG043250', 'lNONHSAG043303', 'lNONHSAG043433', 'lNONHSAG043550', 'lNONHSAG043592', 'lNONHSAG043625', 'lNONHSAG043657', 'lNONHSAG043770', 'lNONHSAG043851', 'lNONHSAG043934', 'lNONHSAG044022', 'lNONHSAG044041', 'lNONHSAG044064', 'lNONHSAG044283', 'lNONHSAG044350', 'lNONHSAG044406', 'lNONHSAG044429', 'lNONHSAG044533', 'lNONHSAG044624', 'lNONHSAG044666', 'lNONHSAG044709', 'lNONHSAG044791', 'lNONHSAG045131', 'lNONHSAG045160', 'lNONHSAG045163', 'lNONHSAG045166', 'lNONHSAG045306', 'lNONHSAG045383', 'lNONHSAG045430', 'lNONHSAG046722', 'lNONHSAG046730', 'lNONHSAG046765', 'lNONHSAG046781', 'lNONHSAG046811', 'lNONHSAG046839', 'lNONHSAG047182', 'lNONHSAG047197', 'lNONHSAG047260', 'lNONHSAG047463', 'lNONHSAG047469', 'lNONHSAG047507', 'lNONHSAG047543', 'lNONHSAG047544', 'lNONHSAG047547', 'lNONHSAG047619', 'lNONHSAG047620', 'lNONHSAG047725', 'lNONHSAG047796', 'lNONHSAG047830', 'lNONHSAG047840', 'lNONHSAG047851', 'lNONHSAG047951', 'lNONHSAG047973', 'lNONHSAG047974', 'lNONHSAG048057', 'lNONHSAG048101', 'lNONHSAG048114', 'lNONHSAG048189', 'lNONHSAG048191', 'lNONHSAG048201', 'lNONHSAG048231', 'lNONHSAG048270', 'lNONHSAG048302', 'lNONHSAG048323', 'lNONHSAG048354', 'lNONHSAG048439', 'lNONHSAG048464', 'lNONHSAG048598', 'lNONHSAG048602', 'lNONHSAG048603', 'lNONHSAG048610', 'lNONHSAG048623', 'lNONHSAG048624', 'lNONHSAG048626', 'lNONHSAG048641', 'lNONHSAG048682', 'lNONHSAG048695', 'lNONHSAG048781', 'lNONHSAG048817', 'lNONHSAG049037', 'lNONHSAG049050', 'lNONHSAG049051', 'lNONHSAG049129', 'lNONHSAG049157', 'lNONHSAG049185', 'lNONHSAG049288', 'lNONHSAG049303', 'lNONHSAG049421', 'lNONHSAG049507', 'lNONHSAG049626', 'lNONHSAG049754', 'lNONHSAG049801', 'lNONHSAG049901', 'lNONHSAG050073', 'lNONHSAG050104', 'lNONHSAG050167', 'lNONHSAG050168', 'lNONHSAG050272', 'lNONHSAG050273', 'lNONHSAG050284', 'lNONHSAG050345', 'lNONHSAG050423', 'lNONHSAG050670', 'lNONHSAG050725', 'lNONHSAG050769', 'lNONHSAG050786', 'lNONHSAG050815', 'lNONHSAG050929', 'lNONHSAG051010', 'lNONHSAG051166', 'lNONHSAG051196', 'lNONHSAG051245', 'lNONHSAG051250', 'lNONHSAG051260', 'lNONHSAG051266', 'lNONHSAG051291', 'lNONHSAG051448', 'lNONHSAG051454', 'lNONHSAG051484', 'lNONHSAG051514', 'lNONHSAG051517', 'lNONHSAG051567', 'lNONHSAG051568', 'lNONHSAG051603', 'lNONHSAG051770', 'lNONHSAG051898', 'lNONHSAG051958', 'lNONHSAG052046', 'lNONHSAG052082', 'lNONHSAG052097', 'lNONHSAG052119', 'lNONHSAG052149', 'lNONHSAG052151', 'lNONHSAG052179', 'lNONHSAG052454', 'lNONHSAG052459', 'lNONHSAG052491', 'lNONHSAG052492', 'lNONHSAG052495', 'lNONHSAG052510', 'lNONHSAG052511', 'lNONHSAG052609', 'lNONHSAG052680', 'lNONHSAG052686', 'lNONHSAG052726', 'lNONHSAG052853', 'lNONHSAG052908', 'lNONHSAG052925', 'lNONHSAG052929', 'lNONHSAG052933', 'lNONHSAG052943', 'lNONHSAG053007', 'lNONHSAG053014', 'lNONHSAG053028', 'lNONHSAG053033', 'lNONHSAG053082', 'lNONHSAG053162', 'lNONHSAG053228', 'lNONHSAG053419', 'lNONHSAG053499', 'lNONHSAG053500', 'lNONHSAG053546', 'lNONHSAG053590', 'lNONHSAG053602', 'lNONHSAG053716', 'lNONHSAG053719', 'lNONHSAG053748', 'lNONHSAG053796', 'lNONHSAG053802', 'lNONHSAG053842', 'lNONHSAG054024', 'lNONHSAG054212', 'lNONHSAG054213', 'lNONHSAG054214', 'lNONHSAG054215', 'lNONHSAG054216', 'lNONHSAG054301', 'lNONHSAG054360', 'lNONHSAG054432', 'lNONHSAG054699', 'lNONHSAG054716', 'lNONHSAG054717', 'lNONHSAG054718', 'lNONHSAG054780', 'lNONHSAG054791', 'lNONHSAG054807', 'lNONHSAG055008', 'lNONHSAG055088', 'lNONHSAG055092', 'lNONHSAG055151', 'lNONHSAG055258', 'lNONHSAG055350', 'lNONHSAG055418', 'lNONHSAG055450', 'lNONHSAG055546', 'lNONHSAG055558', 'lNONHSAG055565', 'lNONHSAG055577', 'lNONHSAG055582', 'lNONHSAG056025', 'lNONHSAG056029', 'lNONHSAG056053', 'lNONHSAG056451', 'lNONHSAG056733', 'lNONHSAG056746', 'lNONHSAG056868', 'lNONHSAG056875', 'lNONHSAG057043', 'lNONHSAG057222', 'lNONHSAG057260', 'lNONHSAG058006', 'lNONHSAG058109', 'lNONHSAG058112', 'lNONHSAG058118', 'lNONHSAG058128', 'lNONHSAG058533', 'lNONHSAG058967', 'lNONHSAG059768', 'lNONHSAG060586', 'lNONHSAG061096', 'lNONHSAG061404', 'lNONHSAG061492', 'lNONHSAG063700', 'lNONHSAG064784', 'lNONHSAG064962', 'lNONHSAG065252', 'lNONHSAG065364', 'lNONHSAG066253', 'lNONHSAG068402', 'lNONHSAG068639', 'lNONHSAG069030', 'lNONHSAG069147', 'lNONHSAG069277', 'lNONHSAG069876', 'lNONHSAG070257', 'lNONHSAG071444', 'lNONHSAG072176', 'lNONHSAG072945', 'lNONHSAG073380', 'lNONHSAG073406', 'lNONHSAG073419', 'lNONHSAG073786', 'lNONHSAG074052', 'lNONHSAG074661', 'lNONHSAG075363', 'lNONHSAG077475', 'lNONHSAG077527', 'lNONHSAG077551', 'lNONHSAG079231', 'lNONHSAG080772', 'lNONHSAG081227', 'lNONHSAG081583', 'lNONHSAG081993', 'lNONHSAG083209', 'lNONHSAG083289', 'lNONHSAG083615', 'lNONHSAG083859', 'lNONHSAG083883', 'lNONHSAG083894', 'lNONHSAG084701', 'lNONHSAG084832', 'lNONHSAG084937', 'lNONHSAG085975', 'lNONHSAG088562', 'lNONHSAG091116', 'lNONHSAG091284', 'lNONHSAG091452', 'lNONHSAG091943', 'lNONHSAG092907', 'lNONHSAG093064', 'lNONHSAG093078', 'lNONHSAG093517', 'lNONHSAG094075', 'lNONHSAG094129', 'lNONHSAG094269', 'lNONHSAG096130', 'lNONHSAG096227', 'lNONHSAG096230', 'lNONHSAG096627', 'lNONHSAG097344', 'lNONHSAG097347', 'lNONHSAG098653', 'lNONHSAG099082', 'lNONHSAG099120', 'lNONHSAG099126', 'lNONHSAG099774', 'lNONHSAG101725', 'lNONHSAG102572', 'lNONHSAG102979', 'lNONHSAG103259', 'lNONHSAG103457', 'lNONHSAG103817', 'lNONHSAG104186', 'lNONHSAG110420', 'lNONHSAG110858', 'lNONHSAG111667', 'lNONHSAG112396', 'lNONHSAG113761', 'lNONHSAG114445', 'lENSG00000103472', 'lENSG00000163364', 'lENSG00000171889', 'lENSG00000177410', 'lENSG00000179406', 'lENSG00000179523', 'lENSG00000189295', 'lENSG00000198221', 'lENSG00000198468', 'lENSG00000203497', 'lENSG00000205611', 'lENSG00000223764', 'lENSG00000223783', 'lENSG00000224057', 'lENSG00000224078', 'lENSG00000224614', 'lENSG00000225470', 'lENSG00000225506', 'lENSG00000225855', 'lENSG00000226115', 'lENSG00000226137', 'lENSG00000227256', 'lENSG00000227963', 'lENSG00000228022', 'lENSG00000229267', 'lENSG00000229335', 'lENSG00000229388', 'lENSG00000230046', 'lENSG00000230061', 'lENSG00000230257', 'lENSG00000230313', 'lENSG00000230400', 'lENSG00000230866', 'lENSG00000231019', 'lENSG00000231437', 'lENSG00000231473', 'lENSG00000231663', 'lENSG00000232265', 'lENSG00000232415', 'lENSG00000232442', 'lENSG00000232500', 'lENSG00000233047', 'lENSG00000233387', 'lENSG00000233532', 'lENSG00000234169', 'lENSG00000234222', 'lENSG00000234455', 'lENSG00000234546', 'lENSG00000234625', 'lENSG00000235385', 'lENSG00000235724', 'lENSG00000236240', 'lENSG00000236535', 'lENSG00000236671', 'lENSG00000237167', 'lENSG00000237396', 'lENSG00000237880', 'lENSG00000241388', 'lENSG00000242207', 'lENSG00000243479', 'lENSG00000244124', 'lENSG00000245067', 'lENSG00000245146', 'lENSG00000245614', 'lENSG00000246560', 'lENSG00000247095', 'lENSG00000247373', 'lENSG00000247400', 'lENSG00000247498', 'lENSG00000249532', 'lENSG00000249786', 'lENSG00000249835', 'lENSG00000249993', 'lENSG00000251003', 'lENSG00000251061', 'lENSG00000253315', 'lENSG00000254418', 'lENSG00000254480', 'lENSG00000254508', 'lENSG00000254635', 'lENSG00000254791', 'lENSG00000255363', 'lENSG00000255427', 'lENSG00000255553', 'lENSG00000255850', 'lENSG00000256742', 'lENSG00000256769', 'lENSG00000257084', 'lENSG00000257557', 'lENSG00000258197', 'lENSG00000258912', 'lENSG00000259289', 'lENSG00000259424', 'lENSG00000260219', 'lENSG00000260280', 'lENSG00000260455', 'lENSG00000260924', 'lENSG00000260969', 'lENSG00000261183', 'lENSG00000261423', 'lENSG00000261780', 'lENSG00000263718', 'lENSG00000265374', 'lENSG00000266402', 'lENSG00000266970', 'lENSG00000267296', 'lENSG00000267321', 'lENSG00000267395', 'lENSG00000267413', 'lENSG00000267440', 'lENSG00000267858', 'lENSG00000269019', 'lENSG00000269911', 'lENSG00000269939', 'lENSG00000270084', 'lENSG00000270344', 'lENSG00000270959', 'lENSG00000272769', 'lENSG00000274372', 'lENSG00000278709', 'lENSG00000278970', 'lENSG00000279296', 'lENSG00000281189', 'lENSG00000285644', 'lENSG00000286004', 'lENSG00000286737', 'lENSG00000288080', 'lENSG00000224167', 'lENSG00000224739', 'lA1BG-AS1', 'lADAMTS9-AS2', 'lANKRD62P1-PARP4P3', 'lAQP4-AS1', 'lASMTL-AS1', 'lCCAT2', 'lCDKN2B-AS1', 'lCRNDE', 'lDGKK', 'lDLX6-AS1', 'lEGOT', 'lFEZF1-AS1', 'lGATA3-AS1', 'lGATA6-AS1', 'lGHET1', 'lHEIH', 'lHOXA-AS3', 'lINHBA-AS1', 'lJRK', 'lKCTD21-AS1', 'lKTN1-AS1', 'lLAMTOR5-AS1', 'lLBX2-AS1', 'lLINC00173', 'lLINC00174', 'lLINC00240', 'lLINC00333', 'lLINC00472', 'lLPP-AS2', 'lMEG3', 'lMIR181A1HG', 'lMIR31HG', 'lMYLK-AS1', 'lPANDAR', 'lPCGEM1', 'lPVT1', 'lRHPN1-AS1', 'lSNHG15', 'lSNX29P2', 'lTEN1-CDK3', 'lTPTEP1', 'lTRAM2-AS1', 'lVCAN-AS1', 'lZNF286B', 'lZNF503-AS2', 'lLINC00461', 'lLINC00514', 'lSLC2A1-AS1', 'lSRP14-AS1', 'lAC007009.1', 'lPWAR6', 'lAC004840.8', 'lAC061992.2', 'lAC103564.7', 'lAC135048.13', 'lAC137723.5', 'lAC137932.5', 'lAL928742.12', 'lAP001058.3', 'lCTB-60B18.10', 'lCTB-91J4.1', 'lCTC-338M12.2', 'lCTD-2195B23.3', 'lCTD-2540L5.5', 'lLA16c-321D4.2', 'lLA16c-380H5.3', 'lLL22NC03-23C6.13', 'lRP1-283E3.8', 'lRP11-100F15.1', 'lRP11-104E19.1', 'lRP11-108M9.3', 'lRP11-123O10.4', 'lRP11-137H2.4', 'lRP11-197N18.2', 'lRP11-21J18.1', 'lRP11-227H15.4', 'lRP11-243J18.2', 'lRP11-24P14.1', 'lRP11-264B17.3', 'lRP11-276H7.2', 'lRP11-2C24.4', 'lRP11-305P14.1', 'lRP11-439K3.1', 'lRP11-467J12.4', 'lRP11-49K24.4', 'lRP11-514P8.8', 'lRP11-54O7.3', 'lRP11-680A11.5', 'lRP4-756H11.3', 'lRP4-790G17.7', 'lRP5-1061H20.4', 'lRP5-1074L1.1', 'lRP5-1160K1.8', 'lXXbac-B444P24.8', 'lXXbac-BPG300A18.13', 'lAC018766.4', 'lCTD-2231H16.1', 'lHNRNPU-AS1', 'lRP11-429J17.8', 'lRP11-672A2.1', 'lRP5-1063M23.1', 'lRP11-495P10.8', 'lCTA-250D10.23', 'lRP4-610C12.4', 'lLINC00035', 'lRP11-408H20.2', 'lNONHSAG000157', 'lNONHSAG000265', 'lNONHSAG000297', 'lNONHSAG000298', 'lNONHSAG000623', 'lNONHSAG000636', 'lNONHSAG000677', 'lNONHSAG000896', 'lNONHSAG000969', 'lNONHSAG000994', 'lNONHSAG001014', 'lNONHSAG001028', 'lNONHSAG001030', 'lNONHSAG001033', 'lNONHSAG001171', 'lNONHSAG001207', 'lNONHSAG001240', 'lNONHSAG001258', 'lNONHSAG001435', 'lNONHSAG001613', 'lNONHSAG002403', 'lNONHSAG002487', 'lNONHSAG002619', 'lNONHSAG002726', 'lNONHSAG002790', 'lNONHSAG002816', 'lNONHSAG003227', 'lNONHSAG003308', 'lNONHSAG003418', 'lNONHSAG003459', 'lNONHSAG003810', 'lNONHSAG004227', 'lNONHSAG004351', 'lNONHSAG004475', 'lNONHSAG004507', 'lNONHSAG004638', 'lNONHSAG004893', 'lNONHSAG005249', 'lNONHSAG005363', 'lNONHSAG005473', 'lNONHSAG005522', 'lNONHSAG005652', 'lNONHSAG005679', 'lNONHSAG005690', 'lNONHSAG005717', 'lNONHSAG005727', 'lNONHSAG005739', 'lNONHSAG005740', 'lNONHSAG005746', 'lNONHSAG005747', 'lNONHSAG005760', 'lNONHSAG005761', 'lNONHSAG005769', 'lNONHSAG005789', 'lNONHSAG005797', 'lNONHSAG005809', 'lNONHSAG005830', 'lNONHSAG005842', 'lNONHSAG005852', 'lNONHSAG005853', 'lNONHSAG005856', 'lNONHSAG005857', 'lNONHSAG005867', 'lNONHSAG005870', 'lNONHSAG005885', 'lNONHSAG005901', 'lNONHSAG005915', 'lNONHSAG005936', 'lNONHSAG005939', 'lNONHSAG005985', 'lNONHSAG005986', 'lNONHSAG006012', 'lNONHSAG006022', 'lNONHSAG006078', 'lNONHSAG006086', 'lNONHSAG006091', 'lNONHSAG006097', 'lNONHSAG006103', 'lNONHSAG006166', 'lNONHSAG006183', 'lNONHSAG006186', 'lNONHSAG006187', 'lNONHSAG006188', 'lNONHSAG006206', 'lNONHSAG006220', 'lNONHSAG006221', 'lNONHSAG006235', 'lNONHSAG006274', 'lNONHSAG006279', 'lNONHSAG006290', 'lNONHSAG006293', 'lNONHSAG006300', 'lNONHSAG006314', 'lNONHSAG006324', 'lNONHSAG006376', 'lNONHSAG006377', 'lNONHSAG006382', 'lNONHSAG006388', 'lNONHSAG006395', 'lNONHSAG006399', 'lNONHSAG006405', 'lNONHSAG006407', 'lNONHSAG006412', 'lNONHSAG006415', 'lNONHSAG006434', 'lNONHSAG006440', 'lNONHSAG006450', 'lNONHSAG006459', 'lNONHSAG006479', 'lNONHSAG006487', 'lNONHSAG006493', 'lNONHSAG006507', 'lNONHSAG006527', 'lNONHSAG006536', 'lNONHSAG006551', 'lNONHSAG006554', 'lNONHSAG006555', 'lNONHSAG006557', 'lNONHSAG006573', 'lNONHSAG006576', 'lNONHSAG006579', 'lNONHSAG006581', 'lNONHSAG006586', 'lNONHSAG006591', 'lNONHSAG006602', 'lNONHSAG006646', 'lNONHSAG006653', 'lNONHSAG006669', 'lNONHSAG006716', 'lNONHSAG006750', 'lNONHSAG006765', 'lNONHSAG006779', 'lNONHSAG006808', 'lNONHSAG006830', 'lNONHSAG006832', 'lNONHSAG006837', 'lNONHSAG006855', 'lNONHSAG006863', 'lNONHSAG006883', 'lNONHSAG006889', 'lNONHSAG006894', 'lNONHSAG006897', 'lNONHSAG006909', 'lNONHSAG006922', 'lNONHSAG006967', 'lNONHSAG006970', 'lNONHSAG006976', 'lNONHSAG007000', 'lNONHSAG007008', 'lNONHSAG007020', 'lNONHSAG007031', 'lNONHSAG007035', 'lNONHSAG007065', 'lNONHSAG007087', 'lNONHSAG007093', 'lNONHSAG007103', 'lNONHSAG007118', 'lNONHSAG007123', 'lNONHSAG007129', 'lNONHSAG007139', 'lNONHSAG007155', 'lNONHSAG007166', 'lNONHSAG007172', 'lNONHSAG007203', 'lNONHSAG007222', 'lNONHSAG007225', 'lNONHSAG007242', 'lNONHSAG007259', 'lNONHSAG007268', 'lNONHSAG007278', 'lNONHSAG007286', 'lNONHSAG007298', 'lNONHSAG007414', 'lNONHSAG007419', 'lNONHSAG007429', 'lNONHSAG007488', 'lNONHSAG007507', 'lNONHSAG007531', 'lNONHSAG007533', 'lNONHSAG007543', 'lNONHSAG007554', 'lNONHSAG007563', 'lNONHSAG007574', 'lNONHSAG007578', 'lNONHSAG007599', 'lNONHSAG007632', 'lNONHSAG007638', 'lNONHSAG007730', 'lENSG00000083622', 'lENSG00000105501', 'lENSG00000122043', 'lENSG00000149443', 'lENSG00000167920', 'lENSG00000175746', 'lENSG00000177596', 'lENSG00000178248', 'lENSG00000197644', 'lENSG00000197880', 'lENSG00000198054', 'lENSG00000198671', 'lENSG00000203307', 'lENSG00000203469', 'lENSG00000203472', 'lENSG00000203565', 'lENSG00000203605', 'lENSG00000203864', 'lENSG00000204393', 'lENSG00000204464', 'lENSG00000205018', 'lENSG00000205452', 'lENSG00000205500', 'lENSG00000212856', 'lENSG00000219410', 'lENSG00000221845', 'lENSG00000222000', 'lENSG00000222044', 'lENSG00000223374', 'lENSG00000223381', 'lENSG00000223387', 'lENSG00000223400', 'lENSG00000223537', 'lENSG00000223563', 'lENSG00000223598', 'lENSG00000223634', 'lENSG00000223641', 'lENSG00000223643', 'lENSG00000223647', 'lENSG00000223720', 'lENSG00000223727', 'lENSG00000223786', 'lENSG00000223809', 'lENSG00000223831', 'lENSG00000223870', 'lENSG00000223881', 'lENSG00000223966', 'lENSG00000223993', 'lENSG00000224031', 'lENSG00000224075', 'lENSG00000224087', 'lENSG00000224095', 'lENSG00000224220', 'lENSG00000224277', 'lENSG00000224330', 'lENSG00000224384', 'lENSG00000224500', 'lENSG00000224535', 'lENSG00000224541', 'lENSG00000224549', 'lENSG00000224645', 'lENSG00000224794', 'lENSG00000224821', 'lENSG00000224844', 'lENSG00000224857', 'lENSG00000224885', 'lENSG00000224922', 'lENSG00000224972', 'lENSG00000225012', 'lENSG00000225050', 'lENSG00000225129', 'lENSG00000225218', 'lENSG00000225325', 'lENSG00000225378', 'lENSG00000225457', 'lENSG00000225537', 'lENSG00000225570', 'lENSG00000225588', 'lENSG00000225647', 'lENSG00000225750', 'lENSG00000225751', 'lENSG00000225761', 'lENSG00000225798', 'lENSG00000225886', 'lENSG00000225919', 'lENSG00000225929', 'lENSG00000226047', 'lENSG00000226089', 'lENSG00000226133', 'lENSG00000226143', 'lENSG00000226193', 'lENSG00000226194', 'lENSG00000226238', 'lENSG00000226323', 'lENSG00000226337', 'lENSG00000226352', 'lENSG00000226398', 'lENSG00000226454', 'lENSG00000226486', 'lENSG00000226508', 'lENSG00000226522', 'lENSG00000226542', 'lENSG00000226562', 'lENSG00000226566', 'lENSG00000226576', 'lENSG00000226601', 'lENSG00000226647', 'lENSG00000226699', 'lENSG00000226770', 'lENSG00000226813', 'lENSG00000226883', 'lENSG00000226925', 'lENSG00000226956', 'lENSG00000226957', 'lENSG00000227075', 'lENSG00000227076', 'lENSG00000227125', 'lENSG00000227131', 'lENSG00000227181', 'lENSG00000227197', 'lENSG00000227330', 'lENSG00000227360', 'lENSG00000227409', 'lENSG00000227482', 'lENSG00000227496', 'lENSG00000227509', 'lENSG00000227512', 'lENSG00000227549', 'lENSG00000227579', 'lENSG00000227606', 'lENSG00000227611', 'lENSG00000227680', 'lENSG00000227716', 'lENSG00000227718', 'lENSG00000227769', 'lENSG00000227863', 'lENSG00000227893', 'lENSG00000227930', 'lENSG00000227960', 'lENSG00000228028', 'lENSG00000228082', 'lENSG00000228108', 'lENSG00000228136', 'lENSG00000228170', 'lENSG00000228215', 'lENSG00000228261', 'lENSG00000228272', 'lENSG00000228351', 'lENSG00000228372', 'lENSG00000228383', 'lENSG00000228470', 'lENSG00000228485', 'lENSG00000228548', 'lENSG00000228596', 'lENSG00000228627', 'lENSG00000228804', 'lENSG00000228826', 'lENSG00000228852', 'lENSG00000228950', 'lENSG00000229152', 'lENSG00000229162', 'lENSG00000229167', 'lENSG00000229190', 'lENSG00000229224', 'lENSG00000229283', 'lENSG00000229297', 'lENSG00000229331', 'lENSG00000229370', 'lENSG00000229379', 'lENSG00000229444', 'lENSG00000229457', 'lENSG00000229487', 'lENSG00000229498', 'lENSG00000229502', 'lENSG00000229528', 'lENSG00000229531', 'lENSG00000229673', 'lENSG00000229679', 'lENSG00000229688', 'lENSG00000229848', 'lENSG00000229851', 'lENSG00000229953', 'lENSG00000229999', 'lENSG00000230010', 'lENSG00000230065', 'lENSG00000230105', 'lENSG00000230109', 'lENSG00000230121', 'lENSG00000230131', 'lENSG00000230153', 'lENSG00000230155', 'lENSG00000230190', 'lENSG00000230197', 'lENSG00000230212', 'lENSG00000230233', 'lENSG00000230234', 'lENSG00000230323', 'lENSG00000230432', 'lENSG00000230483', 'lENSG00000230499', 'lENSG00000230599', 'lENSG00000230668', 'lENSG00000230735', 'lENSG00000230741', 'lENSG00000230759', 'lENSG00000230790', 'lENSG00000230794', 'lENSG00000230826', 'lENSG00000230830', 'lENSG00000230912', 'lENSG00000230918', 'lENSG00000230972', 'lENSG00000231081', 'lENSG00000231082', 'lENSG00000231092', 'lENSG00000231102', 'lENSG00000231114', 'lENSG00000231143', 'lENSG00000231253', 'lENSG00000231272', 'lENSG00000231407', 'lENSG00000231413', 'lENSG00000231440', 'lENSG00000231492', 'lENSG00000231496', 'lENSG00000231597', 'lENSG00000231678', 'lENSG00000231681', 'lENSG00000231724', 'lENSG00000231772', 'lENSG00000231781', 'lENSG00000231912', 'lENSG00000231937', 'lENSG00000231964', 'lENSG00000232031', 'lENSG00000232058', 'lENSG00000232072', 'lENSG00000232086', 'lENSG00000232192', 'lENSG00000232197', 'lENSG00000232286', 'lENSG00000232310', 'lENSG00000232328', 'lENSG00000232335', 'lENSG00000232359', 'lENSG00000232363', 'lENSG00000232396', 'lENSG00000232451', 'lENSG00000232464', 'lENSG00000232465', 'lENSG00000232564', 'lENSG00000232596', 'lENSG00000232604', 'lENSG00000232710', 'lENSG00000232719', 'lENSG00000232746', 'lENSG00000232806', 'lENSG00000232893', 'lENSG00000232895', 'lENSG00000232930', 'lENSG00000232939', 'lENSG00000232964', 'lENSG00000233070', 'lENSG00000233178', 'lENSG00000233179', 'lENSG00000233219', 'lENSG00000233222', 'lENSG00000233330', 'lENSG00000233339', 'lENSG00000233407', 'lENSG00000233472', 'lENSG00000233479', 'lENSG00000233534', 'lENSG00000233574', 'lENSG00000233581', 'lENSG00000233613', 'lENSG00000233625', 'lENSG00000233656', 'lENSG00000233665', 'lENSG00000233689', 'lENSG00000233706', 'lENSG00000233851', 'lENSG00000233891', 'lENSG00000233953', 'lENSG00000233960', 'lENSG00000233969', 'lENSG00000233985', 'lENSG00000234021', 'lENSG00000234055', 'lENSG00000234117', 'lENSG00000234149', 'lENSG00000234160', 'lENSG00000234172', 'lENSG00000234191', 'lENSG00000234504', 'lENSG00000234622', 'lENSG00000234626', 'lENSG00000234653', 'lENSG00000234690', 'lENSG00000234693', 'lENSG00000234714', 'lENSG00000234756', 'lENSG00000234860', 'lENSG00000234900', 'lENSG00000234953', 'lENSG00000234961', 'lENSG00000234979', 'lENSG00000235035', 'lENSG00000235050', 'lENSG00000235059', 'lENSG00000235086', 'lENSG00000235122', 'lENSG00000235168', 'lENSG00000235262', 'lENSG00000235435', 'lENSG00000235494', 'lENSG00000235503', 'lENSG00000235533', 'lENSG00000235628', 'lENSG00000235635', 'lENSG00000235637', 'lENSG00000235669', 'lENSG00000235786', 'lENSG00000235813', 'lENSG00000236022', 'lENSG00000236031', 'lENSG00000236065', 'lENSG00000236109', 'lENSG00000236242', 'lENSG00000236267', 'lENSG00000236272', 'lENSG00000236324', 'lENSG00000236326', 'lENSG00000236358', 'lENSG00000236366', 'lENSG00000236414', 'lENSG00000236452', 'lENSG00000236463', 'lENSG00000236498', 'lENSG00000236559', 'lENSG00000236648', 'lENSG00000236662', 'lENSG00000236723', 'lENSG00000236744', 'lENSG00000236758', 'lENSG00000236800', 'lENSG00000236828', 'lENSG00000236921', 'lENSG00000236951', 'lENSG00000236953', 'lENSG00000236975', 'lENSG00000237015', 'lENSG00000237058', 'lENSG00000237073', 'lENSG00000237293', 'lENSG00000237324', 'lENSG00000237331', 'lENSG00000237337', 'lENSG00000237373', 'lENSG00000237435', 'lENSG00000237463', 'lENSG00000237477', 'lENSG00000237481', 'lENSG00000237494', 'lENSG00000237571', 'lENSG00000237576', 'lENSG00000237581', 'lENSG00000237670', 'lENSG00000237687', 'lENSG00000237734', 'lENSG00000237768', 'lENSG00000237802', 'lENSG00000237919', 'lENSG00000237921', 'lENSG00000237937', 'lENSG00000237993', 'lENSG00000238131', 'lENSG00000238140', 'lENSG00000238185', 'lENSG00000238282', 'lENSG00000238291', 'lENSG00000239314', 'lENSG00000239415', 'lENSG00000239482', 'lENSG00000240354', 'lENSG00000240573', 'lENSG00000240868', 'lENSG00000241383', 'lENSG00000241397', 'lENSG00000241577', 'lENSG00000241593', 'lENSG00000241666', 'lENSG00000241985', 'lENSG00000242012', 'lENSG00000242072', 'lENSG00000242339', 'lENSG00000242391', 'lENSG00000242545', 'lENSG00000242568', 'lENSG00000242618', 'lENSG00000242795', 'lENSG00000242861', 'lENSG00000243149', 'lENSG00000243230', 'lENSG00000243273', 'lENSG00000243368', 'lENSG00000243797', 'lENSG00000243903', 'lENSG00000243961', 'lENSG00000244327', 'lENSG00000244461', 'lENSG00000244701', 'lENSG00000245148', 'lENSG00000245385', 'lENSG00000246541', 'lENSG00000247867', 'lENSG00000247925', 'lENSG00000248125', 'lENSG00000248145', 'lENSG00000248148', 'lENSG00000248245', 'lENSG00000248358', 'lENSG00000248373', 'lENSG00000248393', 'lENSG00000248397', 'lENSG00000248416', 'lENSG00000248457', 'lENSG00000248482', 'lENSG00000248490', 'lENSG00000248576', 'lENSG00000248599', 'lENSG00000248627', 'lENSG00000248758', 'lENSG00000248789', 'lENSG00000248802', 'lENSG00000248925', 'lENSG00000248935', 'lENSG00000248969', 'lENSG00000248975', 'lENSG00000248984', 'lENSG00000248995', 'lENSG00000249066', 'lENSG00000249071', 'lENSG00000249099', 'lENSG00000249111', 'lENSG00000249114', 'lENSG00000249297', 'lENSG00000249382', 'lENSG00000249409', 'lENSG00000249419', 'lENSG00000249426', 'lENSG00000249441', 'lENSG00000249474', 'lENSG00000249547', 'lENSG00000249605', 'lENSG00000249613', 'lENSG00000249697', 'lENSG00000249706', 'lENSG00000249742', 'lENSG00000249753', 'lENSG00000249782', 'lENSG00000249806', 'lENSG00000249830', 'lENSG00000249865', 'lENSG00000249892', 'lENSG00000250062', 'lENSG00000250186', 'lENSG00000250195', 'lENSG00000250242', 'lENSG00000250524', 'lENSG00000250626', 'lENSG00000250629', 'lENSG00000250646', 'lENSG00000250657', 'lENSG00000250665', 'lENSG00000250698', 'lENSG00000250761', 'lENSG00000250791', 'lENSG00000250820', 'lENSG00000250855', 'lENSG00000250865', 'lENSG00000250866', 'lENSG00000250877', 'lENSG00000250910', 'lENSG00000250917', 'lENSG00000250929', 'lENSG00000250945', 'lENSG00000250949', 'lENSG00000250950', 'lENSG00000250955', 'lENSG00000251059', 'lENSG00000251072', 'lENSG00000251088', 'lENSG00000251185', 'lENSG00000251194', 'lENSG00000251256', 'lENSG00000251266', 'lENSG00000251281', 'lENSG00000251412', 'lENSG00000251414', 'lENSG00000251438', 'lENSG00000251688', 'lENSG00000253134', 'lENSG00000253142', 'lENSG00000253167', 'lENSG00000253171', 'lENSG00000253189', 'lENSG00000253282', 'lENSG00000253356', 'lENSG00000253397', 'lENSG00000253449', 'lENSG00000253456', 'lENSG00000253503', 'lENSG00000253507', 'lENSG00000253526', 'lENSG00000253530', 'lENSG00000253539', 'lENSG00000253577', 'lENSG00000253616', 'lENSG00000253619', 'lENSG00000253627', 'lENSG00000253645', 'lENSG00000253665', 'lENSG00000253717', 'lENSG00000253722', 'lENSG00000253754', 'lENSG00000253782', 'lENSG00000253834', 'lENSG00000253858', 'lENSG00000253865', 'lENSG00000253871', 'lENSG00000253875', 'lENSG00000253880', 'lENSG00000253927', 'lENSG00000253947', 'lENSG00000253976', 'lENSG00000254011', 'lENSG00000254021', 'lENSG00000254026', 'lENSG00000254031', 'lENSG00000254033', 'lENSG00000254035', 'lENSG00000254043', 'lENSG00000254084', 'lENSG00000254094', 'lENSG00000254123', 'lENSG00000254141', 'lENSG00000254171', 'lENSG00000254177', 'lENSG00000254207', 'lENSG00000254239', 'lENSG00000254242', 'lENSG00000254263', 'lENSG00000254314', 'lENSG00000254325', 'lENSG00000254330', 'lENSG00000254347', 'lENSG00000254350', 'lENSG00000254380', 'lENSG00000254429', 'lENSG00000254456', 'lENSG00000254516', 'lENSG00000254526', 'lENSG00000254559', 'lENSG00000254563', 'lENSG00000254592', 'lENSG00000254604', 'lENSG00000254620', 'lENSG00000254626', 'lENSG00000254627', 'lENSG00000254689', 'lENSG00000254739', 'lENSG00000254775', 'lENSG00000254787', 'lENSG00000254846', 'lENSG00000254847', 'lENSG00000254864', 'lENSG00000254879', 'lENSG00000254913', 'lENSG00000254921', 'lENSG00000254928', 'lENSG00000254930', 'lENSG00000254972', 'lENSG00000254990', 'lENSG00000255027', 'lENSG00000255039', 'lENSG00000255041', 'lENSG00000255084', 'lENSG00000255114', 'lENSG00000255121', 'lENSG00000255159', 'lENSG00000255167', 'lENSG00000255227', 'lENSG00000255241', 'lENSG00000255247', 'lENSG00000255252', 'lENSG00000255271', 'lENSG00000255300', 'lENSG00000255327', 'lENSG00000255343', 'lENSG00000255357', 'lENSG00000255366', 'lENSG00000255375', 'lENSG00000255388', 'lENSG00000255390', 'lENSG00000255443', 'lENSG00000255478', 'lENSG00000255482', 'lENSG00000255487', 'lENSG00000255496', 'lENSG00000255498', 'lENSG00000255523', 'lENSG00000255528', 'lENSG00000255539', 'lENSG00000255555', 'lENSG00000255565', 'lENSG00000255808', 'lENSG00000255839', 'lENSG00000255893', 'lENSG00000255949', 'lENSG00000256007', 'lENSG00000256071', 'lENSG00000256072', 'lENSG00000256083', 'lENSG00000256209', 'lENSG00000256234', 'lENSG00000256314', 'lENSG00000256364', 'lENSG00000256448', 'lENSG00000256452', 'lENSG00000256482', 'lENSG00000256484', 'lENSG00000256568', 'lENSG00000256582', 'lENSG00000256670', 'lENSG00000256733', 'lENSG00000256897', 'lENSG00000256972', 'lENSG00000257004', 'lENSG00000257096', 'lENSG00000257105', 'lENSG00000257165', 'lENSG00000257264', 'lENSG00000257265', 'lENSG00000257271', 'lENSG00000257275', 'lENSG00000257342', 'lENSG00000257381', 'lENSG00000257407', 'lENSG00000257470', 'lENSG00000257488', 'lENSG00000257494', 'lENSG00000257500', 'lENSG00000257514', 'lENSG00000257541', 'lENSG00000257634', 'lENSG00000257653', 'lENSG00000257682', 'lENSG00000257732', 'lENSG00000257764', 'lENSG00000257860', 'lENSG00000257904', 'lENSG00000257925', 'lENSG00000257997', 'lENSG00000258007', 'lENSG00000258044', 'lENSG00000258084', 'lENSG00000258108', 'lENSG00000258167', 'lENSG00000258185', 'lENSG00000258210', 'lENSG00000258220', 'lENSG00000258272', 'lENSG00000258292', 'lENSG00000258308', 'lENSG00000258312', 'lENSG00000258313', 'lENSG00000258331', 'lENSG00000258378', 'lENSG00000258379', 'lENSG00000258394', 'lENSG00000258425', 'lENSG00000258451', 'lENSG00000258460', 'lENSG00000258515', 'lENSG00000258516', 'lENSG00000258520', 'lENSG00000258610', 'lENSG00000258657', 'lENSG00000258670', 'lENSG00000258690', 'lENSG00000258695', 'lENSG00000258698', 'lENSG00000258742', 'lENSG00000258745', 'lENSG00000258784', 'lENSG00000258800', 'lENSG00000258824', 'lENSG00000258826', 'lENSG00000258829', 'lENSG00000258850', 'lENSG00000258869', 'lENSG00000258892', 'lENSG00000258904', 'lENSG00000258908', 'lENSG00000258944', 'lENSG00000258958', 'lENSG00000259007', 'lENSG00000259026', 'lENSG00000259187', 'lENSG00000259188', 'lENSG00000259194', 'lENSG00000259202', 'lENSG00000259211', 'lENSG00000259223', 'lENSG00000259250', 'lENSG00000259256', 'lENSG00000259265', 'lENSG00000259268', 'lENSG00000259290', 'lENSG00000259294', 'lENSG00000259307', 'lENSG00000259342', 'lENSG00000259351', 'lENSG00000259352', 'lENSG00000259360', 'lENSG00000259503', 'lENSG00000259532', 'lENSG00000259544', 'lENSG00000259595', 'lENSG00000259631', 'lENSG00000259636', 'lENSG00000259649', 'lENSG00000259659', 'lENSG00000259678', 'lENSG00000259757', 'lENSG00000259759', 'lENSG00000259767', 'lENSG00000259798', 'lENSG00000259805', 'lENSG00000259935', 'lENSG00000259945', 'lENSG00000259955', 'lENSG00000260003', 'lENSG00000260017', 'lENSG00000260022', 'lENSG00000260058', 'lENSG00000260158', 'lENSG00000260186', 'lENSG00000260190', 'lENSG00000260237', 'lENSG00000260246', 'lENSG00000260304', 'lENSG00000260454', 'lENSG00000260476', 'lENSG00000260586', 'lENSG00000260605', 'lENSG00000260626', 'lENSG00000260659', 'lENSG00000260741', 'lENSG00000260773', 'lENSG00000260798', 'lENSG00000260814', 'lENSG00000260884', 'lENSG00000260911', 'lENSG00000260934', 'lENSG00000260970', 'lENSG00000260986', 'lENSG00000260999', 'lENSG00000261014', 'lENSG00000261036', 'lENSG00000261070', 'lENSG00000261243', 'lENSG00000261248', 'lENSG00000261261', 'lENSG00000261307', 'lENSG00000261332', 'lENSG00000261379', 'lENSG00000261432', 'lENSG00000261475', 'lENSG00000261507', 'lENSG00000261523', 'lENSG00000261552', 'lENSG00000261569', 'lENSG00000261633', 'lENSG00000261663', 'lENSG00000261671', 'lENSG00000261695', 'lENSG00000261697', 'lENSG00000261723', 'lENSG00000261729', 'lENSG00000261731', 'lENSG00000261761', 'lENSG00000261838', 'lENSG00000261864', 'lENSG00000262151', 'lENSG00000262298', 'lENSG00000262434', 'lENSG00000262533', 'lENSG00000262652', 'lENSG00000262692', 'lENSG00000262777', 'lENSG00000262810', 'lENSG00000262815', 'lENSG00000263237', 'lENSG00000263300', 'lENSG00000263321', 'lENSG00000263417', 'lENSG00000263466', 'lENSG00000263585', 'lENSG00000263594', 'lENSG00000263618', 'lENSG00000263684', 'lENSG00000263765', 'lENSG00000263797', 'lENSG00000263847', 'lENSG00000263873', 'lENSG00000263952', 'lENSG00000263982', 'lENSG00000263986', 'lENSG00000264023', 'lENSG00000264066', 'lENSG00000264107', 'lENSG00000264116', 'lENSG00000264151', 'lENSG00000264254', 'lENSG00000264269', 'lENSG00000264486', 'lENSG00000264513', 'lENSG00000264520', 'lENSG00000264546', 'lENSG00000264577', 'lENSG00000264622', 'lENSG00000264734', 'lENSG00000264769', 'lENSG00000264825', 'lENSG00000264924', 'lENSG00000265168', 'lENSG00000265205', 'lENSG00000265334', 'lENSG00000265359', 'lENSG00000265400', 'lENSG00000265443', 'lENSG00000265474', 'lENSG00000265554', 'lENSG00000265625', 'lENSG00000265728', 'lENSG00000265743', 'lENSG00000265791', 'lENSG00000265800', 'lENSG00000265840', 'lENSG00000265844', 'lENSG00000265845', 'lENSG00000265980', 'lENSG00000265987', 'lENSG00000265994', 'lENSG00000266102', 'lENSG00000266153', 'lENSG00000266311', 'lENSG00000266341', 'lENSG00000266368', 'lENSG00000266397', 'lENSG00000266541', 'lENSG00000266651', 'lENSG00000266801', 'lENSG00000266839', 'lENSG00000266844', 'lENSG00000266877', 'lENSG00000266936', 'lENSG00000266981', 'lENSG00000267000', 'lENSG00000267028', 'lENSG00000267057', 'lENSG00000267063', 'lENSG00000267177', 'lENSG00000267225', 'lENSG00000267234', 'lENSG00000267255', 'lENSG00000267263', 'lENSG00000267274', 'lENSG00000267286', 'lENSG00000267320', 'lENSG00000267341', 'lENSG00000267354', 'lENSG00000267378', 'lENSG00000267387', 'lENSG00000267436', 'lENSG00000267437', 'lENSG00000267501', 'lENSG00000267510', 'lENSG00000267543', 'lENSG00000267583', 'lENSG00000267615', 'lENSG00000267617', 'lENSG00000267633', 'lENSG00000267638', 'lENSG00000267665', 'lENSG00000267711', 'lENSG00000267791', 'lENSG00000267838', 'lENSG00000267922', 'lENSG00000267980', 'lENSG00000268049', 'lENSG00000268051', 'lENSG00000268069', 'lENSG00000268078', 'lENSG00000268191', 'lENSG00000268203', 'lENSG00000268240', 'lENSG00000268289', 'lENSG00000268292', 'lENSG00000268296', 'lENSG00000268520', 'lENSG00000268605', 'lENSG00000268734', 'lENSG00000268743', 'lENSG00000268798', 'lENSG00000268833', 'lENSG00000268906', 'lENSG00000268912', 'lENSG00000268981', 'lENSG00000269044', 'lENSG00000269085', 'lENSG00000269145', 'lENSG00000269191', 'lENSG00000269292', 'lENSG00000269321', 'lENSG00000269350', 'lENSG00000269495', 'lENSG00000269504', 'lENSG00000269578', 'lENSG00000269621', 'lENSG00000269656', 'lENSG00000269729', 'lENSG00000269802', 'lENSG00000269826', 'lENSG00000269843', 'lENSG00000269867', 'lENSG00000269901', 'lENSG00000269950', 'lENSG00000269987', 'lENSG00000270082', 'lENSG00000270094', 'lENSG00000270108', 'lENSG00000270380', 'lENSG00000270726', 'lENSG00000270871', 'lENSG00000270996', 'lENSG00000271032', 'lENSG00000271218', 'lENSG00000271314', 'lENSG00000271579', 'lENSG00000271717', 'lENSG00000271763', 'lENSG00000271787', 'lENSG00000271833', 'lENSG00000271901', 'lENSG00000271936', 'lENSG00000271945', 'lENSG00000271983', 'lENSG00000272027', 'lENSG00000272072', 'lENSG00000272159', 'lENSG00000272338', 'lENSG00000272510', 'lENSG00000272540', 'lENSG00000272575', 'lENSG00000272661', 'lENSG00000272742', 'lENSG00000272810', 'lENSG00000272814', 'lENSG00000272866', 'lENSG00000272995', 'lENSG00000273035', 'lENSG00000273110', 'lENSG00000273198', 'lENSG00000273226', 'lENSG00000273257', 'lENSG00000273275', 'lENSG00000273360', 'lENSG00000273449', 'lENSG00000273461', 'lENSG00000273485', 'lENSG00000273493', 'lENSG00000273550', 'lENSG00000273568', 'lENSG00000273838', 'lENSG00000273877', 'lENSG00000273919', 'lENSG00000274177', 'lENSG00000274227', 'lENSG00000274624', 'lENSG00000274678', 'lENSG00000274737', 'lENSG00000274863', 'lENSG00000274893', 'lENSG00000275173', 'lENSG00000275356', 'lENSG00000275401', 'lENSG00000275484', 'lENSG00000275576', 'lENSG00000275638', 'lENSG00000275871', 'lENSG00000275963', 'lENSG00000276054', 'lENSG00000276107', 'lENSG00000276266', 'lENSG00000276488', 'lENSG00000276533', 'lENSG00000276668', 'lENSG00000276997', 'lENSG00000277173', 'lENSG00000277332', 'lENSG00000277639', 'lENSG00000277675', 'lENSG00000278000', 'lENSG00000278013', 'lENSG00000278202', 'lENSG00000278351', 'lENSG00000278766', 'lENSG00000278944', 'lENSG00000279088', 'lENSG00000279240', 'lENSG00000279484', 'lENSG00000279623', 'lENSG00000279687', 'lENSG00000279751', 'lENSG00000279920', 'lENSG00000280206', 'lENSG00000280224', 'lENSG00000280455', 'lENSG00000280580', 'lENSG00000280703', 'lENSG00000280870', 'lENSG00000280881', 'lENSG00000281021', 'lENSG00000281831', 'lENSG00000282478', 'lENSG00000282828', 'lENSG00000282950', 'lENSG00000283083', 'lENSG00000283286', 'lENSG00000283347', 'lENSG00000283375', 'lENSG00000283436', 'lENSG00000283457', 'lENSG00000283573', 'lENSG00000283631', 'lENSG00000283766', 'lENSG00000283973', 'lENSG00000284376', 'lENSG00000284500', 'lENSG00000284513', 'lENSG00000284608', 'lENSG00000284699', 'lENSG00000284846', 'lENSG00000284994', 'lENSG00000285012', 'lENSG00000285040', 'lENSG00000285117', 'lENSG00000285325', 'lENSG00000285354', 'lENSG00000285409', 'lENSG00000285473', 'lENSG00000285518', 'lENSG00000285550', 'lENSG00000285551', 'lENSG00000285621', 'lENSG00000285654', 'lENSG00000285699', 'lENSG00000285780', 'lENSG00000285857', 'lENSG00000285861', 'lENSG00000285889', 'lENSG00000285954', 'lENSG00000285998', 'lENSG00000286002', 'lENSG00000286010', 'lENSG00000286018', 'lENSG00000286020', 'lENSG00000286050', 'lENSG00000286076', 'lENSG00000286089', 'lENSG00000286093', 'lENSG00000286101', 'lENSG00000286168', 'lENSG00000286194', 'lENSG00000286242', 'lENSG00000286276', 'lENSG00000286331', 'lENSG00000286333', 'lENSG00000286357', 'lENSG00000286419', 'lENSG00000286430', 'lENSG00000286436', 'lENSG00000286441', 'lENSG00000286453', 'lENSG00000286461', 'lENSG00000286474', 'lENSG00000286515', 'lENSG00000286565', 'lENSG00000286581', 'lENSG00000286584', 'lENSG00000286588', 'lENSG00000286598', 'lENSG00000286617', 'lENSG00000286639', 'lENSG00000286645', 'lENSG00000286670', 'lENSG00000286689', 'lENSG00000286698', 'lENSG00000286715', 'lENSG00000286716', 'lENSG00000286722', 'lENSG00000286735', 'lENSG00000286738', 'lENSG00000286740', 'lENSG00000286759', 'lENSG00000286767', 'lENSG00000286770', 'lENSG00000286776', 'lENSG00000286795', 'lENSG00000286803', 'lENSG00000286820', 'lENSG00000286822', 'lENSG00000286838', 'lENSG00000286843', 'lENSG00000286850', 'lENSG00000286887', 'lENSG00000286908', 'lENSG00000287005', 'lENSG00000287006', 'lENSG00000287020', 'lENSG00000287028', 'lENSG00000287030', 'lENSG00000287066', 'lENSG00000287094', 'lENSG00000287107', 'lENSG00000287128', 'lENSG00000287155', 'lENSG00000287159', 'lENSG00000287191', 'lENSG00000287198', 'lENSG00000287202', 'lENSG00000287213', 'lENSG00000287236', 'lENSG00000287270', 'lENSG00000287285', 'lENSG00000287321', 'lENSG00000287358', 'lENSG00000287359', 'lENSG00000287366', 'lENSG00000287381', 'lENSG00000287441', 'lENSG00000287451', 'lENSG00000287456', 'lENSG00000287462', 'lENSG00000287501', 'lENSG00000287511', 'lENSG00000287517', 'lENSG00000287518', 'lENSG00000287545', 'lENSG00000287550', 'lENSG00000287551', 'lENSG00000287556', 'lENSG00000287587', 'lENSG00000287618', 'lENSG00000287660', 'lENSG00000287664', 'lENSG00000287684', 'lENSG00000287687', 'lENSG00000287691', 'lENSG00000287704', 'lENSG00000211683', 'lENSG00000214955', 'lENSG00000223379', 'lENSG00000223795', 'lENSG00000224884', 'lENSG00000225393', 'lENSG00000225836', 'lENSG00000228255', 'lENSG00000228538', 'lENSG00000229454', 'lENSG00000229458', 'lENSG00000229628', 'lENSG00000229964', 'lENSG00000230600', 'lENSG00000230649', 'lENSG00000231212', 'lENSG00000232056', 'lENSG00000232636', 'lENSG00000233200', 'lENSG00000233987', 'lENSG00000234083', 'lENSG00000234810', 'lENSG00000234998', 'lENSG00000235337', 'lENSG00000236453', 'lENSG00000239801', 'lENSG00000241792', 'lENSG00000242375', 'lENSG00000244620', 'lENSG00000247810', 'lENSG00000248359', 'lENSG00000248991', 'lENSG00000249159', 'lENSG00000250481', 'lENSG00000250567', 'lENSG00000250777', 'lENSG00000250948', 'lENSG00000251506', 'lENSG00000251654', 'lENSG00000254306', 'lENSG00000254927', 'lENSG00000255325', 'lENSG00000255644', 'lENSG00000256686', 'lENSG00000257715', 'lENSG00000257962', 'lENSG00000258088', 'lENSG00000258196', 'lENSG00000258386', 'lENSG00000258949', 'lENSG00000259123', 'lENSG00000259209', 'lENSG00000259222', 'lENSG00000259244', 'lENSG00000259255', 'lENSG00000259274', 'lENSG00000259407', 'lENSG00000260511', 'lENSG00000260983', 'lENSG00000261193', 'lENSG00000261445', 'lENSG00000261470', 'lENSG00000261775', 'lENSG00000265174', 'lENSG00000266893', 'lENSG00000267081', 'lENSG00000267581', 'lENSG00000269391', 'lENSG00000269460', 'lENSG00000272304', 'lENSG00000272369', 'lENSG00000273138', 'lENSG00000273403', 'lENSG00000273486', 'lENSG00000274902', 'lENSG00000278514', 'lENSG00000286164', 'lENSG00000226032', 'lENSG00000251613', 'lENSG00000263316', 'lENSG00000258631', 'lENSG00000260141', 'lENSG00000279472', 'lENSG00000271870', 'lENSG00000272934', 'lENSG00000265556', 'lENSG00000271840', 'lENSG00000253701', 'lENSG00000281408', 'lENSG00000268166', 'lDGUOK-AS1', 'lDSCR8', 'lMIR145', 'lMIR24-2', 'lMIR3179-2', 'lMIR3654', 'lACA64', 'lCDKN2B-AS', 'lC3orf65']","[0.0, 1.0, 1.0, 1.0, 1.0, 0.0, 1.0, 0.0, 0.0, 0.0, 1.0, 1.0, 1.0, 0.0, 0.0, 1.0, 0.0, 0.0, 0.0, 0.0, 1.0, 0.0, 0.0, 0.0, 0.0, 1.0, 1.0, 1.0, 1.0, 1.0, 0.0, 1.0, 0.0, 1.0, 0.0, 1.0, 0.0, 0.0, 1.0, 0.0, 0.0, 1.0, 1.0, 1.0, 1.0, 1.0, 0.0, 1.0, 1.0, 0.0, 0.0, 1.0, 0.0, 0.0, 1.0, 1.0, 1.0, 1.0, 0.0, 0.0, 0.0, 0.0, 1.0, 1.0, 1.0, 1.0, 1.0, 0.0, 1.0, 0.0, 0.0, 1.0, 1.0, 1.0, 1.0, 1.0, 0.0, 0.0, 1.0, 1.0, 0.0, 1.0, 1.0, 1.0, 0.0, 1.0, 0.0, 1.0, 1.0, 1.0, 0.0, 0.0, 1.0, 1.0, 0.0, 1.0, 0.0, 0.0, 0.0, 1.0, 0.0, 0.0, 1.0, 1.0, 1.0, 0.0, 0.0, 1.0, 1.0, 1.0, 1.0, 0.0, 0.0, 0.0, 1.0, 1.0, 1.0, 1.0, 0.0, 0.0, 0.0, 0.0, 1.0, 1.0, 1.0, 0.0, 0.0, 0.0, 1.0, 1.0, 0.0, 1.0, 1.0, 1.0, 0.0, 1.0, 1.0, 1.0, 0.0, 0.0, 0.0, 0.0, 1.0, 0.0, 1.0, 1.0, 0.0, 0.0, 1.0, 1.0, 0.0, 0.0, 0.0, 1.0, 1.0, 1.0, 0.0, 1.0, 1.0, 1.0, 0.0, 1.0, 1.0, 0.0, 0.0, 1.0, 0.0, 1.0, 0.0, 1.0, 0.0, 1.0, 0.0, 0.0, 1.0, 0.0, 0.0, 1.0, 0.0, 0.0, 1.0, 0.0, 0.0, 1.0, 0.0, 0.0, 0.0, 1.0, 0.0, 0.0, 1.0, 0.0, 1.0, 1.0, 0.0, 0.0, 0.0, 1.0, 0.0, 0.0, 0.0, 1.0, 1.0, 1.0, 1.0, 1.0, 0.0, 1.0, 1.0, 1.0, 1.0, 0.0, 1.0, 1.0, 1.0, 0.0, 1.0, 1.0, 0.0, 1.0, 0.0, 0.0, 0.0, 1.0, 0.0, 0.0, 1.0, 1.0, 1.0, 1.0, 1.0, 1.0, 0.0, 1.0, 1.0, 1.0, 1.0, 0.0, 0.0, 1.0, 1.0, 0.0, 1.0, 1.0, 0.0, 0.0, 1.0, 1.0, 1.0, 1.0, 1.0, 1.0, 0.0, 1.0, 1.0, 0.0, 1.0, 1.0, 1.0, 0.0, 1.0, 1.0, 1.0, 0.0, 1.0, 1.0, 0.0, 0.0, 0.0, 0.0, 1.0, 0.0, 1.0, 1.0, 0.0, 1.0, 0.0, 0.0, 1.0, 0.0, 1.0, 1.0, 1.0, 0.0, 0.0, 1.0, 0.0, 0.0, 0.0, 0.0, 0.0, 0.0, 1.0, 1.0, 1.0, 1.0, 1.0, 1.0, 0.0, 1.0, 0.0, 0.0, 0.0, 0.0, 1.0, 1.0, 0.0, 1.0, 1.0, 1.0, 0.0, 0.0, 1.0, 0.0, 0.0, 1.0, 1.0, 0.0, 1.0, 0.0, 1.0, 1.0, 1.0, 0.0, 1.0, 1.0, 1.0, 1.0, 0.0, 0.0, 1.0, 0.0, 0.0, 1.0, 1.0, 1.0, 1.0, 0.0, 1.0, 0.0, 1.0, 1.0, 0.0, 0.0, 1.0, 1.0, 0.0, 1.0, 0.0, 1.0, 0.0, 1.0, 0.0, 0.0, 0.0, 0.0, 1.0, 0.0, 1.0, 1.0, 1.0, 1.0, 0.0, 1.0, 0.0, 0.0, 1.0, 1.0, 1.0, 0.0, 1.0, 1.0, 1.0, 0.0, 0.0, 1.0, 0.0, 1.0, 0.0, 1.0, 0.0, 1.0, 0.0, 1.0, 0.0, 0.0, 1.0, 0.0, 0.0, 0.0, 1.0, 1.0, 1.0, 0.0, 1.0, 1.0, 0.0, 0.0, 1.0, 1.0, 0.0, 0.0, 1.0, 1.0, 1.0, 0.0, 0.0, 1.0, 0.0, 0.0, 0.0, 0.0, 1.0, 0.0, 1.0, 1.0, 0.0, 1.0, 1.0, 1.0, 1.0, 0.0, 0.0, 0.0, 0.0, 1.0, 0.0, 1.0, 0.0, 0.0, 0.0, 1.0, 1.0, 1.0, 1.0, 0.0, 0.0, 0.0, 0.0, 1.0, 1.0, 0.0, 0.0, 0.0, 0.0, 0.0, 1.0, 0.0, 0.0, 0.0, 0.0, 0.0, 0.0, 0.0, 1.0, 1.0, 0.0, 0.0, 1.0, 0.0, 0.0, 0.0, 0.0, 0.0, 0.0, 0.0, 1.0, 0.0, 1.0, 1.0, 0.0, 0.0, 0.0, 1.0, 1.0, 0.0, 0.0, 0.0, 1.0, 0.0, 1.0, 0.0, 1.0, 1.0, 1.0, 1.0, 1.0, 1.0, 1.0, 1.0, 0.0, 0.0, 0.0, 1.0, 0.0, 1.0, 0.0, 0.0, 0.0, 0.0, 1.0, 1.0, 0.0, 1.0, 0.0, 0.0, 1.0, 0.0, 1.0, 1.0, 0.0, 1.0, 0.0, 1.0, 1.0, 0.0, 1.0, 1.0, 1.0, 0.0, 0.0, 0.0, 1.0, 0.0, 0.0, 1.0, 1.0, 1.0, 1.0, 0.0, 1.0, 0.0, 1.0, 1.0, 1.0, 1.0, 1.0, 0.0, 0.0, 0.0, 1.0, 0.0, 1.0, 1.0, 1.0, 0.0, 1.0, 1.0, 1.0, 0.0, 0.0, 0.0, 1.0, 0.0, 0.0, 0.0, 0.0, 0.0, 1.0, 0.0, 1.0, 0.0, 0.0, 1.0, 0.0, 1.0, 0.0, 0.0, 1.0, 1.0, 1.0, 0.0, 1.0, 1.0, 1.0, 1.0, 0.0, 1.0, 0.0, 1.0, 1.0, 1.0, 0.0, 0.0, 0.0, 1.0, 0.0, 1.0, 0.0, 1.0, 1.0, 1.0, 1.0, 1.0, 0.0, 0.0, 1.0, 1.0, 0.0, 0.0, 1.0, 1.0, 1.0, 0.0, 0.0, 1.0, 1.0, 1.0, 1.0, 1.0, 1.0, 0.0, 0.0, 1.0, 1.0, 1.0, 1.0, 0.0, 1.0, 1.0, 0.0, 0.0, 0.0, 1.0, 1.0, 1.0, 1.0, 0.0, 1.0, 0.0, 1.0, 0.0, 1.0, 1.0, 1.0, 0.0, 1.0, 0.0, 0.0, 0.0, 1.0, 1.0, 1.0, 1.0, 1.0, 1.0, 0.0, 0.0, 1.0, 1.0, 1.0, 1.0, 1.0, 0.0, 0.0, 1.0, 1.0, 1.0, 1.0, 0.0, 1.0, 1.0, 0.0, 0.0, 1.0, 0.0, 0.0, 0.0, 1.0, 1.0, 0.0, 0.0, 1.0, 0.0, 1.0, 0.0, 0.0, 1.0, 0.0, 0.0, 0.0, 1.0, 0.0, 1.0, 0.0, 1.0, 0.0, 0.0, 1.0, 1.0, 0.0, 0.0, 0.0, 1.0, 0.0, 0.0, 0.0, 0.0, 1.0, 1.0, 1.0, 0.0, 1.0, 1.0, 0.0, 0.0, 0.0, 1.0, 1.0, 1.0, 1.0, 1.0, 0.0, 0.0, 1.0, 0.0, 0.0, 1.0, 1.0, 0.0, 0.0, 1.0, 0.0, 1.0, 1.0, 0.0, 1.0, 1.0, 0.0, 1.0, 0.0, 0.0, 1.0, 1.0, 1.0, 0.0, 0.0, 0.0, 0.0, 0.0, 1.0, 0.0, 0.0, 0.0, 0.0, 0.0, 1.0, 0.0, 1.0, 0.0, 0.0, 1.0, 1.0, 0.0, 0.0, 0.0, 0.0, 1.0, 0.0, 0.0, 0.0, 0.0, 0.0, 1.0, 1.0, 0.0, 0.0, 1.0, 0.0, 1.0, 0.0, 1.0, 0.0, 1.0, 0.0, 0.0, 0.0, 1.0, 0.0, 0.0, 1.0, 1.0, 0.0, 1.0, 0.0, 0.0, 0.0, 0.0, 1.0, 0.0, 1.0, 0.0, 1.0, 0.0, 1.0, 0.0, 1.0, 0.0, 1.0, 1.0, 1.0, 0.0, 1.0, 1.0, 0.0, 0.0, 1.0, 1.0, 0.0, 1.0, 0.0, 1.0, 1.0, 0.0, 0.0, 1.0, 1.0, 0.0, 0.0, 1.0, 0.0, 0.0, 0.0, 0.0, 1.0, 1.0, 0.0, 0.0, 1.0, 1.0, 1.0, 0.0, 1.0, 0.0, 1.0, 0.0, 0.0, 1.0, 1.0, 1.0, 0.0, 1.0, 0.0, 0.0, 0.0, 1.0, 0.0, 1.0, 1.0, 1.0, 0.0, 0.0, 0.0, 1.0, 1.0, 0.0, 1.0, 1.0, 1.0, 1.0, 1.0, 0.0, 1.0, 1.0, 0.0, 1.0, 0.0, 1.0, 1.0, 1.0, 0.0, 0.0, 1.0, 0.0, 1.0, 0.0, 1.0, 1.0, 1.0, 0.0, 0.0, 0.0, 1.0, 0.0, 0.0, 1.0, 1.0, 1.0, 1.0, 0.0, 1.0, 1.0, 1.0, 1.0, 1.0, 0.0, 0.0, 0.0, 0.0, 1.0, 0.0, 1.0, 1.0, 1.0, 0.0, 0.0, 1.0, 1.0, 1.0, 0.0, 0.0, 1.0, 0.0, 0.0, 0.0, 0.0, 1.0, 1.0, 0.0, 1.0, 1.0, 1.0, 0.0, 0.0, 1.0, 0.0, 0.0, 1.0, 0.0, 0.0, 1.0, 1.0, 1.0, 1.0, 1.0, 0.0, 1.0, 1.0, 1.0, 1.0, 0.0, 0.0, 1.0, 0.0, 0.0, 0.0, 0.0, 0.0, 1.0, 1.0, 0.0, 0.0, 1.0, 1.0, 0.0, 0.0, 1.0, 1.0, 1.0, 0.0, 0.0, 0.0, 0.0, 1.0, 1.0, 1.0, 0.0, 1.0, 0.0, 0.0, 0.0, 0.0, 0.0, 1.0, 0.0, 1.0, 1.0, 0.0, 0.0, 1.0, 1.0, 1.0, 1.0, 0.0, 0.0, 0.0, 1.0, 0.0, 0.0, 0.0, 0.0, 0.0, 1.0, 0.0, 1.0, 0.0, 1.0, 0.0, 1.0, 1.0, 1.0, 1.0, 0.0, 1.0, 1.0, 0.0, 0.0, 0.0, 0.0, 1.0, 0.0, 1.0, 1.0, 1.0, 1.0, 0.0, 0.0, 0.0, 1.0, 1.0, 0.0, 1.0, 1.0, 0.0, 0.0, 1.0, 0.0, 0.0, 1.0, 0.0, 0.0, 0.0, 0.0, 0.0, 1.0, 1.0, 1.0, 1.0, 1.0, 1.0, 0.0, 0.0, 0.0, 0.0, 1.0, 0.0, 1.0, 1.0, 0.0, 1.0, 1.0, 1.0, 1.0, 1.0, 0.0, 0.0, 0.0, 1.0, 1.0, 1.0, 1.0, 0.0, 1.0, 0.0, 1.0, 0.0, 0.0, 0.0, 1.0, 0.0, 1.0, 0.0, 1.0, 1.0, 0.0, 1.0, 1.0, 0.0, 1.0, 0.0, 0.0, 1.0, 0.0, 1.0, 1.0, 1.0, 0.0, 1.0, 1.0, 0.0, 0.0, 0.0, 1.0, 0.0, 0.0, 1.0, 0.0, 0.0, 0.0, 1.0, 1.0, 0.0, 1.0, 0.0, 1.0, 1.0, 0.0, 1.0, 0.0, 0.0, 0.0, 0.0, 0.0, 1.0, 1.0, 0.0, 1.0, 0.0, 0.0, 0.0, 1.0, 1.0, 1.0, 0.0, 0.0, 0.0, 0.0, 1.0, 0.0, 1.0, 1.0, 0.0, 1.0, 0.0, 0.0, 1.0, 1.0, 1.0, 1.0, 1.0, 0.0, 0.0, 1.0, 1.0, 0.0, 1.0, 1.0, 1.0, 1.0, 1.0, 0.0, 0.0, 1.0, 1.0, 1.0, 1.0, 1.0, 1.0, 1.0, 1.0, 0.0, 0.0, 0.0, 1.0, 0.0, 1.0, 1.0, 1.0, 1.0, 0.0, 0.0, 0.0, 1.0, 0.0, 0.0, 0.0, 1.0, 1.0, 1.0, 1.0, 1.0, 0.0, 0.0, 1.0, 0.0, 1.0, 1.0, 0.0, 0.0, 0.0, 1.0, 1.0, 0.0, 1.0, 1.0, 1.0, 0.0, 1.0, 1.0, 0.0, 1.0, 1.0, 0.0, 0.0, 1.0, 0.0, 0.0, 1.0, 1.0, 0.0, 0.0, 0.0, 1.0, 1.0, 1.0, 0.0, 0.0, 1.0, 1.0, 1.0, 0.0, 0.0, 0.0, 1.0, 0.0, 1.0, 0.0, 1.0, 1.0, 0.0, 1.0, 0.0, 1.0, 1.0, 0.0, 0.0, 1.0, 1.0, 0.0, 0.0, 0.0, 0.0, 1.0, 0.0, 0.0, 0.0, 0.0, 0.0, 1.0, 0.0, 0.0, 0.0, 0.0, 1.0, 0.0, 0.0, 0.0, 0.0, 1.0, 0.0, 1.0, 0.0, 1.0, 1.0, 0.0, 0.0, 1.0, 0.0, 1.0, 1.0, 0.0, 1.0, 1.0, 1.0, 0.0, 0.0, 0.0, 0.0, 0.0, 0.0, 1.0, 0.0, 1.0, 1.0, 1.0, 1.0, 0.0, 1.0, 1.0, 1.0, 1.0, 1.0, 1.0, 1.0, 1.0, 1.0, 1.0, 1.0, 1.0, 1.0, 1.0, 1.0, 1.0, 1.0, 1.0, 0.0, 0.0, 1.0, 0.0, 0.0, 1.0, 1.0, 1.0, 0.0, 0.0, 0.0, 0.0, 0.0, 1.0, 1.0, 1.0, 1.0, 1.0, 1.0, 0.0, 0.0, 0.0, 1.0, 1.0, 1.0, 0.0, 1.0, 1.0, 0.0, 1.0, 1.0, 1.0, 0.0, 0.0, 0.0, 0.0, 0.0, 1.0, 0.0, 1.0, 1.0, 1.0, 1.0, 1.0, 0.0, 0.0, 1.0, 1.0, 0.0, 0.0, 0.0, 0.0, 0.0, 0.0, 1.0, 1.0, 0.0, 1.0, 1.0, 1.0, 1.0, 1.0, 1.0, 1.0, 1.0, 1.0, 1.0, 0.0, 1.0, 1.0, 0.0, 1.0, 1.0, 0.0, 0.0, 0.0, 0.0, 0.0, 0.0, 0.0, 1.0, 1.0, 1.0, 0.0, 1.0, 1.0, 1.0, 0.0, 1.0, 1.0, 0.0, 0.0, 1.0, 0.0, 1.0, 1.0, 1.0, 0.0, 0.0, 0.0, 0.0, 0.0, 0.0, 0.0, 1.0, 1.0, 0.0, 1.0, 0.0, 1.0, 1.0, 1.0, 0.0, 0.0, 0.0, 1.0, 0.0, 1.0, 1.0, 0.0, 0.0, 1.0, 0.0, 0.0, 0.0, 1.0, 0.0, 1.0, 1.0, 1.0, 1.0, 0.0, 0.0, 0.0, 0.0, 0.0, 1.0, 0.0, 0.0, 0.0, 1.0, 1.0, 0.0, 0.0, 0.0, 0.0, 1.0, 0.0, 0.0, 0.0, 0.0, 0.0, 1.0, 0.0, 1.0, 0.0, 0.0, 1.0, 1.0, 0.0, 1.0, 1.0, 1.0, 1.0, 0.0, 0.0, 1.0, 0.0, 1.0, 0.0, 1.0, 1.0, 0.0, 1.0, 1.0, 1.0, 0.0, 0.0, 0.0, 1.0, 0.0, 0.0, 0.0, 0.0, 0.0, 0.0, 0.0, 0.0, 0.0, 1.0, 1.0, 0.0, 1.0, 0.0, 1.0, 0.0, 1.0, 0.0, 1.0, 0.0, 1.0, 0.0, 0.0, 1.0, 0.0, 1.0, 0.0, 1.0, 0.0, 0.0, 0.0, 1.0, 1.0, 1.0, 0.0, 1.0, 0.0, 1.0, 1.0, 0.0, 0.0, 1.0, 0.0, 0.0, 0.0, 0.0, 0.0, 0.0, 1.0, 0.0, 1.0, 1.0, 0.0, 0.0, 0.0, 0.0, 0.0, 1.0, 1.0, 1.0, 1.0, 0.0, 1.0, 0.0, 0.0, 1.0, 1.0, 0.0, 0.0, 0.0, 0.0, 0.0, 0.0, 1.0, 1.0, 0.0, 1.0, 1.0, 0.0, 0.0, 1.0, 1.0, 0.0, 0.0, 0.0, 0.0, 0.0, 0.0, 0.0, 1.0, 0.0, 0.0, 0.0, 0.0, 0.0, 0.0, 0.0, 1.0, 1.0, 1.0, 0.0, 1.0, 0.0, 1.0, 0.0, 0.0, 1.0, 0.0, 0.0, 1.0, 0.0, 0.0, 0.0, 0.0, 1.0, 1.0, 1.0, 0.0, 0.0, 1.0, 1.0, 1.0, 0.0, 1.0, 0.0, 0.0, 0.0, 1.0, 1.0, 1.0, 0.0, 1.0, 0.0, 1.0, 1.0, 0.0, 1.0, 1.0, 0.0, 0.0, 0.0, 1.0, 1.0, 1.0, 1.0, 1.0, 0.0, 0.0, 1.0, 1.0, 1.0, 0.0, 0.0, 1.0, 0.0, 1.0, 0.0, 0.0, 0.0, 1.0, 0.0, 1.0, 0.0, 0.0, 1.0, 1.0, 0.0, 1.0, 1.0, 1.0, 1.0, 0.0, 0.0, 0.0, 0.0, 1.0, 0.0, 0.0, 0.0, 0.0, 0.0, 1.0, 1.0, 1.0, 0.0, 1.0, 1.0, 0.0, 1.0, 0.0, 1.0, 1.0, 0.0, 0.0, 0.0, 1.0, 1.0, 0.0, 1.0, 0.0, 1.0, 0.0, 1.0, 1.0, 0.0, 1.0, 0.0, 1.0, 1.0, 1.0, 0.0, 0.0, 0.0, 0.0, 1.0, 0.0, 1.0, 0.0, 0.0, 1.0, 0.0, 0.0, 0.0, 0.0, 1.0, 0.0, 1.0, 0.0, 1.0, 0.0, 0.0, 1.0, 1.0, 1.0, 1.0, 0.0, 0.0, 1.0, 0.0, 1.0, 1.0, 0.0, 1.0, 0.0, 0.0, 1.0, 1.0, 1.0, 0.0, 1.0, 1.0, 0.0, 1.0, 0.0, 0.0, 1.0, 0.0, 0.0, 0.0, 1.0, 1.0, 1.0, 0.0, 1.0, 0.0, 1.0, 0.0, 1.0, 1.0, 1.0, 1.0, 0.0, 1.0, 1.0, 0.0, 1.0, 1.0, 1.0, 0.0, 0.0, 0.0, 1.0, 1.0, 0.0, 1.0, 1.0, 0.0, 0.0, 0.0, 1.0, 1.0, 1.0, 1.0, 1.0, 0.0, 0.0, 1.0, 0.0, 0.0, 0.0, 1.0, 1.0, 0.0, 0.0, 1.0, 0.0, 1.0, 1.0, 0.0, 1.0, 1.0, 0.0, 1.0, 0.0, 1.0, 0.0, 1.0, 1.0, 0.0, 0.0, 0.0, 1.0, 1.0, 1.0, 0.0, 1.0, 0.0, 0.0, 1.0, 1.0, 1.0, 1.0, 1.0, 0.0, 0.0, 1.0, 0.0, 1.0, 0.0, 0.0, 1.0, 0.0, 1.0, 1.0, 1.0, 0.0, 0.0, 0.0, 0.0, 1.0, 1.0, 0.0, 1.0, 1.0, 1.0, 0.0, 0.0, 0.0, 1.0, 1.0, 1.0, 1.0, 0.0, 1.0, 0.0, 0.0, 1.0, 0.0, 0.0, 0.0, 1.0, 0.0, 1.0, 1.0, 1.0, 1.0, 0.0, 0.0, 0.0, 1.0, 1.0, 0.0, 1.0, 0.0, 0.0, 1.0, 1.0, 0.0, 0.0, 1.0, 1.0, 0.0, 0.0, 1.0, 1.0, 0.0, 1.0, 1.0, 1.0, 1.0, 1.0, 1.0, 1.0, 1.0, 0.0, 0.0, 0.0, 1.0, 0.0, 0.0, 0.0, 0.0, 1.0, 0.0, 1.0, 1.0, 1.0, 1.0, 0.0, 0.0, 0.0, 1.0, 1.0, 0.0, 0.0, 1.0, 1.0, 0.0, 0.0, 1.0, 1.0, 0.0, 0.0, 0.0, 1.0, 1.0, 0.0, 0.0, 0.0, 0.0, 1.0, 1.0, 0.0, 1.0, 1.0, 0.0, 1.0, 0.0, 1.0, 0.0, 0.0, 0.0, 0.0, 1.0, 1.0, 1.0, 0.0, 0.0, 1.0, 1.0, 1.0, 1.0, 0.0, 1.0, 1.0, 0.0, 0.0, 1.0, 0.0, 0.0, 1.0, 1.0, 1.0, 1.0, 0.0, 0.0, 1.0, 0.0, 1.0, 0.0, 0.0, 1.0, 0.0, 0.0, 0.0, 1.0, 0.0, 1.0, 1.0, 1.0, 1.0, 1.0, 0.0, 1.0, 0.0, 1.0, 0.0, 1.0, 1.0, 0.0, 0.0, 0.0, 0.0, 1.0, 0.0, 0.0, 0.0, 0.0, 0.0, 0.0, 1.0, 0.0, 1.0, 1.0, 0.0, 1.0, 1.0, 0.0, 1.0, 0.0, 1.0, 0.0, 1.0, 0.0, 1.0, 0.0, 0.0, 1.0, 0.0, 1.0, 0.0, 0.0, 1.0, 1.0, 1.0, 1.0, 0.0, 0.0, 0.0, 0.0, 1.0, 0.0, 1.0, 1.0, 0.0, 0.0, 0.0, 1.0, 1.0, 0.0, 1.0, 0.0, 0.0, 0.0, 0.0, 1.0, 0.0, 1.0, 0.0, 0.0, 0.0, 1.0, 0.0, 0.0, 0.0, 0.0, 1.0, 1.0, 0.0, 0.0, 1.0, 0.0, 1.0, 0.0, 0.0, 1.0, 1.0, 0.0, 1.0, 0.0, 1.0, 1.0, 0.0, 0.0, 0.0, 1.0, 1.0, 0.0, 0.0, 0.0, 1.0, 0.0, 0.0, 0.0, 0.0, 0.0, 0.0, 0.0, 1.0, 1.0, 1.0, 0.0, 1.0, 1.0, 1.0, 0.0, 1.0, 0.0, 1.0, 0.0, 1.0, 1.0, 1.0, 1.0, 0.0, 0.0, 0.0, 1.0, 1.0, 0.0, 1.0, 1.0, 1.0, 0.0, 0.0, 0.0, 1.0, 0.0, 1.0, 1.0, 0.0, 1.0, 0.0, 0.0, 1.0, 1.0, 1.0, 1.0, 0.0, 0.0, 1.0, 1.0, 1.0, 1.0, 0.0, 0.0, 0.0, 1.0, 0.0, 1.0, 1.0, 1.0, 1.0, 1.0, 1.0, 1.0, 1.0, 0.0, 0.0, 0.0, 1.0, 0.0, 0.0, 1.0, 1.0, 0.0, 1.0, 1.0, 0.0, 1.0, 1.0, 1.0, 0.0, 0.0, 0.0, 0.0, 1.0, 0.0, 0.0, 0.0, 1.0, 1.0, 1.0, 0.0, 1.0, 0.0, 0.0, 0.0, 1.0, 1.0, 1.0, 1.0, 0.0, 0.0, 0.0, 1.0, 1.0, 0.0, 0.0, 1.0, 1.0, 1.0, 1.0, 0.0, 0.0, 1.0, 0.0, 1.0, 1.0, 0.0, 1.0, 0.0, 1.0, 0.0, 0.0, 1.0, 0.0, 1.0, 1.0, 0.0, 1.0, 1.0, 1.0, 1.0, 0.0, 1.0, 1.0, 0.0, 0.0, 1.0, 0.0, 0.0, 1.0, 0.0, 0.0, 0.0, 0.0, 0.0, 1.0, 1.0, 0.0, 1.0, 0.0, 1.0, 0.0, 0.0, 1.0, 0.0, 1.0, 0.0, 0.0, 0.0, 0.0, 0.0, 1.0, 0.0, 0.0, 1.0, 0.0, 1.0, 0.0, 1.0, 0.0, 0.0, 0.0, 1.0, 1.0, 0.0, 0.0, 1.0, 0.0, 1.0, 0.0, 1.0, 0.0, 1.0, 0.0, 1.0, 0.0, 0.0, 0.0, 0.0, 1.0, 0.0, 0.0, 0.0, 0.0, 0.0, 1.0, 1.0, 1.0, 1.0, 1.0, 1.0, 1.0, 0.0, 0.0, 1.0, 1.0, 1.0, 1.0, 1.0, 0.0, 1.0, 0.0, 1.0, 0.0, 0.0, 1.0, 1.0, 0.0, 0.0, 1.0, 0.0, 1.0, 0.0, 1.0, 1.0, 1.0, 1.0, 1.0, 1.0, 0.0, 1.0, 0.0, 0.0, 0.0, 0.0, 0.0, 0.0, 1.0, 1.0, 0.0, 1.0, 0.0, 0.0, 0.0, 1.0, 1.0, 0.0, 1.0, 0.0, 1.0, 0.0, 0.0, 1.0, 0.0, 1.0, 0.0, 0.0, 1.0, 1.0, 0.0, 0.0, 0.0, 1.0, 0.0, 0.0, 1.0, 0.0, 0.0, 1.0, 0.0, 1.0, 1.0, 0.0, 1.0, 0.0, 0.0, 0.0, 0.0, 1.0, 0.0, 0.0, 0.0, 1.0, 1.0, 0.0, 1.0, 0.0, 0.0, 1.0, 0.0, 0.0, 0.0, 1.0, 0.0, 0.0, 1.0, 1.0, 0.0, 1.0, 1.0, 0.0, 1.0, 1.0, 1.0, 0.0, 1.0, 1.0, 0.0, 0.0, 1.0, 1.0, 0.0, 1.0, 0.0, 1.0, 0.0, 1.0, 1.0, 0.0, 0.0, 1.0, 1.0, 1.0, 1.0, 1.0, 0.0, 1.0, 1.0, 1.0, 1.0, 1.0, 0.0, 1.0, 0.0, 1.0, 0.0, 1.0, 1.0, 0.0, 0.0, 1.0, 0.0, 1.0, 0.0, 0.0, 0.0, 0.0, 0.0, 1.0, 1.0, 0.0, 1.0, 0.0, 0.0, 0.0, 0.0, 0.0, 0.0, 1.0, 1.0, 0.0, 0.0, 0.0, 1.0, 1.0, 0.0, 1.0, 1.0, 1.0, 0.0, 0.0, 1.0, 0.0, 0.0, 1.0, 1.0, 0.0, 0.0, 1.0, 0.0, 1.0, 0.0, 0.0, 0.0, 0.0, 1.0, 1.0, 0.0, 0.0, 1.0, 1.0, 1.0, 0.0, 1.0, 1.0, 0.0, 0.0, 1.0, 0.0, 0.0, 1.0, 1.0, 0.0, 0.0, 1.0, 0.0, 0.0, 0.0, 1.0, 0.0, 1.0, 0.0, 1.0, 0.0, 0.0, 1.0, 0.0, 0.0, 0.0, 0.0, 0.0, 1.0, 0.0, 1.0, 1.0, 1.0, 1.0, 1.0, 0.0, 1.0, 1.0, 1.0, 0.0, 1.0, 1.0, 0.0, 0.0, 0.0, 0.0, 1.0, 0.0, 0.0, 0.0, 1.0, 1.0, 1.0, 1.0, 0.0, 1.0, 1.0, 1.0, 0.0, 0.0, 1.0, 1.0, 0.0, 0.0, 0.0, 0.0, 1.0, 0.0, 0.0, 0.0, 0.0, 0.0, 0.0, 1.0, 0.0, 0.0, 0.0, 1.0, 1.0, 0.0, 0.0, 1.0, 0.0, 0.0, 1.0, 1.0, 0.0, 1.0, 1.0, 0.0, 1.0, 0.0, 1.0, 0.0, 1.0, 0.0, 1.0, 0.0, 1.0, 1.0, 1.0, 0.0, 0.0, 1.0, 1.0, 1.0, 1.0, 0.0, 1.0, 1.0, 0.0, 1.0, 0.0, 1.0, 0.0, 1.0, 1.0, 0.0, 1.0, 1.0, 0.0, 0.0, 1.0, 0.0, 0.0, 1.0, 0.0, 1.0, 0.0, 1.0, 0.0, 0.0, 1.0, 1.0, 0.0, 1.0, 1.0, 1.0, 1.0, 1.0, 1.0, 0.0, 1.0, 0.0, 1.0, 0.0, 1.0, 0.0, 1.0, 0.0, 1.0, 1.0, 0.0, 1.0, 1.0, 0.0, 0.0, 0.0, 0.0, 0.0, 1.0, 1.0, 0.0, 1.0, 1.0, 0.0, 1.0, 0.0, 1.0, 0.0, 0.0, 1.0, 0.0, 1.0, 0.0, 0.0, 0.0, 0.0, 1.0, 0.0, 1.0, 1.0, 1.0, 1.0, 0.0, 0.0, 0.0, 1.0, 0.0, 0.0, 0.0, 1.0, 1.0, 0.0, 0.0, 0.0, 1.0, 1.0, 0.0, 1.0, 1.0, 0.0, 0.0, 0.0, 1.0, 0.0, 1.0, 0.0, 1.0, 0.0, 0.0, 0.0, 1.0, 0.0, 1.0, 0.0, 0.0, 1.0, 0.0, 0.0, 0.0, 0.0, 0.0, 1.0, 0.0, 0.0, 1.0, 1.0, 0.0, 0.0, 1.0, 1.0, 1.0, 0.0, 1.0, 1.0, 0.0, 0.0, 0.0, 0.0, 1.0, 1.0, 1.0, 1.0, 0.0, 1.0, 1.0, 1.0, 1.0, 0.0, 1.0, 0.0, 1.0, 1.0, 0.0, 1.0, 0.0, 0.0, 0.0, 1.0, 1.0, 1.0, 1.0, 0.0, 0.0, 0.0, 1.0, 0.0, 0.0, 1.0, 0.0, 1.0, 0.0, 0.0, 0.0, 1.0, 0.0, 1.0, 0.0, 1.0, 0.0, 1.0, 0.0, 1.0, 0.0, 0.0, 0.0, 1.0, 1.0, 1.0, 1.0, 0.0, 0.0, 0.0, 0.0, 0.0, 0.0, 1.0, 1.0, 1.0, 0.0, 1.0, 1.0, 0.0, 0.0, 1.0, 0.0, 1.0, 1.0, 1.0, 0.0, 0.0, 1.0, 1.0, 0.0, 0.0, 0.0, 0.0, 0.0, 0.0, 1.0, 1.0, 0.0, 0.0, 0.0, 0.0, 1.0, 1.0, 1.0, 1.0, 1.0, 1.0, 0.0, 1.0, 0.0, 0.0, 0.0, 1.0, 1.0, 0.0, 1.0, 0.0, 1.0, 0.0, 1.0, 0.0, 0.0, 1.0, 1.0, 1.0, 0.0, 1.0, 1.0, 1.0, 0.0, 0.0, 0.0, 0.0, 0.0, 1.0, 0.0, 1.0, 0.0, 1.0, 0.0, 0.0, 0.0, 1.0, 1.0, 1.0, 0.0, 0.0, 0.0, 1.0, 1.0, 1.0, 1.0, 0.0, 0.0, 0.0, 1.0, 1.0, 0.0, 1.0, 1.0, 0.0, 0.0, 0.0, 1.0, 1.0, 0.0, 0.0, 1.0, 1.0, 0.0, 0.0, 0.0, 1.0, 0.0, 0.0, 0.0, 0.0, 1.0, 0.0, 1.0, 1.0, 0.0, 1.0, 1.0, 1.0, 1.0, 1.0, 1.0, 0.0, 1.0, 0.0, 1.0, 1.0, 0.0, 0.0, 1.0, 1.0, 1.0, 1.0, 1.0, 0.0, 0.0, 0.0, 1.0, 0.0, 1.0, 0.0, 1.0, 0.0, 1.0, 1.0]","['lNONHSAG000130', 'lNONHSAG000374', 'lNONHSAG000579', 'lNONHSAG000625', 'lNONHSAG001284', 'lNONHSAG001360', 'lNONHSAG001448', 'lNONHSAG001941', 'lNONHSAG002086', 'lNONHSAG003134', 'lNONHSAG003884', 'lNONHSAG003886', 'lNONHSAG005339', 'lNONHSAG005403', 'lNONHSAG005699', 'lNONHSAG005866', 'lNONHSAG006071', 'lNONHSAG006474', 'lNONHSAG006865', 'lNONHSAG006945', 'lNONHSAG007868', 'lNONHSAG008199', 'lNONHSAG008675', 'lNONHSAG009747', 'lNONHSAG009989', 'lNONHSAG010194', 'lNONHSAG010798', 'lNONHSAG011446', 'lNONHSAG011633', 'lNONHSAG012476', 'lNONHSAG013431', 'lNONHSAG014730', 'lNONHSAG016068', 'lNONHSAG016741', 'lNONHSAG017890', 'lNONHSAG017899', 'lNONHSAG018058', 'lNONHSAG018415', 'lNONHSAG018530', 'lNONHSAG020153', 'lNONHSAG020339', 'lNONHSAG020600', 'lNONHSAG020731', 'lNONHSAG020771', 'lNONHSAG021307', 'lNONHSAG021315', 'lNONHSAG021347', 'lNONHSAG021471', 'lNONHSAG021878', 'lNONHSAG022078', 'lNONHSAG022110', 'lNONHSAG022378', 'lNONHSAG022750', 'lNONHSAG022888', 'lNONHSAG023003', 'lNONHSAG023614', 'lNONHSAG023930', 'lNONHSAG024340', 'lNONHSAG024395', 'lNONHSAG024681', 'lNONHSAG024809', 'lNONHSAG024903', 'lNONHSAG025319', 'lNONHSAG025609', 'lNONHSAG025743', 'lNONHSAG026274', 'lNONHSAG026661', 'lNONHSAG026737', 'lNONHSAG027421', 'lNONHSAG027675', 'lNONHSAG028093', 'lNONHSAG028159', 'lNONHSAG028996', 'lNONHSAG029267', 'lNONHSAG029873', 'lNONHSAG029964', 'lNONHSAG030074', 'lNONHSAG031035', 'lNONHSAG031581', 'lNONHSAG032302', 'lNONHSAG033328', 'lNONHSAG033342', 'lNONHSAG033368', 'lNONHSAG033390', 'lNONHSAG033471', 'lNONHSAG033611', 'lNONHSAG034006', 'lNONHSAG034014', 'lNONHSAG034032', 'lNONHSAG035382', 'lNONHSAG035806', 'lNONHSAG036120', 'lNONHSAG036667', 'lNONHSAG036718', 'lNONHSAG036783', 'lNONHSAG038024', 'lNONHSAG038530', 'lNONHSAG038676', 'lNONHSAG040188', 'lNONHSAG040226', 'lNONHSAG040320', 'lNONHSAG040408', 'lNONHSAG040870', 'lNONHSAG041002', 'lNONHSAG041241', 'lNONHSAG041758', 'lNONHSAG041844', 'lNONHSAG041981', 'lNONHSAG042370', 'lNONHSAG042500', 'lNONHSAG042836', 'lNONHSAG044751', 'lNONHSAG046953', 'lNONHSAG047191', 'lNONHSAG047319', 'lNONHSAG047433', 'lNONHSAG047471', 'lNONHSAG047792', 'lNONHSAG047842', 'lNONHSAG048228', 'lNONHSAG049119', 'lNONHSAG049191', 'lNONHSAG049356', 'lNONHSAG049655', 'lNONHSAG050445', 'lNONHSAG050493', 'lNONHSAG050518', 'lNONHSAG050985', 'lNONHSAG051015', 'lNONHSAG051255', 'lNONHSAG051259', 'lNONHSAG051263', 'lNONHSAG051523', 'lNONHSAG051542', 'lNONHSAG052709', 'lNONHSAG052931', 'lNONHSAG053108', 'lNONHSAG053456', 'lNONHSAG053502', 'lNONHSAG053547', 'lNONHSAG053626', 'lNONHSAG053631', 'lNONHSAG053651', 'lNONHSAG054038', 'lNONHSAG054832', 'lNONHSAG073025', 'lNONHSAG082891', 'lNONHSAG089857', 'lNONHSAG099742', 'lNONHSAG101229', 'lENSG00000175061', 'lENSG00000227082', 'lENSG00000228526', 'lENSG00000233590', 'lENSG00000235535', 'lENSG00000250635', 'lENSG00000264672', 'lENSG00000284070', 'lBANCR', 'lHOTAIRM1', 'lJPX', 'lMCM3AP-AS1', 'lRMST', 'lSNHG16', 'lZFAS1', 'lCTD-2165H16.4', 'lKB-7G2.8', 'lRP11-550C4.6', 'lNONHSAG001008', 'lNONHSAG001147', 'lNONHSAG001419', 'lNONHSAG003881', 'lNONHSAG005725', 'lNONHSAG005821', 'lNONHSAG005847', 'lNONHSAG005851', 'lNONHSAG005855', 'lNONHSAG005859', 'lNONHSAG005862', 'lNONHSAG005935', 'lNONHSAG006160', 'lNONHSAG006240', 'lNONHSAG006748', 'lNONHSAG006915', 'lNONHSAG007023', 'lNONHSAG007029', 'lNONHSAG007063', 'lNONHSAG007224', 'lNONHSAG007458', 'lNONHSAG007544', 'lNONHSAG007587', 'lNONHSAG007621', 'lNONHSAG007932', 'lENSG00000203434', 'lENSG00000222032', 'lENSG00000224595', 'lENSG00000224655', 'lENSG00000225146', 'lENSG00000225334', 'lENSG00000226442', 'lENSG00000227459', 'lENSG00000227958', 'lENSG00000228231', 'lENSG00000228939', 'lENSG00000229345', 'lENSG00000231539', 'lENSG00000231760', 'lENSG00000231914', 'lENSG00000231953', 'lENSG00000232120', 'lENSG00000232252', 'lENSG00000233079', 'lENSG00000234318', 'lENSG00000234567', 'lENSG00000235011', 'lENSG00000236854', 'lENSG00000237200', 'lENSG00000237312', 'lENSG00000237520', 'lENSG00000237756', 'lENSG00000239593', 'lENSG00000244278', 'lENSG00000248172', 'lENSG00000249334', 'lENSG00000249451', 'lENSG00000250092', 'lENSG00000250541', 'lENSG00000250993', 'lENSG00000251283', 'lENSG00000253147', 'lENSG00000253643', 'lENSG00000253660', 'lENSG00000253851', 'lENSG00000254428', 'lENSG00000254574', 'lENSG00000254829', 'lENSG00000254842', 'lENSG00000254983', 'lENSG00000255462', 'lENSG00000255506', 'lENSG00000255572', 'lENSG00000255580', 'lENSG00000256226', 'lENSG00000256292', 'lENSG00000257022', 'lENSG00000257137', 'lENSG00000257235', 'lENSG00000257261', 'lENSG00000257527', 'lENSG00000257587', 'lENSG00000257750', 'lENSG00000257787', 'lENSG00000258234', 'lENSG00000258323', 'lENSG00000258390', 'lENSG00000259385', 'lENSG00000259432', 'lENSG00000259967', 'lENSG00000260720', 'lENSG00000261065', 'lENSG00000261066', 'lENSG00000261266', 'lENSG00000263080', 'lENSG00000263257', 'lENSG00000263335', 'lENSG00000263709', 'lENSG00000264016', 'lENSG00000264558', 'lENSG00000264595', 'lENSG00000265125', 'lENSG00000265265', 'lENSG00000265643', 'lENSG00000265739', 'lENSG00000266535', 'lENSG00000266538', 'lENSG00000266696', 'lENSG00000266985', 'lENSG00000266993', 'lENSG00000267364', 'lENSG00000267593', 'lENSG00000268015', 'lENSG00000272149', 'lENSG00000272642', 'lENSG00000273271', 'lENSG00000274561', 'lENSG00000275345', 'lENSG00000276527', 'lENSG00000278630', 'lENSG00000279501', 'lENSG00000284418', 'lENSG00000285524', 'lENSG00000285619', 'lENSG00000285709', 'lENSG00000286188', 'lENSG00000286197', 'lENSG00000286206', 'lENSG00000286244', 'lENSG00000286303', 'lENSG00000286338', 'lENSG00000286578', 'lENSG00000286690', 'lENSG00000286751', 'lENSG00000286781', 'lENSG00000286963', 'lENSG00000287108', 'lENSG00000287335', 'lENSG00000287367', 'lENSG00000287423', 'lENSG00000231616', 'lENSG00000235795', 'lENSG00000250670', 'lENSG00000250686', 'lENSG00000253766', 'lENSG00000255279', 'lENSG00000257603', 'lENSG00000259306', 'lENSG00000264660', 'lENSG00000267521', 'lENSG00000275232', 'lENSG00000279672', 'lENSG00000282887', 'lENSG00000235736', 'lALG13-AS1']","[0.0, 0.0, 0.0, 0.0, 1.0, 0.0, 1.0, 0.0, 0.0, 1.0, 1.0, 0.0, 1.0, 1.0, 1.0, 1.0, 0.0, 0.0, 1.0, 0.0, 1.0, 0.0, 0.0, 1.0, 1.0, 0.0, 1.0, 1.0, 1.0, 0.0, 0.0, 0.0, 1.0, 1.0, 0.0, 0.0, 0.0, 0.0, 1.0, 0.0, 1.0, 0.0, 0.0, 1.0, 0.0, 0.0, 1.0, 1.0, 1.0, 1.0, 0.0, 1.0, 0.0, 1.0, 1.0, 0.0, 0.0, 1.0, 1.0, 1.0, 1.0, 1.0, 1.0, 0.0, 0.0, 0.0, 0.0, 0.0, 1.0, 1.0, 0.0, 1.0, 0.0, 1.0, 1.0, 1.0, 1.0, 1.0, 1.0, 0.0, 1.0, 1.0, 1.0, 1.0, 0.0, 1.0, 0.0, 0.0, 0.0, 1.0, 1.0, 0.0, 1.0, 1.0, 1.0, 0.0, 0.0, 1.0, 0.0, 0.0, 1.0, 1.0, 1.0, 0.0, 0.0, 0.0, 0.0, 1.0, 0.0, 0.0, 1.0, 1.0, 1.0, 0.0, 0.0, 1.0, 0.0, 1.0, 0.0, 1.0, 0.0, 0.0, 0.0, 1.0, 1.0, 1.0, 0.0, 0.0, 0.0, 1.0, 0.0, 1.0, 1.0, 0.0, 0.0, 0.0, 0.0, 0.0, 1.0, 1.0, 1.0, 1.0, 1.0, 1.0, 1.0, 0.0, 1.0, 0.0, 0.0, 0.0, 1.0, 1.0, 1.0, 0.0, 0.0, 1.0, 1.0, 1.0, 0.0, 1.0, 1.0, 0.0, 0.0, 0.0, 0.0, 0.0, 0.0, 0.0, 1.0, 0.0, 0.0, 1.0, 0.0, 1.0, 0.0, 0.0, 1.0, 1.0, 0.0, 1.0, 1.0, 0.0, 1.0, 1.0, 1.0, 0.0, 0.0, 0.0, 0.0, 1.0, 1.0, 0.0, 0.0, 1.0, 1.0, 0.0, 1.0, 1.0, 1.0, 1.0, 0.0, 0.0, 1.0, 0.0, 1.0, 0.0, 0.0, 0.0, 0.0, 0.0, 0.0, 1.0, 0.0, 1.0, 0.0, 1.0, 0.0, 1.0, 0.0, 0.0, 1.0, 1.0, 0.0, 1.0, 1.0, 1.0, 1.0, 1.0, 1.0, 0.0, 0.0, 0.0, 1.0, 1.0, 0.0, 0.0, 0.0, 0.0, 0.0, 0.0, 0.0, 1.0, 0.0, 0.0, 1.0, 1.0, 1.0, 0.0, 0.0, 1.0, 1.0, 0.0, 1.0, 0.0, 1.0, 0.0, 0.0, 1.0, 1.0, 1.0, 0.0, 1.0, 0.0, 0.0, 0.0, 1.0, 0.0, 0.0, 0.0, 0.0, 0.0, 1.0, 0.0, 1.0, 1.0, 1.0, 0.0, 0.0, 1.0, 0.0, 1.0, 0.0, 1.0, 0.0, 1.0, 0.0, 0.0, 0.0, 1.0, 1.0, 0.0, 0.0, 1.0, 0.0, 0.0, 1.0, 1.0, 1.0, 1.0, 0.0, 1.0, 1.0, 0.0, 0.0, 0.0, 1.0, 0.0, 0.0, 1.0, 0.0, 1.0, 1.0, 0.0, 1.0, 0.0, 0.0, 0.0, 1.0, 1.0, 1.0, 1.0, 1.0, 0.0]","[0, 0, 0, 1, 0, 1, 1, 0, 0, 0, 0, 0, 0, 0, 0, 0, 0, 1, 1, 0, 1, 1, 0, 1, 1, 1, 1, 1, 1, 1, 0, 1, 0, 1, 0, 1, 1, 0, 0, 0, 0, 0, 1, 1, 0, 1, 1, 1, 1, 1, 0, 1, 0, 1, 1, 0, 1, 1, 0, 1, 1, 0, 0, 0, 1, 0, 1, 0, 0, 1, 1, 0, 1, 1, 1, 0, 1, 0, 1, 0, 0, 1, 0, 0, 1, 1, 0, 0, 0, 1, 0, 1, 1, 0, 1, 1, 1, 0, 0, 0, 0, 0, 1, 1, 1, 0, 1, 1, 1, 0, 1, 0, 0, 0, 0, 1, 0, 1, 0, 0, 1, 1, 1, 1, 1, 1, 0, 0, 1, 1, 1, 0, 1, 0, 1, 1, 1, 1, 1, 1, 1, 0, 0, 0, 0, 1, 0, 1, 1, 1, 1, 0, 0, 0, 0, 1, 1, 1, 0, 0, 1, 1, 0, 1, 1, 1, 1, 1, 0, 0, 0, 0, 1, 1, 1, 0, 0, 0, 1, 0, 1, 1, 0, 0, 0, 1, 1, 0, 0, 1, 0, 1, 0, 0, 0, 1, 1, 0, 0, 1, 1, 0, 0, 0, 0, 0, 1, 0, 1, 0, 0, 1, 1, 1, 1, 0, 0, 0, 1, 0, 1, 0, 1, 0, 1, 1, 0, 0, 1, 0, 0, 1, 0, 1, 0, 0, 1, 1, 1, 0, 1, 1, 0, 0, 1, 0, 1, 0, 1, 1, 0, 0, 1, 0, 1, 0, 1, 1, 0, 1, 1, 0, 1, 1, 1, 1, 0, 0, 0, 1, 1, 1, 0, 0, 1, 1, 1, 1, 1, 1, 0, 0, 1, 0, 1, 0, 0, 0, 1, 1, 1, 1, 0, 0, 1, 1, 0, 1, 0, 0, 0, 1, 0, 1, 0, 1, 1, 1, 1, 1, 0, 1, 1, 1, 1, 0, 0, 1, 0, 1, 0, 0, 1]","[-0.24722593977183233, -0.10201107113027347, -0.06706397543545622, 0.14144407874483705, -0.0064837224564897045, 0.20897955816918296, 0.29986297751026375, -0.17641227200744075, -0.10861318654385971, -0.08884934926204408, -0.12785022323194734, -0.27748454239268855, -0.09506161151221643, -0.27737312230885464, -0.05698353727140687, -0.10912858273968257, -0.04720606292867496, 0.002048681798764218, 0.12498243679648252, -0.2795554597454066, 0.038691001893796095, 0.2216999930849058, -0.080384554186619, 0.08942398182228378, 0.05210017140514306, 0.09765437282318318, 0.09578115305275398, 0.03745317186432989, 0.08165908734244792, 0.00934104204759284, -0.0793874926916695, 0.46921951514550636, -0.0394186574421031, 0.2385682041102289, -0.16578651573286346, 0.16065932425877688, 0.22386755936035546, -0.19261768470857382, -0.038321587894905196, -0.043811185888533, -0.5117371675910134, -0.11343123543476191, 0.12355484648538156, 0.004692031962272136, -0.06785203862770767, 0.09919938577253601, 0.19956111841247087, 0.21497613851142355, 0.3096150687740698, 0.3325752863762544, -0.14668753340303214, 0.11349060976799691, -0.2879781655269897, 0.14417826331369882, 0.2008144176420384, -0.24405513796705075, 0.059798710500341745, 0.016252510147213795, -0.05149112022951757, 0.10703122659899816, 0.5761116996266276, -0.1458558602581485, -0.018105655420196765, -0.09040555837161718, 0.18053753524838073, -0.12482134162224429, 0.031349972702745366, -0.0674291600605132, -0.09349770875329638, 0.13301742365212893, 0.2950645342541954, -0.23939597051912836, 0.26973952020276465, 0.10765627383679349, 0.3397248645336067, -0.20677189376761634, 0.29884462494131975, -0.13524374442929704, 0.006190462278570952, -0.13402863981685548, -0.09035577125780153, 0.14827050891046573, -0.18254929479430365, -0.4659272685555555, 0.0026104827363633842, 0.006036455842591881, -0.2646164270891333, -0.35075805993623915, -0.012434421702762488, 0.012601146835094224, -0.0068122473934073, 0.22895806358199594, 0.0769795438168373, -0.2198632610876709, 0.710734644712274, 0.23238959339238524, 0.07182157970591146, -0.25804935619433794, -0.14430216120899092, -0.10817344803474888, -0.057335859817906065, -0.44240736984491064, 0.10021549533673096, 0.5217730799782163, 0.03240140835366906, -0.5528676560526395, 0.06696778964692723, 0.08280340468424346, 0.05416100354616554, -0.0661726410128784, 0.04886971087934083, -0.06773072064106261, -0.055422879444592066, -0.0442305791268815, -0.18393063282782068, 0.07129958300525524, -0.12561608618341163, 0.0037578218471583935, -0.1889969637195687, -0.1124787181947175, 0.1474929851041596, 0.0975514168157881, 0.41488124102604457, 0.24003413439375693, 0.06528223213121703, 0.33762424040173916, -0.0699007928526944, -0.1513359654821846, 0.02423625147105818, 0.2140275407203161, 0.20479526035593204, -0.20898037261400065, 0.032529331598356415, -0.12125790794329933, 0.11105086527152147, 0.052784783871356045, 0.1367444099524871, 0.0983596553919382, 0.33180204735405266, 0.23418949279407358, 0.0881933447711914, -0.16809434906559967, -0.0529289427640835, -0.0344957656267077, -0.06719056708846, 0.07875993404403997, -0.0899031853646754, 0.18975204103275162, 0.4372157039807963, 0.1254205454297173, 0.028246674474911526, -0.1692462582132876, -0.14157746287522793, -0.13674311604065198, -0.12952367588601205, 0.19347345650482756, 0.17767306793256205, 0.0006294869050094687, -0.09237291556548594, -0.09717417034307013, 0.24091910146371182, 0.5968230962517962, -0.033474285110587754, 0.20152348752575638, 0.0273435501588713, 0.17274598530235324, 0.18773283210042618, 0.24525293733850334, -0.11113668071105048, -0.297333319525068, -0.20530321370419385, -0.24678438587923973, 0.011491760915758154, 0.02766690705947089, 0.07505858050383979, -0.25191464015983306, -0.009313476451913327, -0.006617997431128397, 0.10177598202772292, -0.014563937613234212, 0.016220864762800435, 0.16750081302673864, -0.32399409315056643, -0.16893990783755103, -0.08393530943999145, 0.08444132928270315, 0.07793124936298473, -0.1394820431210721, -0.2679996714781067, 0.1312348083093749, -0.379200670408361, 0.08047393775886907, -0.1527401415670761, -0.026489795507854186, -0.01575268542043967, 0.31388782473112703, 0.0016322670004170203, -0.25156816982110913, -0.037556512048076474, 0.3400642745639784, 0.11086130265490263, -0.45625558718244114, -0.09443014519302134, -0.25542613465435, -0.055376070795515264, -0.1101895380871733, 0.12847235953434782, -0.1460126555256746, 0.09064375660375373, -0.11367580260242, -0.05525605504401215, 0.4002604265378487, 0.1449355166157032, 0.16622955969848024, 0.047737627884296086, -0.19288204793832814, -0.1981641985822284, -0.18887751006266934, 0.039642577992409944, -0.04919057464833915, 0.0651274728942009, -0.16782522501563085, 0.05552696501617477, -0.25316632630937014, 0.06473159749073948, 0.004170129062277372, -0.04072667940172375, -0.021913133916875605, 0.11307328804642208, -0.10336740264600336, -0.13582424448442082, 0.2745820726831692, -0.12482098712729267, 0.04245571241203622, -0.12853984520153866, -0.09771200090965876, 0.01561869745779526, 0.11721964609020114, 0.1879563433180172, -0.09452927584313037, 0.3194022499592231, 0.034541287965697276, -0.1930982060893351, -0.0670853727061031, 0.08322518724308631, -0.14910937280495257, 0.0015802747298890307, -0.12919235107387478, 0.08422534767158468, 0.02400964576940795, -0.11750713869393009, -0.07807595304153309, 0.03651247226782123, -0.1489815616943952, 0.3179442707811802, -0.38460510192164515, 0.0145954299336844, 0.07824262459054127, -0.3938099827178469, 0.40922872085782896, 0.06504064949723959, -0.1385561373283261, 0.07176900623220189, 0.24031240313139773, 0.17030777974666195, 0.2864582273153536, -0.12097470483396061, -0.10141333012207826, -0.0986661080243822, 0.06493896481482048, 0.13206119525977106, 0.010513906993972644, -0.09863640624167064, -0.1693263153748134, 0.16902955743114206, 0.1364102850966427, 0.15899072442490053, 0.011233709745927467, 0.29033503808963684, 0.04012387513889665, -0.014655005317277758, -0.12704509873483188, 0.06930149740158226, -0.08942079975976663, 0.10941133893424021, -0.11452681703945461, -0.24367278028216005, -0.07908067723490236, 0.03477552848722515, 0.23143921448149102, 0.016563827515366836, 0.07020923590811173, -0.029610933453106003, -0.14058783173337214, 0.0033003777805336587, 0.022476475979020194, -0.09198823226565195, 0.030393266482231784, -0.09242799188407352, -0.047262677630383, -0.010237201358195225, 0.037622643921105425, -0.0655179856290708, 0.10346886379187908, -0.12602524002197696, 0.02682775955179101, 0.1297930692449823, 0.11185675697961434, 0.05662337615896701, 0.07829303923285275, -0.003250859373839343, 0.009591721659360009, 0.1831632209527026, 0.06932985510139639, 0.020936069398373836, -0.14670205237505946, -0.10945674726616267, 0.11674093481782838, -0.13184370344873536, 0.10332038522820303, -0.20087272212458157, -0.2390203264044512, 0.15585277029634598]"
10,"['lNONHSAG000008', 'lNONHSAG000059', 'lNONHSAG000069', 'lNONHSAG000130', 'lNONHSAG000158', 'lNONHSAG000195', 'lNONHSAG000241', 'lNONHSAG000253', 'lNONHSAG000310', 'lNONHSAG000311', 'lNONHSAG000374', 'lNONHSAG000381', 'lNONHSAG000464', 'lNONHSAG000484', 'lNONHSAG000498', 'lNONHSAG000579', 'lNONHSAG000584', 'lNONHSAG000603', 'lNONHSAG000625', 'lNONHSAG000742', 'lNONHSAG000840', 'lNONHSAG000843', 'lNONHSAG000863', 'lNONHSAG000884', 'lNONHSAG000918', 'lNONHSAG000938', 'lNONHSAG000967', 'lNONHSAG001142', 'lNONHSAG001172', 'lNONHSAG001238', 'lNONHSAG001247', 'lNONHSAG001259', 'lNONHSAG001284', 'lNONHSAG001360', 'lNONHSAG001375', 'lNONHSAG001448', 'lNONHSAG001468', 'lNONHSAG001499', 'lNONHSAG001513', 'lNONHSAG001696', 'lNONHSAG001724', 'lNONHSAG001773', 'lNONHSAG001837', 'lNONHSAG001941', 'lNONHSAG001993', 'lNONHSAG002056', 'lNONHSAG002058', 'lNONHSAG002086', 'lNONHSAG002134', 'lNONHSAG002135', 'lNONHSAG002343', 'lNONHSAG002359', 'lNONHSAG002376', 'lNONHSAG002378', 'lNONHSAG002454', 'lNONHSAG002490', 'lNONHSAG002549', 'lNONHSAG002617', 'lNONHSAG002669', 'lNONHSAG002701', 'lNONHSAG002719', 'lNONHSAG002752', 'lNONHSAG002859', 'lNONHSAG002883', 'lNONHSAG002978', 'lNONHSAG003053', 'lNONHSAG003056', 'lNONHSAG003068', 'lNONHSAG003074', 'lNONHSAG003077', 'lNONHSAG003119', 'lNONHSAG003134', 'lNONHSAG003156', 'lNONHSAG003198', 'lNONHSAG003244', 'lNONHSAG003260', 'lNONHSAG003269', 'lNONHSAG003303', 'lNONHSAG003374', 'lNONHSAG003504', 'lNONHSAG003505', 'lNONHSAG003512', 'lNONHSAG003645', 'lNONHSAG003820', 'lNONHSAG003874', 'lNONHSAG003884', 'lNONHSAG003886', 'lNONHSAG003900', 'lNONHSAG003911', 'lNONHSAG003912', 'lNONHSAG003938', 'lNONHSAG003976', 'lNONHSAG004013', 'lNONHSAG004054', 'lNONHSAG004095', 'lNONHSAG004247', 'lNONHSAG004303', 'lNONHSAG004373', 'lNONHSAG004619', 'lNONHSAG004673', 'lNONHSAG004674', 'lNONHSAG004714', 'lNONHSAG004743', 'lNONHSAG004779', 'lNONHSAG004868', 'lNONHSAG005084', 'lNONHSAG005153', 'lNONHSAG005339', 'lNONHSAG005377', 'lNONHSAG005403', 'lNONHSAG005482', 'lNONHSAG005669', 'lNONHSAG005699', 'lNONHSAG005711', 'lNONHSAG005721', 'lNONHSAG005732', 'lNONHSAG005742', 'lNONHSAG005780', 'lNONHSAG005838', 'lNONHSAG005866', 'lNONHSAG005920', 'lNONHSAG006007', 'lNONHSAG006050', 'lNONHSAG006054', 'lNONHSAG006071', 'lNONHSAG006163', 'lNONHSAG006204', 'lNONHSAG006212', 'lNONHSAG006238', 'lNONHSAG006301', 'lNONHSAG006341', 'lNONHSAG006362', 'lNONHSAG006454', 'lNONHSAG006457', 'lNONHSAG006474', 'lNONHSAG006477', 'lNONHSAG006526', 'lNONHSAG006678', 'lNONHSAG006692', 'lNONHSAG006735', 'lNONHSAG006756', 'lNONHSAG006763', 'lNONHSAG006772', 'lNONHSAG006865', 'lNONHSAG006945', 'lNONHSAG006966', 'lNONHSAG007109', 'lNONHSAG007295', 'lNONHSAG007324', 'lNONHSAG007384', 'lNONHSAG007434', 'lNONHSAG007455', 'lNONHSAG007463', 'lNONHSAG007487', 'lNONHSAG007538', 'lNONHSAG007602', 'lNONHSAG007631', 'lNONHSAG007692', 'lNONHSAG007708', 'lNONHSAG007715', 'lNONHSAG007868', 'lNONHSAG007961', 'lNONHSAG007983', 'lNONHSAG007984', 'lNONHSAG008015', 'lNONHSAG008037', 'lNONHSAG008056', 'lNONHSAG008167', 'lNONHSAG008199', 'lNONHSAG008220', 'lNONHSAG008354', 'lNONHSAG008517', 'lNONHSAG008540', 'lNONHSAG008552', 'lNONHSAG008615', 'lNONHSAG008654', 'lNONHSAG008675', 'lNONHSAG008693', 'lNONHSAG008726', 'lNONHSAG008728', 'lNONHSAG008759', 'lNONHSAG008859', 'lNONHSAG008937', 'lNONHSAG008966', 'lNONHSAG009021', 'lNONHSAG009124', 'lNONHSAG009130', 'lNONHSAG009133', 'lNONHSAG009174', 'lNONHSAG009180', 'lNONHSAG009193', 'lNONHSAG009228', 'lNONHSAG009544', 'lNONHSAG009546', 'lNONHSAG009613', 'lNONHSAG009636', 'lNONHSAG009728', 'lNONHSAG009747', 'lNONHSAG009755', 'lNONHSAG009757', 'lNONHSAG009782', 'lNONHSAG009913', 'lNONHSAG009938', 'lNONHSAG009945', 'lNONHSAG009950', 'lNONHSAG009968', 'lNONHSAG009989', 'lNONHSAG010021', 'lNONHSAG010117', 'lNONHSAG010179', 'lNONHSAG010184', 'lNONHSAG010186', 'lNONHSAG010189', 'lNONHSAG010190', 'lNONHSAG010193', 'lNONHSAG010194', 'lNONHSAG010200', 'lNONHSAG010348', 'lNONHSAG010352', 'lNONHSAG010405', 'lNONHSAG010416', 'lNONHSAG010543', 'lNONHSAG010658', 'lNONHSAG010716', 'lNONHSAG010792', 'lNONHSAG010798', 'lNONHSAG010940', 'lNONHSAG010986', 'lNONHSAG010989', 'lNONHSAG011028', 'lNONHSAG011057', 'lNONHSAG011070', 'lNONHSAG011084', 'lNONHSAG011090', 'lNONHSAG011121', 'lNONHSAG011125', 'lNONHSAG011211', 'lNONHSAG011230', 'lNONHSAG011264', 'lNONHSAG011337', 'lNONHSAG011343', 'lNONHSAG011439', 'lNONHSAG011446', 'lNONHSAG011518', 'lNONHSAG011524', 'lNONHSAG011576', 'lNONHSAG011633', 'lNONHSAG011658', 'lNONHSAG011790', 'lNONHSAG011854', 'lNONHSAG011870', 'lNONHSAG011935', 'lNONHSAG012025', 'lNONHSAG012076', 'lNONHSAG012077', 'lNONHSAG012099', 'lNONHSAG012297', 'lNONHSAG012303', 'lNONHSAG012339', 'lNONHSAG012367', 'lNONHSAG012375', 'lNONHSAG012423', 'lNONHSAG012476', 'lNONHSAG012505', 'lNONHSAG012534', 'lNONHSAG012540', 'lNONHSAG012549', 'lNONHSAG012555', 'lNONHSAG012594', 'lNONHSAG012614', 'lNONHSAG012617', 'lNONHSAG012791', 'lNONHSAG013005', 'lNONHSAG013060', 'lNONHSAG013095', 'lNONHSAG013098', 'lNONHSAG013109', 'lNONHSAG013388', 'lNONHSAG013431', 'lNONHSAG013475', 'lNONHSAG013515', 'lNONHSAG013534', 'lNONHSAG013568', 'lNONHSAG013708', 'lNONHSAG013730', 'lNONHSAG013790', 'lNONHSAG013809', 'lNONHSAG013912', 'lNONHSAG013917', 'lNONHSAG013940', 'lNONHSAG013942', 'lNONHSAG013944', 'lNONHSAG013946', 'lNONHSAG013954', 'lNONHSAG014098', 'lNONHSAG014112', 'lNONHSAG014130', 'lNONHSAG014267', 'lNONHSAG014289', 'lNONHSAG014332', 'lNONHSAG014362', 'lNONHSAG014372', 'lNONHSAG014373', 'lNONHSAG014381', 'lNONHSAG014496', 'lNONHSAG014502', 'lNONHSAG014562', 'lNONHSAG014591', 'lNONHSAG014672', 'lNONHSAG014679', 'lNONHSAG014730', 'lNONHSAG014890', 'lNONHSAG014914', 'lNONHSAG015044', 'lNONHSAG015163', 'lNONHSAG015215', 'lNONHSAG015234', 'lNONHSAG015352', 'lNONHSAG015417', 'lNONHSAG015454', 'lNONHSAG015461', 'lNONHSAG015505', 'lNONHSAG015591', 'lNONHSAG015623', 'lNONHSAG015692', 'lNONHSAG015723', 'lNONHSAG015787', 'lNONHSAG015788', 'lNONHSAG015961', 'lNONHSAG016021', 'lNONHSAG016068', 'lNONHSAG016118', 'lNONHSAG016199', 'lNONHSAG016307', 'lNONHSAG016395', 'lNONHSAG016403', 'lNONHSAG016486', 'lNONHSAG016487', 'lNONHSAG016576', 'lNONHSAG016611', 'lNONHSAG016618', 'lNONHSAG016623', 'lNONHSAG016733', 'lNONHSAG016741', 'lNONHSAG016749', 'lNONHSAG016771', 'lNONHSAG016822', 'lNONHSAG016893', 'lNONHSAG017020', 'lNONHSAG017060', 'lNONHSAG017232', 'lNONHSAG017238', 'lNONHSAG017288', 'lNONHSAG017344', 'lNONHSAG017347', 'lNONHSAG017349', 'lNONHSAG017376', 'lNONHSAG017377', 'lNONHSAG017379', 'lNONHSAG017417', 'lNONHSAG017486', 'lNONHSAG017504', 'lNONHSAG017567', 'lNONHSAG017783', 'lNONHSAG017882', 'lNONHSAG017890', 'lNONHSAG017899', 'lNONHSAG018054', 'lNONHSAG018058', 'lNONHSAG018180', 'lNONHSAG018203', 'lNONHSAG018313', 'lNONHSAG018322', 'lNONHSAG018326', 'lNONHSAG018341', 'lNONHSAG018344', 'lNONHSAG018372', 'lNONHSAG018374', 'lNONHSAG018414', 'lNONHSAG018415', 'lNONHSAG018416', 'lNONHSAG018417', 'lNONHSAG018420', 'lNONHSAG018461', 'lNONHSAG018530', 'lNONHSAG018621', 'lNONHSAG018635', 'lNONHSAG018656', 'lNONHSAG018659', 'lNONHSAG018707', 'lNONHSAG018709', 'lNONHSAG018711', 'lNONHSAG018829', 'lNONHSAG018889', 'lNONHSAG018893', 'lNONHSAG018903', 'lNONHSAG018980', 'lNONHSAG019003', 'lNONHSAG019012', 'lNONHSAG019014', 'lNONHSAG019021', 'lNONHSAG019023', 'lNONHSAG019031', 'lNONHSAG019049', 'lNONHSAG019051', 'lNONHSAG019079', 'lNONHSAG019090', 'lNONHSAG019115', 'lNONHSAG019134', 'lNONHSAG019158', 'lNONHSAG019221', 'lNONHSAG019270', 'lNONHSAG019332', 'lNONHSAG019370', 'lNONHSAG019439', 'lNONHSAG019493', 'lNONHSAG019569', 'lNONHSAG019613', 'lNONHSAG019670', 'lNONHSAG019711', 'lNONHSAG019813', 'lNONHSAG019814', 'lNONHSAG019848', 'lNONHSAG019878', 'lNONHSAG019898', 'lNONHSAG019967', 'lNONHSAG020053', 'lNONHSAG020066', 'lNONHSAG020068', 'lNONHSAG020091', 'lNONHSAG020107', 'lNONHSAG020153', 'lNONHSAG020155', 'lNONHSAG020218', 'lNONHSAG020223', 'lNONHSAG020252', 'lNONHSAG020260', 'lNONHSAG020273', 'lNONHSAG020274', 'lNONHSAG020277', 'lNONHSAG020278', 'lNONHSAG020281', 'lNONHSAG020298', 'lNONHSAG020304', 'lNONHSAG020307', 'lNONHSAG020312', 'lNONHSAG020321', 'lNONHSAG020325', 'lNONHSAG020339', 'lNONHSAG020367', 'lNONHSAG020372', 'lNONHSAG020374', 'lNONHSAG020403', 'lNONHSAG020474', 'lNONHSAG020476', 'lNONHSAG020600', 'lNONHSAG020616', 'lNONHSAG020729', 'lNONHSAG020731', 'lNONHSAG020755', 'lNONHSAG020759', 'lNONHSAG020762', 'lNONHSAG020771', 'lNONHSAG020869', 'lNONHSAG020957', 'lNONHSAG020990', 'lNONHSAG021042', 'lNONHSAG021072', 'lNONHSAG021307', 'lNONHSAG021309', 'lNONHSAG021315', 'lNONHSAG021335', 'lNONHSAG021342', 'lNONHSAG021347', 'lNONHSAG021370', 'lNONHSAG021390', 'lNONHSAG021400', 'lNONHSAG021408', 'lNONHSAG021410', 'lNONHSAG021431', 'lNONHSAG021432', 'lNONHSAG021433', 'lNONHSAG021471', 'lNONHSAG021557', 'lNONHSAG021566', 'lNONHSAG021567', 'lNONHSAG021584', 'lNONHSAG021638', 'lNONHSAG021641', 'lNONHSAG021698', 'lNONHSAG021760', 'lNONHSAG021780', 'lNONHSAG021820', 'lNONHSAG021846', 'lNONHSAG021874', 'lNONHSAG021878', 'lNONHSAG021882', 'lNONHSAG021893', 'lNONHSAG021976', 'lNONHSAG021981', 'lNONHSAG022009', 'lNONHSAG022030', 'lNONHSAG022058', 'lNONHSAG022078', 'lNONHSAG022088', 'lNONHSAG022094', 'lNONHSAG022103', 'lNONHSAG022110', 'lNONHSAG022125', 'lNONHSAG022127', 'lNONHSAG022162', 'lNONHSAG022311', 'lNONHSAG022327', 'lNONHSAG022328', 'lNONHSAG022335', 'lNONHSAG022339', 'lNONHSAG022378', 'lNONHSAG022495', 'lNONHSAG022510', 'lNONHSAG022595', 'lNONHSAG022597', 'lNONHSAG022655', 'lNONHSAG022690', 'lNONHSAG022743', 'lNONHSAG022750', 'lNONHSAG022806', 'lNONHSAG022836', 'lNONHSAG022845', 'lNONHSAG022851', 'lNONHSAG022888', 'lNONHSAG022893', 'lNONHSAG022965', 'lNONHSAG022972', 'lNONHSAG022980', 'lNONHSAG022982', 'lNONHSAG023003', 'lNONHSAG023049', 'lNONHSAG023051', 'lNONHSAG023073', 'lNONHSAG023175', 'lNONHSAG023237', 'lNONHSAG023387', 'lNONHSAG023392', 'lNONHSAG023494', 'lNONHSAG023512', 'lNONHSAG023553', 'lNONHSAG023579', 'lNONHSAG023598', 'lNONHSAG023607', 'lNONHSAG023614', 'lNONHSAG023630', 'lNONHSAG023633', 'lNONHSAG023635', 'lNONHSAG023661', 'lNONHSAG023740', 'lNONHSAG023837', 'lNONHSAG023864', 'lNONHSAG023885', 'lNONHSAG023888', 'lNONHSAG023930', 'lNONHSAG023964', 'lNONHSAG024141', 'lNONHSAG024146', 'lNONHSAG024171', 'lNONHSAG024224', 'lNONHSAG024244', 'lNONHSAG024282', 'lNONHSAG024332', 'lNONHSAG024340', 'lNONHSAG024341', 'lNONHSAG024354', 'lNONHSAG024361', 'lNONHSAG024362', 'lNONHSAG024364', 'lNONHSAG024381', 'lNONHSAG024393', 'lNONHSAG024395', 'lNONHSAG024428', 'lNONHSAG024542', 'lNONHSAG024637', 'lNONHSAG024668', 'lNONHSAG024671', 'lNONHSAG024676', 'lNONHSAG024681', 'lNONHSAG024741', 'lNONHSAG024809', 'lNONHSAG024810', 'lNONHSAG024818', 'lNONHSAG024826', 'lNONHSAG024903', 'lNONHSAG024913', 'lNONHSAG024921', 'lNONHSAG024923', 'lNONHSAG024925', 'lNONHSAG025011', 'lNONHSAG025137', 'lNONHSAG025157', 'lNONHSAG025185', 'lNONHSAG025319', 'lNONHSAG025352', 'lNONHSAG025483', 'lNONHSAG025485', 'lNONHSAG025609', 'lNONHSAG025712', 'lNONHSAG025743', 'lNONHSAG025864', 'lNONHSAG025865', 'lNONHSAG025867', 'lNONHSAG025934', 'lNONHSAG025939', 'lNONHSAG025964', 'lNONHSAG025997', 'lNONHSAG026053', 'lNONHSAG026089', 'lNONHSAG026091', 'lNONHSAG026103', 'lNONHSAG026153', 'lNONHSAG026176', 'lNONHSAG026205', 'lNONHSAG026274', 'lNONHSAG026364', 'lNONHSAG026386', 'lNONHSAG026575', 'lNONHSAG026599', 'lNONHSAG026631', 'lNONHSAG026661', 'lNONHSAG026720', 'lNONHSAG026737', 'lNONHSAG026743', 'lNONHSAG026781', 'lNONHSAG026794', 'lNONHSAG026852', 'lNONHSAG026854', 'lNONHSAG026856', 'lNONHSAG027017', 'lNONHSAG027075', 'lNONHSAG027110', 'lNONHSAG027276', 'lNONHSAG027278', 'lNONHSAG027323', 'lNONHSAG027342', 'lNONHSAG027421', 'lNONHSAG027482', 'lNONHSAG027598', 'lNONHSAG027675', 'lNONHSAG027682', 'lNONHSAG027692', 'lNONHSAG027694', 'lNONHSAG027709', 'lNONHSAG027837', 'lNONHSAG027876', 'lNONHSAG028045', 'lNONHSAG028083', 'lNONHSAG028093', 'lNONHSAG028112', 'lNONHSAG028141', 'lNONHSAG028142', 'lNONHSAG028159', 'lNONHSAG028403', 'lNONHSAG028713', 'lNONHSAG028720', 'lNONHSAG028817', 'lNONHSAG028820', 'lNONHSAG028857', 'lNONHSAG028870', 'lNONHSAG028913', 'lNONHSAG028918', 'lNONHSAG028948', 'lNONHSAG028996', 'lNONHSAG029033', 'lNONHSAG029080', 'lNONHSAG029124', 'lNONHSAG029267', 'lNONHSAG029312', 'lNONHSAG029336', 'lNONHSAG029377', 'lNONHSAG029467', 'lNONHSAG029668', 'lNONHSAG029792', 'lNONHSAG029830', 'lNONHSAG029873', 'lNONHSAG029880', 'lNONHSAG029933', 'lNONHSAG029956', 'lNONHSAG029957', 'lNONHSAG029958', 'lNONHSAG029959', 'lNONHSAG029961', 'lNONHSAG029962', 'lNONHSAG029964', 'lNONHSAG029965', 'lNONHSAG029985', 'lNONHSAG030074', 'lNONHSAG030113', 'lNONHSAG030129', 'lNONHSAG030244', 'lNONHSAG030258', 'lNONHSAG030278', 'lNONHSAG030279', 'lNONHSAG030304', 'lNONHSAG030333', 'lNONHSAG030410', 'lNONHSAG030487', 'lNONHSAG030516', 'lNONHSAG030582', 'lNONHSAG030583', 'lNONHSAG030739', 'lNONHSAG030742', 'lNONHSAG031025', 'lNONHSAG031035', 'lNONHSAG031123', 'lNONHSAG031385', 'lNONHSAG031425', 'lNONHSAG031452', 'lNONHSAG031456', 'lNONHSAG031481', 'lNONHSAG031563', 'lNONHSAG031565', 'lNONHSAG031581', 'lNONHSAG031584', 'lNONHSAG031636', 'lNONHSAG031696', 'lNONHSAG031853', 'lNONHSAG031900', 'lNONHSAG031913', 'lNONHSAG032063', 'lNONHSAG032126', 'lNONHSAG032247', 'lNONHSAG032297', 'lNONHSAG032302', 'lNONHSAG032309', 'lNONHSAG032312', 'lNONHSAG032537', 'lNONHSAG032560', 'lNONHSAG032664', 'lNONHSAG032682', 'lNONHSAG032735', 'lNONHSAG032737', 'lNONHSAG032748', 'lNONHSAG032750', 'lNONHSAG033027', 'lNONHSAG033061', 'lNONHSAG033100', 'lNONHSAG033105', 'lNONHSAG033107', 'lNONHSAG033121', 'lNONHSAG033170', 'lNONHSAG033216', 'lNONHSAG033224', 'lNONHSAG033254', 'lNONHSAG033263', 'lNONHSAG033266', 'lNONHSAG033298', 'lNONHSAG033328', 'lNONHSAG033334', 'lNONHSAG033342', 'lNONHSAG033348', 'lNONHSAG033352', 'lNONHSAG033368', 'lNONHSAG033386', 'lNONHSAG033390', 'lNONHSAG033435', 'lNONHSAG033459', 'lNONHSAG033471', 'lNONHSAG033480', 'lNONHSAG033589', 'lNONHSAG033611', 'lNONHSAG033645', 'lNONHSAG033691', 'lNONHSAG033716', 'lNONHSAG033735', 'lNONHSAG033748', 'lNONHSAG033810', 'lNONHSAG033862', 'lNONHSAG033896', 'lNONHSAG033898', 'lNONHSAG033899', 'lNONHSAG033937', 'lNONHSAG033940', 'lNONHSAG034006', 'lNONHSAG034014', 'lNONHSAG034021', 'lNONHSAG034032', 'lNONHSAG034316', 'lNONHSAG034417', 'lNONHSAG034418', 'lNONHSAG034492', 'lNONHSAG034508', 'lNONHSAG034676', 'lNONHSAG034678', 'lNONHSAG034845', 'lNONHSAG034846', 'lNONHSAG034935', 'lNONHSAG034973', 'lNONHSAG035096', 'lNONHSAG035103', 'lNONHSAG035287', 'lNONHSAG035382', 'lNONHSAG035456', 'lNONHSAG035531', 'lNONHSAG035568', 'lNONHSAG035806', 'lNONHSAG035919', 'lNONHSAG036047', 'lNONHSAG036054', 'lNONHSAG036115', 'lNONHSAG036120', 'lNONHSAG036255', 'lNONHSAG036263', 'lNONHSAG036273', 'lNONHSAG036403', 'lNONHSAG036407', 'lNONHSAG036412', 'lNONHSAG036413', 'lNONHSAG036612', 'lNONHSAG036615', 'lNONHSAG036667', 'lNONHSAG036718', 'lNONHSAG036783', 'lNONHSAG036866', 'lNONHSAG036922', 'lNONHSAG036926', 'lNONHSAG037025', 'lNONHSAG037061', 'lNONHSAG037072', 'lNONHSAG037073', 'lNONHSAG037080', 'lNONHSAG037082', 'lNONHSAG037083', 'lNONHSAG037096', 'lNONHSAG037137', 'lNONHSAG037146', 'lNONHSAG037164', 'lNONHSAG037241', 'lNONHSAG037348', 'lNONHSAG037420', 'lNONHSAG037559', 'lNONHSAG037827', 'lNONHSAG037891', 'lNONHSAG037936', 'lNONHSAG037946', 'lNONHSAG038001', 'lNONHSAG038024', 'lNONHSAG038060', 'lNONHSAG038091', 'lNONHSAG038162', 'lNONHSAG038343', 'lNONHSAG038344', 'lNONHSAG038397', 'lNONHSAG038502', 'lNONHSAG038530', 'lNONHSAG038561', 'lNONHSAG038578', 'lNONHSAG038663', 'lNONHSAG038675', 'lNONHSAG038676', 'lNONHSAG038682', 'lNONHSAG038836', 'lNONHSAG039037', 'lNONHSAG039038', 'lNONHSAG039147', 'lNONHSAG039293', 'lNONHSAG039295', 'lNONHSAG039319', 'lNONHSAG039617', 'lNONHSAG039620', 'lNONHSAG039634', 'lNONHSAG039637', 'lNONHSAG039654', 'lNONHSAG039664', 'lNONHSAG039669', 'lNONHSAG039749', 'lNONHSAG039872', 'lNONHSAG039951', 'lNONHSAG040179', 'lNONHSAG040188', 'lNONHSAG040226', 'lNONHSAG040320', 'lNONHSAG040329', 'lNONHSAG040408', 'lNONHSAG040481', 'lNONHSAG040542', 'lNONHSAG040544', 'lNONHSAG040560', 'lNONHSAG040601', 'lNONHSAG040692', 'lNONHSAG040700', 'lNONHSAG040729', 'lNONHSAG040804', 'lNONHSAG040859', 'lNONHSAG040870', 'lNONHSAG040945', 'lNONHSAG040958', 'lNONHSAG040976', 'lNONHSAG041002', 'lNONHSAG041017', 'lNONHSAG041023', 'lNONHSAG041241', 'lNONHSAG041250', 'lNONHSAG041256', 'lNONHSAG041257', 'lNONHSAG041480', 'lNONHSAG041528', 'lNONHSAG041529', 'lNONHSAG041592', 'lNONHSAG041670', 'lNONHSAG041707', 'lNONHSAG041716', 'lNONHSAG041758', 'lNONHSAG041844', 'lNONHSAG041883', 'lNONHSAG041938', 'lNONHSAG041981', 'lNONHSAG042033', 'lNONHSAG042050', 'lNONHSAG042062', 'lNONHSAG042080', 'lNONHSAG042132', 'lNONHSAG042138', 'lNONHSAG042218', 'lNONHSAG042257', 'lNONHSAG042270', 'lNONHSAG042306', 'lNONHSAG042307', 'lNONHSAG042370', 'lNONHSAG042433', 'lNONHSAG042476', 'lNONHSAG042491', 'lNONHSAG042500', 'lNONHSAG042722', 'lNONHSAG042724', 'lNONHSAG042836', 'lNONHSAG042957', 'lNONHSAG042966', 'lNONHSAG042970', 'lNONHSAG043159', 'lNONHSAG043229', 'lNONHSAG043250', 'lNONHSAG043303', 'lNONHSAG043433', 'lNONHSAG043550', 'lNONHSAG043625', 'lNONHSAG043657', 'lNONHSAG043770', 'lNONHSAG043851', 'lNONHSAG043934', 'lNONHSAG044022', 'lNONHSAG044041', 'lNONHSAG044064', 'lNONHSAG044283', 'lNONHSAG044406', 'lNONHSAG044429', 'lNONHSAG044533', 'lNONHSAG044624', 'lNONHSAG044666', 'lNONHSAG044709', 'lNONHSAG044751', 'lNONHSAG044791', 'lNONHSAG045131', 'lNONHSAG045160', 'lNONHSAG045163', 'lNONHSAG045166', 'lNONHSAG045383', 'lNONHSAG045430', 'lNONHSAG046722', 'lNONHSAG046730', 'lNONHSAG046765', 'lNONHSAG046781', 'lNONHSAG046811', 'lNONHSAG046953', 'lNONHSAG047182', 'lNONHSAG047191', 'lNONHSAG047197', 'lNONHSAG047260', 'lNONHSAG047319', 'lNONHSAG047433', 'lNONHSAG047463', 'lNONHSAG047469', 'lNONHSAG047471', 'lNONHSAG047507', 'lNONHSAG047543', 'lNONHSAG047544', 'lNONHSAG047547', 'lNONHSAG047619', 'lNONHSAG047620', 'lNONHSAG047792', 'lNONHSAG047796', 'lNONHSAG047830', 'lNONHSAG047840', 'lNONHSAG047842', 'lNONHSAG047951', 'lNONHSAG047973', 'lNONHSAG047974', 'lNONHSAG048057', 'lNONHSAG048101', 'lNONHSAG048114', 'lNONHSAG048189', 'lNONHSAG048191', 'lNONHSAG048201', 'lNONHSAG048228', 'lNONHSAG048231', 'lNONHSAG048270', 'lNONHSAG048323', 'lNONHSAG048354', 'lNONHSAG048439', 'lNONHSAG048464', 'lNONHSAG048598', 'lNONHSAG048602', 'lNONHSAG048603', 'lNONHSAG048610', 'lNONHSAG048623', 'lNONHSAG048624', 'lNONHSAG048626', 'lNONHSAG048641', 'lNONHSAG048682', 'lNONHSAG048695', 'lNONHSAG048781', 'lNONHSAG048817', 'lNONHSAG049037', 'lNONHSAG049050', 'lNONHSAG049051', 'lNONHSAG049119', 'lNONHSAG049129', 'lNONHSAG049157', 'lNONHSAG049185', 'lNONHSAG049191', 'lNONHSAG049288', 'lNONHSAG049303', 'lNONHSAG049356', 'lNONHSAG049421', 'lNONHSAG049507', 'lNONHSAG049626', 'lNONHSAG049655', 'lNONHSAG049754', 'lNONHSAG049801', 'lNONHSAG050104', 'lNONHSAG050167', 'lNONHSAG050168', 'lNONHSAG050272', 'lNONHSAG050273', 'lNONHSAG050345', 'lNONHSAG050423', 'lNONHSAG050445', 'lNONHSAG050493', 'lNONHSAG050518', 'lNONHSAG050670', 'lNONHSAG050725', 'lNONHSAG050769', 'lNONHSAG050786', 'lNONHSAG050815', 'lNONHSAG050985', 'lNONHSAG051010', 'lNONHSAG051015', 'lNONHSAG051166', 'lNONHSAG051255', 'lNONHSAG051259', 'lNONHSAG051260', 'lNONHSAG051263', 'lNONHSAG051266', 'lNONHSAG051291', 'lNONHSAG051448', 'lNONHSAG051484', 'lNONHSAG051514', 'lNONHSAG051517', 'lNONHSAG051523', 'lNONHSAG051542', 'lNONHSAG051567', 'lNONHSAG051568', 'lNONHSAG051603', 'lNONHSAG051770', 'lNONHSAG051898', 'lNONHSAG051958', 'lNONHSAG052046', 'lNONHSAG052082', 'lNONHSAG052097', 'lNONHSAG052119', 'lNONHSAG052149', 'lNONHSAG052151', 'lNONHSAG052454', 'lNONHSAG052459', 'lNONHSAG052495', 'lNONHSAG052510', 'lNONHSAG052511', 'lNONHSAG052609', 'lNONHSAG052680', 'lNONHSAG052686', 'lNONHSAG052709', 'lNONHSAG052726', 'lNONHSAG052853', 'lNONHSAG052908', 'lNONHSAG052925', 'lNONHSAG052929', 'lNONHSAG052931', 'lNONHSAG052933', 'lNONHSAG052943', 'lNONHSAG053007', 'lNONHSAG053014', 'lNONHSAG053028', 'lNONHSAG053033', 'lNONHSAG053082', 'lNONHSAG053108', 'lNONHSAG053162', 'lNONHSAG053228', 'lNONHSAG053419', 'lNONHSAG053456', 'lNONHSAG053499', 'lNONHSAG053500', 'lNONHSAG053502', 'lNONHSAG053546', 'lNONHSAG053547', 'lNONHSAG053602', 'lNONHSAG053626', 'lNONHSAG053631', 'lNONHSAG053651', 'lNONHSAG053716', 'lNONHSAG053719', 'lNONHSAG053748', 'lNONHSAG053796', 'lNONHSAG053802', 'lNONHSAG053842', 'lNONHSAG054024', 'lNONHSAG054038', 'lNONHSAG054212', 'lNONHSAG054213', 'lNONHSAG054214', 'lNONHSAG054215', 'lNONHSAG054216', 'lNONHSAG054301', 'lNONHSAG054360', 'lNONHSAG054432', 'lNONHSAG054699', 'lNONHSAG054716', 'lNONHSAG054718', 'lNONHSAG054780', 'lNONHSAG054791', 'lNONHSAG054807', 'lNONHSAG054832', 'lNONHSAG055008', 'lNONHSAG055088', 'lNONHSAG055092', 'lNONHSAG055151', 'lNONHSAG055258', 'lNONHSAG055350', 'lNONHSAG055418', 'lNONHSAG055450', 'lNONHSAG055546', 'lNONHSAG055558', 'lNONHSAG055565', 'lNONHSAG055577', 'lNONHSAG055582', 'lNONHSAG056029', 'lNONHSAG056053', 'lNONHSAG056451', 'lNONHSAG056733', 'lNONHSAG056746', 'lNONHSAG056868', 'lNONHSAG056875', 'lNONHSAG057043', 'lNONHSAG057222', 'lNONHSAG058006', 'lNONHSAG058109', 'lNONHSAG058112', 'lNONHSAG058118', 'lNONHSAG058128', 'lNONHSAG058533', 'lNONHSAG058967', 'lNONHSAG060586', 'lNONHSAG061096', 'lNONHSAG061404', 'lNONHSAG061492', 'lNONHSAG063700', 'lNONHSAG064784', 'lNONHSAG065252', 'lNONHSAG065364', 'lNONHSAG066253', 'lNONHSAG068402', 'lNONHSAG068639', 'lNONHSAG069030', 'lNONHSAG069147', 'lNONHSAG069277', 'lNONHSAG070257', 'lNONHSAG071444', 'lNONHSAG072945', 'lNONHSAG073025', 'lNONHSAG073406', 'lNONHSAG073419', 'lNONHSAG074052', 'lNONHSAG074661', 'lNONHSAG075363', 'lNONHSAG077475', 'lNONHSAG077527', 'lNONHSAG079231', 'lNONHSAG080772', 'lNONHSAG081227', 'lNONHSAG081583', 'lNONHSAG081993', 'lNONHSAG082891', 'lNONHSAG083209', 'lNONHSAG083289', 'lNONHSAG083615', 'lNONHSAG083859', 'lNONHSAG083883', 'lNONHSAG083894', 'lNONHSAG084701', 'lNONHSAG084832', 'lNONHSAG084937', 'lNONHSAG085975', 'lNONHSAG088562', 'lNONHSAG089857', 'lNONHSAG091116', 'lNONHSAG091284', 'lNONHSAG091943', 'lNONHSAG092907', 'lNONHSAG093064', 'lNONHSAG093078', 'lNONHSAG093517', 'lNONHSAG094075', 'lNONHSAG094129', 'lNONHSAG094269', 'lNONHSAG096130', 'lNONHSAG096227', 'lNONHSAG096230', 'lNONHSAG096627', 'lNONHSAG097344', 'lNONHSAG097347', 'lNONHSAG098653', 'lNONHSAG099082', 'lNONHSAG099120', 'lNONHSAG099126', 'lNONHSAG099742', 'lNONHSAG099774', 'lNONHSAG101229', 'lNONHSAG101725', 'lNONHSAG102572', 'lNONHSAG102979', 'lNONHSAG103259', 'lNONHSAG103457', 'lNONHSAG104186', 'lNONHSAG110420', 'lNONHSAG110858', 'lNONHSAG111667', 'lNONHSAG112396', 'lNONHSAG113761', 'lNONHSAG114445', 'lENSG00000103472', 'lENSG00000171889', 'lENSG00000175061', 'lENSG00000177410', 'lENSG00000179523', 'lENSG00000198221', 'lENSG00000198468', 'lENSG00000203497', 'lENSG00000205611', 'lENSG00000223764', 'lENSG00000223783', 'lENSG00000224057', 'lENSG00000224078', 'lENSG00000224614', 'lENSG00000225470', 'lENSG00000225506', 'lENSG00000225855', 'lENSG00000226115', 'lENSG00000226137', 'lENSG00000227082', 'lENSG00000227256', 'lENSG00000227963', 'lENSG00000228022', 'lENSG00000228526', 'lENSG00000229267', 'lENSG00000229388', 'lENSG00000230046', 'lENSG00000230061', 'lENSG00000230257', 'lENSG00000230313', 'lENSG00000230400', 'lENSG00000230866', 'lENSG00000231019', 'lENSG00000231437', 'lENSG00000231663', 'lENSG00000232265', 'lENSG00000232415', 'lENSG00000232442', 'lENSG00000232500', 'lENSG00000233047', 'lENSG00000233387', 'lENSG00000233590', 'lENSG00000234169', 'lENSG00000234222', 'lENSG00000234455', 'lENSG00000234546', 'lENSG00000234625', 'lENSG00000235535', 'lENSG00000235724', 'lENSG00000236240', 'lENSG00000236535', 'lENSG00000236671', 'lENSG00000237167', 'lENSG00000237396', 'lENSG00000237880', 'lENSG00000241388', 'lENSG00000242207', 'lENSG00000243479', 'lENSG00000244124', 'lENSG00000245067', 'lENSG00000245146', 'lENSG00000245614', 'lENSG00000246560', 'lENSG00000247095', 'lENSG00000247373', 'lENSG00000247498', 'lENSG00000249532', 'lENSG00000249786', 'lENSG00000250635', 'lENSG00000251003', 'lENSG00000251061', 'lENSG00000254418', 'lENSG00000254508', 'lENSG00000254635', 'lENSG00000254791', 'lENSG00000255363', 'lENSG00000255427', 'lENSG00000255553', 'lENSG00000255850', 'lENSG00000256742', 'lENSG00000256769', 'lENSG00000257084', 'lENSG00000257557', 'lENSG00000258197', 'lENSG00000258912', 'lENSG00000259289', 'lENSG00000259424', 'lENSG00000260219', 'lENSG00000260280', 'lENSG00000260455', 'lENSG00000260924', 'lENSG00000260969', 'lENSG00000261183', 'lENSG00000261423', 'lENSG00000261780', 'lENSG00000263718', 'lENSG00000264672', 'lENSG00000265374', 'lENSG00000266402', 'lENSG00000266970', 'lENSG00000267296', 'lENSG00000267321', 'lENSG00000267395', 'lENSG00000267413', 'lENSG00000269019', 'lENSG00000269911', 'lENSG00000270084', 'lENSG00000272769', 'lENSG00000274372', 'lENSG00000278709', 'lENSG00000278970', 'lENSG00000279296', 'lENSG00000281189', 'lENSG00000284070', 'lENSG00000285644', 'lENSG00000286004', 'lENSG00000224167', 'lENSG00000224739', 'lA1BG-AS1', 'lANKRD62P1-PARP4P3', 'lAQP4-AS1', 'lASMTL-AS1', 'lBANCR', 'lCCAT2', 'lCDKN2B-AS1', 'lCRNDE', 'lDGKK', 'lDLX6-AS1', 'lEGOT', 'lFEZF1-AS1', 'lGATA3-AS1', 'lGATA6-AS1', 'lGHET1', 'lHOTAIRM1', 'lHOXA-AS3', 'lINHBA-AS1', 'lJPX', 'lKCTD21-AS1', 'lLAMTOR5-AS1', 'lLBX2-AS1', 'lLINC00173', 'lLINC00174', 'lLPP-AS2', 'lMCM3AP-AS1', 'lMEG3', 'lMIR181A1HG', 'lMYLK-AS1', 'lPANDAR', 'lPCGEM1', 'lPVT1', 'lRHPN1-AS1', 'lRMST', 'lSNHG15', 'lSNHG16', 'lSNX29P2', 'lTEN1-CDK3', 'lTPTEP1', 'lTRAM2-AS1', 'lVCAN-AS1', 'lZFAS1', 'lZNF286B', 'lZNF503-AS2', 'lLINC00461', 'lLINC00514', 'lSLC2A1-AS1', 'lSRP14-AS1', 'lAC007009.1', 'lPWAR6', 'lAC004840.8', 'lAC061992.2', 'lAC103564.7', 'lAC135048.13', 'lAC137723.5', 'lAC137932.5', 'lAL928742.12', 'lAP001058.3', 'lCTB-60B18.10', 'lCTB-91J4.1', 'lCTC-338M12.2', 'lCTD-2165H16.4', 'lCTD-2195B23.3', 'lKB-7G2.8', 'lLA16c-321D4.2', 'lLA16c-380H5.3', 'lLL22NC03-23C6.13', 'lRP1-283E3.8', 'lRP11-100F15.1', 'lRP11-104E19.1', 'lRP11-108M9.3', 'lRP11-137H2.4', 'lRP11-197N18.2', 'lRP11-21J18.1', 'lRP11-227H15.4', 'lRP11-243J18.2', 'lRP11-264B17.3', 'lRP11-276H7.2', 'lRP11-2C24.4', 'lRP11-439K3.1', 'lRP11-467J12.4', 'lRP11-49K24.4', 'lRP11-514P8.8', 'lRP11-54O7.3', 'lRP11-550C4.6', 'lRP11-680A11.5', 'lRP4-790G17.7', 'lRP5-1061H20.4', 'lRP5-1074L1.1', 'lRP5-1160K1.8', 'lXXbac-B444P24.8', 'lAC018766.4', 'lCTD-2231H16.1', 'lHNRNPU-AS1', 'lRP11-429J17.8', 'lRP11-672A2.1', 'lRP5-1063M23.1', 'lRP11-495P10.8', 'lCTA-250D10.23', 'lRP4-610C12.4', 'lLINC00035', 'lRP11-408H20.2', 'lNONHSAG000157', 'lNONHSAG000265', 'lNONHSAG000297', 'lNONHSAG000298', 'lNONHSAG000623', 'lNONHSAG000636', 'lNONHSAG000677', 'lNONHSAG000896', 'lNONHSAG000969', 'lNONHSAG000994', 'lNONHSAG001008', 'lNONHSAG001014', 'lNONHSAG001028', 'lNONHSAG001030', 'lNONHSAG001033', 'lNONHSAG001147', 'lNONHSAG001207', 'lNONHSAG001240', 'lNONHSAG001419', 'lNONHSAG001613', 'lNONHSAG002487', 'lNONHSAG002619', 'lNONHSAG002726', 'lNONHSAG002790', 'lNONHSAG003227', 'lNONHSAG003308', 'lNONHSAG003418', 'lNONHSAG003459', 'lNONHSAG003881', 'lNONHSAG004227', 'lNONHSAG004351', 'lNONHSAG004475', 'lNONHSAG004507', 'lNONHSAG004638', 'lNONHSAG004893', 'lNONHSAG005249', 'lNONHSAG005363', 'lNONHSAG005473', 'lNONHSAG005522', 'lNONHSAG005652', 'lNONHSAG005690', 'lNONHSAG005725', 'lNONHSAG005727', 'lNONHSAG005739', 'lNONHSAG005740', 'lNONHSAG005746', 'lNONHSAG005747', 'lNONHSAG005760', 'lNONHSAG005761', 'lNONHSAG005769', 'lNONHSAG005789', 'lNONHSAG005797', 'lNONHSAG005809', 'lNONHSAG005821', 'lNONHSAG005830', 'lNONHSAG005847', 'lNONHSAG005851', 'lNONHSAG005852', 'lNONHSAG005855', 'lNONHSAG005856', 'lNONHSAG005859', 'lNONHSAG005862', 'lNONHSAG005867', 'lNONHSAG005870', 'lNONHSAG005885', 'lNONHSAG005901', 'lNONHSAG005915', 'lNONHSAG005935', 'lNONHSAG005936', 'lNONHSAG005986', 'lNONHSAG006022', 'lNONHSAG006078', 'lNONHSAG006086', 'lNONHSAG006091', 'lNONHSAG006097', 'lNONHSAG006160', 'lNONHSAG006166', 'lNONHSAG006186', 'lNONHSAG006187', 'lNONHSAG006188', 'lNONHSAG006206', 'lNONHSAG006220', 'lNONHSAG006221', 'lNONHSAG006235', 'lNONHSAG006240', 'lNONHSAG006274', 'lNONHSAG006279', 'lNONHSAG006290', 'lNONHSAG006293', 'lNONHSAG006300', 'lNONHSAG006314', 'lNONHSAG006376', 'lNONHSAG006377', 'lNONHSAG006382', 'lNONHSAG006388', 'lNONHSAG006395', 'lNONHSAG006399', 'lNONHSAG006405', 'lNONHSAG006407', 'lNONHSAG006412', 'lNONHSAG006415', 'lNONHSAG006450', 'lNONHSAG006459', 'lNONHSAG006479', 'lNONHSAG006487', 'lNONHSAG006493', 'lNONHSAG006507', 'lNONHSAG006527', 'lNONHSAG006536', 'lNONHSAG006551', 'lNONHSAG006554', 'lNONHSAG006555', 'lNONHSAG006557', 'lNONHSAG006573', 'lNONHSAG006576', 'lNONHSAG006579', 'lNONHSAG006581', 'lNONHSAG006591', 'lNONHSAG006602', 'lNONHSAG006646', 'lNONHSAG006653', 'lNONHSAG006669', 'lNONHSAG006748', 'lNONHSAG006765', 'lNONHSAG006779', 'lNONHSAG006808', 'lNONHSAG006830', 'lNONHSAG006832', 'lNONHSAG006837', 'lNONHSAG006855', 'lNONHSAG006863', 'lNONHSAG006889', 'lNONHSAG006894', 'lNONHSAG006897', 'lNONHSAG006909', 'lNONHSAG006915', 'lNONHSAG006922', 'lNONHSAG006967', 'lNONHSAG006970', 'lNONHSAG006976', 'lNONHSAG007000', 'lNONHSAG007008', 'lNONHSAG007020', 'lNONHSAG007023', 'lNONHSAG007029', 'lNONHSAG007031', 'lNONHSAG007035', 'lNONHSAG007063', 'lNONHSAG007065', 'lNONHSAG007093', 'lNONHSAG007103', 'lNONHSAG007118', 'lNONHSAG007123', 'lNONHSAG007129', 'lNONHSAG007139', 'lNONHSAG007166', 'lNONHSAG007203', 'lNONHSAG007222', 'lNONHSAG007224', 'lNONHSAG007225', 'lNONHSAG007242', 'lNONHSAG007268', 'lNONHSAG007278', 'lNONHSAG007286', 'lNONHSAG007414', 'lNONHSAG007419', 'lNONHSAG007429', 'lNONHSAG007458', 'lNONHSAG007488', 'lNONHSAG007507', 'lNONHSAG007531', 'lNONHSAG007533', 'lNONHSAG007543', 'lNONHSAG007544', 'lNONHSAG007554', 'lNONHSAG007563', 'lNONHSAG007578', 'lNONHSAG007587', 'lNONHSAG007599', 'lNONHSAG007621', 'lNONHSAG007632', 'lNONHSAG007638', 'lNONHSAG007730', 'lNONHSAG007932', 'lENSG00000083622', 'lENSG00000105501', 'lENSG00000122043', 'lENSG00000149443', 'lENSG00000167920', 'lENSG00000175746', 'lENSG00000177596', 'lENSG00000178248', 'lENSG00000197644', 'lENSG00000197880', 'lENSG00000198054', 'lENSG00000198671', 'lENSG00000203307', 'lENSG00000203434', 'lENSG00000203469', 'lENSG00000203565', 'lENSG00000203605', 'lENSG00000203864', 'lENSG00000204393', 'lENSG00000204464', 'lENSG00000205018', 'lENSG00000205452', 'lENSG00000205500', 'lENSG00000212856', 'lENSG00000221845', 'lENSG00000222000', 'lENSG00000222032', 'lENSG00000222044', 'lENSG00000223374', 'lENSG00000223381', 'lENSG00000223387', 'lENSG00000223400', 'lENSG00000223537', 'lENSG00000223598', 'lENSG00000223634', 'lENSG00000223641', 'lENSG00000223643', 'lENSG00000223647', 'lENSG00000223720', 'lENSG00000223727', 'lENSG00000223786', 'lENSG00000223809', 'lENSG00000223831', 'lENSG00000223870', 'lENSG00000223881', 'lENSG00000223966', 'lENSG00000223993', 'lENSG00000224031', 'lENSG00000224075', 'lENSG00000224087', 'lENSG00000224220', 'lENSG00000224277', 'lENSG00000224384', 'lENSG00000224500', 'lENSG00000224535', 'lENSG00000224541', 'lENSG00000224549', 'lENSG00000224595', 'lENSG00000224645', 'lENSG00000224655', 'lENSG00000224794', 'lENSG00000224821', 'lENSG00000224857', 'lENSG00000224885', 'lENSG00000224922', 'lENSG00000225012', 'lENSG00000225050', 'lENSG00000225129', 'lENSG00000225146', 'lENSG00000225218', 'lENSG00000225325', 'lENSG00000225334', 'lENSG00000225378', 'lENSG00000225457', 'lENSG00000225537', 'lENSG00000225570', 'lENSG00000225588', 'lENSG00000225647', 'lENSG00000225750', 'lENSG00000225751', 'lENSG00000225761', 'lENSG00000225798', 'lENSG00000225886', 'lENSG00000225919', 'lENSG00000226047', 'lENSG00000226089', 'lENSG00000226133', 'lENSG00000226193', 'lENSG00000226194', 'lENSG00000226238', 'lENSG00000226323', 'lENSG00000226337', 'lENSG00000226352', 'lENSG00000226442', 'lENSG00000226454', 'lENSG00000226486', 'lENSG00000226508', 'lENSG00000226522', 'lENSG00000226542', 'lENSG00000226562', 'lENSG00000226566', 'lENSG00000226576', 'lENSG00000226601', 'lENSG00000226647', 'lENSG00000226699', 'lENSG00000226770', 'lENSG00000226813', 'lENSG00000226883', 'lENSG00000226925', 'lENSG00000226956', 'lENSG00000226957', 'lENSG00000227075', 'lENSG00000227076', 'lENSG00000227125', 'lENSG00000227131', 'lENSG00000227181', 'lENSG00000227197', 'lENSG00000227360', 'lENSG00000227409', 'lENSG00000227459', 'lENSG00000227496', 'lENSG00000227509', 'lENSG00000227512', 'lENSG00000227549', 'lENSG00000227579', 'lENSG00000227606', 'lENSG00000227611', 'lENSG00000227680', 'lENSG00000227716', 'lENSG00000227769', 'lENSG00000227863', 'lENSG00000227893', 'lENSG00000227930', 'lENSG00000227958', 'lENSG00000227960', 'lENSG00000228028', 'lENSG00000228082', 'lENSG00000228108', 'lENSG00000228136', 'lENSG00000228170', 'lENSG00000228231', 'lENSG00000228261', 'lENSG00000228272', 'lENSG00000228351', 'lENSG00000228383', 'lENSG00000228470', 'lENSG00000228485', 'lENSG00000228548', 'lENSG00000228596', 'lENSG00000228627', 'lENSG00000228804', 'lENSG00000228826', 'lENSG00000228852', 'lENSG00000228939', 'lENSG00000228950', 'lENSG00000229162', 'lENSG00000229167', 'lENSG00000229190', 'lENSG00000229224', 'lENSG00000229283', 'lENSG00000229297', 'lENSG00000229331', 'lENSG00000229345', 'lENSG00000229370', 'lENSG00000229379', 'lENSG00000229444', 'lENSG00000229457', 'lENSG00000229487', 'lENSG00000229498', 'lENSG00000229502', 'lENSG00000229528', 'lENSG00000229531', 'lENSG00000229673', 'lENSG00000229679', 'lENSG00000229688', 'lENSG00000229848', 'lENSG00000229851', 'lENSG00000229953', 'lENSG00000229999', 'lENSG00000230010', 'lENSG00000230065', 'lENSG00000230105', 'lENSG00000230109', 'lENSG00000230131', 'lENSG00000230153', 'lENSG00000230155', 'lENSG00000230190', 'lENSG00000230197', 'lENSG00000230212', 'lENSG00000230233', 'lENSG00000230234', 'lENSG00000230323', 'lENSG00000230432', 'lENSG00000230499', 'lENSG00000230599', 'lENSG00000230735', 'lENSG00000230741', 'lENSG00000230759', 'lENSG00000230790', 'lENSG00000230794', 'lENSG00000230830', 'lENSG00000230918', 'lENSG00000230972', 'lENSG00000231081', 'lENSG00000231082', 'lENSG00000231092', 'lENSG00000231102', 'lENSG00000231143', 'lENSG00000231253', 'lENSG00000231272', 'lENSG00000231407', 'lENSG00000231492', 'lENSG00000231496', 'lENSG00000231539', 'lENSG00000231597', 'lENSG00000231678', 'lENSG00000231724', 'lENSG00000231760', 'lENSG00000231772', 'lENSG00000231781', 'lENSG00000231912', 'lENSG00000231914', 'lENSG00000231937', 'lENSG00000231953', 'lENSG00000231964', 'lENSG00000232031', 'lENSG00000232058', 'lENSG00000232072', 'lENSG00000232086', 'lENSG00000232120', 'lENSG00000232192', 'lENSG00000232197', 'lENSG00000232252', 'lENSG00000232286', 'lENSG00000232310', 'lENSG00000232335', 'lENSG00000232359', 'lENSG00000232363', 'lENSG00000232396', 'lENSG00000232451', 'lENSG00000232464', 'lENSG00000232465', 'lENSG00000232564', 'lENSG00000232596', 'lENSG00000232604', 'lENSG00000232710', 'lENSG00000232719', 'lENSG00000232806', 'lENSG00000232893', 'lENSG00000232895', 'lENSG00000232930', 'lENSG00000232939', 'lENSG00000232964', 'lENSG00000233070', 'lENSG00000233079', 'lENSG00000233178', 'lENSG00000233179', 'lENSG00000233219', 'lENSG00000233222', 'lENSG00000233330', 'lENSG00000233339', 'lENSG00000233407', 'lENSG00000233472', 'lENSG00000233479', 'lENSG00000233534', 'lENSG00000233574', 'lENSG00000233581', 'lENSG00000233613', 'lENSG00000233625', 'lENSG00000233656', 'lENSG00000233665', 'lENSG00000233689', 'lENSG00000233706', 'lENSG00000233851', 'lENSG00000233891', 'lENSG00000233953', 'lENSG00000233960', 'lENSG00000233969', 'lENSG00000233985', 'lENSG00000234021', 'lENSG00000234117', 'lENSG00000234149', 'lENSG00000234160', 'lENSG00000234191', 'lENSG00000234318', 'lENSG00000234504', 'lENSG00000234567', 'lENSG00000234622', 'lENSG00000234626', 'lENSG00000234690', 'lENSG00000234693', 'lENSG00000234714', 'lENSG00000234756', 'lENSG00000234860', 'lENSG00000234900', 'lENSG00000234953', 'lENSG00000234961', 'lENSG00000234979', 'lENSG00000235011', 'lENSG00000235035', 'lENSG00000235050', 'lENSG00000235059', 'lENSG00000235122', 'lENSG00000235168', 'lENSG00000235262', 'lENSG00000235435', 'lENSG00000235494', 'lENSG00000235503', 'lENSG00000235533', 'lENSG00000235628', 'lENSG00000235637', 'lENSG00000235669', 'lENSG00000235786', 'lENSG00000235813', 'lENSG00000236022', 'lENSG00000236031', 'lENSG00000236065', 'lENSG00000236109', 'lENSG00000236242', 'lENSG00000236267', 'lENSG00000236272', 'lENSG00000236324', 'lENSG00000236358', 'lENSG00000236366', 'lENSG00000236414', 'lENSG00000236452', 'lENSG00000236463', 'lENSG00000236498', 'lENSG00000236559', 'lENSG00000236648', 'lENSG00000236723', 'lENSG00000236744', 'lENSG00000236758', 'lENSG00000236800', 'lENSG00000236828', 'lENSG00000236854', 'lENSG00000236975', 'lENSG00000237015', 'lENSG00000237058', 'lENSG00000237073', 'lENSG00000237200', 'lENSG00000237293', 'lENSG00000237312', 'lENSG00000237324', 'lENSG00000237331', 'lENSG00000237337', 'lENSG00000237373', 'lENSG00000237435', 'lENSG00000237463', 'lENSG00000237481', 'lENSG00000237494', 'lENSG00000237520', 'lENSG00000237571', 'lENSG00000237576', 'lENSG00000237581', 'lENSG00000237670', 'lENSG00000237687', 'lENSG00000237734', 'lENSG00000237756', 'lENSG00000237768', 'lENSG00000237802', 'lENSG00000237919', 'lENSG00000237921', 'lENSG00000237937', 'lENSG00000237993', 'lENSG00000238131', 'lENSG00000238140', 'lENSG00000238185', 'lENSG00000238282', 'lENSG00000239314', 'lENSG00000239482', 'lENSG00000239593', 'lENSG00000240354', 'lENSG00000240573', 'lENSG00000240868', 'lENSG00000241383', 'lENSG00000241397', 'lENSG00000241577', 'lENSG00000241593', 'lENSG00000241666', 'lENSG00000241985', 'lENSG00000242012', 'lENSG00000242072', 'lENSG00000242339', 'lENSG00000242391', 'lENSG00000242568', 'lENSG00000242795', 'lENSG00000242861', 'lENSG00000243149', 'lENSG00000243230', 'lENSG00000243273', 'lENSG00000243368', 'lENSG00000243797', 'lENSG00000243903', 'lENSG00000244278', 'lENSG00000244327', 'lENSG00000244701', 'lENSG00000245148', 'lENSG00000245385', 'lENSG00000246541', 'lENSG00000247867', 'lENSG00000247925', 'lENSG00000248125', 'lENSG00000248145', 'lENSG00000248148', 'lENSG00000248172', 'lENSG00000248358', 'lENSG00000248373', 'lENSG00000248393', 'lENSG00000248397', 'lENSG00000248416', 'lENSG00000248457', 'lENSG00000248482', 'lENSG00000248490', 'lENSG00000248576', 'lENSG00000248599', 'lENSG00000248627', 'lENSG00000248758', 'lENSG00000248789', 'lENSG00000248802', 'lENSG00000248925', 'lENSG00000248969', 'lENSG00000248975', 'lENSG00000248984', 'lENSG00000248995', 'lENSG00000249066', 'lENSG00000249111', 'lENSG00000249114', 'lENSG00000249297', 'lENSG00000249334', 'lENSG00000249382', 'lENSG00000249409', 'lENSG00000249419', 'lENSG00000249426', 'lENSG00000249441', 'lENSG00000249451', 'lENSG00000249474', 'lENSG00000249547', 'lENSG00000249605', 'lENSG00000249613', 'lENSG00000249697', 'lENSG00000249742', 'lENSG00000249753', 'lENSG00000249782', 'lENSG00000249806', 'lENSG00000249830', 'lENSG00000249865', 'lENSG00000250062', 'lENSG00000250092', 'lENSG00000250195', 'lENSG00000250242', 'lENSG00000250524', 'lENSG00000250541', 'lENSG00000250626', 'lENSG00000250629', 'lENSG00000250646', 'lENSG00000250657', 'lENSG00000250698', 'lENSG00000250761', 'lENSG00000250791', 'lENSG00000250820', 'lENSG00000250855', 'lENSG00000250865', 'lENSG00000250877', 'lENSG00000250910', 'lENSG00000250917', 'lENSG00000250929', 'lENSG00000250945', 'lENSG00000250949', 'lENSG00000250950', 'lENSG00000250955', 'lENSG00000250993', 'lENSG00000251059', 'lENSG00000251072', 'lENSG00000251088', 'lENSG00000251185', 'lENSG00000251194', 'lENSG00000251256', 'lENSG00000251266', 'lENSG00000251281', 'lENSG00000251283', 'lENSG00000251412', 'lENSG00000251438', 'lENSG00000251688', 'lENSG00000253134', 'lENSG00000253142', 'lENSG00000253147', 'lENSG00000253167', 'lENSG00000253171', 'lENSG00000253189', 'lENSG00000253282', 'lENSG00000253356', 'lENSG00000253397', 'lENSG00000253449', 'lENSG00000253456', 'lENSG00000253503', 'lENSG00000253507', 'lENSG00000253526', 'lENSG00000253530', 'lENSG00000253539', 'lENSG00000253577', 'lENSG00000253616', 'lENSG00000253619', 'lENSG00000253643', 'lENSG00000253645', 'lENSG00000253660', 'lENSG00000253665', 'lENSG00000253717', 'lENSG00000253754', 'lENSG00000253834', 'lENSG00000253851', 'lENSG00000253858', 'lENSG00000253865', 'lENSG00000253871', 'lENSG00000253875', 'lENSG00000253880', 'lENSG00000253927', 'lENSG00000253947', 'lENSG00000253976', 'lENSG00000254011', 'lENSG00000254021', 'lENSG00000254026', 'lENSG00000254031', 'lENSG00000254033', 'lENSG00000254035', 'lENSG00000254043', 'lENSG00000254084', 'lENSG00000254094', 'lENSG00000254123', 'lENSG00000254141', 'lENSG00000254171', 'lENSG00000254177', 'lENSG00000254207', 'lENSG00000254239', 'lENSG00000254242', 'lENSG00000254263', 'lENSG00000254314', 'lENSG00000254325', 'lENSG00000254330', 'lENSG00000254347', 'lENSG00000254350', 'lENSG00000254380', 'lENSG00000254428', 'lENSG00000254429', 'lENSG00000254456', 'lENSG00000254516', 'lENSG00000254526', 'lENSG00000254574', 'lENSG00000254604', 'lENSG00000254620', 'lENSG00000254626', 'lENSG00000254627', 'lENSG00000254689', 'lENSG00000254739', 'lENSG00000254775', 'lENSG00000254787', 'lENSG00000254829', 'lENSG00000254842', 'lENSG00000254846', 'lENSG00000254847', 'lENSG00000254864', 'lENSG00000254921', 'lENSG00000254928', 'lENSG00000254930', 'lENSG00000254983', 'lENSG00000254990', 'lENSG00000255027', 'lENSG00000255039', 'lENSG00000255041', 'lENSG00000255084', 'lENSG00000255114', 'lENSG00000255121', 'lENSG00000255159', 'lENSG00000255167', 'lENSG00000255227', 'lENSG00000255241', 'lENSG00000255247', 'lENSG00000255252', 'lENSG00000255271', 'lENSG00000255300', 'lENSG00000255327', 'lENSG00000255343', 'lENSG00000255357', 'lENSG00000255366', 'lENSG00000255375', 'lENSG00000255388', 'lENSG00000255390', 'lENSG00000255443', 'lENSG00000255462', 'lENSG00000255478', 'lENSG00000255482', 'lENSG00000255487', 'lENSG00000255496', 'lENSG00000255498', 'lENSG00000255506', 'lENSG00000255523', 'lENSG00000255528', 'lENSG00000255539', 'lENSG00000255565', 'lENSG00000255572', 'lENSG00000255580', 'lENSG00000255808', 'lENSG00000255839', 'lENSG00000255893', 'lENSG00000255949', 'lENSG00000256007', 'lENSG00000256071', 'lENSG00000256072', 'lENSG00000256083', 'lENSG00000256209', 'lENSG00000256226', 'lENSG00000256234', 'lENSG00000256292', 'lENSG00000256314', 'lENSG00000256364', 'lENSG00000256448', 'lENSG00000256452', 'lENSG00000256482', 'lENSG00000256484', 'lENSG00000256582', 'lENSG00000256670', 'lENSG00000256733', 'lENSG00000256897', 'lENSG00000256972', 'lENSG00000257004', 'lENSG00000257022', 'lENSG00000257096', 'lENSG00000257137', 'lENSG00000257165', 'lENSG00000257235', 'lENSG00000257261', 'lENSG00000257264', 'lENSG00000257265', 'lENSG00000257271', 'lENSG00000257275', 'lENSG00000257342', 'lENSG00000257381', 'lENSG00000257407', 'lENSG00000257488', 'lENSG00000257494', 'lENSG00000257500', 'lENSG00000257514', 'lENSG00000257527', 'lENSG00000257541', 'lENSG00000257587', 'lENSG00000257634', 'lENSG00000257653', 'lENSG00000257682', 'lENSG00000257732', 'lENSG00000257750', 'lENSG00000257764', 'lENSG00000257787', 'lENSG00000257860', 'lENSG00000257904', 'lENSG00000257925', 'lENSG00000257997', 'lENSG00000258007', 'lENSG00000258044', 'lENSG00000258084', 'lENSG00000258108', 'lENSG00000258167', 'lENSG00000258234', 'lENSG00000258272', 'lENSG00000258292', 'lENSG00000258308', 'lENSG00000258312', 'lENSG00000258313', 'lENSG00000258323', 'lENSG00000258331', 'lENSG00000258378', 'lENSG00000258390', 'lENSG00000258394', 'lENSG00000258425', 'lENSG00000258460', 'lENSG00000258515', 'lENSG00000258516', 'lENSG00000258520', 'lENSG00000258610', 'lENSG00000258657', 'lENSG00000258670', 'lENSG00000258690', 'lENSG00000258695', 'lENSG00000258698', 'lENSG00000258742', 'lENSG00000258745', 'lENSG00000258784', 'lENSG00000258800', 'lENSG00000258824', 'lENSG00000258826', 'lENSG00000258829', 'lENSG00000258850', 'lENSG00000258869', 'lENSG00000258892', 'lENSG00000258904', 'lENSG00000258908', 'lENSG00000258944', 'lENSG00000258958', 'lENSG00000259007', 'lENSG00000259187', 'lENSG00000259188', 'lENSG00000259194', 'lENSG00000259202', 'lENSG00000259211', 'lENSG00000259250', 'lENSG00000259256', 'lENSG00000259265', 'lENSG00000259268', 'lENSG00000259290', 'lENSG00000259294', 'lENSG00000259307', 'lENSG00000259352', 'lENSG00000259360', 'lENSG00000259385', 'lENSG00000259432', 'lENSG00000259503', 'lENSG00000259532', 'lENSG00000259544', 'lENSG00000259595', 'lENSG00000259631', 'lENSG00000259636', 'lENSG00000259649', 'lENSG00000259678', 'lENSG00000259757', 'lENSG00000259759', 'lENSG00000259767', 'lENSG00000259798', 'lENSG00000259805', 'lENSG00000259935', 'lENSG00000259945', 'lENSG00000259955', 'lENSG00000259967', 'lENSG00000260003', 'lENSG00000260017', 'lENSG00000260022', 'lENSG00000260058', 'lENSG00000260186', 'lENSG00000260190', 'lENSG00000260237', 'lENSG00000260246', 'lENSG00000260304', 'lENSG00000260454', 'lENSG00000260476', 'lENSG00000260586', 'lENSG00000260605', 'lENSG00000260626', 'lENSG00000260659', 'lENSG00000260720', 'lENSG00000260741', 'lENSG00000260773', 'lENSG00000260798', 'lENSG00000260814', 'lENSG00000260884', 'lENSG00000260911', 'lENSG00000260934', 'lENSG00000260986', 'lENSG00000260999', 'lENSG00000261014', 'lENSG00000261036', 'lENSG00000261065', 'lENSG00000261066', 'lENSG00000261070', 'lENSG00000261243', 'lENSG00000261248', 'lENSG00000261261', 'lENSG00000261266', 'lENSG00000261307', 'lENSG00000261332', 'lENSG00000261379', 'lENSG00000261475', 'lENSG00000261507', 'lENSG00000261523', 'lENSG00000261552', 'lENSG00000261633', 'lENSG00000261663', 'lENSG00000261671', 'lENSG00000261695', 'lENSG00000261697', 'lENSG00000261723', 'lENSG00000261729', 'lENSG00000261731', 'lENSG00000261761', 'lENSG00000261864', 'lENSG00000262151', 'lENSG00000262434', 'lENSG00000262652', 'lENSG00000262692', 'lENSG00000262777', 'lENSG00000262810', 'lENSG00000262815', 'lENSG00000263080', 'lENSG00000263237', 'lENSG00000263257', 'lENSG00000263300', 'lENSG00000263321', 'lENSG00000263335', 'lENSG00000263417', 'lENSG00000263466', 'lENSG00000263585', 'lENSG00000263594', 'lENSG00000263618', 'lENSG00000263684', 'lENSG00000263709', 'lENSG00000263765', 'lENSG00000263797', 'lENSG00000263847', 'lENSG00000263873', 'lENSG00000263952', 'lENSG00000263982', 'lENSG00000263986', 'lENSG00000264016', 'lENSG00000264023', 'lENSG00000264066', 'lENSG00000264107', 'lENSG00000264116', 'lENSG00000264151', 'lENSG00000264254', 'lENSG00000264269', 'lENSG00000264513', 'lENSG00000264546', 'lENSG00000264558', 'lENSG00000264595', 'lENSG00000264622', 'lENSG00000264734', 'lENSG00000264769', 'lENSG00000264825', 'lENSG00000264924', 'lENSG00000265125', 'lENSG00000265168', 'lENSG00000265205', 'lENSG00000265265', 'lENSG00000265334', 'lENSG00000265359', 'lENSG00000265443', 'lENSG00000265474', 'lENSG00000265554', 'lENSG00000265625', 'lENSG00000265643', 'lENSG00000265728', 'lENSG00000265739', 'lENSG00000265743', 'lENSG00000265791', 'lENSG00000265800', 'lENSG00000265840', 'lENSG00000265844', 'lENSG00000265845', 'lENSG00000265980', 'lENSG00000265987', 'lENSG00000265994', 'lENSG00000266102', 'lENSG00000266153', 'lENSG00000266311', 'lENSG00000266368', 'lENSG00000266397', 'lENSG00000266535', 'lENSG00000266538', 'lENSG00000266541', 'lENSG00000266696', 'lENSG00000266801', 'lENSG00000266839', 'lENSG00000266877', 'lENSG00000266936', 'lENSG00000266981', 'lENSG00000266985', 'lENSG00000266993', 'lENSG00000267000', 'lENSG00000267028', 'lENSG00000267057', 'lENSG00000267063', 'lENSG00000267177', 'lENSG00000267225', 'lENSG00000267234', 'lENSG00000267263', 'lENSG00000267274', 'lENSG00000267286', 'lENSG00000267320', 'lENSG00000267341', 'lENSG00000267364', 'lENSG00000267378', 'lENSG00000267436', 'lENSG00000267437', 'lENSG00000267501', 'lENSG00000267510', 'lENSG00000267543', 'lENSG00000267583', 'lENSG00000267593', 'lENSG00000267615', 'lENSG00000267617', 'lENSG00000267633', 'lENSG00000267638', 'lENSG00000267711', 'lENSG00000267791', 'lENSG00000267922', 'lENSG00000267980', 'lENSG00000268015', 'lENSG00000268049', 'lENSG00000268051', 'lENSG00000268069', 'lENSG00000268078', 'lENSG00000268191', 'lENSG00000268203', 'lENSG00000268289', 'lENSG00000268292', 'lENSG00000268296', 'lENSG00000268520', 'lENSG00000268605', 'lENSG00000268734', 'lENSG00000268743', 'lENSG00000268798', 'lENSG00000268833', 'lENSG00000268906', 'lENSG00000268912', 'lENSG00000268981', 'lENSG00000269044', 'lENSG00000269085', 'lENSG00000269145', 'lENSG00000269191', 'lENSG00000269292', 'lENSG00000269350', 'lENSG00000269495', 'lENSG00000269504', 'lENSG00000269578', 'lENSG00000269621', 'lENSG00000269729', 'lENSG00000269802', 'lENSG00000269826', 'lENSG00000269843', 'lENSG00000269901', 'lENSG00000269950', 'lENSG00000269987', 'lENSG00000270082', 'lENSG00000270094', 'lENSG00000270108', 'lENSG00000270380', 'lENSG00000270726', 'lENSG00000270871', 'lENSG00000271032', 'lENSG00000271218', 'lENSG00000271314', 'lENSG00000271579', 'lENSG00000271717', 'lENSG00000271787', 'lENSG00000271833', 'lENSG00000271901', 'lENSG00000271936', 'lENSG00000271945', 'lENSG00000271983', 'lENSG00000272027', 'lENSG00000272072', 'lENSG00000272149', 'lENSG00000272338', 'lENSG00000272510', 'lENSG00000272540', 'lENSG00000272575', 'lENSG00000272642', 'lENSG00000272661', 'lENSG00000272742', 'lENSG00000272810', 'lENSG00000272866', 'lENSG00000272995', 'lENSG00000273035', 'lENSG00000273110', 'lENSG00000273198', 'lENSG00000273226', 'lENSG00000273257', 'lENSG00000273271', 'lENSG00000273275', 'lENSG00000273360', 'lENSG00000273449', 'lENSG00000273461', 'lENSG00000273485', 'lENSG00000273493', 'lENSG00000273550', 'lENSG00000273838', 'lENSG00000273877', 'lENSG00000273919', 'lENSG00000274177', 'lENSG00000274227', 'lENSG00000274561', 'lENSG00000274678', 'lENSG00000274737', 'lENSG00000274863', 'lENSG00000274893', 'lENSG00000275173', 'lENSG00000275345', 'lENSG00000275356', 'lENSG00000275484', 'lENSG00000275638', 'lENSG00000275871', 'lENSG00000275963', 'lENSG00000276054', 'lENSG00000276107', 'lENSG00000276266', 'lENSG00000276488', 'lENSG00000276527', 'lENSG00000276533', 'lENSG00000276997', 'lENSG00000277173', 'lENSG00000277332', 'lENSG00000277639', 'lENSG00000277675', 'lENSG00000278000', 'lENSG00000278013', 'lENSG00000278351', 'lENSG00000278630', 'lENSG00000278766', 'lENSG00000278944', 'lENSG00000279484', 'lENSG00000279501', 'lENSG00000279623', 'lENSG00000279687', 'lENSG00000279751', 'lENSG00000279920', 'lENSG00000280206', 'lENSG00000280224', 'lENSG00000280455', 'lENSG00000280580', 'lENSG00000280703', 'lENSG00000280870', 'lENSG00000280881', 'lENSG00000281021', 'lENSG00000281831', 'lENSG00000282478', 'lENSG00000282828', 'lENSG00000282950', 'lENSG00000283083', 'lENSG00000283286', 'lENSG00000283347', 'lENSG00000283375', 'lENSG00000283436', 'lENSG00000283457', 'lENSG00000283573', 'lENSG00000283631', 'lENSG00000283766', 'lENSG00000283973', 'lENSG00000284376', 'lENSG00000284418', 'lENSG00000284500', 'lENSG00000284608', 'lENSG00000284699', 'lENSG00000284846', 'lENSG00000284994', 'lENSG00000285012', 'lENSG00000285040', 'lENSG00000285117', 'lENSG00000285354', 'lENSG00000285409', 'lENSG00000285473', 'lENSG00000285518', 'lENSG00000285524', 'lENSG00000285550', 'lENSG00000285551', 'lENSG00000285619', 'lENSG00000285621', 'lENSG00000285654', 'lENSG00000285699', 'lENSG00000285709', 'lENSG00000285780', 'lENSG00000285861', 'lENSG00000285889', 'lENSG00000285954', 'lENSG00000286002', 'lENSG00000286018', 'lENSG00000286020', 'lENSG00000286050', 'lENSG00000286076', 'lENSG00000286089', 'lENSG00000286093', 'lENSG00000286101', 'lENSG00000286168', 'lENSG00000286188', 'lENSG00000286194', 'lENSG00000286197', 'lENSG00000286206', 'lENSG00000286242', 'lENSG00000286244', 'lENSG00000286276', 'lENSG00000286303', 'lENSG00000286331', 'lENSG00000286333', 'lENSG00000286338', 'lENSG00000286357', 'lENSG00000286419', 'lENSG00000286430', 'lENSG00000286436', 'lENSG00000286441', 'lENSG00000286453', 'lENSG00000286461', 'lENSG00000286474', 'lENSG00000286515', 'lENSG00000286565', 'lENSG00000286578', 'lENSG00000286581', 'lENSG00000286584', 'lENSG00000286588', 'lENSG00000286598', 'lENSG00000286617', 'lENSG00000286639', 'lENSG00000286645', 'lENSG00000286689', 'lENSG00000286690', 'lENSG00000286715', 'lENSG00000286716', 'lENSG00000286722', 'lENSG00000286735', 'lENSG00000286738', 'lENSG00000286740', 'lENSG00000286751', 'lENSG00000286759', 'lENSG00000286767', 'lENSG00000286770', 'lENSG00000286776', 'lENSG00000286781', 'lENSG00000286795', 'lENSG00000286820', 'lENSG00000286822', 'lENSG00000286838', 'lENSG00000286843', 'lENSG00000286887', 'lENSG00000286908', 'lENSG00000286963', 'lENSG00000287005', 'lENSG00000287006', 'lENSG00000287020', 'lENSG00000287066', 'lENSG00000287094', 'lENSG00000287107', 'lENSG00000287108', 'lENSG00000287128', 'lENSG00000287155', 'lENSG00000287159', 'lENSG00000287191', 'lENSG00000287198', 'lENSG00000287213', 'lENSG00000287236', 'lENSG00000287270', 'lENSG00000287285', 'lENSG00000287321', 'lENSG00000287335', 'lENSG00000287358', 'lENSG00000287359', 'lENSG00000287367', 'lENSG00000287381', 'lENSG00000287423', 'lENSG00000287441', 'lENSG00000287451', 'lENSG00000287456', 'lENSG00000287501', 'lENSG00000287511', 'lENSG00000287517', 'lENSG00000287518', 'lENSG00000287545', 'lENSG00000287551', 'lENSG00000287556', 'lENSG00000287618', 'lENSG00000287660', 'lENSG00000287664', 'lENSG00000287687', 'lENSG00000287691', 'lENSG00000287704', 'lENSG00000211683', 'lENSG00000214955', 'lENSG00000223795', 'lENSG00000224884', 'lENSG00000225393', 'lENSG00000225836', 'lENSG00000228255', 'lENSG00000228538', 'lENSG00000229454', 'lENSG00000229458', 'lENSG00000229628', 'lENSG00000229964', 'lENSG00000230600', 'lENSG00000230649', 'lENSG00000231212', 'lENSG00000231616', 'lENSG00000232056', 'lENSG00000233200', 'lENSG00000234083', 'lENSG00000234810', 'lENSG00000235337', 'lENSG00000235795', 'lENSG00000239801', 'lENSG00000241792', 'lENSG00000244620', 'lENSG00000247810', 'lENSG00000248359', 'lENSG00000249159', 'lENSG00000250481', 'lENSG00000250670', 'lENSG00000250686', 'lENSG00000250777', 'lENSG00000250948', 'lENSG00000251506', 'lENSG00000253766', 'lENSG00000254306', 'lENSG00000254927', 'lENSG00000255279', 'lENSG00000255325', 'lENSG00000255644', 'lENSG00000256686', 'lENSG00000257603', 'lENSG00000257715', 'lENSG00000258088', 'lENSG00000258196', 'lENSG00000258949', 'lENSG00000259123', 'lENSG00000259222', 'lENSG00000259244', 'lENSG00000259255', 'lENSG00000259274', 'lENSG00000259306', 'lENSG00000259407', 'lENSG00000260511', 'lENSG00000260983', 'lENSG00000261193', 'lENSG00000261445', 'lENSG00000261470', 'lENSG00000261775', 'lENSG00000264660', 'lENSG00000265174', 'lENSG00000266893', 'lENSG00000267521', 'lENSG00000267581', 'lENSG00000269391', 'lENSG00000269460', 'lENSG00000272304', 'lENSG00000272369', 'lENSG00000273138', 'lENSG00000273403', 'lENSG00000273486', 'lENSG00000274902', 'lENSG00000275232', 'lENSG00000278514', 'lENSG00000279672', 'lENSG00000282887', 'lENSG00000286164', 'lENSG00000226032', 'lENSG00000235736', 'lENSG00000251613', 'lENSG00000263316', 'lENSG00000258631', 'lENSG00000260141', 'lENSG00000279472', 'lENSG00000271870', 'lENSG00000272934', 'lENSG00000271840', 'lENSG00000253701', 'lENSG00000281408', 'lENSG00000268166', 'lALG13-AS1', 'lDGUOK-AS1', 'lDSCR8', 'lMIR145', 'lMIR24-2', 'lMIR3179-2', 'lMIR3654', 'lACA64', 'lCDKN2B-AS', 'lC3orf65']","[0.0, 1.0, 1.0, 0.0, 1.0, 0.0, 1.0, 0.0, 0.0, 0.0, 0.0, 1.0, 1.0, 1.0, 0.0, 0.0, 0.0, 1.0, 0.0, 0.0, 0.0, 0.0, 1.0, 0.0, 0.0, 0.0, 0.0, 1.0, 1.0, 1.0, 1.0, 1.0, 1.0, 0.0, 1.0, 1.0, 0.0, 1.0, 0.0, 1.0, 0.0, 0.0, 1.0, 0.0, 0.0, 0.0, 1.0, 0.0, 1.0, 1.0, 1.0, 1.0, 0.0, 1.0, 1.0, 0.0, 0.0, 1.0, 0.0, 0.0, 1.0, 1.0, 1.0, 0.0, 0.0, 0.0, 0.0, 1.0, 1.0, 1.0, 1.0, 1.0, 1.0, 0.0, 1.0, 0.0, 0.0, 1.0, 1.0, 1.0, 1.0, 1.0, 0.0, 0.0, 1.0, 1.0, 0.0, 1.0, 0.0, 1.0, 1.0, 0.0, 1.0, 1.0, 1.0, 1.0, 0.0, 1.0, 1.0, 0.0, 1.0, 0.0, 0.0, 0.0, 1.0, 0.0, 0.0, 1.0, 1.0, 1.0, 1.0, 1.0, 1.0, 0.0, 0.0, 1.0, 1.0, 1.0, 0.0, 1.0, 0.0, 0.0, 1.0, 1.0, 0.0, 1.0, 0.0, 0.0, 0.0, 0.0, 1.0, 1.0, 1.0, 0.0, 0.0, 0.0, 0.0, 1.0, 0.0, 1.0, 1.0, 1.0, 0.0, 1.0, 0.0, 1.0, 1.0, 1.0, 0.0, 0.0, 1.0, 0.0, 1.0, 1.0, 0.0, 0.0, 1.0, 1.0, 0.0, 0.0, 1.0, 0.0, 1.0, 1.0, 1.0, 0.0, 1.0, 1.0, 0.0, 1.0, 0.0, 1.0, 1.0, 0.0, 1.0, 0.0, 0.0, 0.0, 1.0, 0.0, 1.0, 0.0, 0.0, 0.0, 0.0, 1.0, 0.0, 0.0, 0.0, 0.0, 0.0, 1.0, 0.0, 0.0, 1.0, 0.0, 1.0, 1.0, 1.0, 0.0, 0.0, 0.0, 1.0, 0.0, 0.0, 0.0, 1.0, 1.0, 1.0, 1.0, 1.0, 1.0, 0.0, 1.0, 1.0, 0.0, 1.0, 1.0, 0.0, 1.0, 1.0, 1.0, 1.0, 1.0, 0.0, 1.0, 1.0, 0.0, 0.0, 0.0, 1.0, 0.0, 0.0, 1.0, 1.0, 1.0, 1.0, 1.0, 0.0, 1.0, 1.0, 1.0, 1.0, 0.0, 0.0, 1.0, 1.0, 1.0, 0.0, 1.0, 1.0, 0.0, 0.0, 1.0, 1.0, 1.0, 1.0, 1.0, 1.0, 0.0, 1.0, 1.0, 0.0, 0.0, 1.0, 1.0, 1.0, 0.0, 1.0, 1.0, 1.0, 1.0, 1.0, 0.0, 0.0, 0.0, 0.0, 1.0, 0.0, 0.0, 1.0, 1.0, 0.0, 1.0, 0.0, 0.0, 1.0, 0.0, 1.0, 1.0, 1.0, 0.0, 0.0, 1.0, 0.0, 0.0, 0.0, 0.0, 0.0, 1.0, 1.0, 1.0, 1.0, 1.0, 1.0, 0.0, 0.0, 0.0, 0.0, 0.0, 0.0, 1.0, 0.0, 1.0, 1.0, 1.0, 0.0, 0.0, 1.0, 0.0, 0.0, 1.0, 1.0, 0.0, 1.0, 0.0, 1.0, 1.0, 1.0, 0.0, 1.0, 1.0, 1.0, 1.0, 1.0, 0.0, 0.0, 1.0, 0.0, 0.0, 1.0, 1.0, 1.0, 1.0, 1.0, 0.0, 1.0, 0.0, 1.0, 1.0, 0.0, 0.0, 0.0, 1.0, 0.0, 1.0, 0.0, 1.0, 0.0, 0.0, 0.0, 0.0, 1.0, 1.0, 1.0, 0.0, 0.0, 0.0, 0.0, 0.0, 0.0, 1.0, 1.0, 0.0, 1.0, 1.0, 1.0, 0.0, 0.0, 0.0, 1.0, 0.0, 1.0, 0.0, 1.0, 0.0, 1.0, 0.0, 1.0, 0.0, 0.0, 1.0, 0.0, 0.0, 0.0, 1.0, 1.0, 1.0, 0.0, 1.0, 1.0, 0.0, 0.0, 1.0, 1.0, 0.0, 0.0, 1.0, 1.0, 1.0, 0.0, 0.0, 1.0, 0.0, 0.0, 0.0, 0.0, 1.0, 1.0, 1.0, 1.0, 1.0, 1.0, 0.0, 0.0, 0.0, 0.0, 1.0, 0.0, 0.0, 0.0, 0.0, 0.0, 1.0, 1.0, 1.0, 0.0, 0.0, 0.0, 0.0, 1.0, 1.0, 0.0, 0.0, 0.0, 0.0, 0.0, 1.0, 1.0, 0.0, 0.0, 0.0, 0.0, 0.0, 1.0, 0.0, 1.0, 0.0, 0.0, 0.0, 1.0, 0.0, 1.0, 0.0, 0.0, 0.0, 0.0, 0.0, 0.0, 1.0, 0.0, 0.0, 1.0, 1.0, 1.0, 0.0, 0.0, 0.0, 1.0, 1.0, 0.0, 0.0, 1.0, 0.0, 1.0, 0.0, 1.0, 0.0, 1.0, 1.0, 1.0, 1.0, 1.0, 1.0, 1.0, 1.0, 1.0, 0.0, 0.0, 1.0, 0.0, 1.0, 0.0, 1.0, 0.0, 0.0, 0.0, 0.0, 1.0, 1.0, 0.0, 1.0, 0.0, 0.0, 1.0, 0.0, 1.0, 1.0, 1.0, 0.0, 1.0, 1.0, 0.0, 1.0, 0.0, 1.0, 1.0, 0.0, 0.0, 1.0, 0.0, 1.0, 0.0, 0.0, 1.0, 1.0, 1.0, 1.0, 1.0, 0.0, 1.0, 1.0, 1.0, 1.0, 1.0, 1.0, 0.0, 0.0, 0.0, 0.0, 1.0, 0.0, 1.0, 1.0, 0.0, 1.0, 1.0, 1.0, 0.0, 0.0, 0.0, 1.0, 0.0, 0.0, 0.0, 0.0, 0.0, 1.0, 1.0, 0.0, 1.0, 0.0, 0.0, 1.0, 0.0, 0.0, 1.0, 0.0, 1.0, 1.0, 0.0, 1.0, 1.0, 1.0, 1.0, 1.0, 1.0, 0.0, 1.0, 1.0, 1.0, 1.0, 0.0, 0.0, 1.0, 1.0, 0.0, 1.0, 1.0, 1.0, 1.0, 1.0, 0.0, 1.0, 0.0, 0.0, 1.0, 1.0, 0.0, 1.0, 1.0, 1.0, 0.0, 0.0, 1.0, 1.0, 1.0, 1.0, 1.0, 0.0, 1.0, 0.0, 0.0, 1.0, 1.0, 0.0, 1.0, 0.0, 0.0, 1.0, 1.0, 0.0, 0.0, 0.0, 1.0, 1.0, 1.0, 1.0, 0.0, 1.0, 0.0, 1.0, 0.0, 1.0, 1.0, 1.0, 0.0, 1.0, 0.0, 0.0, 1.0, 1.0, 1.0, 0.0, 1.0, 1.0, 1.0, 1.0, 0.0, 0.0, 1.0, 1.0, 1.0, 1.0, 1.0, 0.0, 0.0, 1.0, 0.0, 1.0, 1.0, 1.0, 1.0, 0.0, 1.0, 1.0, 0.0, 0.0, 1.0, 0.0, 1.0, 0.0, 0.0, 1.0, 1.0, 0.0, 0.0, 0.0, 1.0, 1.0, 0.0, 0.0, 1.0, 1.0, 0.0, 0.0, 0.0, 1.0, 0.0, 1.0, 0.0, 1.0, 0.0, 1.0, 0.0, 0.0, 1.0, 0.0, 0.0, 1.0, 0.0, 1.0, 1.0, 1.0, 1.0, 1.0, 0.0, 0.0, 1.0, 0.0, 1.0, 1.0, 1.0, 1.0, 1.0, 0.0, 1.0, 0.0, 1.0, 0.0, 1.0, 0.0, 0.0, 1.0, 0.0, 1.0, 0.0, 1.0, 1.0, 0.0, 1.0, 0.0, 0.0, 1.0, 1.0, 1.0, 0.0, 0.0, 0.0, 0.0, 1.0, 0.0, 0.0, 1.0, 0.0, 1.0, 0.0, 0.0, 1.0, 1.0, 1.0, 0.0, 1.0, 0.0, 0.0, 1.0, 1.0, 1.0, 0.0, 0.0, 0.0, 0.0, 1.0, 0.0, 0.0, 0.0, 0.0, 0.0, 1.0, 0.0, 0.0, 1.0, 0.0, 0.0, 1.0, 0.0, 1.0, 0.0, 0.0, 1.0, 0.0, 0.0, 1.0, 0.0, 0.0, 1.0, 0.0, 1.0, 1.0, 0.0, 0.0, 1.0, 1.0, 1.0, 0.0, 1.0, 0.0, 0.0, 1.0, 0.0, 1.0, 0.0, 1.0, 1.0, 1.0, 0.0, 1.0, 1.0, 1.0, 1.0, 1.0, 0.0, 0.0, 1.0, 1.0, 0.0, 1.0, 0.0, 1.0, 1.0, 0.0, 0.0, 1.0, 1.0, 0.0, 0.0, 1.0, 0.0, 0.0, 0.0, 0.0, 1.0, 0.0, 1.0, 0.0, 0.0, 1.0, 1.0, 1.0, 0.0, 0.0, 1.0, 0.0, 1.0, 0.0, 1.0, 0.0, 1.0, 1.0, 1.0, 0.0, 1.0, 0.0, 0.0, 0.0, 1.0, 0.0, 1.0, 1.0, 1.0, 0.0, 0.0, 0.0, 1.0, 1.0, 0.0, 0.0, 1.0, 1.0, 1.0, 1.0, 1.0, 0.0, 1.0, 1.0, 0.0, 1.0, 0.0, 1.0, 1.0, 1.0, 0.0, 0.0, 0.0, 0.0, 1.0, 0.0, 0.0, 1.0, 1.0, 1.0, 0.0, 0.0, 0.0, 1.0, 0.0, 0.0, 1.0, 0.0, 0.0, 1.0, 1.0, 1.0, 0.0, 1.0, 1.0, 1.0, 1.0, 1.0, 0.0, 0.0, 0.0, 0.0, 1.0, 0.0, 0.0, 1.0, 1.0, 0.0, 1.0, 0.0, 1.0, 1.0, 1.0, 1.0, 1.0, 0.0, 0.0, 0.0, 0.0, 1.0, 0.0, 1.0, 1.0, 1.0, 0.0, 0.0, 1.0, 0.0, 0.0, 0.0, 0.0, 1.0, 1.0, 1.0, 1.0, 1.0, 1.0, 0.0, 1.0, 1.0, 1.0, 0.0, 0.0, 1.0, 0.0, 0.0, 0.0, 0.0, 1.0, 1.0, 0.0, 1.0, 0.0, 0.0, 1.0, 0.0, 1.0, 0.0, 1.0, 0.0, 0.0, 1.0, 1.0, 1.0, 1.0, 0.0, 0.0, 0.0, 0.0, 1.0, 1.0, 0.0, 1.0, 0.0, 0.0, 0.0, 0.0, 0.0, 1.0, 1.0, 0.0, 1.0, 0.0, 0.0, 1.0, 1.0, 1.0, 1.0, 0.0, 0.0, 0.0, 1.0, 0.0, 0.0, 0.0, 0.0, 0.0, 1.0, 0.0, 1.0, 0.0, 0.0, 1.0, 0.0, 0.0, 1.0, 1.0, 0.0, 1.0, 1.0, 0.0, 1.0, 1.0, 1.0, 0.0, 0.0, 1.0, 0.0, 1.0, 1.0, 1.0, 1.0, 1.0, 0.0, 0.0, 0.0, 0.0, 1.0, 1.0, 0.0, 1.0, 0.0, 1.0, 1.0, 0.0, 0.0, 1.0, 0.0, 1.0, 0.0, 0.0, 0.0, 0.0, 1.0, 0.0, 1.0, 1.0, 1.0, 1.0, 1.0, 1.0, 0.0, 0.0, 0.0, 0.0, 1.0, 0.0, 1.0, 0.0, 1.0, 1.0, 1.0, 0.0, 0.0, 0.0, 0.0, 1.0, 1.0, 1.0, 1.0, 0.0, 0.0, 1.0, 0.0, 1.0, 0.0, 0.0, 0.0, 1.0, 0.0, 0.0, 1.0, 0.0, 0.0, 1.0, 1.0, 1.0, 0.0, 1.0, 1.0, 1.0, 1.0, 1.0, 0.0, 1.0, 0.0, 0.0, 1.0, 0.0, 1.0, 1.0, 1.0, 1.0, 0.0, 1.0, 1.0, 0.0, 0.0, 0.0, 1.0, 0.0, 1.0, 0.0, 0.0, 0.0, 1.0, 1.0, 1.0, 0.0, 1.0, 0.0, 1.0, 1.0, 0.0, 1.0, 0.0, 0.0, 0.0, 0.0, 1.0, 1.0, 0.0, 1.0, 0.0, 0.0, 0.0, 1.0, 1.0, 0.0, 0.0, 0.0, 0.0, 1.0, 0.0, 1.0, 0.0, 1.0, 0.0, 0.0, 1.0, 1.0, 1.0, 1.0, 0.0, 0.0, 1.0, 1.0, 0.0, 1.0, 1.0, 1.0, 0.0, 0.0, 1.0, 1.0, 1.0, 1.0, 1.0, 1.0, 1.0, 0.0, 0.0, 1.0, 0.0, 1.0, 1.0, 1.0, 1.0, 1.0, 0.0, 0.0, 0.0, 1.0, 0.0, 0.0, 0.0, 1.0, 0.0, 1.0, 1.0, 1.0, 0.0, 0.0, 1.0, 0.0, 1.0, 1.0, 0.0, 0.0, 0.0, 1.0, 1.0, 0.0, 1.0, 1.0, 1.0, 0.0, 1.0, 0.0, 1.0, 0.0, 0.0, 1.0, 1.0, 0.0, 0.0, 0.0, 0.0, 1.0, 1.0, 0.0, 0.0, 0.0, 1.0, 1.0, 1.0, 0.0, 1.0, 1.0, 0.0, 0.0, 0.0, 1.0, 0.0, 1.0, 0.0, 1.0, 1.0, 0.0, 1.0, 0.0, 1.0, 1.0, 1.0, 0.0, 0.0, 1.0, 1.0, 0.0, 0.0, 0.0, 0.0, 1.0, 0.0, 0.0, 0.0, 0.0, 1.0, 0.0, 0.0, 0.0, 0.0, 1.0, 0.0, 0.0, 0.0, 0.0, 1.0, 0.0, 1.0, 0.0, 1.0, 1.0, 0.0, 0.0, 1.0, 0.0, 1.0, 1.0, 0.0, 1.0, 1.0, 1.0, 0.0, 0.0, 0.0, 0.0, 0.0, 1.0, 0.0, 1.0, 1.0, 1.0, 0.0, 1.0, 1.0, 1.0, 1.0, 1.0, 1.0, 1.0, 1.0, 1.0, 1.0, 1.0, 1.0, 1.0, 1.0, 1.0, 1.0, 0.0, 0.0, 1.0, 0.0, 0.0, 1.0, 1.0, 1.0, 0.0, 1.0, 0.0, 0.0, 0.0, 0.0, 1.0, 1.0, 1.0, 1.0, 0.0, 0.0, 1.0, 0.0, 1.0, 1.0, 0.0, 1.0, 1.0, 1.0, 1.0, 0.0, 0.0, 0.0, 0.0, 1.0, 1.0, 0.0, 1.0, 1.0, 1.0, 0.0, 0.0, 1.0, 1.0, 0.0, 0.0, 0.0, 1.0, 0.0, 0.0, 1.0, 1.0, 1.0, 1.0, 1.0, 1.0, 1.0, 0.0, 1.0, 1.0, 1.0, 1.0, 0.0, 1.0, 1.0, 0.0, 0.0, 0.0, 0.0, 0.0, 0.0, 0.0, 0.0, 0.0, 0.0, 1.0, 1.0, 1.0, 0.0, 1.0, 1.0, 1.0, 0.0, 1.0, 1.0, 0.0, 0.0, 1.0, 0.0, 1.0, 1.0, 1.0, 0.0, 0.0, 0.0, 0.0, 0.0, 0.0, 0.0, 0.0, 1.0, 1.0, 0.0, 0.0, 1.0, 1.0, 1.0, 0.0, 0.0, 1.0, 0.0, 1.0, 0.0, 0.0, 1.0, 0.0, 0.0, 0.0, 1.0, 0.0, 1.0, 1.0, 1.0, 0.0, 0.0, 0.0, 0.0, 0.0, 1.0, 0.0, 0.0, 0.0, 1.0, 1.0, 0.0, 0.0, 0.0, 0.0, 1.0, 0.0, 0.0, 0.0, 0.0, 0.0, 1.0, 1.0, 0.0, 1.0, 0.0, 0.0, 1.0, 1.0, 0.0, 1.0, 1.0, 0.0, 0.0, 1.0, 1.0, 0.0, 1.0, 1.0, 1.0, 1.0, 1.0, 1.0, 0.0, 0.0, 0.0, 1.0, 0.0, 0.0, 0.0, 0.0, 0.0, 0.0, 0.0, 0.0, 1.0, 1.0, 0.0, 1.0, 0.0, 1.0, 0.0, 1.0, 0.0, 1.0, 1.0, 0.0, 0.0, 1.0, 1.0, 0.0, 1.0, 0.0, 0.0, 1.0, 0.0, 1.0, 0.0, 1.0, 0.0, 1.0, 0.0, 1.0, 0.0, 1.0, 1.0, 1.0, 0.0, 0.0, 0.0, 0.0, 0.0, 0.0, 0.0, 1.0, 0.0, 0.0, 1.0, 1.0, 0.0, 0.0, 0.0, 0.0, 1.0, 1.0, 1.0, 1.0, 0.0, 1.0, 0.0, 0.0, 1.0, 0.0, 0.0, 0.0, 0.0, 0.0, 1.0, 1.0, 0.0, 1.0, 1.0, 0.0, 0.0, 1.0, 1.0, 0.0, 0.0, 0.0, 0.0, 0.0, 0.0, 1.0, 1.0, 0.0, 0.0, 0.0, 0.0, 0.0, 1.0, 1.0, 1.0, 1.0, 0.0, 1.0, 0.0, 1.0, 0.0, 1.0, 0.0, 0.0, 1.0, 0.0, 0.0, 1.0, 0.0, 0.0, 0.0, 0.0, 1.0, 1.0, 0.0, 0.0, 1.0, 1.0, 1.0, 1.0, 0.0, 0.0, 0.0, 1.0, 1.0, 0.0, 1.0, 0.0, 1.0, 0.0, 1.0, 0.0, 1.0, 0.0, 0.0, 0.0, 1.0, 1.0, 1.0, 1.0, 1.0, 1.0, 0.0, 0.0, 0.0, 1.0, 1.0, 0.0, 1.0, 0.0, 0.0, 1.0, 0.0, 1.0, 0.0, 0.0, 0.0, 1.0, 0.0, 1.0, 0.0, 1.0, 0.0, 1.0, 0.0, 1.0, 1.0, 1.0, 1.0, 0.0, 0.0, 0.0, 1.0, 0.0, 1.0, 0.0, 0.0, 0.0, 0.0, 1.0, 1.0, 0.0, 1.0, 1.0, 0.0, 1.0, 0.0, 1.0, 1.0, 0.0, 0.0, 0.0, 1.0, 1.0, 0.0, 1.0, 0.0, 1.0, 1.0, 1.0, 1.0, 0.0, 1.0, 1.0, 1.0, 0.0, 0.0, 1.0, 0.0, 0.0, 1.0, 0.0, 1.0, 0.0, 1.0, 0.0, 1.0, 0.0, 0.0, 1.0, 0.0, 1.0, 0.0, 1.0, 0.0, 1.0, 0.0, 0.0, 1.0, 1.0, 1.0, 1.0, 0.0, 1.0, 0.0, 1.0, 0.0, 1.0, 0.0, 0.0, 1.0, 1.0, 1.0, 0.0, 1.0, 1.0, 0.0, 1.0, 0.0, 0.0, 1.0, 0.0, 0.0, 0.0, 1.0, 1.0, 1.0, 0.0, 1.0, 0.0, 1.0, 0.0, 1.0, 1.0, 1.0, 0.0, 1.0, 0.0, 0.0, 1.0, 1.0, 1.0, 0.0, 0.0, 0.0, 1.0, 1.0, 1.0, 1.0, 0.0, 0.0, 0.0, 0.0, 1.0, 1.0, 1.0, 1.0, 1.0, 1.0, 0.0, 1.0, 0.0, 0.0, 1.0, 1.0, 0.0, 0.0, 1.0, 0.0, 1.0, 1.0, 0.0, 0.0, 1.0, 0.0, 1.0, 0.0, 1.0, 0.0, 1.0, 1.0, 1.0, 0.0, 0.0, 0.0, 1.0, 1.0, 1.0, 0.0, 1.0, 0.0, 0.0, 1.0, 1.0, 1.0, 1.0, 1.0, 0.0, 0.0, 1.0, 0.0, 0.0, 0.0, 1.0, 0.0, 1.0, 1.0, 1.0, 0.0, 0.0, 0.0, 1.0, 1.0, 1.0, 1.0, 1.0, 0.0, 0.0, 1.0, 1.0, 1.0, 0.0, 1.0, 0.0, 0.0, 0.0, 0.0, 0.0, 1.0, 1.0, 1.0, 0.0, 1.0, 0.0, 0.0, 0.0, 1.0, 1.0, 0.0, 0.0, 1.0, 0.0, 0.0, 0.0, 1.0, 1.0, 0.0, 0.0, 0.0, 1.0, 0.0, 1.0, 0.0, 1.0, 1.0, 0.0, 1.0, 1.0, 1.0, 1.0, 1.0, 1.0, 1.0, 1.0, 0.0, 0.0, 1.0, 0.0, 0.0, 0.0, 0.0, 1.0, 1.0, 0.0, 1.0, 1.0, 1.0, 1.0, 0.0, 0.0, 0.0, 1.0, 1.0, 0.0, 0.0, 1.0, 1.0, 0.0, 0.0, 1.0, 1.0, 0.0, 0.0, 0.0, 1.0, 1.0, 0.0, 0.0, 0.0, 1.0, 1.0, 1.0, 0.0, 1.0, 1.0, 0.0, 1.0, 1.0, 0.0, 0.0, 0.0, 0.0, 1.0, 1.0, 1.0, 0.0, 0.0, 0.0, 1.0, 1.0, 1.0, 0.0, 1.0, 1.0, 0.0, 0.0, 1.0, 0.0, 1.0, 1.0, 1.0, 1.0, 0.0, 0.0, 1.0, 0.0, 1.0, 0.0, 0.0, 1.0, 0.0, 0.0, 1.0, 0.0, 1.0, 1.0, 1.0, 1.0, 0.0, 1.0, 0.0, 1.0, 0.0, 1.0, 0.0, 0.0, 0.0, 1.0, 0.0, 0.0, 1.0, 0.0, 0.0, 0.0, 0.0, 0.0, 1.0, 1.0, 1.0, 0.0, 0.0, 1.0, 1.0, 0.0, 1.0, 0.0, 0.0, 1.0, 0.0, 1.0, 0.0, 1.0, 0.0, 0.0, 1.0, 0.0, 1.0, 0.0, 1.0, 1.0, 1.0, 1.0, 0.0, 0.0, 0.0, 0.0, 1.0, 0.0, 1.0, 1.0, 0.0, 0.0, 0.0, 1.0, 1.0, 0.0, 0.0, 0.0, 0.0, 1.0, 0.0, 1.0, 1.0, 0.0, 1.0, 0.0, 0.0, 0.0, 0.0, 1.0, 1.0, 0.0, 0.0, 0.0, 0.0, 1.0, 0.0, 0.0, 1.0, 1.0, 0.0, 1.0, 0.0, 1.0, 1.0, 0.0, 0.0, 0.0, 1.0, 0.0, 0.0, 0.0, 1.0, 0.0, 0.0, 0.0, 0.0, 1.0, 0.0, 1.0, 1.0, 1.0, 0.0, 1.0, 1.0, 1.0, 1.0, 0.0, 1.0, 1.0, 0.0, 1.0, 1.0, 1.0, 1.0, 0.0, 1.0, 1.0, 1.0, 0.0, 1.0, 1.0, 1.0, 1.0, 0.0, 0.0, 1.0, 0.0, 1.0, 1.0, 0.0, 0.0, 0.0, 1.0, 1.0, 1.0, 1.0, 0.0, 0.0, 1.0, 1.0, 1.0, 1.0, 1.0, 0.0, 0.0, 0.0, 1.0, 1.0, 0.0, 1.0, 1.0, 1.0, 1.0, 0.0, 1.0, 1.0, 1.0, 0.0, 0.0, 0.0, 1.0, 0.0, 0.0, 1.0, 1.0, 0.0, 1.0, 1.0, 0.0, 1.0, 0.0, 1.0, 0.0, 0.0, 0.0, 0.0, 0.0, 1.0, 0.0, 0.0, 1.0, 1.0, 1.0, 0.0, 1.0, 0.0, 0.0, 0.0, 1.0, 1.0, 1.0, 1.0, 0.0, 0.0, 0.0, 1.0, 1.0, 0.0, 0.0, 1.0, 1.0, 1.0, 1.0, 0.0, 0.0, 1.0, 0.0, 1.0, 1.0, 1.0, 0.0, 1.0, 0.0, 1.0, 0.0, 0.0, 1.0, 1.0, 0.0, 1.0, 1.0, 1.0, 1.0, 0.0, 0.0, 0.0, 1.0, 1.0, 1.0, 0.0, 0.0, 0.0, 0.0, 0.0, 0.0, 0.0, 0.0, 1.0, 1.0, 0.0, 1.0, 0.0, 1.0, 0.0, 0.0, 1.0, 0.0, 1.0, 0.0, 0.0, 0.0, 0.0, 0.0, 1.0, 0.0, 0.0, 0.0, 1.0, 0.0, 1.0, 0.0, 0.0, 1.0, 0.0, 0.0, 1.0, 0.0, 1.0, 1.0, 0.0, 0.0, 1.0, 0.0, 1.0, 0.0, 1.0, 0.0, 0.0, 1.0, 0.0, 0.0, 1.0, 0.0, 0.0, 0.0, 0.0, 0.0, 0.0, 0.0, 0.0, 0.0, 1.0, 1.0, 1.0, 1.0, 1.0, 1.0, 0.0, 1.0, 1.0, 1.0, 0.0, 0.0, 1.0, 1.0, 1.0, 1.0, 0.0, 1.0, 0.0, 0.0, 1.0, 1.0, 0.0, 0.0, 1.0, 1.0, 1.0, 0.0, 0.0, 0.0, 1.0, 0.0, 1.0, 0.0, 1.0, 1.0, 1.0, 1.0, 0.0, 1.0, 0.0, 0.0, 0.0, 0.0, 0.0, 0.0, 1.0, 1.0, 1.0, 1.0, 0.0, 0.0, 0.0, 1.0, 1.0, 0.0, 1.0, 0.0, 1.0, 0.0, 0.0, 1.0, 0.0, 1.0, 0.0, 0.0, 1.0, 1.0, 0.0, 0.0, 0.0, 1.0, 0.0, 0.0, 0.0, 0.0, 1.0, 0.0, 1.0, 0.0, 1.0, 0.0, 0.0, 0.0, 0.0, 1.0, 0.0, 1.0, 0.0, 0.0, 1.0, 0.0, 1.0, 0.0, 0.0, 1.0, 0.0, 0.0, 1.0, 0.0, 0.0, 1.0, 1.0, 0.0, 1.0, 1.0, 1.0, 0.0, 1.0, 1.0, 1.0, 1.0, 1.0, 0.0, 0.0, 1.0, 1.0, 0.0, 1.0, 0.0, 1.0, 0.0, 1.0, 1.0, 1.0, 0.0, 0.0, 1.0, 1.0, 1.0, 1.0, 0.0, 1.0, 1.0, 1.0, 0.0, 1.0, 1.0, 1.0, 0.0, 1.0, 1.0, 0.0, 1.0, 1.0, 1.0, 0.0, 0.0, 0.0, 1.0, 0.0, 0.0, 0.0, 0.0, 0.0, 1.0, 1.0, 1.0, 0.0, 0.0, 0.0, 0.0, 1.0, 1.0, 0.0, 0.0, 0.0, 0.0, 0.0, 1.0, 0.0, 1.0, 0.0, 1.0, 1.0, 1.0, 0.0, 1.0, 0.0, 1.0, 0.0, 0.0, 1.0, 1.0, 0.0, 0.0, 0.0, 1.0, 0.0, 1.0, 0.0, 0.0, 0.0, 1.0, 0.0, 0.0, 0.0, 1.0, 1.0, 1.0, 0.0, 1.0, 0.0, 1.0, 0.0, 0.0, 0.0, 1.0, 0.0, 1.0, 1.0, 0.0, 1.0, 0.0, 0.0, 1.0, 0.0, 0.0, 0.0, 1.0, 0.0, 1.0, 0.0, 1.0, 0.0, 0.0, 1.0, 0.0, 0.0, 1.0, 1.0, 0.0, 1.0, 1.0, 0.0, 1.0, 1.0, 1.0, 0.0, 0.0, 1.0, 0.0, 1.0, 1.0, 1.0, 0.0, 1.0, 0.0, 0.0, 0.0, 0.0, 1.0, 1.0, 0.0, 1.0, 1.0, 1.0, 1.0, 0.0, 1.0, 0.0, 1.0, 1.0, 0.0, 0.0, 1.0, 0.0, 0.0, 0.0, 1.0, 1.0, 0.0, 0.0, 0.0, 0.0, 0.0, 1.0, 0.0, 0.0, 0.0, 1.0, 1.0, 0.0, 0.0, 1.0, 0.0, 0.0, 1.0, 1.0, 0.0, 1.0, 1.0, 0.0, 0.0, 1.0, 0.0, 1.0, 0.0, 0.0, 1.0, 1.0, 1.0, 0.0, 1.0, 1.0, 1.0, 1.0, 0.0, 1.0, 1.0, 0.0, 0.0, 1.0, 0.0, 1.0, 1.0, 1.0, 1.0, 0.0, 0.0, 1.0, 0.0, 0.0, 1.0, 0.0, 1.0, 0.0, 1.0, 0.0, 1.0, 0.0, 1.0, 1.0, 1.0, 1.0, 1.0, 1.0, 1.0, 1.0, 0.0, 0.0, 1.0, 0.0, 1.0, 0.0, 1.0, 0.0, 1.0, 1.0, 1.0, 0.0, 1.0, 1.0, 1.0, 0.0, 0.0, 0.0, 0.0, 1.0, 0.0, 1.0, 1.0, 0.0, 1.0, 0.0, 1.0, 0.0, 0.0, 1.0, 0.0, 0.0, 0.0, 0.0, 0.0, 0.0, 1.0, 0.0, 1.0, 1.0, 0.0, 1.0, 0.0, 1.0, 1.0, 0.0, 0.0, 0.0, 1.0, 1.0, 0.0, 0.0, 0.0, 1.0, 1.0, 0.0, 1.0, 1.0, 0.0, 0.0, 0.0, 1.0, 0.0, 1.0, 0.0, 1.0, 0.0, 0.0, 0.0, 1.0, 0.0, 1.0, 1.0, 0.0, 1.0, 0.0, 0.0, 0.0, 0.0, 0.0, 1.0, 0.0, 1.0, 1.0, 0.0, 0.0, 0.0, 1.0, 0.0, 1.0, 1.0, 0.0, 1.0, 1.0, 0.0, 0.0, 0.0, 1.0, 1.0, 1.0, 0.0, 1.0, 1.0, 1.0, 1.0, 0.0, 0.0, 1.0, 0.0, 1.0, 0.0, 1.0, 1.0, 1.0, 1.0, 0.0, 1.0, 1.0, 0.0, 0.0, 0.0, 1.0, 1.0, 1.0, 1.0, 0.0, 0.0, 0.0, 0.0, 1.0, 0.0, 0.0, 1.0, 0.0, 1.0, 0.0, 1.0, 1.0, 0.0, 1.0, 0.0, 1.0, 0.0, 1.0, 1.0, 0.0, 1.0, 0.0, 0.0, 0.0, 1.0, 1.0, 1.0, 1.0, 0.0, 0.0, 0.0, 0.0, 0.0, 0.0, 1.0, 0.0, 1.0, 0.0, 1.0, 0.0, 0.0, 1.0, 0.0, 1.0, 1.0, 0.0, 0.0, 1.0, 1.0, 1.0, 0.0, 0.0, 0.0, 0.0, 0.0, 0.0, 0.0, 1.0, 0.0, 0.0, 0.0, 0.0, 1.0, 1.0, 1.0, 1.0, 0.0, 0.0, 0.0, 0.0, 1.0, 1.0, 1.0, 0.0, 1.0, 0.0, 1.0, 0.0, 0.0, 1.0, 1.0, 1.0, 0.0, 1.0, 1.0, 1.0, 1.0, 0.0, 0.0, 0.0, 0.0, 0.0, 0.0, 1.0, 0.0, 0.0, 1.0, 1.0, 0.0, 1.0, 1.0, 0.0, 1.0, 1.0, 0.0, 1.0, 0.0, 1.0, 0.0, 0.0, 1.0, 0.0, 1.0, 1.0, 1.0, 0.0, 0.0, 1.0, 0.0, 0.0, 1.0, 0.0, 1.0, 0.0, 0.0, 0.0, 1.0, 0.0, 0.0, 0.0, 0.0, 0.0, 1.0, 0.0, 1.0, 1.0, 0.0, 1.0, 1.0, 1.0, 1.0, 1.0, 1.0, 1.0, 1.0, 1.0, 0.0, 1.0, 1.0, 0.0, 1.0, 1.0, 0.0, 0.0, 1.0, 1.0, 1.0, 1.0, 0.0, 0.0, 0.0, 0.0, 1.0, 0.0, 1.0, 0.0, 1.0, 0.0, 1.0, 1.0]","['lNONHSAG000047', 'lNONHSAG000769', 'lNONHSAG001278', 'lNONHSAG002731', 'lNONHSAG003957', 'lNONHSAG004026', 'lNONHSAG004305', 'lNONHSAG005728', 'lNONHSAG006049', 'lNONHSAG006633', 'lNONHSAG007430', 'lNONHSAG007431', 'lNONHSAG008589', 'lNONHSAG008670', 'lNONHSAG008952', 'lNONHSAG009039', 'lNONHSAG009059', 'lNONHSAG009062', 'lNONHSAG009134', 'lNONHSAG010657', 'lNONHSAG011086', 'lNONHSAG011375', 'lNONHSAG012751', 'lNONHSAG013992', 'lNONHSAG014546', 'lNONHSAG014891', 'lNONHSAG017254', 'lNONHSAG017282', 'lNONHSAG017666', 'lNONHSAG017767', 'lNONHSAG018053', 'lNONHSAG018110', 'lNONHSAG018236', 'lNONHSAG018586', 'lNONHSAG019667', 'lNONHSAG019767', 'lNONHSAG019852', 'lNONHSAG020075', 'lNONHSAG020259', 'lNONHSAG020361', 'lNONHSAG020382', 'lNONHSAG020760', 'lNONHSAG021909', 'lNONHSAG022551', 'lNONHSAG022579', 'lNONHSAG023375', 'lNONHSAG023668', 'lNONHSAG024117', 'lNONHSAG024391', 'lNONHSAG024540', 'lNONHSAG024905', 'lNONHSAG024908', 'lNONHSAG024979', 'lNONHSAG025135', 'lNONHSAG025744', 'lNONHSAG025907', 'lNONHSAG026721', 'lNONHSAG027374', 'lNONHSAG027618', 'lNONHSAG027874', 'lNONHSAG029960', 'lNONHSAG030440', 'lNONHSAG030525', 'lNONHSAG030738', 'lNONHSAG031261', 'lNONHSAG031453', 'lNONHSAG031991', 'lNONHSAG032267', 'lNONHSAG032724', 'lNONHSAG033168', 'lNONHSAG033528', 'lNONHSAG034217', 'lNONHSAG034527', 'lNONHSAG034801', 'lNONHSAG035262', 'lNONHSAG035914', 'lNONHSAG035916', 'lNONHSAG035923', 'lNONHSAG040241', 'lNONHSAG040269', 'lNONHSAG040444', 'lNONHSAG040909', 'lNONHSAG040969', 'lNONHSAG041966', 'lNONHSAG042855', 'lNONHSAG042991', 'lNONHSAG043138', 'lNONHSAG043592', 'lNONHSAG044350', 'lNONHSAG045306', 'lNONHSAG046839', 'lNONHSAG047725', 'lNONHSAG047851', 'lNONHSAG048302', 'lNONHSAG049901', 'lNONHSAG050073', 'lNONHSAG050284', 'lNONHSAG050929', 'lNONHSAG051196', 'lNONHSAG051245', 'lNONHSAG051250', 'lNONHSAG051454', 'lNONHSAG052179', 'lNONHSAG052491', 'lNONHSAG052492', 'lNONHSAG053590', 'lNONHSAG054717', 'lNONHSAG056025', 'lNONHSAG057260', 'lNONHSAG059768', 'lNONHSAG064962', 'lNONHSAG069876', 'lNONHSAG072176', 'lNONHSAG073380', 'lNONHSAG073786', 'lNONHSAG077551', 'lNONHSAG091452', 'lNONHSAG103817', 'lENSG00000163364', 'lENSG00000179406', 'lENSG00000189295', 'lENSG00000229335', 'lENSG00000231473', 'lENSG00000233532', 'lENSG00000235385', 'lENSG00000247400', 'lENSG00000249835', 'lENSG00000249993', 'lENSG00000253315', 'lENSG00000254480', 'lENSG00000267440', 'lENSG00000267858', 'lENSG00000269939', 'lENSG00000270344', 'lENSG00000270959', 'lENSG00000286737', 'lENSG00000288080', 'lADAMTS9-AS2', 'lHEIH', 'lJRK', 'lKTN1-AS1', 'lLINC00240', 'lLINC00333', 'lLINC00472', 'lMIR31HG', 'lCTD-2540L5.5', 'lRP11-123O10.4', 'lRP11-24P14.1', 'lRP11-305P14.1', 'lRP4-756H11.3', 'lXXbac-BPG300A18.13', 'lNONHSAG001171', 'lNONHSAG001258', 'lNONHSAG001435', 'lNONHSAG002403', 'lNONHSAG002816', 'lNONHSAG003810', 'lNONHSAG005679', 'lNONHSAG005717', 'lNONHSAG005842', 'lNONHSAG005853', 'lNONHSAG005857', 'lNONHSAG005939', 'lNONHSAG005985', 'lNONHSAG006012', 'lNONHSAG006103', 'lNONHSAG006183', 'lNONHSAG006324', 'lNONHSAG006434', 'lNONHSAG006440', 'lNONHSAG006586', 'lNONHSAG006716', 'lNONHSAG006750', 'lNONHSAG006883', 'lNONHSAG007087', 'lNONHSAG007155', 'lNONHSAG007172', 'lNONHSAG007259', 'lNONHSAG007298', 'lNONHSAG007574', 'lENSG00000203472', 'lENSG00000219410', 'lENSG00000223563', 'lENSG00000224095', 'lENSG00000224330', 'lENSG00000224844', 'lENSG00000224972', 'lENSG00000225929', 'lENSG00000226143', 'lENSG00000226398', 'lENSG00000227330', 'lENSG00000227482', 'lENSG00000227718', 'lENSG00000228215', 'lENSG00000228372', 'lENSG00000229152', 'lENSG00000230121', 'lENSG00000230483', 'lENSG00000230668', 'lENSG00000230826', 'lENSG00000230912', 'lENSG00000231114', 'lENSG00000231413', 'lENSG00000231440', 'lENSG00000231681', 'lENSG00000232328', 'lENSG00000232746', 'lENSG00000234055', 'lENSG00000234172', 'lENSG00000234653', 'lENSG00000235086', 'lENSG00000235635', 'lENSG00000236326', 'lENSG00000236662', 'lENSG00000236921', 'lENSG00000236951', 'lENSG00000236953', 'lENSG00000237477', 'lENSG00000238291', 'lENSG00000239415', 'lENSG00000242545', 'lENSG00000242618', 'lENSG00000243961', 'lENSG00000244461', 'lENSG00000248245', 'lENSG00000248935', 'lENSG00000249071', 'lENSG00000249099', 'lENSG00000249706', 'lENSG00000249892', 'lENSG00000250186', 'lENSG00000250665', 'lENSG00000250866', 'lENSG00000251414', 'lENSG00000253627', 'lENSG00000253722', 'lENSG00000253782', 'lENSG00000254559', 'lENSG00000254563', 'lENSG00000254592', 'lENSG00000254879', 'lENSG00000254913', 'lENSG00000254972', 'lENSG00000255555', 'lENSG00000256568', 'lENSG00000257105', 'lENSG00000257470', 'lENSG00000258185', 'lENSG00000258210', 'lENSG00000258220', 'lENSG00000258379', 'lENSG00000258451', 'lENSG00000259026', 'lENSG00000259223', 'lENSG00000259342', 'lENSG00000259351', 'lENSG00000259659', 'lENSG00000260158', 'lENSG00000260970', 'lENSG00000261432', 'lENSG00000261569', 'lENSG00000261838', 'lENSG00000262298', 'lENSG00000262533', 'lENSG00000264486', 'lENSG00000264520', 'lENSG00000264577', 'lENSG00000265400', 'lENSG00000266341', 'lENSG00000266651', 'lENSG00000266844', 'lENSG00000267255', 'lENSG00000267354', 'lENSG00000267387', 'lENSG00000267665', 'lENSG00000267838', 'lENSG00000268240', 'lENSG00000269321', 'lENSG00000269656', 'lENSG00000269867', 'lENSG00000270996', 'lENSG00000271763', 'lENSG00000272159', 'lENSG00000272814', 'lENSG00000273568', 'lENSG00000274624', 'lENSG00000275401', 'lENSG00000275576', 'lENSG00000276668', 'lENSG00000278202', 'lENSG00000279088', 'lENSG00000279240', 'lENSG00000284513', 'lENSG00000285325', 'lENSG00000285857', 'lENSG00000285998', 'lENSG00000286010', 'lENSG00000286670', 'lENSG00000286698', 'lENSG00000286803', 'lENSG00000286850', 'lENSG00000287028', 'lENSG00000287030', 'lENSG00000287202', 'lENSG00000287366', 'lENSG00000287462', 'lENSG00000287550', 'lENSG00000287587', 'lENSG00000287684', 'lENSG00000223379', 'lENSG00000232636', 'lENSG00000233987', 'lENSG00000234998', 'lENSG00000236453', 'lENSG00000242375', 'lENSG00000248991', 'lENSG00000250567', 'lENSG00000251654', 'lENSG00000257962', 'lENSG00000258386', 'lENSG00000259209', 'lENSG00000267081', 'lENSG00000265556']","[1.0, 0.0, 0.0, 1.0, 1.0, 0.0, 0.0, 1.0, 1.0, 1.0, 0.0, 0.0, 0.0, 1.0, 1.0, 1.0, 0.0, 0.0, 1.0, 0.0, 1.0, 1.0, 0.0, 0.0, 1.0, 1.0, 1.0, 1.0, 0.0, 1.0, 1.0, 1.0, 1.0, 1.0, 0.0, 0.0, 1.0, 1.0, 1.0, 0.0, 0.0, 0.0, 0.0, 0.0, 1.0, 0.0, 1.0, 0.0, 1.0, 1.0, 0.0, 1.0, 0.0, 0.0, 0.0, 0.0, 1.0, 1.0, 1.0, 0.0, 1.0, 0.0, 1.0, 0.0, 0.0, 0.0, 0.0, 0.0, 1.0, 0.0, 0.0, 0.0, 1.0, 0.0, 1.0, 0.0, 0.0, 0.0, 0.0, 1.0, 1.0, 1.0, 1.0, 1.0, 0.0, 0.0, 0.0, 1.0, 1.0, 1.0, 0.0, 0.0, 1.0, 1.0, 0.0, 0.0, 1.0, 0.0, 0.0, 0.0, 1.0, 0.0, 1.0, 1.0, 1.0, 1.0, 0.0, 0.0, 1.0, 1.0, 1.0, 1.0, 1.0, 0.0, 1.0, 0.0, 1.0, 1.0, 1.0, 0.0, 1.0, 1.0, 0.0, 0.0, 0.0, 0.0, 1.0, 1.0, 1.0, 1.0, 1.0, 1.0, 0.0, 1.0, 1.0, 0.0, 0.0, 1.0, 0.0, 1.0, 0.0, 1.0, 1.0, 1.0, 0.0, 0.0, 1.0, 0.0, 1.0, 0.0, 1.0, 0.0, 0.0, 1.0, 1.0, 0.0, 0.0, 0.0, 0.0, 0.0, 0.0, 1.0, 0.0, 1.0, 1.0, 0.0, 1.0, 0.0, 1.0, 0.0, 0.0, 0.0, 0.0, 0.0, 1.0, 0.0, 0.0, 1.0, 1.0, 1.0, 1.0, 0.0, 1.0, 0.0, 0.0, 0.0, 0.0, 0.0, 1.0, 1.0, 1.0, 1.0, 0.0, 0.0, 0.0, 1.0, 1.0, 0.0, 0.0, 0.0, 1.0, 1.0, 0.0, 1.0, 0.0, 0.0, 0.0, 0.0, 0.0, 0.0, 1.0, 0.0, 0.0, 1.0, 1.0, 1.0, 0.0, 0.0, 0.0, 1.0, 1.0, 0.0, 0.0, 0.0, 1.0, 1.0, 0.0, 0.0, 0.0, 0.0, 0.0, 0.0, 1.0, 1.0, 1.0, 0.0, 1.0, 0.0, 0.0, 1.0, 0.0, 0.0, 1.0, 0.0, 1.0, 1.0, 1.0, 1.0, 1.0, 1.0, 0.0, 0.0, 1.0, 1.0, 0.0, 0.0, 0.0, 0.0, 1.0, 0.0, 1.0, 0.0, 0.0, 0.0, 0.0, 1.0, 0.0, 0.0, 0.0, 0.0, 1.0, 1.0, 0.0, 0.0, 1.0, 0.0, 0.0, 1.0, 1.0, 0.0, 1.0, 0.0, 0.0, 0.0, 0.0, 0.0, 0.0, 1.0, 1.0, 1.0, 0.0, 0.0, 0.0, 0.0, 1.0, 0.0, 1.0, 0.0, 0.0, 0.0, 0.0, 1.0, 1.0, 1.0, 0.0, 1.0, 1.0, 1.0, 1.0, 0.0, 0.0, 0.0, 1.0, 1.0, 0.0, 1.0, 0.0, 1.0, 0.0, 0.0, 1.0, 1.0, 1.0]","[0, 0, 1, 0, 1, 0, 0, 1, 1, 1, 1, 0, 1, 1, 1, 1, 1, 0, 1, 1, 0, 1, 0, 0, 0, 1, 1, 1, 1, 1, 1, 1, 0, 1, 1, 1, 0, 1, 0, 0, 1, 1, 1, 0, 1, 0, 1, 0, 0, 1, 0, 1, 1, 1, 0, 1, 1, 1, 1, 0, 1, 1, 1, 1, 1, 1, 0, 1, 1, 1, 1, 0, 1, 1, 1, 1, 0, 1, 1, 1, 1, 0, 1, 1, 0, 0, 1, 0, 0, 0, 1, 0, 1, 0, 1, 0, 1, 0, 1, 1, 0, 0, 0, 0, 1, 0, 1, 1, 1, 1, 1, 1, 0, 1, 1, 1, 1, 1, 1, 1, 0, 1, 0, 0, 1, 1, 0, 1, 0, 0, 1, 0, 1, 0, 1, 1, 1, 1, 1, 0, 1, 1, 1, 0, 1, 1, 1, 1, 0, 1, 1, 1, 0, 0, 0, 0, 0, 0, 0, 0, 0, 1, 0, 0, 0, 0, 0, 0, 0, 1, 1, 1, 1, 0, 1, 0, 0, 0, 0, 0, 0, 1, 1, 0, 1, 1, 0, 0, 1, 0, 0, 1, 0, 1, 1, 0, 0, 0, 1, 1, 1, 0, 0, 1, 1, 1, 1, 0, 0, 1, 1, 0, 0, 0, 1, 0, 1, 1, 0, 0, 1, 1, 0, 1, 1, 0, 1, 1, 0, 0, 1, 1, 1, 0, 0, 1, 1, 0, 0, 0, 1, 0, 1, 1, 1, 1, 1, 0, 1, 1, 0, 0, 0, 1, 0, 0, 0, 0, 1, 0, 0, 0, 1, 1, 1, 0, 0, 1, 0, 1, 1, 0, 0, 0, 1, 1, 0, 1, 0, 0, 1, 0, 0, 1, 1, 1, 0, 0, 1, 1, 1, 1, 1, 0, 1, 0, 1, 1, 1, 0, 1, 1, 0, 1, 0, 1, 0, 1, 0, 0, 0, 1, 1, 0, 0, 1, 0, 1, 1, 1, 1, 1, 1]","[-0.07545612027733123, -0.2160542103369894, 0.30872293102304477, -0.017232614290053017, 0.03486893294336729, -0.07189410375418032, -0.014014476864712633, 0.030744557000338568, 0.1361610606968368, 0.258964930381496, 0.14335107910357964, -0.07376205051728807, 0.06155943554375226, 0.02443243826734881, 0.14638349994304883, 0.09833067912996579, 0.05888529173127027, -0.06046051015704418, 0.19737176699667675, 0.05247495484041792, -0.03492162317212438, 0.4310220297176967, -0.16171117018077347, -0.06993160076734922, -0.035399734764990975, 0.20795119110641463, 0.19742803257666258, 0.23338025914681942, 0.20471139900287744, 0.030954992299242423, 0.31053944322083277, 0.18232838161698556, -0.00929311702950747, 0.16798577945884968, 0.34250046856081656, 0.4207142421029086, -0.11942466083443698, 0.18812724034970912, -0.079358327790021, -0.2657197672388563, 0.060828273199243055, 0.2677925777858769, 0.19315055210616666, -0.12432276009679472, 0.049623060256314966, -0.009603436718052916, 0.3784341363348744, -0.14691572323276297, -0.17749708550761817, 0.13910020713701016, -0.19197443519402807, 0.2640275032765717, 0.7851965290795153, 0.039326884492207836, -0.2825037448729107, 0.28377880207205614, 0.06093053139205379, 0.1606203211484633, 0.0984768892955809, -0.11588434259857167, 0.23138531395476253, 0.10762897314193792, 0.06148959643405111, 0.2121800293027522, 0.10351633419230305, 0.007107392646282074, -0.0248663282536557, 0.0008437238942122227, 0.09053677665074295, 0.074840892792503, 0.08430593300991512, -0.04976690091709074, 0.14247126891029843, 0.0390928716022369, 0.307372520829535, 0.09852120477434684, -0.15353568765356546, 0.2028798012047623, 0.0063501500254511956, 0.2146904254372703, 0.15572150077576458, -0.02578157745919546, 0.3596310847740977, 0.2972163393447111, -0.27248232291022007, -0.025774440412604405, 0.2499611656262561, -0.14443263086128294, -0.2239786378552469, -0.12668094610628217, 0.02547835498757761, -0.043520191048626755, 0.26175618034341536, -0.14219852568519858, 0.2122340699253406, -0.12626586472670148, 0.11704418547687706, -0.03125798685885256, 0.32718926880252613, 0.12526067091084853, -0.025231216606074025, -0.259498036363298, -0.058008736559241714, -0.06678179814111479, 0.041939224124148244, -0.3278911667394399, 0.08150860145781763, 0.39345449726615994, 0.1337191257150207, 0.004628841364209213, 0.2729413104583233, 0.09482042614712455, -0.05183400214044381, 0.8992853525620133, 0.23884758979023463, 0.06346977661401015, 0.25624809580494373, 0.16168304952726936, 0.2327979597201874, 0.24193176934127297, -0.11158974424110873, 0.01697165531913164, -0.017758845465750517, -0.127779107585897, 0.0843300241385902, 0.19924194426250524, -0.1185611195461505, 0.21250036784567777, -0.15308173039371736, -0.16865538959736354, 0.05280149516814253, -0.05758458275941086, 0.0391185982626307, -0.18882045106400952, 0.34414901827960936, 0.0021875820477594288, 0.10685222452072723, 0.2964097079740879, 0.2853515662349348, -0.05664537006295817, 0.11135702398177422, 0.0015088219722025342, 0.03931697111779936, -0.03423985909048627, 0.0993477390418595, 0.04699976369179376, 0.3164587713181692, 0.012389945664474433, -0.1320192730861059, 0.10643340649438454, 0.09975060824638587, 0.0667986051537372, -0.20292195259852536, -0.19440481087901534, -0.22606298997073632, -0.22116227221248935, -0.31890967987461943, -0.20244711816819644, -0.051309064508062996, -0.2813426680675804, -0.07857120126031264, 0.10668609590081352, -0.07553409590406762, -0.1939063896472049, -0.015161653612806136, -0.2974552634627808, -0.25848975954695247, -0.031805802357120216, -0.13723452086977656, 0.05035826325582787, 0.04304159946060787, 0.26354020797763317, 0.15991349492540236, -0.20727931650429327, 0.04690133027571569, -0.18939886243828946, -0.24576293864643933, -0.13588177114857342, -0.29672826857965223, -0.1806161361470205, -0.0299952147138845, 0.17420284961703286, 0.07004171746654902, -0.007020631451625514, 0.3202694878015197, 0.15500096170740768, -0.035868278181064694, -0.16304271804501097, 0.0031490411975622634, -0.1389771564589442, -0.0017882146643684593, 0.012614078875241519, -0.17799354185238153, 0.02649265388800698, 0.19232652386249244, -0.011167198767093878, -0.15976100970149082, -0.056850819302756206, 0.1983541340120531, 0.0932298574357801, 0.24162733953793042, -0.1414874040905279, -0.14776605611018928, 0.0760304227188619, 0.05745158073912732, 0.22027264943063057, 0.06091902104870778, -0.05084059572517324, -0.07480017374110665, 0.12513055562054015, 0.18041210695072957, -0.1089430435195698, -0.30836630731943876, -0.06721294059876964, 0.17296879532260062, -0.01646049920680609, 0.10349681393606097, 0.3182908194690874, -0.1438850648858186, -0.3114976535980816, 0.044230217667418914, 0.34966320939879564, -0.24315345786174808, 0.18106223317811526, 0.05004777595918147, -0.14601152494606368, 0.037415772986927054, 0.39208424692845684, -0.2374277144463069, -0.058777568351430054, 0.2229977151303228, 0.09617962897395488, 0.1599637589001643, -0.19850724976242878, -0.07081187993061372, 0.2699234006126913, 0.06643227573379734, -0.35630916119008177, -0.3217636883938538, -0.23150541010543974, 0.06126211723000269, -0.11527556518048959, 0.09115745264670488, 0.07212899534737444, 0.14575368256484728, 0.006254882236876591, 0.15149987862888986, -0.04315805281264101, 0.022311310281506846, 0.07373885326337776, -0.12932174694129644, -0.03895161372168238, -0.029491628276165527, 0.08482793315634035, -0.03909803643767257, -0.12208142676826711, -0.09299534894594169, -0.014099468495244738, 0.05125465600254525, -0.013883631860138357, -0.344569470291412, -0.24577003754228782, 0.08727990808756031, 0.11960124271456779, 0.09587046899696888, -0.3948262137642509, -0.28761874178502117, 0.33649844262162704, -0.056330475723883, 0.3656584532360014, 0.029982996365917225, -0.02383238302571883, -0.06099707051671027, -0.06330022646906014, 0.04805328923873725, 0.31101769146750863, -0.2320729855616826, 0.0633554221939287, -0.16090323631313824, -0.5449635687818157, 0.3494903677872853, -0.02860555438284612, -0.13593980019290802, 0.022573674643354857, 0.2995389988336025, 0.003937108899615127, -0.16452992411130568, -0.2897329334959711, 0.07375616981019378, 0.08519001615617, 0.10632883217986627, 0.14197274674271115, 0.18319573909139025, -0.15393753083672307, 0.11816139261050113, -0.13193691135746738, 0.08474125658937742, 0.0433820156042905, 0.4117264847241548, -0.09336932156626926, 0.15281358700328423, 0.44434337701479704, -0.16651454285730388, 0.03682452060247815, -0.08703702512076467, 0.04492627994592263, -0.4743750045740263, 0.0891116865338048, -0.09475699028564316, -0.06541402779701994, -0.15307547390243942, 0.2713817304516883, 0.03475055230759233, -0.29140227909810085, -0.2742796103049337, 0.12429940611654627, -0.22609844234738402, 0.06186829496174523, 0.28649340156119146, 0.04230339696195701, 0.0062979985984119025, 0.1830911665248029, 0.27192358105099673]"
