Fold,Train_IDs,Train_Labels,Test_IDs,Test_Labels,Predictions,Decision_Scores
1,"['lNONHSAG000047', 'lNONHSAG000059', 'lNONHSAG000069', 'lNONHSAG000130', 'lNONHSAG000158', 'lNONHSAG000195', 'lNONHSAG000241', 'lNONHSAG000253', 'lNONHSAG000310', 'lNONHSAG000311', 'lNONHSAG000374', 'lNONHSAG000381', 'lNONHSAG000464', 'lNONHSAG000498', 'lNONHSAG000579', 'lNONHSAG000603', 'lNONHSAG000625', 'lNONHSAG000742', 'lNONHSAG000769', 'lNONHSAG000840', 'lNONHSAG000843', 'lNONHSAG000863', 'lNONHSAG000884', 'lNONHSAG000938', 'lNONHSAG000967', 'lNONHSAG001142', 'lNONHSAG001238', 'lNONHSAG001278', 'lNONHSAG001284', 'lNONHSAG001360', 'lNONHSAG001375', 'lNONHSAG001448', 'lNONHSAG001468', 'lNONHSAG001499', 'lNONHSAG001513', 'lNONHSAG001696', 'lNONHSAG001724', 'lNONHSAG001941', 'lNONHSAG001993', 'lNONHSAG002056', 'lNONHSAG002058', 'lNONHSAG002086', 'lNONHSAG002343', 'lNONHSAG002359', 'lNONHSAG002376', 'lNONHSAG002378', 'lNONHSAG002454', 'lNONHSAG002490', 'lNONHSAG002549', 'lNONHSAG002617', 'lNONHSAG002669', 'lNONHSAG002701', 'lNONHSAG002731', 'lNONHSAG002752', 'lNONHSAG002859', 'lNONHSAG002883', 'lNONHSAG002978', 'lNONHSAG003053', 'lNONHSAG003068', 'lNONHSAG003074', 'lNONHSAG003077', 'lNONHSAG003119', 'lNONHSAG003134', 'lNONHSAG003198', 'lNONHSAG003244', 'lNONHSAG003260', 'lNONHSAG003269', 'lNONHSAG003303', 'lNONHSAG003374', 'lNONHSAG003504', 'lNONHSAG003505', 'lNONHSAG003512', 'lNONHSAG003645', 'lNONHSAG003820', 'lNONHSAG003874', 'lNONHSAG003884', 'lNONHSAG003886', 'lNONHSAG003900', 'lNONHSAG003911', 'lNONHSAG003938', 'lNONHSAG003957', 'lNONHSAG003976', 'lNONHSAG004013', 'lNONHSAG004026', 'lNONHSAG004054', 'lNONHSAG004095', 'lNONHSAG004247', 'lNONHSAG004305', 'lNONHSAG004373', 'lNONHSAG004619', 'lNONHSAG004673', 'lNONHSAG004674', 'lNONHSAG004714', 'lNONHSAG004743', 'lNONHSAG004779', 'lNONHSAG004868', 'lNONHSAG005084', 'lNONHSAG005153', 'lNONHSAG005339', 'lNONHSAG005377', 'lNONHSAG005403', 'lNONHSAG005482', 'lNONHSAG005669', 'lNONHSAG005699', 'lNONHSAG005721', 'lNONHSAG005728', 'lNONHSAG005732', 'lNONHSAG005742', 'lNONHSAG005780', 'lNONHSAG005838', 'lNONHSAG005866', 'lNONHSAG005920', 'lNONHSAG006007', 'lNONHSAG006049', 'lNONHSAG006050', 'lNONHSAG006054', 'lNONHSAG006071', 'lNONHSAG006204', 'lNONHSAG006212', 'lNONHSAG006238', 'lNONHSAG006301', 'lNONHSAG006362', 'lNONHSAG006454', 'lNONHSAG006457', 'lNONHSAG006474', 'lNONHSAG006526', 'lNONHSAG006633', 'lNONHSAG006678', 'lNONHSAG006692', 'lNONHSAG006756', 'lNONHSAG006763', 'lNONHSAG006865', 'lNONHSAG006945', 'lNONHSAG006966', 'lNONHSAG007109', 'lNONHSAG007295', 'lNONHSAG007324', 'lNONHSAG007384', 'lNONHSAG007430', 'lNONHSAG007431', 'lNONHSAG007434', 'lNONHSAG007455', 'lNONHSAG007463', 'lNONHSAG007487', 'lNONHSAG007538', 'lNONHSAG007602', 'lNONHSAG007631', 'lNONHSAG007692', 'lNONHSAG007715', 'lNONHSAG007868', 'lNONHSAG007984', 'lNONHSAG008015', 'lNONHSAG008037', 'lNONHSAG008167', 'lNONHSAG008199', 'lNONHSAG008220', 'lNONHSAG008354', 'lNONHSAG008552', 'lNONHSAG008589', 'lNONHSAG008615', 'lNONHSAG008654', 'lNONHSAG008670', 'lNONHSAG008675', 'lNONHSAG008693', 'lNONHSAG008728', 'lNONHSAG008859', 'lNONHSAG008937', 'lNONHSAG008952', 'lNONHSAG008966', 'lNONHSAG009021', 'lNONHSAG009039', 'lNONHSAG009059', 'lNONHSAG009062', 'lNONHSAG009130', 'lNONHSAG009133', 'lNONHSAG009134', 'lNONHSAG009174', 'lNONHSAG009180', 'lNONHSAG009193', 'lNONHSAG009228', 'lNONHSAG009546', 'lNONHSAG009613', 'lNONHSAG009728', 'lNONHSAG009747', 'lNONHSAG009755', 'lNONHSAG009782', 'lNONHSAG009913', 'lNONHSAG009938', 'lNONHSAG009945', 'lNONHSAG009950', 'lNONHSAG009968', 'lNONHSAG009989', 'lNONHSAG010021', 'lNONHSAG010117', 'lNONHSAG010179', 'lNONHSAG010186', 'lNONHSAG010189', 'lNONHSAG010190', 'lNONHSAG010193', 'lNONHSAG010194', 'lNONHSAG010200', 'lNONHSAG010348', 'lNONHSAG010352', 'lNONHSAG010405', 'lNONHSAG010657', 'lNONHSAG010658', 'lNONHSAG010716', 'lNONHSAG010792', 'lNONHSAG010798', 'lNONHSAG010940', 'lNONHSAG010986', 'lNONHSAG010989', 'lNONHSAG011028', 'lNONHSAG011057', 'lNONHSAG011084', 'lNONHSAG011086', 'lNONHSAG011121', 'lNONHSAG011230', 'lNONHSAG011264', 'lNONHSAG011337', 'lNONHSAG011343', 'lNONHSAG011375', 'lNONHSAG011446', 'lNONHSAG011518', 'lNONHSAG011524', 'lNONHSAG011576', 'lNONHSAG011633', 'lNONHSAG011658', 'lNONHSAG011854', 'lNONHSAG011870', 'lNONHSAG011935', 'lNONHSAG012025', 'lNONHSAG012076', 'lNONHSAG012077', 'lNONHSAG012099', 'lNONHSAG012297', 'lNONHSAG012339', 'lNONHSAG012367', 'lNONHSAG012375', 'lNONHSAG012423', 'lNONHSAG012476', 'lNONHSAG012505', 'lNONHSAG012534', 'lNONHSAG012540', 'lNONHSAG012549', 'lNONHSAG012594', 'lNONHSAG012617', 'lNONHSAG012751', 'lNONHSAG012791', 'lNONHSAG013005', 'lNONHSAG013060', 'lNONHSAG013095', 'lNONHSAG013388', 'lNONHSAG013431', 'lNONHSAG013475', 'lNONHSAG013515', 'lNONHSAG013534', 'lNONHSAG013568', 'lNONHSAG013708', 'lNONHSAG013730', 'lNONHSAG013790', 'lNONHSAG013912', 'lNONHSAG013917', 'lNONHSAG013940', 'lNONHSAG013942', 'lNONHSAG013946', 'lNONHSAG013954', 'lNONHSAG013992', 'lNONHSAG014098', 'lNONHSAG014112', 'lNONHSAG014130', 'lNONHSAG014332', 'lNONHSAG014362', 'lNONHSAG014373', 'lNONHSAG014381', 'lNONHSAG014496', 'lNONHSAG014502', 'lNONHSAG014546', 'lNONHSAG014672', 'lNONHSAG014679', 'lNONHSAG014730', 'lNONHSAG014890', 'lNONHSAG014891', 'lNONHSAG014914', 'lNONHSAG015044', 'lNONHSAG015163', 'lNONHSAG015215', 'lNONHSAG015234', 'lNONHSAG015352', 'lNONHSAG015417', 'lNONHSAG015454', 'lNONHSAG015505', 'lNONHSAG015591', 'lNONHSAG015623', 'lNONHSAG015692', 'lNONHSAG015723', 'lNONHSAG015787', 'lNONHSAG015788', 'lNONHSAG015961', 'lNONHSAG016021', 'lNONHSAG016068', 'lNONHSAG016118', 'lNONHSAG016199', 'lNONHSAG016307', 'lNONHSAG016395', 'lNONHSAG016403', 'lNONHSAG016486', 'lNONHSAG016487', 'lNONHSAG016576', 'lNONHSAG016611', 'lNONHSAG016618', 'lNONHSAG016623', 'lNONHSAG016733', 'lNONHSAG016741', 'lNONHSAG016749', 'lNONHSAG016771', 'lNONHSAG016822', 'lNONHSAG016893', 'lNONHSAG017020', 'lNONHSAG017060', 'lNONHSAG017232', 'lNONHSAG017238', 'lNONHSAG017254', 'lNONHSAG017282', 'lNONHSAG017288', 'lNONHSAG017344', 'lNONHSAG017347', 'lNONHSAG017349', 'lNONHSAG017376', 'lNONHSAG017377', 'lNONHSAG017379', 'lNONHSAG017486', 'lNONHSAG017504', 'lNONHSAG017567', 'lNONHSAG017666', 'lNONHSAG017767', 'lNONHSAG017882', 'lNONHSAG017890', 'lNONHSAG017899', 'lNONHSAG018053', 'lNONHSAG018054', 'lNONHSAG018058', 'lNONHSAG018110', 'lNONHSAG018180', 'lNONHSAG018203', 'lNONHSAG018236', 'lNONHSAG018313', 'lNONHSAG018322', 'lNONHSAG018326', 'lNONHSAG018341', 'lNONHSAG018372', 'lNONHSAG018415', 'lNONHSAG018416', 'lNONHSAG018420', 'lNONHSAG018530', 'lNONHSAG018586', 'lNONHSAG018621', 'lNONHSAG018635', 'lNONHSAG018656', 'lNONHSAG018659', 'lNONHSAG018707', 'lNONHSAG018709', 'lNONHSAG018711', 'lNONHSAG018829', 'lNONHSAG018889', 'lNONHSAG018893', 'lNONHSAG018903', 'lNONHSAG019003', 'lNONHSAG019014', 'lNONHSAG019021', 'lNONHSAG019023', 'lNONHSAG019031', 'lNONHSAG019049', 'lNONHSAG019079', 'lNONHSAG019090', 'lNONHSAG019115', 'lNONHSAG019221', 'lNONHSAG019270', 'lNONHSAG019332', 'lNONHSAG019370', 'lNONHSAG019439', 'lNONHSAG019613', 'lNONHSAG019667', 'lNONHSAG019670', 'lNONHSAG019711', 'lNONHSAG019767', 'lNONHSAG019813', 'lNONHSAG019814', 'lNONHSAG019848', 'lNONHSAG019852', 'lNONHSAG019878', 'lNONHSAG019898', 'lNONHSAG019967', 'lNONHSAG020066', 'lNONHSAG020068', 'lNONHSAG020075', 'lNONHSAG020091', 'lNONHSAG020107', 'lNONHSAG020153', 'lNONHSAG020155', 'lNONHSAG020218', 'lNONHSAG020223', 'lNONHSAG020252', 'lNONHSAG020259', 'lNONHSAG020260', 'lNONHSAG020273', 'lNONHSAG020274', 'lNONHSAG020277', 'lNONHSAG020281', 'lNONHSAG020298', 'lNONHSAG020304', 'lNONHSAG020307', 'lNONHSAG020312', 'lNONHSAG020339', 'lNONHSAG020361', 'lNONHSAG020367', 'lNONHSAG020372', 'lNONHSAG020374', 'lNONHSAG020382', 'lNONHSAG020403', 'lNONHSAG020474', 'lNONHSAG020600', 'lNONHSAG020616', 'lNONHSAG020729', 'lNONHSAG020731', 'lNONHSAG020755', 'lNONHSAG020759', 'lNONHSAG020760', 'lNONHSAG020762', 'lNONHSAG020771', 'lNONHSAG020869', 'lNONHSAG021042', 'lNONHSAG021072', 'lNONHSAG021307', 'lNONHSAG021315', 'lNONHSAG021335', 'lNONHSAG021342', 'lNONHSAG021347', 'lNONHSAG021370', 'lNONHSAG021390', 'lNONHSAG021400', 'lNONHSAG021408', 'lNONHSAG021410', 'lNONHSAG021431', 'lNONHSAG021432', 'lNONHSAG021433', 'lNONHSAG021471', 'lNONHSAG021557', 'lNONHSAG021566', 'lNONHSAG021638', 'lNONHSAG021641', 'lNONHSAG021698', 'lNONHSAG021760', 'lNONHSAG021780', 'lNONHSAG021820', 'lNONHSAG021846', 'lNONHSAG021874', 'lNONHSAG021878', 'lNONHSAG021882', 'lNONHSAG021893', 'lNONHSAG021909', 'lNONHSAG021976', 'lNONHSAG021981', 'lNONHSAG022009', 'lNONHSAG022030', 'lNONHSAG022058', 'lNONHSAG022078', 'lNONHSAG022088', 'lNONHSAG022094', 'lNONHSAG022103', 'lNONHSAG022110', 'lNONHSAG022125', 'lNONHSAG022127', 'lNONHSAG022162', 'lNONHSAG022311', 'lNONHSAG022327', 'lNONHSAG022328', 'lNONHSAG022335', 'lNONHSAG022339', 'lNONHSAG022378', 'lNONHSAG022495', 'lNONHSAG022510', 'lNONHSAG022551', 'lNONHSAG022579', 'lNONHSAG022597', 'lNONHSAG022655', 'lNONHSAG022743', 'lNONHSAG022750', 'lNONHSAG022806', 'lNONHSAG022836', 'lNONHSAG022845', 'lNONHSAG022851', 'lNONHSAG022888', 'lNONHSAG022893', 'lNONHSAG022965', 'lNONHSAG022972', 'lNONHSAG022982', 'lNONHSAG023003', 'lNONHSAG023049', 'lNONHSAG023051', 'lNONHSAG023073', 'lNONHSAG023175', 'lNONHSAG023237', 'lNONHSAG023375', 'lNONHSAG023387', 'lNONHSAG023392', 'lNONHSAG023494', 'lNONHSAG023512', 'lNONHSAG023553', 'lNONHSAG023579', 'lNONHSAG023598', 'lNONHSAG023607', 'lNONHSAG023614', 'lNONHSAG023633', 'lNONHSAG023635', 'lNONHSAG023668', 'lNONHSAG023740', 'lNONHSAG023837', 'lNONHSAG023864', 'lNONHSAG023885', 'lNONHSAG023888', 'lNONHSAG023930', 'lNONHSAG023964', 'lNONHSAG024117', 'lNONHSAG024141', 'lNONHSAG024171', 'lNONHSAG024244', 'lNONHSAG024282', 'lNONHSAG024332', 'lNONHSAG024340', 'lNONHSAG024341', 'lNONHSAG024354', 'lNONHSAG024361', 'lNONHSAG024362', 'lNONHSAG024381', 'lNONHSAG024391', 'lNONHSAG024393', 'lNONHSAG024395', 'lNONHSAG024428', 'lNONHSAG024540', 'lNONHSAG024542', 'lNONHSAG024637', 'lNONHSAG024668', 'lNONHSAG024676', 'lNONHSAG024681', 'lNONHSAG024741', 'lNONHSAG024809', 'lNONHSAG024810', 'lNONHSAG024818', 'lNONHSAG024826', 'lNONHSAG024903', 'lNONHSAG024905', 'lNONHSAG024908', 'lNONHSAG024921', 'lNONHSAG024923', 'lNONHSAG024925', 'lNONHSAG024979', 'lNONHSAG025011', 'lNONHSAG025135', 'lNONHSAG025137', 'lNONHSAG025157', 'lNONHSAG025185', 'lNONHSAG025319', 'lNONHSAG025352', 'lNONHSAG025483', 'lNONHSAG025485', 'lNONHSAG025609', 'lNONHSAG025712', 'lNONHSAG025743', 'lNONHSAG025744', 'lNONHSAG025864', 'lNONHSAG025865', 'lNONHSAG025867', 'lNONHSAG025907', 'lNONHSAG025934', 'lNONHSAG025939', 'lNONHSAG025964', 'lNONHSAG025997', 'lNONHSAG026053', 'lNONHSAG026089', 'lNONHSAG026091', 'lNONHSAG026103', 'lNONHSAG026153', 'lNONHSAG026176', 'lNONHSAG026205', 'lNONHSAG026274', 'lNONHSAG026364', 'lNONHSAG026386', 'lNONHSAG026599', 'lNONHSAG026661', 'lNONHSAG026721', 'lNONHSAG026737', 'lNONHSAG026743', 'lNONHSAG026781', 'lNONHSAG026794', 'lNONHSAG026852', 'lNONHSAG026854', 'lNONHSAG026856', 'lNONHSAG027075', 'lNONHSAG027276', 'lNONHSAG027323', 'lNONHSAG027342', 'lNONHSAG027374', 'lNONHSAG027421', 'lNONHSAG027482', 'lNONHSAG027598', 'lNONHSAG027618', 'lNONHSAG027675', 'lNONHSAG027682', 'lNONHSAG027692', 'lNONHSAG027694', 'lNONHSAG027709', 'lNONHSAG027837', 'lNONHSAG027874', 'lNONHSAG027876', 'lNONHSAG028045', 'lNONHSAG028083', 'lNONHSAG028093', 'lNONHSAG028112', 'lNONHSAG028141', 'lNONHSAG028142', 'lNONHSAG028159', 'lNONHSAG028403', 'lNONHSAG028713', 'lNONHSAG028720', 'lNONHSAG028817', 'lNONHSAG028820', 'lNONHSAG028857', 'lNONHSAG028870', 'lNONHSAG028913', 'lNONHSAG028918', 'lNONHSAG028996', 'lNONHSAG029033', 'lNONHSAG029080', 'lNONHSAG029124', 'lNONHSAG029267', 'lNONHSAG029312', 'lNONHSAG029336', 'lNONHSAG029377', 'lNONHSAG029467', 'lNONHSAG029668', 'lNONHSAG029792', 'lNONHSAG029830', 'lNONHSAG029873', 'lNONHSAG029880', 'lNONHSAG029956', 'lNONHSAG029957', 'lNONHSAG029958', 'lNONHSAG029960', 'lNONHSAG029961', 'lNONHSAG029962', 'lNONHSAG029964', 'lNONHSAG029965', 'lNONHSAG029985', 'lNONHSAG030074', 'lNONHSAG030113', 'lNONHSAG030129', 'lNONHSAG030244', 'lNONHSAG030258', 'lNONHSAG030278', 'lNONHSAG030304', 'lNONHSAG030333', 'lNONHSAG030410', 'lNONHSAG030440', 'lNONHSAG030487', 'lNONHSAG030525', 'lNONHSAG030582', 'lNONHSAG030583', 'lNONHSAG030738', 'lNONHSAG030739', 'lNONHSAG030742', 'lNONHSAG031025', 'lNONHSAG031035', 'lNONHSAG031123', 'lNONHSAG031261', 'lNONHSAG031425', 'lNONHSAG031452', 'lNONHSAG031453', 'lNONHSAG031456', 'lNONHSAG031481', 'lNONHSAG031563', 'lNONHSAG031565', 'lNONHSAG031581', 'lNONHSAG031584', 'lNONHSAG031636', 'lNONHSAG031696', 'lNONHSAG031853', 'lNONHSAG031900', 'lNONHSAG031913', 'lNONHSAG031991', 'lNONHSAG032063', 'lNONHSAG032126', 'lNONHSAG032267', 'lNONHSAG032297', 'lNONHSAG032302', 'lNONHSAG032312', 'lNONHSAG032537', 'lNONHSAG032560', 'lNONHSAG032664', 'lNONHSAG032682', 'lNONHSAG032724', 'lNONHSAG032735', 'lNONHSAG032737', 'lNONHSAG032750', 'lNONHSAG033027', 'lNONHSAG033061', 'lNONHSAG033100', 'lNONHSAG033105', 'lNONHSAG033107', 'lNONHSAG033121', 'lNONHSAG033168', 'lNONHSAG033170', 'lNONHSAG033216', 'lNONHSAG033224', 'lNONHSAG033254', 'lNONHSAG033263', 'lNONHSAG033266', 'lNONHSAG033298', 'lNONHSAG033328', 'lNONHSAG033334', 'lNONHSAG033342', 'lNONHSAG033348', 'lNONHSAG033352', 'lNONHSAG033368', 'lNONHSAG033390', 'lNONHSAG033459', 'lNONHSAG033471', 'lNONHSAG033480', 'lNONHSAG033528', 'lNONHSAG033589', 'lNONHSAG033611', 'lNONHSAG033645', 'lNONHSAG033716', 'lNONHSAG033735', 'lNONHSAG033748', 'lNONHSAG033810', 'lNONHSAG033862', 'lNONHSAG033896', 'lNONHSAG033898', 'lNONHSAG033899', 'lNONHSAG033937', 'lNONHSAG033940', 'lNONHSAG034006', 'lNONHSAG034014', 'lNONHSAG034021', 'lNONHSAG034032', 'lNONHSAG034217', 'lNONHSAG034316', 'lNONHSAG034417', 'lNONHSAG034418', 'lNONHSAG034492', 'lNONHSAG034508', 'lNONHSAG034527', 'lNONHSAG034676', 'lNONHSAG034678', 'lNONHSAG034801', 'lNONHSAG034846', 'lNONHSAG034935', 'lNONHSAG035096', 'lNONHSAG035103', 'lNONHSAG035262', 'lNONHSAG035287', 'lNONHSAG035382', 'lNONHSAG035456', 'lNONHSAG035531', 'lNONHSAG035568', 'lNONHSAG035806', 'lNONHSAG035914', 'lNONHSAG035916', 'lNONHSAG035919', 'lNONHSAG035923', 'lNONHSAG036047', 'lNONHSAG036054', 'lNONHSAG036115', 'lNONHSAG036120', 'lNONHSAG036255', 'lNONHSAG036263', 'lNONHSAG036403', 'lNONHSAG036407', 'lNONHSAG036412', 'lNONHSAG036413', 'lNONHSAG036612', 'lNONHSAG036615', 'lNONHSAG036667', 'lNONHSAG036718', 'lNONHSAG036783', 'lNONHSAG036866', 'lNONHSAG036922', 'lNONHSAG036926', 'lNONHSAG037061', 'lNONHSAG037072', 'lNONHSAG037073', 'lNONHSAG037080', 'lNONHSAG037082', 'lNONHSAG037083', 'lNONHSAG037137', 'lNONHSAG037146', 'lNONHSAG037164', 'lNONHSAG037241', 'lNONHSAG037348', 'lNONHSAG037420', 'lNONHSAG037559', 'lNONHSAG037827', 'lNONHSAG037891', 'lNONHSAG037936', 'lNONHSAG037946', 'lNONHSAG038001', 'lNONHSAG038024', 'lNONHSAG038060', 'lNONHSAG038091', 'lNONHSAG038162', 'lNONHSAG038343', 'lNONHSAG038344', 'lNONHSAG038502', 'lNONHSAG038530', 'lNONHSAG038578', 'lNONHSAG038663', 'lNONHSAG038675', 'lNONHSAG038676', 'lNONHSAG038682', 'lNONHSAG038836', 'lNONHSAG039037', 'lNONHSAG039038', 'lNONHSAG039147', 'lNONHSAG039293', 'lNONHSAG039295', 'lNONHSAG039319', 'lNONHSAG039620', 'lNONHSAG039654', 'lNONHSAG039664', 'lNONHSAG039669', 'lNONHSAG039749', 'lNONHSAG039872', 'lNONHSAG039951', 'lNONHSAG040179', 'lNONHSAG040188', 'lNONHSAG040226', 'lNONHSAG040241', 'lNONHSAG040269', 'lNONHSAG040320', 'lNONHSAG040329', 'lNONHSAG040408', 'lNONHSAG040444', 'lNONHSAG040481', 'lNONHSAG040542', 'lNONHSAG040544', 'lNONHSAG040560', 'lNONHSAG040601', 'lNONHSAG040692', 'lNONHSAG040700', 'lNONHSAG040729', 'lNONHSAG040859', 'lNONHSAG040870', 'lNONHSAG040909', 'lNONHSAG040945', 'lNONHSAG040958', 'lNONHSAG040969', 'lNONHSAG041002', 'lNONHSAG041017', 'lNONHSAG041023', 'lNONHSAG041241', 'lNONHSAG041250', 'lNONHSAG041256', 'lNONHSAG041257', 'lNONHSAG041480', 'lNONHSAG041528', 'lNONHSAG041529', 'lNONHSAG041592', 'lNONHSAG041670', 'lNONHSAG041707', 'lNONHSAG041758', 'lNONHSAG041844', 'lNONHSAG041883', 'lNONHSAG041938', 'lNONHSAG041966', 'lNONHSAG041981', 'lNONHSAG042033', 'lNONHSAG042050', 'lNONHSAG042062', 'lNONHSAG042080', 'lNONHSAG042138', 'lNONHSAG042218', 'lNONHSAG042257', 'lNONHSAG042270', 'lNONHSAG042306', 'lNONHSAG042307', 'lNONHSAG042370', 'lNONHSAG042433', 'lNONHSAG042491', 'lNONHSAG042500', 'lNONHSAG042722', 'lNONHSAG042724', 'lNONHSAG042836', 'lNONHSAG042855', 'lNONHSAG042957', 'lNONHSAG042970', 'lNONHSAG042991', 'lNONHSAG043138', 'lNONHSAG043229', 'lNONHSAG043250', 'lNONHSAG043303', 'lNONHSAG043433', 'lNONHSAG043550', 'lNONHSAG043592', 'lNONHSAG043657', 'lNONHSAG043770', 'lNONHSAG043934', 'lNONHSAG044022', 'lNONHSAG044041', 'lNONHSAG044064', 'lNONHSAG044283', 'lNONHSAG044350', 'lNONHSAG044406', 'lNONHSAG044429', 'lNONHSAG044533', 'lNONHSAG044624', 'lNONHSAG044666', 'lNONHSAG044751', 'lNONHSAG044791', 'lNONHSAG045131', 'lNONHSAG045160', 'lNONHSAG045163', 'lNONHSAG045166', 'lNONHSAG045306', 'lNONHSAG045430', 'lNONHSAG046722', 'lNONHSAG046730', 'lNONHSAG046765', 'lNONHSAG046781', 'lNONHSAG046811', 'lNONHSAG046839', 'lNONHSAG046953', 'lNONHSAG047182', 'lNONHSAG047191', 'lNONHSAG047197', 'lNONHSAG047319', 'lNONHSAG047433', 'lNONHSAG047463', 'lNONHSAG047469', 'lNONHSAG047471', 'lNONHSAG047507', 'lNONHSAG047543', 'lNONHSAG047544', 'lNONHSAG047547', 'lNONHSAG047619', 'lNONHSAG047725', 'lNONHSAG047792', 'lNONHSAG047796', 'lNONHSAG047830', 'lNONHSAG047840', 'lNONHSAG047842', 'lNONHSAG047851', 'lNONHSAG047951', 'lNONHSAG047973', 'lNONHSAG047974', 'lNONHSAG048057', 'lNONHSAG048101', 'lNONHSAG048114', 'lNONHSAG048189', 'lNONHSAG048191', 'lNONHSAG048201', 'lNONHSAG048228', 'lNONHSAG048231', 'lNONHSAG048270', 'lNONHSAG048302', 'lNONHSAG048323', 'lNONHSAG048354', 'lNONHSAG048439', 'lNONHSAG048464', 'lNONHSAG048598', 'lNONHSAG048602', 'lNONHSAG048603', 'lNONHSAG048610', 'lNONHSAG048623', 'lNONHSAG048624', 'lNONHSAG048641', 'lNONHSAG048695', 'lNONHSAG048781', 'lNONHSAG048817', 'lNONHSAG049037', 'lNONHSAG049050', 'lNONHSAG049119', 'lNONHSAG049129', 'lNONHSAG049157', 'lNONHSAG049185', 'lNONHSAG049191', 'lNONHSAG049288', 'lNONHSAG049303', 'lNONHSAG049356', 'lNONHSAG049421', 'lNONHSAG049507', 'lNONHSAG049626', 'lNONHSAG049655', 'lNONHSAG049801', 'lNONHSAG049901', 'lNONHSAG050073', 'lNONHSAG050104', 'lNONHSAG050167', 'lNONHSAG050168', 'lNONHSAG050273', 'lNONHSAG050284', 'lNONHSAG050345', 'lNONHSAG050445', 'lNONHSAG050493', 'lNONHSAG050518', 'lNONHSAG050670', 'lNONHSAG050725', 'lNONHSAG050769', 'lNONHSAG050786', 'lNONHSAG050929', 'lNONHSAG050985', 'lNONHSAG051015', 'lNONHSAG051166', 'lNONHSAG051196', 'lNONHSAG051245', 'lNONHSAG051250', 'lNONHSAG051255', 'lNONHSAG051259', 'lNONHSAG051260', 'lNONHSAG051263', 'lNONHSAG051291', 'lNONHSAG051448', 'lNONHSAG051454', 'lNONHSAG051484', 'lNONHSAG051514', 'lNONHSAG051517', 'lNONHSAG051523', 'lNONHSAG051542', 'lNONHSAG051567', 'lNONHSAG051568', 'lNONHSAG051603', 'lNONHSAG051770', 'lNONHSAG051898', 'lNONHSAG051958', 'lNONHSAG052082', 'lNONHSAG052097', 'lNONHSAG052119', 'lNONHSAG052149', 'lNONHSAG052151', 'lNONHSAG052179', 'lNONHSAG052454', 'lNONHSAG052459', 'lNONHSAG052491', 'lNONHSAG052492', 'lNONHSAG052495', 'lNONHSAG052510', 'lNONHSAG052609', 'lNONHSAG052680', 'lNONHSAG052686', 'lNONHSAG052709', 'lNONHSAG052726', 'lNONHSAG052853', 'lNONHSAG052908', 'lNONHSAG052925', 'lNONHSAG052929', 'lNONHSAG052931', 'lNONHSAG052933', 'lNONHSAG052943', 'lNONHSAG053007', 'lNONHSAG053014', 'lNONHSAG053028', 'lNONHSAG053033', 'lNONHSAG053082', 'lNONHSAG053108', 'lNONHSAG053228', 'lNONHSAG053419', 'lNONHSAG053456', 'lNONHSAG053500', 'lNONHSAG053502', 'lNONHSAG053546', 'lNONHSAG053547', 'lNONHSAG053590', 'lNONHSAG053602', 'lNONHSAG053626', 'lNONHSAG053631', 'lNONHSAG053651', 'lNONHSAG053716', 'lNONHSAG053719', 'lNONHSAG053796', 'lNONHSAG053802', 'lNONHSAG053842', 'lNONHSAG054024', 'lNONHSAG054038', 'lNONHSAG054212', 'lNONHSAG054213', 'lNONHSAG054214', 'lNONHSAG054215', 'lNONHSAG054216', 'lNONHSAG054301', 'lNONHSAG054699', 'lNONHSAG054716', 'lNONHSAG054717', 'lNONHSAG054718', 'lNONHSAG054780', 'lNONHSAG054791', 'lNONHSAG054807', 'lNONHSAG054832', 'lNONHSAG055008', 'lNONHSAG055088', 'lNONHSAG055092', 'lNONHSAG055151', 'lNONHSAG055258', 'lNONHSAG055350', 'lNONHSAG055418', 'lNONHSAG055450', 'lNONHSAG055546', 'lNONHSAG055558', 'lNONHSAG055565', 'lNONHSAG055577', 'lNONHSAG055582', 'lNONHSAG056025', 'lNONHSAG056029', 'lNONHSAG056053', 'lNONHSAG056451', 'lNONHSAG056733', 'lNONHSAG056746', 'lNONHSAG056868', 'lNONHSAG056875', 'lNONHSAG057043', 'lNONHSAG057222', 'lNONHSAG057260', 'lNONHSAG058109', 'lNONHSAG058112', 'lNONHSAG058128', 'lNONHSAG058533', 'lNONHSAG058967', 'lNONHSAG059768', 'lNONHSAG060586', 'lNONHSAG061096', 'lNONHSAG061404', 'lNONHSAG061492', 'lNONHSAG063700', 'lNONHSAG064784', 'lNONHSAG064962', 'lNONHSAG065252', 'lNONHSAG065364', 'lNONHSAG066253', 'lNONHSAG068639', 'lNONHSAG069030', 'lNONHSAG069277', 'lNONHSAG069876', 'lNONHSAG070257', 'lNONHSAG071444', 'lNONHSAG072176', 'lNONHSAG072945', 'lNONHSAG073025', 'lNONHSAG073380', 'lNONHSAG073406', 'lNONHSAG073419', 'lNONHSAG073786', 'lNONHSAG074052', 'lNONHSAG074661', 'lNONHSAG075363', 'lNONHSAG077475', 'lNONHSAG077527', 'lNONHSAG077551', 'lNONHSAG079231', 'lNONHSAG080772', 'lNONHSAG081227', 'lNONHSAG081583', 'lNONHSAG081993', 'lNONHSAG082891', 'lNONHSAG083209', 'lNONHSAG083289', 'lNONHSAG083615', 'lNONHSAG083859', 'lNONHSAG083883', 'lNONHSAG083894', 'lNONHSAG084701', 'lNONHSAG084937', 'lNONHSAG085975', 'lNONHSAG088562', 'lNONHSAG089857', 'lNONHSAG091116', 'lNONHSAG091284', 'lNONHSAG091452', 'lNONHSAG091943', 'lNONHSAG092907', 'lNONHSAG093064', 'lNONHSAG093078', 'lNONHSAG093517', 'lNONHSAG094075', 'lNONHSAG094269', 'lNONHSAG096130', 'lNONHSAG096227', 'lNONHSAG096627', 'lNONHSAG097344', 'lNONHSAG097347', 'lNONHSAG098653', 'lNONHSAG099082', 'lNONHSAG099120', 'lNONHSAG099126', 'lNONHSAG099742', 'lNONHSAG099774', 'lNONHSAG101229', 'lNONHSAG101725', 'lNONHSAG102979', 'lNONHSAG103259', 'lNONHSAG103457', 'lNONHSAG103817', 'lNONHSAG104186', 'lNONHSAG110420', 'lNONHSAG110858', 'lNONHSAG111667', 'lNONHSAG112396', 'lENSG00000103472', 'lENSG00000163364', 'lENSG00000171889', 'lENSG00000175061', 'lENSG00000177410', 'lENSG00000179406', 'lENSG00000179523', 'lENSG00000189295', 'lENSG00000198468', 'lENSG00000203497', 'lENSG00000205611', 'lENSG00000223783', 'lENSG00000224057', 'lENSG00000224614', 'lENSG00000225470', 'lENSG00000225506', 'lENSG00000225855', 'lENSG00000226115', 'lENSG00000226137', 'lENSG00000227082', 'lENSG00000227256', 'lENSG00000227963', 'lENSG00000228022', 'lENSG00000228526', 'lENSG00000229267', 'lENSG00000229335', 'lENSG00000229388', 'lENSG00000230061', 'lENSG00000230257', 'lENSG00000230313', 'lENSG00000230400', 'lENSG00000230866', 'lENSG00000231019', 'lENSG00000231437', 'lENSG00000231473', 'lENSG00000231663', 'lENSG00000232265', 'lENSG00000232415', 'lENSG00000232442', 'lENSG00000232500', 'lENSG00000233047', 'lENSG00000233387', 'lENSG00000233532', 'lENSG00000233590', 'lENSG00000234169', 'lENSG00000234222', 'lENSG00000234455', 'lENSG00000234546', 'lENSG00000234625', 'lENSG00000235385', 'lENSG00000235535', 'lENSG00000235724', 'lENSG00000236240', 'lENSG00000236535', 'lENSG00000236671', 'lENSG00000237167', 'lENSG00000237880', 'lENSG00000241388', 'lENSG00000242207', 'lENSG00000243479', 'lENSG00000244124', 'lENSG00000245067', 'lENSG00000245146', 'lENSG00000245614', 'lENSG00000246560', 'lENSG00000247373', 'lENSG00000247400', 'lENSG00000247498', 'lENSG00000249786', 'lENSG00000249835', 'lENSG00000249993', 'lENSG00000250635', 'lENSG00000251003', 'lENSG00000251061', 'lENSG00000253315', 'lENSG00000254418', 'lENSG00000254480', 'lENSG00000254635', 'lENSG00000254791', 'lENSG00000255363', 'lENSG00000255427', 'lENSG00000255553', 'lENSG00000255850', 'lENSG00000256742', 'lENSG00000256769', 'lENSG00000257084', 'lENSG00000257557', 'lENSG00000258197', 'lENSG00000258912', 'lENSG00000259289', 'lENSG00000259424', 'lENSG00000260455', 'lENSG00000260924', 'lENSG00000260969', 'lENSG00000261183', 'lENSG00000261780', 'lENSG00000263718', 'lENSG00000264672', 'lENSG00000265374', 'lENSG00000266970', 'lENSG00000267296', 'lENSG00000267395', 'lENSG00000267413', 'lENSG00000267440', 'lENSG00000267858', 'lENSG00000269019', 'lENSG00000269911', 'lENSG00000269939', 'lENSG00000270344', 'lENSG00000270959', 'lENSG00000272769', 'lENSG00000274372', 'lENSG00000278709', 'lENSG00000278970', 'lENSG00000279296', 'lENSG00000284070', 'lENSG00000285644', 'lENSG00000286004', 'lENSG00000286737', 'lENSG00000288080', 'lENSG00000224167', 'lENSG00000224739', 'lA1BG-AS1', 'lADAMTS9-AS2', 'lANKRD62P1-PARP4P3', 'lAQP4-AS1', 'lBANCR', 'lCCAT2', 'lCDKN2B-AS1', 'lCRNDE', 'lDGKK', 'lEGOT', 'lFEZF1-AS1', 'lGATA3-AS1', 'lGATA6-AS1', 'lGHET1', 'lHEIH', 'lHOTAIRM1', 'lHOXA-AS3', 'lJPX', 'lJRK', 'lKCTD21-AS1', 'lKTN1-AS1', 'lLAMTOR5-AS1', 'lLBX2-AS1', 'lLINC00173', 'lLINC00174', 'lLINC00240', 'lLINC00333', 'lLINC00472', 'lLPP-AS2', 'lMCM3AP-AS1', 'lMEG3', 'lMIR181A1HG', 'lMIR31HG', 'lMYLK-AS1', 'lPANDAR', 'lPCGEM1', 'lPVT1', 'lRHPN1-AS1', 'lRMST', 'lSNHG15', 'lSNHG16', 'lTEN1-CDK3', 'lTPTEP1', 'lTRAM2-AS1', 'lVCAN-AS1', 'lZFAS1', 'lZNF286B', 'lZNF503-AS2', 'lLINC00461', 'lLINC00514', 'lSLC2A1-AS1', 'lAC007009.1', 'lAC061992.2', 'lAC135048.13', 'lAC137723.5', 'lAC137932.5', 'lAP001058.3', 'lCTB-60B18.10', 'lCTB-91J4.1', 'lCTC-338M12.2', 'lCTD-2165H16.4', 'lCTD-2195B23.3', 'lCTD-2540L5.5', 'lKB-7G2.8', 'lLA16c-321D4.2', 'lLA16c-380H5.3', 'lLL22NC03-23C6.13', 'lRP1-283E3.8', 'lRP11-104E19.1', 'lRP11-108M9.3', 'lRP11-123O10.4', 'lRP11-137H2.4', 'lRP11-197N18.2', 'lRP11-21J18.1', 'lRP11-227H15.4', 'lRP11-24P14.1', 'lRP11-276H7.2', 'lRP11-2C24.4', 'lRP11-305P14.1', 'lRP11-467J12.4', 'lRP11-49K24.4', 'lRP11-514P8.8', 'lRP11-54O7.3', 'lRP11-550C4.6', 'lRP11-680A11.5', 'lRP4-756H11.3', 'lRP4-790G17.7', 'lRP5-1061H20.4', 'lRP5-1074L1.1', 'lRP5-1160K1.8', 'lXXbac-B444P24.8', 'lXXbac-BPG300A18.13', 'lAC018766.4', 'lCTD-2231H16.1', 'lHNRNPU-AS1', 'lRP11-429J17.8', 'lRP5-1063M23.1', 'lRP11-495P10.8', 'lCTA-250D10.23', 'lLINC00035', 'lRP11-408H20.2', 'lNONHSAG000157', 'lNONHSAG000265', 'lNONHSAG000297', 'lNONHSAG000298', 'lNONHSAG000623', 'lNONHSAG000636', 'lNONHSAG000677', 'lNONHSAG000896', 'lNONHSAG000969', 'lNONHSAG000994', 'lNONHSAG001008', 'lNONHSAG001030', 'lNONHSAG001033', 'lNONHSAG001147', 'lNONHSAG001171', 'lNONHSAG001240', 'lNONHSAG001258', 'lNONHSAG001419', 'lNONHSAG001435', 'lNONHSAG001613', 'lNONHSAG002403', 'lNONHSAG002487', 'lNONHSAG002619', 'lNONHSAG002726', 'lNONHSAG002790', 'lNONHSAG002816', 'lNONHSAG003227', 'lNONHSAG003308', 'lNONHSAG003418', 'lNONHSAG003459', 'lNONHSAG003810', 'lNONHSAG003881', 'lNONHSAG004227', 'lNONHSAG004351', 'lNONHSAG004475', 'lNONHSAG004507', 'lNONHSAG004638', 'lNONHSAG004893', 'lNONHSAG005249', 'lNONHSAG005363', 'lNONHSAG005473', 'lNONHSAG005522', 'lNONHSAG005652', 'lNONHSAG005679', 'lNONHSAG005690', 'lNONHSAG005717', 'lNONHSAG005725', 'lNONHSAG005727', 'lNONHSAG005739', 'lNONHSAG005746', 'lNONHSAG005747', 'lNONHSAG005761', 'lNONHSAG005769', 'lNONHSAG005789', 'lNONHSAG005797', 'lNONHSAG005809', 'lNONHSAG005821', 'lNONHSAG005830', 'lNONHSAG005842', 'lNONHSAG005847', 'lNONHSAG005851', 'lNONHSAG005853', 'lNONHSAG005855', 'lNONHSAG005856', 'lNONHSAG005857', 'lNONHSAG005859', 'lNONHSAG005862', 'lNONHSAG005867', 'lNONHSAG005870', 'lNONHSAG005885', 'lNONHSAG005901', 'lNONHSAG005915', 'lNONHSAG005935', 'lNONHSAG005936', 'lNONHSAG005939', 'lNONHSAG005985', 'lNONHSAG005986', 'lNONHSAG006012', 'lNONHSAG006022', 'lNONHSAG006078', 'lNONHSAG006086', 'lNONHSAG006091', 'lNONHSAG006103', 'lNONHSAG006160', 'lNONHSAG006166', 'lNONHSAG006183', 'lNONHSAG006186', 'lNONHSAG006187', 'lNONHSAG006188', 'lNONHSAG006206', 'lNONHSAG006220', 'lNONHSAG006221', 'lNONHSAG006235', 'lNONHSAG006240', 'lNONHSAG006274', 'lNONHSAG006279', 'lNONHSAG006290', 'lNONHSAG006293', 'lNONHSAG006324', 'lNONHSAG006376', 'lNONHSAG006377', 'lNONHSAG006382', 'lNONHSAG006388', 'lNONHSAG006395', 'lNONHSAG006399', 'lNONHSAG006405', 'lNONHSAG006407', 'lNONHSAG006412', 'lNONHSAG006415', 'lNONHSAG006434', 'lNONHSAG006440', 'lNONHSAG006450', 'lNONHSAG006479', 'lNONHSAG006487', 'lNONHSAG006493', 'lNONHSAG006507', 'lNONHSAG006527', 'lNONHSAG006536', 'lNONHSAG006551', 'lNONHSAG006554', 'lNONHSAG006555', 'lNONHSAG006557', 'lNONHSAG006573', 'lNONHSAG006581', 'lNONHSAG006586', 'lNONHSAG006591', 'lNONHSAG006602', 'lNONHSAG006646', 'lNONHSAG006653', 'lNONHSAG006669', 'lNONHSAG006716', 'lNONHSAG006748', 'lNONHSAG006750', 'lNONHSAG006765', 'lNONHSAG006779', 'lNONHSAG006808', 'lNONHSAG006830', 'lNONHSAG006832', 'lNONHSAG006837', 'lNONHSAG006855', 'lNONHSAG006863', 'lNONHSAG006883', 'lNONHSAG006897', 'lNONHSAG006909', 'lNONHSAG006915', 'lNONHSAG006922', 'lNONHSAG006967', 'lNONHSAG007000', 'lNONHSAG007008', 'lNONHSAG007020', 'lNONHSAG007023', 'lNONHSAG007029', 'lNONHSAG007031', 'lNONHSAG007035', 'lNONHSAG007063', 'lNONHSAG007065', 'lNONHSAG007087', 'lNONHSAG007093', 'lNONHSAG007118', 'lNONHSAG007123', 'lNONHSAG007129', 'lNONHSAG007139', 'lNONHSAG007155', 'lNONHSAG007166', 'lNONHSAG007172', 'lNONHSAG007203', 'lNONHSAG007222', 'lNONHSAG007224', 'lNONHSAG007225', 'lNONHSAG007242', 'lNONHSAG007259', 'lNONHSAG007268', 'lNONHSAG007278', 'lNONHSAG007286', 'lNONHSAG007298', 'lNONHSAG007414', 'lNONHSAG007419', 'lNONHSAG007458', 'lNONHSAG007488', 'lNONHSAG007507', 'lNONHSAG007531', 'lNONHSAG007533', 'lNONHSAG007543', 'lNONHSAG007544', 'lNONHSAG007554', 'lNONHSAG007563', 'lNONHSAG007574', 'lNONHSAG007578', 'lNONHSAG007587', 'lNONHSAG007599', 'lNONHSAG007621', 'lNONHSAG007632', 'lNONHSAG007638', 'lNONHSAG007730', 'lNONHSAG007932', 'lENSG00000083622', 'lENSG00000167920', 'lENSG00000175746', 'lENSG00000177596', 'lENSG00000178248', 'lENSG00000197644', 'lENSG00000198054', 'lENSG00000198671', 'lENSG00000203434', 'lENSG00000203469', 'lENSG00000203472', 'lENSG00000203565', 'lENSG00000203605', 'lENSG00000203864', 'lENSG00000204393', 'lENSG00000204464', 'lENSG00000205018', 'lENSG00000205500', 'lENSG00000212856', 'lENSG00000219410', 'lENSG00000221845', 'lENSG00000222000', 'lENSG00000222032', 'lENSG00000222044', 'lENSG00000223374', 'lENSG00000223381', 'lENSG00000223387', 'lENSG00000223400', 'lENSG00000223537', 'lENSG00000223563', 'lENSG00000223598', 'lENSG00000223634', 'lENSG00000223641', 'lENSG00000223643', 'lENSG00000223647', 'lENSG00000223720', 'lENSG00000223727', 'lENSG00000223786', 'lENSG00000223809', 'lENSG00000223870', 'lENSG00000223881', 'lENSG00000223966', 'lENSG00000223993', 'lENSG00000224031', 'lENSG00000224075', 'lENSG00000224087', 'lENSG00000224095', 'lENSG00000224220', 'lENSG00000224277', 'lENSG00000224330', 'lENSG00000224384', 'lENSG00000224500', 'lENSG00000224535', 'lENSG00000224541', 'lENSG00000224549', 'lENSG00000224595', 'lENSG00000224645', 'lENSG00000224655', 'lENSG00000224794', 'lENSG00000224821', 'lENSG00000224844', 'lENSG00000224857', 'lENSG00000224885', 'lENSG00000224922', 'lENSG00000224972', 'lENSG00000225012', 'lENSG00000225050', 'lENSG00000225129', 'lENSG00000225146', 'lENSG00000225218', 'lENSG00000225325', 'lENSG00000225334', 'lENSG00000225378', 'lENSG00000225457', 'lENSG00000225537', 'lENSG00000225588', 'lENSG00000225647', 'lENSG00000225750', 'lENSG00000225751', 'lENSG00000225761', 'lENSG00000225798', 'lENSG00000225886', 'lENSG00000225919', 'lENSG00000225929', 'lENSG00000226047', 'lENSG00000226089', 'lENSG00000226133', 'lENSG00000226143', 'lENSG00000226193', 'lENSG00000226238', 'lENSG00000226323', 'lENSG00000226337', 'lENSG00000226352', 'lENSG00000226398', 'lENSG00000226442', 'lENSG00000226454', 'lENSG00000226486', 'lENSG00000226508', 'lENSG00000226522', 'lENSG00000226542', 'lENSG00000226562', 'lENSG00000226576', 'lENSG00000226601', 'lENSG00000226647', 'lENSG00000226699', 'lENSG00000226770', 'lENSG00000226813', 'lENSG00000226883', 'lENSG00000226925', 'lENSG00000226957', 'lENSG00000227075', 'lENSG00000227076', 'lENSG00000227125', 'lENSG00000227131', 'lENSG00000227181', 'lENSG00000227197', 'lENSG00000227330', 'lENSG00000227360', 'lENSG00000227409', 'lENSG00000227459', 'lENSG00000227482', 'lENSG00000227496', 'lENSG00000227509', 'lENSG00000227512', 'lENSG00000227549', 'lENSG00000227579', 'lENSG00000227606', 'lENSG00000227680', 'lENSG00000227716', 'lENSG00000227718', 'lENSG00000227769', 'lENSG00000227863', 'lENSG00000227893', 'lENSG00000227930', 'lENSG00000227958', 'lENSG00000227960', 'lENSG00000228028', 'lENSG00000228082', 'lENSG00000228108', 'lENSG00000228136', 'lENSG00000228170', 'lENSG00000228215', 'lENSG00000228231', 'lENSG00000228272', 'lENSG00000228351', 'lENSG00000228372', 'lENSG00000228383', 'lENSG00000228470', 'lENSG00000228485', 'lENSG00000228548', 'lENSG00000228596', 'lENSG00000228627', 'lENSG00000228804', 'lENSG00000228826', 'lENSG00000228852', 'lENSG00000228939', 'lENSG00000228950', 'lENSG00000229152', 'lENSG00000229162', 'lENSG00000229167', 'lENSG00000229190', 'lENSG00000229224', 'lENSG00000229283', 'lENSG00000229297', 'lENSG00000229331', 'lENSG00000229345', 'lENSG00000229370', 'lENSG00000229379', 'lENSG00000229444', 'lENSG00000229457', 'lENSG00000229487', 'lENSG00000229498', 'lENSG00000229502', 'lENSG00000229528', 'lENSG00000229531', 'lENSG00000229673', 'lENSG00000229679', 'lENSG00000229688', 'lENSG00000229848', 'lENSG00000229851', 'lENSG00000229953', 'lENSG00000229999', 'lENSG00000230010', 'lENSG00000230065', 'lENSG00000230105', 'lENSG00000230109', 'lENSG00000230121', 'lENSG00000230131', 'lENSG00000230155', 'lENSG00000230190', 'lENSG00000230197', 'lENSG00000230212', 'lENSG00000230233', 'lENSG00000230234', 'lENSG00000230323', 'lENSG00000230483', 'lENSG00000230499', 'lENSG00000230599', 'lENSG00000230668', 'lENSG00000230735', 'lENSG00000230741', 'lENSG00000230790', 'lENSG00000230794', 'lENSG00000230826', 'lENSG00000230830', 'lENSG00000230912', 'lENSG00000230918', 'lENSG00000230972', 'lENSG00000231081', 'lENSG00000231082', 'lENSG00000231092', 'lENSG00000231102', 'lENSG00000231114', 'lENSG00000231143', 'lENSG00000231272', 'lENSG00000231407', 'lENSG00000231413', 'lENSG00000231440', 'lENSG00000231492', 'lENSG00000231539', 'lENSG00000231597', 'lENSG00000231678', 'lENSG00000231681', 'lENSG00000231724', 'lENSG00000231760', 'lENSG00000231772', 'lENSG00000231781', 'lENSG00000231912', 'lENSG00000231914', 'lENSG00000231937', 'lENSG00000231953', 'lENSG00000232031', 'lENSG00000232058', 'lENSG00000232072', 'lENSG00000232086', 'lENSG00000232120', 'lENSG00000232192', 'lENSG00000232197', 'lENSG00000232252', 'lENSG00000232286', 'lENSG00000232310', 'lENSG00000232328', 'lENSG00000232335', 'lENSG00000232363', 'lENSG00000232396', 'lENSG00000232451', 'lENSG00000232464', 'lENSG00000232564', 'lENSG00000232596', 'lENSG00000232719', 'lENSG00000232746', 'lENSG00000232806', 'lENSG00000232893', 'lENSG00000232895', 'lENSG00000232930', 'lENSG00000232964', 'lENSG00000233070', 'lENSG00000233079', 'lENSG00000233178', 'lENSG00000233179', 'lENSG00000233219', 'lENSG00000233222', 'lENSG00000233330', 'lENSG00000233339', 'lENSG00000233407', 'lENSG00000233472', 'lENSG00000233534', 'lENSG00000233574', 'lENSG00000233581', 'lENSG00000233613', 'lENSG00000233625', 'lENSG00000233656', 'lENSG00000233665', 'lENSG00000233706', 'lENSG00000233851', 'lENSG00000233891', 'lENSG00000233953', 'lENSG00000233960', 'lENSG00000233969', 'lENSG00000233985', 'lENSG00000234021', 'lENSG00000234055', 'lENSG00000234117', 'lENSG00000234149', 'lENSG00000234160', 'lENSG00000234172', 'lENSG00000234191', 'lENSG00000234318', 'lENSG00000234504', 'lENSG00000234567', 'lENSG00000234622', 'lENSG00000234626', 'lENSG00000234653', 'lENSG00000234690', 'lENSG00000234693', 'lENSG00000234714', 'lENSG00000234756', 'lENSG00000234860', 'lENSG00000234900', 'lENSG00000234953', 'lENSG00000234961', 'lENSG00000234979', 'lENSG00000235011', 'lENSG00000235035', 'lENSG00000235050', 'lENSG00000235059', 'lENSG00000235086', 'lENSG00000235122', 'lENSG00000235168', 'lENSG00000235262', 'lENSG00000235435', 'lENSG00000235494', 'lENSG00000235503', 'lENSG00000235533', 'lENSG00000235628', 'lENSG00000235635', 'lENSG00000235637', 'lENSG00000235669', 'lENSG00000235786', 'lENSG00000235813', 'lENSG00000236022', 'lENSG00000236031', 'lENSG00000236065', 'lENSG00000236109', 'lENSG00000236242', 'lENSG00000236267', 'lENSG00000236272', 'lENSG00000236324', 'lENSG00000236326', 'lENSG00000236358', 'lENSG00000236366', 'lENSG00000236414', 'lENSG00000236452', 'lENSG00000236463', 'lENSG00000236498', 'lENSG00000236559', 'lENSG00000236648', 'lENSG00000236662', 'lENSG00000236723', 'lENSG00000236744', 'lENSG00000236758', 'lENSG00000236800', 'lENSG00000236854', 'lENSG00000236921', 'lENSG00000236951', 'lENSG00000236953', 'lENSG00000236975', 'lENSG00000237015', 'lENSG00000237058', 'lENSG00000237073', 'lENSG00000237200', 'lENSG00000237293', 'lENSG00000237312', 'lENSG00000237331', 'lENSG00000237337', 'lENSG00000237373', 'lENSG00000237435', 'lENSG00000237463', 'lENSG00000237477', 'lENSG00000237481', 'lENSG00000237494', 'lENSG00000237520', 'lENSG00000237571', 'lENSG00000237576', 'lENSG00000237581', 'lENSG00000237670', 'lENSG00000237687', 'lENSG00000237734', 'lENSG00000237756', 'lENSG00000237768', 'lENSG00000237802', 'lENSG00000237919', 'lENSG00000237921', 'lENSG00000237937', 'lENSG00000238131', 'lENSG00000238140', 'lENSG00000238185', 'lENSG00000238282', 'lENSG00000238291', 'lENSG00000239314', 'lENSG00000239415', 'lENSG00000239482', 'lENSG00000239593', 'lENSG00000240354', 'lENSG00000240573', 'lENSG00000240868', 'lENSG00000241383', 'lENSG00000241397', 'lENSG00000241577', 'lENSG00000241593', 'lENSG00000241666', 'lENSG00000241985', 'lENSG00000242012', 'lENSG00000242072', 'lENSG00000242339', 'lENSG00000242391', 'lENSG00000242545', 'lENSG00000242568', 'lENSG00000242618', 'lENSG00000243149', 'lENSG00000243230', 'lENSG00000243273', 'lENSG00000243368', 'lENSG00000243797', 'lENSG00000243903', 'lENSG00000243961', 'lENSG00000244278', 'lENSG00000244327', 'lENSG00000244461', 'lENSG00000244701', 'lENSG00000245148', 'lENSG00000245385', 'lENSG00000246541', 'lENSG00000247867', 'lENSG00000247925', 'lENSG00000248125', 'lENSG00000248145', 'lENSG00000248148', 'lENSG00000248172', 'lENSG00000248245', 'lENSG00000248358', 'lENSG00000248373', 'lENSG00000248393', 'lENSG00000248397', 'lENSG00000248416', 'lENSG00000248457', 'lENSG00000248482', 'lENSG00000248490', 'lENSG00000248576', 'lENSG00000248599', 'lENSG00000248627', 'lENSG00000248758', 'lENSG00000248789', 'lENSG00000248802', 'lENSG00000248935', 'lENSG00000248969', 'lENSG00000248975', 'lENSG00000248984', 'lENSG00000248995', 'lENSG00000249066', 'lENSG00000249071', 'lENSG00000249099', 'lENSG00000249334', 'lENSG00000249409', 'lENSG00000249419', 'lENSG00000249426', 'lENSG00000249441', 'lENSG00000249451', 'lENSG00000249474', 'lENSG00000249547', 'lENSG00000249605', 'lENSG00000249613', 'lENSG00000249697', 'lENSG00000249706', 'lENSG00000249742', 'lENSG00000249753', 'lENSG00000249782', 'lENSG00000249806', 'lENSG00000249830', 'lENSG00000249865', 'lENSG00000249892', 'lENSG00000250062', 'lENSG00000250092', 'lENSG00000250186', 'lENSG00000250195', 'lENSG00000250242', 'lENSG00000250541', 'lENSG00000250626', 'lENSG00000250629', 'lENSG00000250665', 'lENSG00000250698', 'lENSG00000250761', 'lENSG00000250791', 'lENSG00000250820', 'lENSG00000250855', 'lENSG00000250865', 'lENSG00000250866', 'lENSG00000250877', 'lENSG00000250910', 'lENSG00000250917', 'lENSG00000250929', 'lENSG00000250945', 'lENSG00000250949', 'lENSG00000250993', 'lENSG00000251088', 'lENSG00000251185', 'lENSG00000251194', 'lENSG00000251256', 'lENSG00000251266', 'lENSG00000251281', 'lENSG00000251283', 'lENSG00000251414', 'lENSG00000251438', 'lENSG00000251688', 'lENSG00000253134', 'lENSG00000253142', 'lENSG00000253147', 'lENSG00000253167', 'lENSG00000253171', 'lENSG00000253189', 'lENSG00000253282', 'lENSG00000253356', 'lENSG00000253397', 'lENSG00000253449', 'lENSG00000253456', 'lENSG00000253503', 'lENSG00000253507', 'lENSG00000253526', 'lENSG00000253530', 'lENSG00000253539', 'lENSG00000253577', 'lENSG00000253616', 'lENSG00000253619', 'lENSG00000253627', 'lENSG00000253643', 'lENSG00000253645', 'lENSG00000253660', 'lENSG00000253665', 'lENSG00000253717', 'lENSG00000253722', 'lENSG00000253754', 'lENSG00000253782', 'lENSG00000253834', 'lENSG00000253851', 'lENSG00000253858', 'lENSG00000253865', 'lENSG00000253871', 'lENSG00000253875', 'lENSG00000253927', 'lENSG00000253947', 'lENSG00000253976', 'lENSG00000254011', 'lENSG00000254021', 'lENSG00000254026', 'lENSG00000254031', 'lENSG00000254035', 'lENSG00000254043', 'lENSG00000254084', 'lENSG00000254094', 'lENSG00000254123', 'lENSG00000254141', 'lENSG00000254171', 'lENSG00000254177', 'lENSG00000254207', 'lENSG00000254239', 'lENSG00000254242', 'lENSG00000254263', 'lENSG00000254314', 'lENSG00000254325', 'lENSG00000254330', 'lENSG00000254347', 'lENSG00000254350', 'lENSG00000254380', 'lENSG00000254428', 'lENSG00000254429', 'lENSG00000254456', 'lENSG00000254516', 'lENSG00000254526', 'lENSG00000254559', 'lENSG00000254563', 'lENSG00000254574', 'lENSG00000254592', 'lENSG00000254604', 'lENSG00000254620', 'lENSG00000254626', 'lENSG00000254627', 'lENSG00000254689', 'lENSG00000254739', 'lENSG00000254775', 'lENSG00000254787', 'lENSG00000254829', 'lENSG00000254842', 'lENSG00000254847', 'lENSG00000254864', 'lENSG00000254879', 'lENSG00000254913', 'lENSG00000254921', 'lENSG00000254928', 'lENSG00000254930', 'lENSG00000254972', 'lENSG00000254983', 'lENSG00000254990', 'lENSG00000255027', 'lENSG00000255039', 'lENSG00000255041', 'lENSG00000255084', 'lENSG00000255114', 'lENSG00000255121', 'lENSG00000255167', 'lENSG00000255227', 'lENSG00000255241', 'lENSG00000255247', 'lENSG00000255252', 'lENSG00000255271', 'lENSG00000255300', 'lENSG00000255327', 'lENSG00000255343', 'lENSG00000255357', 'lENSG00000255366', 'lENSG00000255375', 'lENSG00000255388', 'lENSG00000255390', 'lENSG00000255443', 'lENSG00000255462', 'lENSG00000255478', 'lENSG00000255482', 'lENSG00000255487', 'lENSG00000255496', 'lENSG00000255498', 'lENSG00000255506', 'lENSG00000255523', 'lENSG00000255555', 'lENSG00000255565', 'lENSG00000255572', 'lENSG00000255580', 'lENSG00000255808', 'lENSG00000255839', 'lENSG00000255893', 'lENSG00000255949', 'lENSG00000256007', 'lENSG00000256071', 'lENSG00000256083', 'lENSG00000256209', 'lENSG00000256226', 'lENSG00000256234', 'lENSG00000256292', 'lENSG00000256314', 'lENSG00000256364', 'lENSG00000256448', 'lENSG00000256452', 'lENSG00000256482', 'lENSG00000256484', 'lENSG00000256568', 'lENSG00000256582', 'lENSG00000256733', 'lENSG00000256897', 'lENSG00000256972', 'lENSG00000257004', 'lENSG00000257022', 'lENSG00000257096', 'lENSG00000257105', 'lENSG00000257137', 'lENSG00000257165', 'lENSG00000257235', 'lENSG00000257261', 'lENSG00000257264', 'lENSG00000257265', 'lENSG00000257271', 'lENSG00000257275', 'lENSG00000257342', 'lENSG00000257381', 'lENSG00000257470', 'lENSG00000257488', 'lENSG00000257500', 'lENSG00000257514', 'lENSG00000257527', 'lENSG00000257541', 'lENSG00000257587', 'lENSG00000257634', 'lENSG00000257682', 'lENSG00000257732', 'lENSG00000257750', 'lENSG00000257764', 'lENSG00000257787', 'lENSG00000257904', 'lENSG00000257925', 'lENSG00000257997', 'lENSG00000258044', 'lENSG00000258084', 'lENSG00000258108', 'lENSG00000258167', 'lENSG00000258185', 'lENSG00000258210', 'lENSG00000258220', 'lENSG00000258234', 'lENSG00000258272', 'lENSG00000258308', 'lENSG00000258312', 'lENSG00000258313', 'lENSG00000258323', 'lENSG00000258331', 'lENSG00000258378', 'lENSG00000258379', 'lENSG00000258390', 'lENSG00000258394', 'lENSG00000258425', 'lENSG00000258451', 'lENSG00000258460', 'lENSG00000258515', 'lENSG00000258516', 'lENSG00000258520', 'lENSG00000258610', 'lENSG00000258657', 'lENSG00000258670', 'lENSG00000258690', 'lENSG00000258695', 'lENSG00000258698', 'lENSG00000258742', 'lENSG00000258745', 'lENSG00000258784', 'lENSG00000258800', 'lENSG00000258824', 'lENSG00000258829', 'lENSG00000258850', 'lENSG00000258869', 'lENSG00000258892', 'lENSG00000258904', 'lENSG00000258908', 'lENSG00000258944', 'lENSG00000258958', 'lENSG00000259007', 'lENSG00000259026', 'lENSG00000259187', 'lENSG00000259188', 'lENSG00000259202', 'lENSG00000259223', 'lENSG00000259256', 'lENSG00000259265', 'lENSG00000259268', 'lENSG00000259290', 'lENSG00000259294', 'lENSG00000259342', 'lENSG00000259351', 'lENSG00000259352', 'lENSG00000259360', 'lENSG00000259385', 'lENSG00000259432', 'lENSG00000259503', 'lENSG00000259532', 'lENSG00000259544', 'lENSG00000259595', 'lENSG00000259631', 'lENSG00000259636', 'lENSG00000259649', 'lENSG00000259659', 'lENSG00000259678', 'lENSG00000259757', 'lENSG00000259759', 'lENSG00000259767', 'lENSG00000259798', 'lENSG00000259805', 'lENSG00000259945', 'lENSG00000259955', 'lENSG00000259967', 'lENSG00000260003', 'lENSG00000260017', 'lENSG00000260022', 'lENSG00000260058', 'lENSG00000260158', 'lENSG00000260186', 'lENSG00000260190', 'lENSG00000260237', 'lENSG00000260246', 'lENSG00000260304', 'lENSG00000260454', 'lENSG00000260476', 'lENSG00000260586', 'lENSG00000260605', 'lENSG00000260626', 'lENSG00000260659', 'lENSG00000260720', 'lENSG00000260741', 'lENSG00000260773', 'lENSG00000260798', 'lENSG00000260814', 'lENSG00000260884', 'lENSG00000260911', 'lENSG00000260934', 'lENSG00000260970', 'lENSG00000260986', 'lENSG00000260999', 'lENSG00000261014', 'lENSG00000261036', 'lENSG00000261065', 'lENSG00000261066', 'lENSG00000261070', 'lENSG00000261243', 'lENSG00000261248', 'lENSG00000261261', 'lENSG00000261266', 'lENSG00000261307', 'lENSG00000261332', 'lENSG00000261379', 'lENSG00000261432', 'lENSG00000261475', 'lENSG00000261507', 'lENSG00000261523', 'lENSG00000261552', 'lENSG00000261569', 'lENSG00000261633', 'lENSG00000261663', 'lENSG00000261671', 'lENSG00000261695', 'lENSG00000261697', 'lENSG00000261723', 'lENSG00000261729', 'lENSG00000261731', 'lENSG00000261761', 'lENSG00000261838', 'lENSG00000262151', 'lENSG00000262298', 'lENSG00000262434', 'lENSG00000262533', 'lENSG00000262692', 'lENSG00000262777', 'lENSG00000262810', 'lENSG00000262815', 'lENSG00000263080', 'lENSG00000263237', 'lENSG00000263257', 'lENSG00000263300', 'lENSG00000263321', 'lENSG00000263335', 'lENSG00000263417', 'lENSG00000263466', 'lENSG00000263585', 'lENSG00000263594', 'lENSG00000263618', 'lENSG00000263684', 'lENSG00000263709', 'lENSG00000263765', 'lENSG00000263797', 'lENSG00000263847', 'lENSG00000263873', 'lENSG00000263982', 'lENSG00000263986', 'lENSG00000264016', 'lENSG00000264023', 'lENSG00000264066', 'lENSG00000264116', 'lENSG00000264151', 'lENSG00000264254', 'lENSG00000264269', 'lENSG00000264486', 'lENSG00000264513', 'lENSG00000264520', 'lENSG00000264546', 'lENSG00000264558', 'lENSG00000264577', 'lENSG00000264595', 'lENSG00000264622', 'lENSG00000264734', 'lENSG00000264825', 'lENSG00000264924', 'lENSG00000265125', 'lENSG00000265205', 'lENSG00000265265', 'lENSG00000265334', 'lENSG00000265400', 'lENSG00000265443', 'lENSG00000265474', 'lENSG00000265625', 'lENSG00000265643', 'lENSG00000265728', 'lENSG00000265739', 'lENSG00000265743', 'lENSG00000265791', 'lENSG00000265800', 'lENSG00000265840', 'lENSG00000265844', 'lENSG00000265845', 'lENSG00000265980', 'lENSG00000265987', 'lENSG00000266102', 'lENSG00000266153', 'lENSG00000266311', 'lENSG00000266341', 'lENSG00000266368', 'lENSG00000266397', 'lENSG00000266535', 'lENSG00000266538', 'lENSG00000266541', 'lENSG00000266651', 'lENSG00000266696', 'lENSG00000266801', 'lENSG00000266844', 'lENSG00000266877', 'lENSG00000266936', 'lENSG00000266981', 'lENSG00000266985', 'lENSG00000266993', 'lENSG00000267000', 'lENSG00000267028', 'lENSG00000267057', 'lENSG00000267063', 'lENSG00000267177', 'lENSG00000267225', 'lENSG00000267234', 'lENSG00000267255', 'lENSG00000267263', 'lENSG00000267274', 'lENSG00000267286', 'lENSG00000267320', 'lENSG00000267341', 'lENSG00000267354', 'lENSG00000267364', 'lENSG00000267378', 'lENSG00000267387', 'lENSG00000267436', 'lENSG00000267437', 'lENSG00000267510', 'lENSG00000267543', 'lENSG00000267583', 'lENSG00000267593', 'lENSG00000267615', 'lENSG00000267617', 'lENSG00000267638', 'lENSG00000267665', 'lENSG00000267711', 'lENSG00000267791', 'lENSG00000267838', 'lENSG00000267922', 'lENSG00000267980', 'lENSG00000268015', 'lENSG00000268049', 'lENSG00000268051', 'lENSG00000268069', 'lENSG00000268078', 'lENSG00000268191', 'lENSG00000268203', 'lENSG00000268240', 'lENSG00000268289', 'lENSG00000268292', 'lENSG00000268296', 'lENSG00000268520', 'lENSG00000268605', 'lENSG00000268734', 'lENSG00000268743', 'lENSG00000268798', 'lENSG00000268906', 'lENSG00000268912', 'lENSG00000269044', 'lENSG00000269085', 'lENSG00000269145', 'lENSG00000269191', 'lENSG00000269292', 'lENSG00000269321', 'lENSG00000269350', 'lENSG00000269495', 'lENSG00000269504', 'lENSG00000269578', 'lENSG00000269621', 'lENSG00000269656', 'lENSG00000269729', 'lENSG00000269802', 'lENSG00000269826', 'lENSG00000269843', 'lENSG00000269867', 'lENSG00000269950', 'lENSG00000269987', 'lENSG00000270082', 'lENSG00000270094', 'lENSG00000270108', 'lENSG00000270380', 'lENSG00000270726', 'lENSG00000270871', 'lENSG00000270996', 'lENSG00000271032', 'lENSG00000271218', 'lENSG00000271314', 'lENSG00000271717', 'lENSG00000271763', 'lENSG00000271901', 'lENSG00000271936', 'lENSG00000271945', 'lENSG00000271983', 'lENSG00000272027', 'lENSG00000272149', 'lENSG00000272159', 'lENSG00000272338', 'lENSG00000272510', 'lENSG00000272540', 'lENSG00000272575', 'lENSG00000272642', 'lENSG00000272742', 'lENSG00000272814', 'lENSG00000272866', 'lENSG00000272995', 'lENSG00000273035', 'lENSG00000273110', 'lENSG00000273198', 'lENSG00000273226', 'lENSG00000273271', 'lENSG00000273275', 'lENSG00000273360', 'lENSG00000273449', 'lENSG00000273461', 'lENSG00000273485', 'lENSG00000273493', 'lENSG00000273550', 'lENSG00000273568', 'lENSG00000273838', 'lENSG00000273919', 'lENSG00000274177', 'lENSG00000274227', 'lENSG00000274561', 'lENSG00000274624', 'lENSG00000274737', 'lENSG00000274863', 'lENSG00000274893', 'lENSG00000275345', 'lENSG00000275356', 'lENSG00000275401', 'lENSG00000275484', 'lENSG00000275576', 'lENSG00000275638', 'lENSG00000275871', 'lENSG00000275963', 'lENSG00000276054', 'lENSG00000276107', 'lENSG00000276266', 'lENSG00000276488', 'lENSG00000276527', 'lENSG00000276533', 'lENSG00000276668', 'lENSG00000276997', 'lENSG00000277173', 'lENSG00000277332', 'lENSG00000277675', 'lENSG00000278000', 'lENSG00000278202', 'lENSG00000278351', 'lENSG00000278630', 'lENSG00000278944', 'lENSG00000279088', 'lENSG00000279240', 'lENSG00000279501', 'lENSG00000279623', 'lENSG00000279687', 'lENSG00000279751', 'lENSG00000279920', 'lENSG00000280206', 'lENSG00000280224', 'lENSG00000280580', 'lENSG00000280703', 'lENSG00000280870', 'lENSG00000280881', 'lENSG00000281021', 'lENSG00000281831', 'lENSG00000282478', 'lENSG00000282828', 'lENSG00000282950', 'lENSG00000283083', 'lENSG00000283286', 'lENSG00000283375', 'lENSG00000283436', 'lENSG00000283573', 'lENSG00000283631', 'lENSG00000283766', 'lENSG00000283973', 'lENSG00000284418', 'lENSG00000284500', 'lENSG00000284513', 'lENSG00000284608', 'lENSG00000284846', 'lENSG00000284994', 'lENSG00000285012', 'lENSG00000285040', 'lENSG00000285117', 'lENSG00000285325', 'lENSG00000285354', 'lENSG00000285409', 'lENSG00000285473', 'lENSG00000285518', 'lENSG00000285524', 'lENSG00000285550', 'lENSG00000285551', 'lENSG00000285619', 'lENSG00000285654', 'lENSG00000285709', 'lENSG00000285780', 'lENSG00000285857', 'lENSG00000285861', 'lENSG00000285889', 'lENSG00000285954', 'lENSG00000285998', 'lENSG00000286002', 'lENSG00000286010', 'lENSG00000286018', 'lENSG00000286020', 'lENSG00000286050', 'lENSG00000286076', 'lENSG00000286093', 'lENSG00000286101', 'lENSG00000286168', 'lENSG00000286188', 'lENSG00000286194', 'lENSG00000286197', 'lENSG00000286206', 'lENSG00000286242', 'lENSG00000286244', 'lENSG00000286276', 'lENSG00000286303', 'lENSG00000286331', 'lENSG00000286333', 'lENSG00000286338', 'lENSG00000286357', 'lENSG00000286419', 'lENSG00000286430', 'lENSG00000286436', 'lENSG00000286441', 'lENSG00000286453', 'lENSG00000286461', 'lENSG00000286515', 'lENSG00000286565', 'lENSG00000286578', 'lENSG00000286581', 'lENSG00000286584', 'lENSG00000286588', 'lENSG00000286598', 'lENSG00000286617', 'lENSG00000286639', 'lENSG00000286645', 'lENSG00000286670', 'lENSG00000286689', 'lENSG00000286690', 'lENSG00000286698', 'lENSG00000286716', 'lENSG00000286735', 'lENSG00000286738', 'lENSG00000286740', 'lENSG00000286751', 'lENSG00000286759', 'lENSG00000286770', 'lENSG00000286776', 'lENSG00000286781', 'lENSG00000286795', 'lENSG00000286803', 'lENSG00000286820', 'lENSG00000286822', 'lENSG00000286838', 'lENSG00000286843', 'lENSG00000286850', 'lENSG00000286887', 'lENSG00000286908', 'lENSG00000286963', 'lENSG00000287005', 'lENSG00000287020', 'lENSG00000287028', 'lENSG00000287030', 'lENSG00000287066', 'lENSG00000287094', 'lENSG00000287107', 'lENSG00000287108', 'lENSG00000287128', 'lENSG00000287159', 'lENSG00000287191', 'lENSG00000287198', 'lENSG00000287202', 'lENSG00000287213', 'lENSG00000287236', 'lENSG00000287270', 'lENSG00000287285', 'lENSG00000287321', 'lENSG00000287335', 'lENSG00000287359', 'lENSG00000287366', 'lENSG00000287367', 'lENSG00000287381', 'lENSG00000287423', 'lENSG00000287441', 'lENSG00000287451', 'lENSG00000287456', 'lENSG00000287462', 'lENSG00000287501', 'lENSG00000287511', 'lENSG00000287517', 'lENSG00000287518', 'lENSG00000287545', 'lENSG00000287550', 'lENSG00000287551', 'lENSG00000287556', 'lENSG00000287587', 'lENSG00000287618', 'lENSG00000287660', 'lENSG00000287664', 'lENSG00000287684', 'lENSG00000287687', 'lENSG00000287691', 'lENSG00000211683', 'lENSG00000223379', 'lENSG00000223795', 'lENSG00000225393', 'lENSG00000225836', 'lENSG00000228255', 'lENSG00000228538', 'lENSG00000229454', 'lENSG00000229458', 'lENSG00000229628', 'lENSG00000229964', 'lENSG00000230600', 'lENSG00000230649', 'lENSG00000231212', 'lENSG00000231616', 'lENSG00000232056', 'lENSG00000232636', 'lENSG00000233200', 'lENSG00000233987', 'lENSG00000234083', 'lENSG00000234810', 'lENSG00000234998', 'lENSG00000235795', 'lENSG00000236453', 'lENSG00000239801', 'lENSG00000241792', 'lENSG00000242375', 'lENSG00000244620', 'lENSG00000247810', 'lENSG00000248991', 'lENSG00000249159', 'lENSG00000250481', 'lENSG00000250567', 'lENSG00000250670', 'lENSG00000250686', 'lENSG00000250777', 'lENSG00000250948', 'lENSG00000251506', 'lENSG00000251654', 'lENSG00000253766', 'lENSG00000254306', 'lENSG00000254927', 'lENSG00000255279', 'lENSG00000255325', 'lENSG00000255644', 'lENSG00000256686', 'lENSG00000257603', 'lENSG00000257962', 'lENSG00000258196', 'lENSG00000258386', 'lENSG00000258949', 'lENSG00000259123', 'lENSG00000259209', 'lENSG00000259222', 'lENSG00000259244', 'lENSG00000259255', 'lENSG00000259274', 'lENSG00000259306', 'lENSG00000259407', 'lENSG00000260511', 'lENSG00000260983', 'lENSG00000261193', 'lENSG00000261445', 'lENSG00000261470', 'lENSG00000261775', 'lENSG00000264660', 'lENSG00000265174', 'lENSG00000266893', 'lENSG00000267081', 'lENSG00000267521', 'lENSG00000269391', 'lENSG00000269460', 'lENSG00000272304', 'lENSG00000272369', 'lENSG00000273138', 'lENSG00000273403', 'lENSG00000273486', 'lENSG00000274902', 'lENSG00000275232', 'lENSG00000278514', 'lENSG00000279672', 'lENSG00000282887', 'lENSG00000286164', 'lENSG00000226032', 'lENSG00000235736', 'lENSG00000263316', 'lENSG00000258631', 'lENSG00000260141', 'lENSG00000279472', 'lENSG00000271870', 'lENSG00000272934', 'lENSG00000265556', 'lENSG00000271840', 'lENSG00000253701', 'lENSG00000281408', 'lALG13-AS1', 'lDGUOK-AS1', 'lDSCR8', 'lMIR145', 'lMIR24-2', 'lMIR3179-2', 'lMIR3654', 'lACA64', 'lCDKN2B-AS', 'lC3orf65']","[0.0, 0.0, 0.0, 1.0, 1.0, 0.0, 0.0, 1.0, 0.0, 1.0, 1.0, 0.0, 1.0, 0.0, 1.0, 1.0, 1.0, 0.0, 1.0, 1.0, 0.0, 1.0, 0.0, 1.0, 0.0, 0.0, 1.0, 1.0, 0.0, 0.0, 0.0, 1.0, 1.0, 1.0, 1.0, 1.0, 1.0, 0.0, 1.0, 1.0, 1.0, 0.0, 1.0, 1.0, 0.0, 1.0, 1.0, 1.0, 1.0, 1.0, 1.0, 0.0, 1.0, 0.0, 1.0, 1.0, 0.0, 0.0, 1.0, 1.0, 0.0, 1.0, 0.0, 1.0, 1.0, 1.0, 0.0, 1.0, 0.0, 0.0, 1.0, 0.0, 1.0, 0.0, 0.0, 1.0, 0.0, 1.0, 0.0, 0.0, 0.0, 0.0, 1.0, 0.0, 1.0, 0.0, 0.0, 0.0, 0.0, 1.0, 1.0, 1.0, 0.0, 1.0, 1.0, 1.0, 0.0, 0.0, 1.0, 0.0, 0.0, 0.0, 1.0, 1.0, 0.0, 0.0, 1.0, 0.0, 1.0, 1.0, 1.0, 0.0, 0.0, 1.0, 1.0, 0.0, 1.0, 0.0, 0.0, 1.0, 1.0, 0.0, 0.0, 1.0, 1.0, 1.0, 0.0, 1.0, 1.0, 1.0, 0.0, 0.0, 1.0, 1.0, 1.0, 1.0, 1.0, 0.0, 1.0, 0.0, 1.0, 0.0, 0.0, 1.0, 0.0, 1.0, 1.0, 0.0, 0.0, 1.0, 1.0, 0.0, 0.0, 1.0, 0.0, 0.0, 1.0, 0.0, 1.0, 1.0, 1.0, 0.0, 1.0, 0.0, 0.0, 1.0, 1.0, 1.0, 0.0, 1.0, 1.0, 0.0, 0.0, 1.0, 0.0, 1.0, 1.0, 1.0, 1.0, 0.0, 0.0, 0.0, 0.0, 1.0, 1.0, 0.0, 1.0, 0.0, 1.0, 1.0, 0.0, 0.0, 1.0, 1.0, 0.0, 1.0, 0.0, 0.0, 0.0, 1.0, 1.0, 0.0, 0.0, 0.0, 1.0, 1.0, 1.0, 0.0, 0.0, 1.0, 1.0, 0.0, 1.0, 1.0, 1.0, 1.0, 1.0, 0.0, 0.0, 1.0, 0.0, 0.0, 1.0, 1.0, 1.0, 0.0, 0.0, 0.0, 1.0, 0.0, 0.0, 1.0, 1.0, 1.0, 1.0, 0.0, 1.0, 1.0, 1.0, 0.0, 1.0, 0.0, 0.0, 1.0, 1.0, 0.0, 1.0, 1.0, 1.0, 1.0, 0.0, 1.0, 0.0, 0.0, 1.0, 0.0, 0.0, 1.0, 1.0, 0.0, 1.0, 0.0, 1.0, 0.0, 0.0, 1.0, 0.0, 0.0, 0.0, 0.0, 0.0, 1.0, 0.0, 1.0, 1.0, 0.0, 1.0, 0.0, 0.0, 0.0, 1.0, 0.0, 0.0, 0.0, 0.0, 1.0, 1.0, 1.0, 0.0, 1.0, 0.0, 1.0, 0.0, 0.0, 0.0, 1.0, 1.0, 0.0, 1.0, 0.0, 1.0, 1.0, 1.0, 1.0, 0.0, 1.0, 0.0, 1.0, 0.0, 1.0, 1.0, 0.0, 0.0, 0.0, 0.0, 1.0, 0.0, 1.0, 1.0, 1.0, 0.0, 0.0, 1.0, 0.0, 0.0, 0.0, 1.0, 0.0, 1.0, 1.0, 0.0, 0.0, 0.0, 0.0, 1.0, 0.0, 0.0, 1.0, 1.0, 1.0, 1.0, 1.0, 0.0, 1.0, 0.0, 0.0, 0.0, 0.0, 0.0, 1.0, 0.0, 0.0, 0.0, 1.0, 0.0, 0.0, 1.0, 1.0, 0.0, 0.0, 1.0, 1.0, 1.0, 0.0, 0.0, 1.0, 1.0, 1.0, 0.0, 1.0, 0.0, 0.0, 0.0, 1.0, 0.0, 0.0, 1.0, 0.0, 0.0, 0.0, 1.0, 1.0, 0.0, 1.0, 1.0, 0.0, 1.0, 0.0, 1.0, 1.0, 0.0, 1.0, 1.0, 1.0, 0.0, 0.0, 0.0, 0.0, 1.0, 1.0, 1.0, 1.0, 0.0, 0.0, 0.0, 1.0, 0.0, 1.0, 1.0, 0.0, 1.0, 0.0, 0.0, 1.0, 1.0, 0.0, 1.0, 0.0, 1.0, 0.0, 0.0, 0.0, 0.0, 1.0, 1.0, 0.0, 1.0, 0.0, 1.0, 1.0, 0.0, 1.0, 0.0, 1.0, 1.0, 1.0, 1.0, 0.0, 0.0, 1.0, 1.0, 0.0, 0.0, 0.0, 1.0, 0.0, 1.0, 0.0, 0.0, 0.0, 1.0, 0.0, 1.0, 1.0, 1.0, 0.0, 1.0, 1.0, 0.0, 0.0, 0.0, 1.0, 0.0, 1.0, 1.0, 0.0, 1.0, 1.0, 1.0, 0.0, 0.0, 1.0, 1.0, 0.0, 0.0, 1.0, 0.0, 0.0, 0.0, 0.0, 1.0, 0.0, 1.0, 0.0, 0.0, 0.0, 1.0, 0.0, 1.0, 0.0, 1.0, 1.0, 0.0, 1.0, 1.0, 0.0, 0.0, 1.0, 0.0, 1.0, 1.0, 0.0, 1.0, 0.0, 0.0, 1.0, 0.0, 1.0, 0.0, 1.0, 1.0, 1.0, 0.0, 1.0, 1.0, 1.0, 0.0, 1.0, 1.0, 0.0, 0.0, 0.0, 0.0, 0.0, 0.0, 0.0, 1.0, 0.0, 0.0, 0.0, 1.0, 1.0, 0.0, 1.0, 0.0, 1.0, 0.0, 1.0, 0.0, 0.0, 0.0, 0.0, 0.0, 0.0, 0.0, 0.0, 1.0, 1.0, 1.0, 0.0, 1.0, 1.0, 0.0, 0.0, 0.0, 0.0, 1.0, 0.0, 0.0, 1.0, 0.0, 1.0, 0.0, 0.0, 1.0, 0.0, 0.0, 0.0, 0.0, 1.0, 1.0, 0.0, 0.0, 0.0, 0.0, 0.0, 1.0, 0.0, 1.0, 0.0, 0.0, 1.0, 1.0, 1.0, 0.0, 1.0, 1.0, 0.0, 1.0, 1.0, 0.0, 0.0, 1.0, 0.0, 0.0, 1.0, 1.0, 0.0, 0.0, 0.0, 1.0, 1.0, 1.0, 0.0, 0.0, 0.0, 1.0, 1.0, 1.0, 1.0, 0.0, 0.0, 1.0, 1.0, 1.0, 1.0, 1.0, 1.0, 1.0, 0.0, 1.0, 1.0, 0.0, 0.0, 0.0, 1.0, 0.0, 1.0, 0.0, 1.0, 0.0, 1.0, 1.0, 0.0, 1.0, 1.0, 0.0, 0.0, 0.0, 1.0, 0.0, 1.0, 1.0, 1.0, 0.0, 0.0, 0.0, 1.0, 0.0, 0.0, 0.0, 1.0, 1.0, 1.0, 1.0, 0.0, 0.0, 1.0, 1.0, 1.0, 0.0, 0.0, 0.0, 0.0, 1.0, 0.0, 0.0, 1.0, 0.0, 0.0, 0.0, 0.0, 1.0, 0.0, 0.0, 0.0, 0.0, 0.0, 0.0, 0.0, 0.0, 0.0, 0.0, 1.0, 1.0, 1.0, 1.0, 1.0, 1.0, 1.0, 0.0, 0.0, 1.0, 1.0, 0.0, 1.0, 1.0, 1.0, 1.0, 0.0, 0.0, 1.0, 1.0, 0.0, 1.0, 0.0, 1.0, 1.0, 1.0, 1.0, 1.0, 1.0, 0.0, 1.0, 1.0, 0.0, 0.0, 1.0, 1.0, 1.0, 0.0, 1.0, 0.0, 1.0, 0.0, 1.0, 1.0, 0.0, 0.0, 1.0, 1.0, 0.0, 1.0, 1.0, 1.0, 1.0, 1.0, 1.0, 1.0, 0.0, 0.0, 1.0, 0.0, 1.0, 0.0, 0.0, 1.0, 1.0, 1.0, 1.0, 0.0, 0.0, 0.0, 1.0, 0.0, 1.0, 0.0, 0.0, 1.0, 0.0, 0.0, 1.0, 1.0, 0.0, 1.0, 0.0, 0.0, 1.0, 0.0, 0.0, 1.0, 0.0, 1.0, 0.0, 0.0, 0.0, 1.0, 1.0, 0.0, 1.0, 1.0, 1.0, 1.0, 0.0, 1.0, 1.0, 1.0, 1.0, 1.0, 1.0, 0.0, 1.0, 0.0, 0.0, 1.0, 1.0, 0.0, 1.0, 0.0, 0.0, 1.0, 1.0, 0.0, 0.0, 1.0, 1.0, 1.0, 1.0, 0.0, 1.0, 0.0, 0.0, 0.0, 1.0, 0.0, 0.0, 0.0, 0.0, 1.0, 1.0, 0.0, 1.0, 0.0, 0.0, 0.0, 1.0, 0.0, 0.0, 1.0, 0.0, 1.0, 0.0, 0.0, 0.0, 1.0, 0.0, 0.0, 1.0, 0.0, 0.0, 1.0, 0.0, 0.0, 1.0, 1.0, 0.0, 1.0, 1.0, 1.0, 1.0, 0.0, 1.0, 0.0, 1.0, 0.0, 0.0, 0.0, 1.0, 1.0, 0.0, 1.0, 1.0, 1.0, 0.0, 0.0, 1.0, 0.0, 0.0, 0.0, 0.0, 1.0, 1.0, 0.0, 1.0, 1.0, 1.0, 0.0, 0.0, 0.0, 0.0, 0.0, 0.0, 0.0, 1.0, 0.0, 1.0, 1.0, 1.0, 0.0, 1.0, 0.0, 1.0, 1.0, 0.0, 1.0, 1.0, 0.0, 0.0, 1.0, 0.0, 1.0, 1.0, 1.0, 1.0, 1.0, 1.0, 0.0, 1.0, 1.0, 0.0, 0.0, 0.0, 0.0, 1.0, 0.0, 1.0, 1.0, 1.0, 0.0, 0.0, 1.0, 1.0, 0.0, 0.0, 0.0, 0.0, 1.0, 0.0, 0.0, 1.0, 1.0, 0.0, 0.0, 1.0, 1.0, 1.0, 0.0, 1.0, 0.0, 0.0, 0.0, 0.0, 0.0, 0.0, 0.0, 0.0, 1.0, 0.0, 0.0, 0.0, 0.0, 1.0, 0.0, 0.0, 0.0, 1.0, 1.0, 1.0, 1.0, 1.0, 1.0, 1.0, 1.0, 1.0, 0.0, 1.0, 1.0, 1.0, 0.0, 0.0, 1.0, 1.0, 1.0, 0.0, 0.0, 0.0, 0.0, 0.0, 0.0, 1.0, 0.0, 1.0, 0.0, 0.0, 0.0, 1.0, 0.0, 0.0, 0.0, 1.0, 0.0, 0.0, 1.0, 0.0, 1.0, 0.0, 0.0, 0.0, 1.0, 0.0, 0.0, 1.0, 0.0, 1.0, 0.0, 1.0, 1.0, 1.0, 1.0, 0.0, 1.0, 0.0, 1.0, 0.0, 0.0, 0.0, 0.0, 0.0, 1.0, 1.0, 0.0, 1.0, 0.0, 1.0, 0.0, 1.0, 0.0, 1.0, 0.0, 0.0, 0.0, 0.0, 0.0, 1.0, 1.0, 0.0, 0.0, 0.0, 1.0, 1.0, 0.0, 1.0, 0.0, 1.0, 1.0, 0.0, 1.0, 1.0, 1.0, 0.0, 0.0, 0.0, 1.0, 1.0, 0.0, 0.0, 1.0, 1.0, 0.0, 0.0, 1.0, 1.0, 1.0, 0.0, 0.0, 0.0, 1.0, 0.0, 1.0, 1.0, 0.0, 1.0, 0.0, 0.0, 0.0, 1.0, 0.0, 0.0, 0.0, 1.0, 1.0, 0.0, 1.0, 0.0, 0.0, 0.0, 0.0, 1.0, 1.0, 0.0, 0.0, 1.0, 1.0, 1.0, 0.0, 1.0, 1.0, 0.0, 1.0, 0.0, 0.0, 1.0, 1.0, 1.0, 1.0, 0.0, 0.0, 0.0, 1.0, 0.0, 1.0, 1.0, 0.0, 0.0, 0.0, 1.0, 0.0, 1.0, 0.0, 0.0, 1.0, 1.0, 1.0, 1.0, 1.0, 0.0, 1.0, 0.0, 1.0, 0.0, 1.0, 0.0, 0.0, 0.0, 0.0, 0.0, 0.0, 1.0, 1.0, 1.0, 0.0, 1.0, 0.0, 0.0, 1.0, 1.0, 0.0, 1.0, 1.0, 1.0, 0.0, 1.0, 0.0, 0.0, 1.0, 1.0, 1.0, 1.0, 1.0, 0.0, 0.0, 0.0, 0.0, 1.0, 0.0, 1.0, 1.0, 0.0, 0.0, 1.0, 1.0, 0.0, 1.0, 0.0, 0.0, 1.0, 1.0, 1.0, 1.0, 0.0, 0.0, 1.0, 0.0, 1.0, 0.0, 0.0, 1.0, 1.0, 0.0, 0.0, 0.0, 1.0, 1.0, 0.0, 0.0, 1.0, 1.0, 1.0, 0.0, 0.0, 1.0, 0.0, 0.0, 0.0, 1.0, 0.0, 1.0, 0.0, 1.0, 0.0, 1.0, 0.0, 0.0, 0.0, 1.0, 0.0, 1.0, 1.0, 1.0, 1.0, 1.0, 0.0, 1.0, 0.0, 1.0, 1.0, 0.0, 0.0, 1.0, 1.0, 1.0, 1.0, 1.0, 0.0, 0.0, 1.0, 0.0, 1.0, 0.0, 0.0, 1.0, 1.0, 1.0, 0.0, 0.0, 0.0, 0.0, 0.0, 1.0, 1.0, 0.0, 0.0, 1.0, 0.0, 0.0, 0.0, 1.0, 1.0, 1.0, 0.0, 1.0, 1.0, 1.0, 1.0, 0.0, 0.0, 1.0, 0.0, 1.0, 0.0, 1.0, 1.0, 1.0, 0.0, 0.0, 0.0, 0.0, 1.0, 0.0, 0.0, 1.0, 1.0, 0.0, 0.0, 0.0, 1.0, 1.0, 0.0, 0.0, 1.0, 1.0, 0.0, 1.0, 0.0, 1.0, 1.0, 0.0, 0.0, 0.0, 0.0, 0.0, 0.0, 1.0, 0.0, 1.0, 1.0, 1.0, 1.0, 1.0, 1.0, 0.0, 1.0, 1.0, 1.0, 1.0, 1.0, 1.0, 0.0, 0.0, 0.0, 1.0, 0.0, 1.0, 0.0, 1.0, 1.0, 1.0, 1.0, 1.0, 0.0, 0.0, 0.0, 1.0, 0.0, 1.0, 1.0, 1.0, 0.0, 0.0, 1.0, 1.0, 0.0, 1.0, 0.0, 1.0, 1.0, 0.0, 0.0, 1.0, 0.0, 1.0, 1.0, 0.0, 1.0, 1.0, 1.0, 1.0, 1.0, 0.0, 0.0, 1.0, 0.0, 1.0, 0.0, 1.0, 0.0, 0.0, 1.0, 1.0, 0.0, 1.0, 1.0, 1.0, 0.0, 0.0, 1.0, 1.0, 1.0, 1.0, 1.0, 0.0, 0.0, 1.0, 0.0, 1.0, 1.0, 1.0, 1.0, 1.0, 0.0, 0.0, 0.0, 1.0, 1.0, 1.0, 0.0, 1.0, 1.0, 0.0, 1.0, 1.0, 0.0, 0.0, 0.0, 1.0, 1.0, 0.0, 0.0, 1.0, 0.0, 0.0, 0.0, 1.0, 1.0, 0.0, 1.0, 1.0, 1.0, 0.0, 0.0, 1.0, 1.0, 1.0, 1.0, 0.0, 1.0, 0.0, 0.0, 1.0, 0.0, 1.0, 0.0, 1.0, 1.0, 0.0, 1.0, 1.0, 0.0, 1.0, 0.0, 0.0, 0.0, 0.0, 1.0, 0.0, 0.0, 1.0, 0.0, 1.0, 1.0, 0.0, 0.0, 1.0, 1.0, 0.0, 1.0, 0.0, 1.0, 1.0, 0.0, 1.0, 1.0, 0.0, 1.0, 1.0, 1.0, 1.0, 1.0, 0.0, 0.0, 0.0, 0.0, 0.0, 1.0, 0.0, 0.0, 0.0, 1.0, 0.0, 1.0, 1.0, 0.0, 0.0, 1.0, 1.0, 1.0, 0.0, 0.0, 1.0, 1.0, 1.0, 1.0, 0.0, 0.0, 1.0, 0.0, 1.0, 0.0, 0.0, 0.0, 1.0, 0.0, 1.0, 0.0, 0.0, 1.0, 1.0, 1.0, 1.0, 0.0, 0.0, 0.0, 0.0, 1.0, 1.0, 0.0, 0.0, 0.0, 0.0, 1.0, 0.0, 1.0, 1.0, 1.0, 0.0, 1.0, 0.0, 0.0, 1.0, 1.0, 0.0, 1.0, 0.0, 0.0, 1.0, 1.0, 0.0, 1.0, 1.0, 0.0, 0.0, 1.0, 0.0, 0.0, 1.0, 1.0, 0.0, 0.0, 1.0, 0.0, 0.0, 1.0, 1.0, 0.0, 1.0, 1.0, 1.0, 0.0, 0.0, 0.0, 1.0, 0.0, 1.0, 1.0, 0.0, 1.0, 1.0, 1.0, 0.0, 0.0, 1.0, 0.0, 0.0, 1.0, 0.0, 0.0, 0.0, 0.0, 1.0, 0.0, 0.0, 1.0, 0.0, 0.0, 1.0, 0.0, 1.0, 1.0, 0.0, 0.0, 1.0, 1.0, 1.0, 0.0, 0.0, 1.0, 1.0, 0.0, 0.0, 1.0, 1.0, 0.0, 0.0, 1.0, 0.0, 0.0, 0.0, 0.0, 1.0, 0.0, 1.0, 1.0, 0.0, 1.0, 1.0, 1.0, 1.0, 0.0, 0.0, 0.0, 0.0, 0.0, 0.0, 0.0, 1.0, 1.0, 1.0, 0.0, 0.0, 1.0, 0.0, 0.0, 0.0, 1.0, 0.0, 0.0, 1.0, 0.0, 1.0, 1.0, 0.0, 0.0, 0.0, 0.0, 1.0, 0.0, 0.0, 1.0, 0.0, 0.0, 0.0, 0.0, 0.0, 1.0, 1.0, 1.0, 1.0, 1.0, 0.0, 1.0, 0.0, 0.0, 0.0, 1.0, 1.0, 0.0, 0.0, 1.0, 0.0, 0.0, 1.0, 1.0, 1.0, 0.0, 0.0, 1.0, 1.0, 1.0, 1.0, 1.0, 0.0, 1.0, 1.0, 1.0, 0.0, 0.0, 0.0, 0.0, 0.0, 1.0, 0.0, 0.0, 0.0, 1.0, 0.0, 1.0, 0.0, 0.0, 1.0, 0.0, 0.0, 1.0, 1.0, 0.0, 0.0, 1.0, 1.0, 0.0, 0.0, 0.0, 1.0, 0.0, 1.0, 0.0, 1.0, 1.0, 0.0, 0.0, 1.0, 1.0, 0.0, 0.0, 1.0, 0.0, 0.0, 1.0, 1.0, 1.0, 0.0, 0.0, 1.0, 0.0, 1.0, 0.0, 1.0, 0.0, 0.0, 1.0, 1.0, 1.0, 1.0, 0.0, 1.0, 1.0, 1.0, 1.0, 0.0, 1.0, 0.0, 1.0, 1.0, 1.0, 1.0, 0.0, 0.0, 0.0, 1.0, 0.0, 1.0, 1.0, 0.0, 1.0, 1.0, 0.0, 0.0, 0.0, 1.0, 0.0, 0.0, 1.0, 1.0, 1.0, 0.0, 0.0, 1.0, 0.0, 1.0, 1.0, 1.0, 0.0, 1.0, 0.0, 0.0, 0.0, 0.0, 0.0, 1.0, 0.0, 0.0, 1.0, 1.0, 0.0, 1.0, 1.0, 1.0, 0.0, 0.0, 1.0, 0.0, 1.0, 0.0, 1.0, 0.0, 0.0, 1.0, 0.0, 1.0, 1.0, 1.0, 0.0, 1.0, 0.0, 0.0, 0.0, 0.0, 0.0, 0.0, 0.0, 0.0, 1.0, 0.0, 0.0, 1.0, 1.0, 0.0, 1.0, 1.0, 1.0, 1.0, 1.0, 0.0, 0.0, 0.0, 0.0, 1.0, 1.0, 0.0, 1.0, 1.0, 1.0, 0.0, 1.0, 1.0, 0.0, 0.0, 0.0, 1.0, 1.0, 1.0, 0.0, 1.0, 0.0, 0.0, 0.0, 1.0, 1.0, 0.0, 0.0, 1.0, 1.0, 0.0, 0.0, 1.0, 0.0, 0.0, 0.0, 1.0, 0.0, 0.0, 1.0, 1.0, 1.0, 0.0, 1.0, 1.0, 1.0, 0.0, 0.0, 0.0, 0.0, 1.0, 1.0, 1.0, 0.0, 1.0, 1.0, 1.0, 1.0, 0.0, 1.0, 0.0, 0.0, 0.0, 1.0, 0.0, 1.0, 0.0, 0.0, 0.0, 1.0, 1.0, 0.0, 0.0, 0.0, 1.0, 1.0, 0.0, 1.0, 0.0, 1.0, 0.0, 0.0, 1.0, 0.0, 0.0, 1.0, 0.0, 0.0, 1.0, 0.0, 1.0, 1.0, 1.0, 1.0, 1.0, 1.0, 1.0, 1.0, 0.0, 0.0, 0.0, 0.0, 0.0, 0.0, 0.0, 1.0, 1.0, 1.0, 1.0, 0.0, 0.0, 1.0, 1.0, 0.0, 1.0, 1.0, 1.0, 0.0, 1.0, 1.0, 1.0, 0.0, 1.0, 0.0, 1.0, 0.0, 0.0, 1.0, 0.0, 0.0, 1.0, 1.0, 0.0, 0.0, 1.0, 0.0, 1.0, 0.0, 1.0, 0.0, 0.0, 0.0, 0.0, 1.0, 0.0, 1.0, 1.0, 1.0, 0.0, 0.0, 1.0, 1.0, 0.0, 1.0, 1.0, 0.0, 0.0, 0.0, 0.0, 1.0, 1.0, 1.0, 1.0, 0.0, 1.0, 0.0, 1.0, 0.0, 1.0, 0.0, 0.0, 1.0, 1.0, 1.0, 1.0, 0.0, 0.0, 0.0, 1.0, 1.0, 1.0, 1.0, 1.0, 0.0, 0.0, 1.0, 1.0, 1.0, 1.0, 1.0, 0.0, 1.0, 0.0, 0.0, 0.0, 1.0, 1.0, 1.0, 1.0, 1.0, 1.0, 1.0, 0.0, 0.0, 0.0, 1.0, 0.0, 0.0, 1.0, 0.0, 0.0, 0.0, 0.0, 1.0, 0.0, 1.0, 0.0, 1.0, 1.0, 1.0, 0.0, 0.0, 0.0, 1.0, 0.0, 1.0, 0.0, 0.0, 0.0, 1.0, 0.0, 1.0, 0.0, 0.0, 0.0, 1.0, 0.0, 0.0, 1.0, 1.0, 1.0, 1.0, 0.0, 1.0, 1.0, 1.0, 1.0, 1.0, 1.0, 0.0, 1.0, 1.0, 0.0, 1.0, 1.0, 0.0, 0.0, 1.0, 1.0, 0.0, 0.0, 0.0, 0.0, 1.0, 0.0, 0.0, 0.0, 0.0, 1.0, 0.0, 1.0, 0.0, 0.0, 0.0, 1.0, 1.0, 1.0, 1.0, 0.0, 0.0, 0.0, 1.0, 1.0, 1.0, 0.0, 0.0, 0.0, 0.0, 1.0, 0.0, 0.0, 1.0, 0.0, 1.0, 1.0, 0.0, 1.0, 1.0, 1.0, 0.0, 1.0, 1.0, 1.0, 0.0, 0.0, 0.0, 0.0, 1.0, 0.0, 1.0, 1.0, 0.0, 0.0, 1.0, 1.0, 0.0, 0.0, 1.0, 1.0, 0.0, 1.0, 0.0, 1.0, 1.0, 0.0, 1.0, 0.0, 0.0, 1.0, 0.0, 1.0, 0.0, 0.0, 0.0, 1.0, 0.0, 1.0, 1.0, 1.0, 1.0, 1.0, 1.0, 1.0, 1.0, 1.0, 0.0, 1.0, 0.0, 0.0, 1.0, 0.0, 0.0, 0.0, 1.0, 1.0, 0.0, 0.0, 1.0, 0.0, 0.0, 1.0, 1.0, 0.0, 1.0, 1.0, 1.0, 0.0, 0.0, 1.0, 1.0, 0.0, 0.0, 0.0, 0.0, 0.0, 0.0, 1.0, 1.0, 1.0, 0.0, 1.0, 1.0, 0.0, 0.0, 0.0, 0.0, 1.0, 1.0, 1.0, 0.0, 0.0, 1.0, 1.0, 1.0, 0.0, 1.0, 0.0, 0.0, 1.0, 0.0, 1.0, 1.0, 0.0, 0.0, 0.0, 0.0, 0.0, 0.0, 1.0, 0.0, 0.0, 1.0, 1.0, 1.0, 0.0, 1.0, 1.0, 0.0, 0.0, 0.0, 0.0, 1.0, 0.0, 1.0, 1.0, 1.0, 1.0, 0.0, 1.0, 1.0, 1.0, 0.0, 1.0, 1.0, 0.0, 0.0, 0.0, 1.0, 0.0, 0.0, 0.0, 1.0, 0.0, 0.0, 0.0, 1.0, 1.0, 1.0, 1.0, 1.0, 1.0, 1.0, 1.0, 0.0, 0.0, 1.0, 0.0, 1.0, 1.0, 1.0, 0.0, 1.0, 1.0, 1.0, 0.0, 1.0, 1.0, 1.0, 1.0, 0.0, 0.0, 0.0, 1.0, 1.0, 0.0, 1.0, 0.0, 1.0, 1.0, 1.0, 0.0, 0.0, 0.0, 0.0, 1.0, 1.0, 1.0, 0.0, 0.0, 1.0, 0.0, 0.0, 1.0, 0.0, 1.0, 0.0, 1.0, 1.0, 1.0, 1.0, 0.0, 1.0, 1.0, 1.0, 1.0, 0.0, 1.0, 1.0, 1.0, 1.0, 0.0, 0.0, 1.0, 1.0, 1.0, 1.0, 1.0, 1.0, 1.0, 0.0, 0.0, 1.0, 1.0, 1.0, 1.0, 1.0, 0.0, 1.0, 0.0, 1.0, 1.0, 1.0, 1.0, 0.0, 0.0, 0.0, 1.0, 0.0, 1.0, 0.0, 0.0, 1.0, 1.0, 1.0, 1.0, 1.0, 0.0, 0.0, 0.0, 0.0, 0.0, 0.0, 1.0, 0.0, 1.0, 1.0, 1.0, 0.0, 0.0, 0.0, 1.0, 1.0, 1.0, 0.0, 1.0, 0.0, 1.0, 0.0, 0.0, 0.0, 1.0, 1.0, 0.0, 0.0, 1.0, 1.0, 1.0, 1.0, 0.0, 0.0, 1.0, 0.0, 1.0, 0.0, 0.0, 1.0, 0.0, 1.0, 1.0, 0.0, 0.0, 1.0, 0.0, 1.0, 0.0, 1.0, 0.0, 0.0, 1.0, 1.0, 0.0, 0.0, 1.0, 0.0, 0.0, 0.0, 0.0, 0.0, 0.0, 0.0, 0.0, 1.0, 0.0, 1.0, 1.0, 1.0, 0.0, 1.0, 1.0, 0.0, 0.0, 1.0, 1.0, 1.0, 1.0, 1.0, 0.0, 0.0, 1.0, 1.0, 0.0, 0.0, 1.0, 1.0, 0.0, 0.0, 1.0, 0.0, 0.0, 0.0, 1.0, 1.0, 0.0, 1.0, 0.0, 0.0, 0.0, 1.0, 0.0, 1.0, 0.0, 0.0, 0.0, 1.0, 1.0, 0.0, 1.0, 0.0, 0.0, 0.0, 1.0, 0.0, 1.0, 1.0, 0.0, 0.0, 1.0, 0.0, 1.0, 1.0, 1.0, 1.0, 1.0, 0.0, 0.0, 0.0, 1.0, 0.0, 0.0, 0.0, 1.0, 0.0, 0.0, 1.0, 0.0, 0.0, 1.0, 1.0, 1.0, 1.0, 0.0, 1.0, 0.0, 1.0, 0.0, 0.0, 0.0, 1.0, 0.0, 0.0, 0.0, 0.0, 1.0, 0.0, 0.0, 1.0, 1.0, 1.0, 0.0, 0.0, 0.0, 1.0, 1.0, 1.0, 1.0, 1.0, 0.0, 0.0, 1.0, 0.0, 1.0, 1.0, 0.0, 0.0, 1.0, 1.0, 0.0, 1.0, 1.0, 1.0, 0.0, 0.0, 1.0, 1.0, 0.0, 0.0, 0.0, 0.0, 0.0, 1.0, 0.0, 0.0, 0.0, 0.0, 1.0, 1.0, 1.0, 1.0, 0.0, 0.0, 1.0, 0.0, 0.0, 1.0, 0.0, 1.0, 0.0, 1.0, 1.0, 0.0, 1.0, 0.0, 1.0, 1.0, 1.0, 1.0, 1.0, 0.0, 1.0, 0.0, 0.0, 1.0, 1.0, 1.0, 1.0, 1.0, 1.0, 0.0, 1.0, 0.0, 0.0, 1.0, 1.0, 0.0, 1.0, 1.0, 0.0, 0.0, 1.0, 1.0, 1.0, 0.0, 0.0, 0.0, 1.0, 0.0, 0.0, 0.0, 0.0, 1.0, 1.0, 1.0, 0.0, 0.0, 0.0, 0.0, 1.0, 1.0, 1.0, 0.0, 1.0, 0.0, 1.0, 1.0, 1.0, 1.0, 0.0, 1.0, 1.0, 0.0, 0.0, 0.0, 1.0, 1.0, 0.0, 0.0, 0.0, 0.0, 0.0, 1.0, 0.0, 0.0, 1.0, 0.0, 0.0, 0.0, 0.0, 0.0, 1.0, 0.0, 0.0, 1.0, 1.0, 0.0, 1.0, 1.0, 0.0, 1.0, 0.0, 1.0, 1.0, 0.0, 0.0, 0.0, 0.0, 1.0, 0.0, 0.0, 1.0, 1.0, 0.0, 0.0, 0.0, 0.0, 0.0, 0.0, 1.0, 0.0, 1.0, 1.0, 1.0, 0.0, 1.0, 0.0, 1.0, 0.0, 0.0, 0.0, 0.0, 0.0, 0.0, 0.0, 0.0, 0.0, 1.0, 0.0, 1.0, 0.0, 1.0, 1.0, 0.0, 1.0, 0.0, 0.0, 1.0, 1.0, 0.0, 1.0, 1.0, 1.0, 1.0, 1.0, 1.0, 1.0, 1.0, 1.0, 0.0, 1.0, 1.0, 0.0, 0.0, 0.0, 0.0, 1.0, 1.0, 0.0, 0.0, 1.0, 0.0, 0.0, 1.0, 1.0, 1.0, 1.0, 0.0, 0.0, 1.0, 0.0, 0.0, 0.0, 0.0, 0.0, 1.0, 0.0, 0.0, 1.0, 1.0, 1.0, 0.0, 0.0, 1.0, 1.0, 0.0, 1.0, 1.0, 0.0, 0.0, 0.0, 0.0, 1.0, 0.0, 1.0, 1.0, 0.0, 0.0, 1.0, 0.0, 1.0, 1.0, 1.0, 1.0, 0.0, 1.0, 1.0, 1.0, 1.0, 1.0, 0.0, 1.0, 1.0, 0.0, 0.0, 1.0, 0.0, 0.0, 1.0, 0.0, 0.0, 0.0, 1.0, 0.0, 1.0, 1.0, 0.0, 1.0, 1.0, 0.0, 1.0, 0.0, 0.0, 1.0, 0.0, 0.0, 1.0, 1.0, 0.0, 1.0, 0.0, 0.0, 0.0, 0.0, 1.0, 1.0, 1.0, 1.0, 1.0, 0.0, 1.0, 0.0, 1.0, 0.0, 1.0, 0.0, 0.0, 1.0, 1.0, 1.0, 0.0, 0.0, 0.0, 1.0, 1.0, 0.0, 1.0, 1.0, 0.0, 0.0, 0.0, 0.0, 0.0, 1.0, 1.0, 0.0, 0.0, 0.0, 0.0, 0.0, 0.0, 1.0, 1.0, 0.0, 1.0, 0.0, 1.0, 1.0, 0.0, 1.0, 0.0, 1.0, 0.0, 1.0, 1.0, 0.0, 1.0, 0.0, 1.0, 1.0, 0.0, 1.0, 0.0, 0.0, 1.0, 0.0, 1.0, 1.0, 0.0, 1.0, 1.0, 1.0, 1.0, 0.0, 0.0, 0.0, 0.0, 0.0, 1.0, 0.0]","['lNONHSAG000008', 'lNONHSAG000484', 'lNONHSAG000584', 'lNONHSAG000918', 'lNONHSAG001172', 'lNONHSAG001247', 'lNONHSAG001259', 'lNONHSAG001773', 'lNONHSAG001837', 'lNONHSAG002134', 'lNONHSAG002135', 'lNONHSAG002719', 'lNONHSAG003056', 'lNONHSAG003156', 'lNONHSAG003912', 'lNONHSAG004303', 'lNONHSAG005711', 'lNONHSAG006163', 'lNONHSAG006341', 'lNONHSAG006477', 'lNONHSAG006735', 'lNONHSAG006772', 'lNONHSAG007708', 'lNONHSAG007961', 'lNONHSAG007983', 'lNONHSAG008056', 'lNONHSAG008517', 'lNONHSAG008540', 'lNONHSAG008726', 'lNONHSAG008759', 'lNONHSAG009124', 'lNONHSAG009544', 'lNONHSAG009636', 'lNONHSAG009757', 'lNONHSAG010184', 'lNONHSAG010416', 'lNONHSAG010543', 'lNONHSAG011070', 'lNONHSAG011090', 'lNONHSAG011125', 'lNONHSAG011211', 'lNONHSAG011439', 'lNONHSAG011790', 'lNONHSAG012303', 'lNONHSAG012555', 'lNONHSAG012614', 'lNONHSAG013098', 'lNONHSAG013109', 'lNONHSAG013809', 'lNONHSAG013944', 'lNONHSAG014267', 'lNONHSAG014289', 'lNONHSAG014372', 'lNONHSAG014562', 'lNONHSAG014591', 'lNONHSAG015461', 'lNONHSAG017417', 'lNONHSAG017783', 'lNONHSAG018344', 'lNONHSAG018374', 'lNONHSAG018414', 'lNONHSAG018417', 'lNONHSAG018461', 'lNONHSAG018980', 'lNONHSAG019012', 'lNONHSAG019051', 'lNONHSAG019134', 'lNONHSAG019158', 'lNONHSAG019493', 'lNONHSAG019569', 'lNONHSAG020053', 'lNONHSAG020278', 'lNONHSAG020321', 'lNONHSAG020325', 'lNONHSAG020476', 'lNONHSAG020957', 'lNONHSAG020990', 'lNONHSAG021309', 'lNONHSAG021567', 'lNONHSAG021584', 'lNONHSAG022595', 'lNONHSAG022690', 'lNONHSAG022980', 'lNONHSAG023630', 'lNONHSAG023661', 'lNONHSAG024146', 'lNONHSAG024224', 'lNONHSAG024364', 'lNONHSAG024671', 'lNONHSAG024913', 'lNONHSAG026575', 'lNONHSAG026631', 'lNONHSAG026720', 'lNONHSAG027017', 'lNONHSAG027110', 'lNONHSAG027278', 'lNONHSAG028948', 'lNONHSAG029933', 'lNONHSAG029959', 'lNONHSAG030279', 'lNONHSAG030516', 'lNONHSAG031385', 'lNONHSAG032247', 'lNONHSAG032309', 'lNONHSAG032748', 'lNONHSAG033386', 'lNONHSAG033435', 'lNONHSAG033691', 'lNONHSAG034845', 'lNONHSAG034973', 'lNONHSAG036273', 'lNONHSAG037025', 'lNONHSAG037096', 'lNONHSAG038397', 'lNONHSAG038561', 'lNONHSAG039617', 'lNONHSAG039634', 'lNONHSAG039637', 'lNONHSAG040804', 'lNONHSAG040976', 'lNONHSAG041716', 'lNONHSAG042132', 'lNONHSAG042476', 'lNONHSAG042966', 'lNONHSAG043159', 'lNONHSAG043625', 'lNONHSAG043851', 'lNONHSAG044709', 'lNONHSAG045383', 'lNONHSAG047260', 'lNONHSAG047620', 'lNONHSAG048626', 'lNONHSAG048682', 'lNONHSAG049051', 'lNONHSAG049754', 'lNONHSAG050272', 'lNONHSAG050423', 'lNONHSAG050815', 'lNONHSAG051010', 'lNONHSAG051266', 'lNONHSAG052046', 'lNONHSAG052511', 'lNONHSAG053162', 'lNONHSAG053499', 'lNONHSAG053748', 'lNONHSAG054360', 'lNONHSAG054432', 'lNONHSAG058006', 'lNONHSAG058118', 'lNONHSAG068402', 'lNONHSAG069147', 'lNONHSAG084832', 'lNONHSAG094129', 'lNONHSAG096230', 'lNONHSAG102572', 'lNONHSAG113761', 'lNONHSAG114445', 'lENSG00000198221', 'lENSG00000223764', 'lENSG00000224078', 'lENSG00000230046', 'lENSG00000237396', 'lENSG00000247095', 'lENSG00000249532', 'lENSG00000254508', 'lENSG00000260219', 'lENSG00000260280', 'lENSG00000261423', 'lENSG00000266402', 'lENSG00000267321', 'lENSG00000270084', 'lENSG00000281189', 'lASMTL-AS1', 'lDLX6-AS1', 'lINHBA-AS1', 'lSNX29P2', 'lSRP14-AS1', 'lPWAR6', 'lAC004840.8', 'lAC103564.7', 'lAL928742.12', 'lRP11-100F15.1', 'lRP11-243J18.2', 'lRP11-264B17.3', 'lRP11-439K3.1', 'lRP11-672A2.1', 'lRP4-610C12.4', 'lNONHSAG001014', 'lNONHSAG001028', 'lNONHSAG001207', 'lNONHSAG005740', 'lNONHSAG005760', 'lNONHSAG005852', 'lNONHSAG006097', 'lNONHSAG006300', 'lNONHSAG006314', 'lNONHSAG006459', 'lNONHSAG006576', 'lNONHSAG006579', 'lNONHSAG006889', 'lNONHSAG006894', 'lNONHSAG006970', 'lNONHSAG006976', 'lNONHSAG007103', 'lNONHSAG007429', 'lENSG00000105501', 'lENSG00000122043', 'lENSG00000149443', 'lENSG00000197880', 'lENSG00000203307', 'lENSG00000205452', 'lENSG00000223831', 'lENSG00000225570', 'lENSG00000226194', 'lENSG00000226566', 'lENSG00000226956', 'lENSG00000227611', 'lENSG00000228261', 'lENSG00000230153', 'lENSG00000230432', 'lENSG00000230759', 'lENSG00000231253', 'lENSG00000231496', 'lENSG00000231964', 'lENSG00000232359', 'lENSG00000232465', 'lENSG00000232604', 'lENSG00000232710', 'lENSG00000232939', 'lENSG00000233479', 'lENSG00000233689', 'lENSG00000236828', 'lENSG00000237324', 'lENSG00000237993', 'lENSG00000242795', 'lENSG00000242861', 'lENSG00000248925', 'lENSG00000249111', 'lENSG00000249114', 'lENSG00000249297', 'lENSG00000249382', 'lENSG00000250524', 'lENSG00000250646', 'lENSG00000250657', 'lENSG00000250950', 'lENSG00000250955', 'lENSG00000251059', 'lENSG00000251072', 'lENSG00000251412', 'lENSG00000253880', 'lENSG00000254033', 'lENSG00000254846', 'lENSG00000255159', 'lENSG00000255528', 'lENSG00000255539', 'lENSG00000256072', 'lENSG00000256670', 'lENSG00000257407', 'lENSG00000257494', 'lENSG00000257653', 'lENSG00000257860', 'lENSG00000258007', 'lENSG00000258292', 'lENSG00000258826', 'lENSG00000259194', 'lENSG00000259211', 'lENSG00000259250', 'lENSG00000259307', 'lENSG00000259935', 'lENSG00000261864', 'lENSG00000262652', 'lENSG00000263952', 'lENSG00000264107', 'lENSG00000264769', 'lENSG00000265168', 'lENSG00000265359', 'lENSG00000265554', 'lENSG00000265994', 'lENSG00000266839', 'lENSG00000267501', 'lENSG00000267633', 'lENSG00000268833', 'lENSG00000268981', 'lENSG00000269901', 'lENSG00000271579', 'lENSG00000271787', 'lENSG00000271833', 'lENSG00000272072', 'lENSG00000272661', 'lENSG00000272810', 'lENSG00000273257', 'lENSG00000273877', 'lENSG00000274678', 'lENSG00000275173', 'lENSG00000277639', 'lENSG00000278013', 'lENSG00000278766', 'lENSG00000279484', 'lENSG00000280455', 'lENSG00000283347', 'lENSG00000283457', 'lENSG00000284376', 'lENSG00000284699', 'lENSG00000285621', 'lENSG00000285699', 'lENSG00000286089', 'lENSG00000286474', 'lENSG00000286715', 'lENSG00000286722', 'lENSG00000286767', 'lENSG00000287006', 'lENSG00000287155', 'lENSG00000287358', 'lENSG00000287704', 'lENSG00000214955', 'lENSG00000224884', 'lENSG00000235337', 'lENSG00000248359', 'lENSG00000257715', 'lENSG00000258088', 'lENSG00000267581', 'lENSG00000251613', 'lENSG00000268166']","[1.0, 1.0, 0.0, 1.0, 0.0, 1.0, 0.0, 0.0, 0.0, 1.0, 1.0, 0.0, 0.0, 1.0, 1.0, 0.0, 0.0, 0.0, 1.0, 0.0, 1.0, 1.0, 0.0, 0.0, 0.0, 1.0, 1.0, 0.0, 1.0, 0.0, 1.0, 0.0, 0.0, 1.0, 1.0, 1.0, 1.0, 0.0, 0.0, 1.0, 1.0, 1.0, 1.0, 0.0, 1.0, 0.0, 1.0, 0.0, 0.0, 0.0, 1.0, 1.0, 0.0, 1.0, 0.0, 0.0, 0.0, 1.0, 1.0, 1.0, 0.0, 0.0, 1.0, 1.0, 0.0, 1.0, 1.0, 0.0, 0.0, 0.0, 0.0, 1.0, 0.0, 0.0, 1.0, 0.0, 0.0, 1.0, 1.0, 1.0, 0.0, 0.0, 0.0, 0.0, 1.0, 0.0, 0.0, 0.0, 1.0, 1.0, 1.0, 0.0, 0.0, 0.0, 0.0, 0.0, 1.0, 0.0, 1.0, 1.0, 0.0, 1.0, 1.0, 0.0, 0.0, 0.0, 0.0, 1.0, 0.0, 0.0, 0.0, 0.0, 1.0, 0.0, 0.0, 0.0, 0.0, 0.0, 1.0, 1.0, 1.0, 0.0, 0.0, 0.0, 0.0, 1.0, 0.0, 1.0, 1.0, 0.0, 0.0, 1.0, 1.0, 1.0, 0.0, 0.0, 0.0, 1.0, 1.0, 1.0, 0.0, 0.0, 1.0, 1.0, 0.0, 1.0, 0.0, 0.0, 1.0, 1.0, 0.0, 0.0, 1.0, 1.0, 0.0, 0.0, 1.0, 1.0, 0.0, 1.0, 1.0, 1.0, 1.0, 0.0, 0.0, 1.0, 0.0, 1.0, 1.0, 1.0, 1.0, 1.0, 1.0, 1.0, 1.0, 0.0, 0.0, 1.0, 0.0, 1.0, 0.0, 1.0, 1.0, 0.0, 1.0, 0.0, 0.0, 0.0, 1.0, 0.0, 0.0, 1.0, 0.0, 0.0, 0.0, 1.0, 0.0, 0.0, 1.0, 0.0, 0.0, 0.0, 1.0, 1.0, 0.0, 0.0, 1.0, 1.0, 1.0, 1.0, 1.0, 0.0, 1.0, 1.0, 0.0, 0.0, 0.0, 0.0, 1.0, 0.0, 0.0, 1.0, 1.0, 1.0, 1.0, 1.0, 1.0, 0.0, 0.0, 1.0, 1.0, 1.0, 0.0, 1.0, 1.0, 1.0, 0.0, 0.0, 1.0, 0.0, 0.0, 1.0, 1.0, 1.0, 0.0, 1.0, 1.0, 1.0, 0.0, 0.0, 1.0, 0.0, 0.0, 1.0, 1.0, 1.0, 0.0, 0.0, 1.0, 1.0, 0.0, 1.0, 1.0, 1.0, 1.0, 0.0, 0.0, 0.0, 0.0, 1.0, 0.0, 1.0, 0.0, 0.0, 0.0, 1.0, 1.0, 1.0, 0.0, 0.0, 1.0, 1.0, 0.0, 0.0, 0.0, 0.0, 1.0, 0.0, 1.0, 1.0, 1.0, 0.0, 0.0, 1.0, 0.0, 0.0, 1.0, 1.0, 1.0, 0.0, 1.0, 1.0, 1.0, 1.0, 0.0, 1.0, 1.0, 0.0, 0.0, 1.0, 0.0, 0.0, 0.0, 0.0, 0.0, 0.0, 1.0, 1.0, 1.0, 0.0, 0.0, 1.0, 0.0]","[1.0, 1.0, 1.0, 1.0, 1.0, 1.0, 0.0, 1.0, 1.0, 1.0, 1.0, 1.0, 1.0, 1.0, 0.0, 1.0, 1.0, 1.0, 1.0, 0.0, 1.0, 1.0, 1.0, 1.0, 1.0, 1.0, 1.0, 1.0, 1.0, 1.0, 1.0, 1.0, 1.0, 1.0, 1.0, 1.0, 1.0, 1.0, 1.0, 1.0, 1.0, 1.0, 1.0, 1.0, 1.0, 1.0, 1.0, 1.0, 1.0, 0.0, 1.0, 1.0, 1.0, 1.0, 1.0, 1.0, 1.0, 1.0, 1.0, 1.0, 1.0, 1.0, 1.0, 1.0, 1.0, 1.0, 1.0, 1.0, 1.0, 1.0, 1.0, 1.0, 1.0, 1.0, 1.0, 1.0, 0.0, 1.0, 1.0, 1.0, 1.0, 1.0, 1.0, 1.0, 1.0, 1.0, 1.0, 1.0, 1.0, 1.0, 1.0, 1.0, 1.0, 1.0, 1.0, 1.0, 1.0, 1.0, 1.0, 1.0, 0.0, 1.0, 1.0, 1.0, 1.0, 1.0, 1.0, 1.0, 1.0, 1.0, 1.0, 1.0, 1.0, 1.0, 1.0, 1.0, 1.0, 1.0, 1.0, 0.0, 1.0, 1.0, 1.0, 1.0, 0.0, 0.0, 1.0, 1.0, 1.0, 1.0, 1.0, 1.0, 1.0, 1.0, 1.0, 1.0, 1.0, 1.0, 0.0, 1.0, 1.0, 0.0, 1.0, 1.0, 1.0, 1.0, 1.0, 1.0, 1.0, 1.0, 1.0, 1.0, 1.0, 1.0, 1.0, 1.0, 1.0, 1.0, 1.0, 1.0, 1.0, 1.0, 1.0, 1.0, 1.0, 1.0, 1.0, 1.0, 1.0, 1.0, 1.0, 1.0, 1.0, 1.0, 1.0, 1.0, 1.0, 1.0, 1.0, 1.0, 1.0, 1.0, 1.0, 1.0, 0.0, 1.0, 0.0, 1.0, 1.0, 0.0, 1.0, 1.0, 1.0, 1.0, 1.0, 1.0, 1.0, 1.0, 1.0, 1.0, 1.0, 0.0, 0.0, 0.0, 1.0, 1.0, 1.0, 1.0, 1.0, 1.0, 1.0, 1.0, 1.0, 1.0, 1.0, 1.0, 1.0, 1.0, 1.0, 1.0, 1.0, 1.0, 1.0, 1.0, 1.0, 1.0, 1.0, 1.0, 1.0, 1.0, 1.0, 1.0, 1.0, 1.0, 1.0, 1.0, 1.0, 1.0, 1.0, 1.0, 1.0, 1.0, 1.0, 1.0, 0.0, 1.0, 1.0, 1.0, 1.0, 1.0, 1.0, 1.0, 1.0, 1.0, 1.0, 1.0, 1.0, 1.0, 1.0, 1.0, 0.0, 1.0, 1.0, 1.0, 1.0, 1.0, 1.0, 1.0, 1.0, 1.0, 1.0, 1.0, 0.0, 1.0, 1.0, 1.0, 1.0, 1.0, 1.0, 1.0, 1.0, 1.0, 1.0, 1.0, 0.0, 1.0, 1.0, 1.0, 1.0, 1.0, 1.0, 1.0, 1.0, 1.0, 1.0, 1.0, 1.0, 1.0, 1.0, 1.0, 1.0, 1.0, 1.0, 1.0, 0.0, 1.0, 1.0, 1.0, 1.0, 1.0, 1.0, 1.0, 1.0, 1.0, 1.0, 1.0, 1.0, 1.0, 1.0, 1.0, 0.0, 1.0, 1.0]","[0.5243324758680656, 0.5322715551693893, 0.5168466595846392, 0.5227926019715912, 0.5010147011005971, 0.536769237311204, 0.49684791510849974, 0.5312574652130886, 0.5137929365684559, 0.5009379957628459, 0.5135106247448631, 0.508258763841535, 0.5260671877844788, 0.5163705993222792, 0.4994242193653017, 0.5087526576391359, 0.5229249268610755, 0.5112469839043798, 0.5285885095854226, 0.4938880844654711, 0.5216707861136014, 0.5062992209146194, 0.5318284224471336, 0.5147586277399983, 0.52312791809167, 0.5010978434524309, 0.5305499064051776, 0.5432935340012754, 0.5281292411224753, 0.5189634628771909, 0.5184232771771913, 0.5062437215383, 0.5139867385290803, 0.5136185774032017, 0.514367392123147, 0.5109508249961504, 0.5310556011882701, 0.5210034383912328, 0.5330933832823442, 0.5419527798263316, 0.5280899821005013, 0.5293726366786484, 0.5172466110549752, 0.5334183371166568, 0.5322472523101731, 0.5383294333666713, 0.5215378132296598, 0.5075826023453064, 0.5235323828401848, 0.4986862171358353, 0.529831871030445, 0.5428311616357551, 0.5301563795717221, 0.5100221376568334, 0.5321086090602597, 0.5233609873486524, 0.5242483971038299, 0.5405886916256027, 0.5311843946718167, 0.5253435577401774, 0.5037538243689195, 0.5169043471936845, 0.5191723360107667, 0.5089176869767918, 0.5117368172391406, 0.5389687273407282, 0.5018959134921611, 0.5359714968052889, 0.529118752872577, 0.5134918339233605, 0.5144391985735338, 0.5211071511226243, 0.5154128198893618, 0.5167401702002308, 0.5298665500298637, 0.5390304088766861, 0.4924691722102247, 0.5374864824469984, 0.5222119560258871, 0.5037914319569434, 0.5354526440832418, 0.5218506570460577, 0.5233805042500105, 0.535454491042167, 0.5121753984658168, 0.5036647984063432, 0.5365904589010317, 0.5250121480754857, 0.5131554870673092, 0.529386597011006, 0.522641608560587, 0.5133148904270437, 0.5392933619107744, 0.5086025357826071, 0.5442662091440136, 0.5031359067797179, 0.5205891066148948, 0.5376743616831312, 0.5261343530886968, 0.519584935054765, 0.4914034468478232, 0.518711706882444, 0.5276849886303457, 0.5263630947781286, 0.5364494192977088, 0.5162860846873049, 0.5092436263471057, 0.5379947354733688, 0.5251814339392618, 0.5270896056736782, 0.5271880964812449, 0.524033231308934, 0.5167549366497826, 0.5008324272280357, 0.5285986648361206, 0.5386154265400075, 0.5112308373757977, 0.5156981966261172, 0.5359256304206066, 0.49856926922034633, 0.508468257490732, 0.5319520547757208, 0.5222281920043319, 0.5096480956187004, 0.49840385821049943, 0.49735172702408154, 0.5109559327359836, 0.5228043299915641, 0.5334805485821387, 0.537355119716842, 0.5308276017203053, 0.5085555394332981, 0.5276733989487337, 0.5219446467283047, 0.5433462135100638, 0.5199672630410486, 0.5377510710642244, 0.5143493006978989, 0.49436824802173673, 0.5248479146037095, 0.5222351031023057, 0.4916444165966649, 0.5038902755719948, 0.5030725636357045, 0.5199994239415988, 0.5128390688551245, 0.5291420535122489, 0.5279055476505929, 0.5286735799759364, 0.54280554267453, 0.5215945948457267, 0.5318506666580884, 0.5252404285733117, 0.5183265072155859, 0.5010275018919023, 0.5430749410968163, 0.5085576884956364, 0.535572822265923, 0.5217505908709155, 0.5228375293874407, 0.5274795452184093, 0.5338616382180831, 0.5305696421736081, 0.5261248314830937, 0.5341291011508648, 0.5355074711485371, 0.5301215268190931, 0.5187998931614788, 0.5327725833528548, 0.5238536999902405, 0.5303738972054354, 0.5273421594830997, 0.5205556546921306, 0.5144595124466077, 0.520495631323921, 0.5181130343007069, 0.5120124245584138, 0.5351088474029784, 0.5161223083390977, 0.5276566630956603, 0.5048243235520956, 0.5030369507010918, 0.5292266788275808, 0.5317419988744256, 0.4998800447040166, 0.5410033723358393, 0.4882192618455375, 0.5034463192191352, 0.5123824159226374, 0.49617167136505985, 0.5092176633639092, 0.5256694488699135, 0.5183440524171754, 0.5092797889454903, 0.510433304965469, 0.5169422689523909, 0.5346433974911213, 0.5420584429168979, 0.5032951551493658, 0.5221641762222528, 0.5165619344164392, 0.4933097261978002, 0.4931981049061968, 0.493267375471624, 0.5284445160352019, 0.52816936470943, 0.5027286415385014, 0.5424861610958088, 0.5210867431452532, 0.530776982754651, 0.5233849725054305, 0.5197649107308353, 0.5331066254709723, 0.5296239122538278, 0.5254124092241265, 0.5240627713425124, 0.5364628788329435, 0.5313562834663965, 0.5418906172465668, 0.5326632400633823, 0.5350726729241935, 0.5316332281514424, 0.5083350869009933, 0.5258108198832153, 0.5229790921993489, 0.5241642731728074, 0.5256390716009472, 0.527379259389525, 0.5338087609534772, 0.5462598992437491, 0.5124007166468438, 0.5237467358934397, 0.5353269897899811, 0.518504203628231, 0.5263221337809437, 0.5070924935085301, 0.5313159219461768, 0.5307340180317263, 0.5279074568785511, 0.5084561093896581, 0.5226874942820426, 0.5187066608224262, 0.5183096106619158, 0.5268633194403679, 0.49795954880343174, 0.535352742563066, 0.5192221478130145, 0.5195983278049291, 0.5190612290276192, 0.505644426167551, 0.5128042861778773, 0.5117097275797622, 0.5152114928657485, 0.5282166236212905, 0.5144932313526597, 0.530547707801799, 0.5092184845373846, 0.5352963292214931, 0.5355770852209142, 0.5109609541159572, 0.48893079209581203, 0.5356783976170161, 0.5292320288349741, 0.5342978132244653, 0.5297414131787647, 0.5253238700366938, 0.517215385486295, 0.5138682155944346, 0.5128462071433055, 0.5191312751817528, 0.5123947359397479, 0.5183384352688858, 0.49445876647876635, 0.530864475558081, 0.5265042397523612, 0.5225673887729987, 0.5313466416056832, 0.5211110144254169, 0.5206169424837507, 0.505711256675719, 0.527225086125988, 0.5208598274777276, 0.5061966602514358, 0.522521019179295, 0.49493494063829685, 0.5372348510666596, 0.5372020315614839, 0.5266108916797037, 0.5165644285779223, 0.519225206084675, 0.5205858942315582, 0.534365582070829, 0.5388468136778807, 0.5279741015123998, 0.5287968109855737, 0.52824453640854, 0.5258015055214442, 0.5484563124572146, 0.5352988469841596, 0.5222593670166645, 0.5111472031082565, 0.5271325197120444, 0.5212800535313826, 0.5080504799218186, 0.49248586502939384, 0.5335676899601572, 0.540132418492027, 0.5254160879115277, 0.5193694312662284, 0.5274856379917452, 0.5298112603917798, 0.5138164728332835, 0.5195065350637005, 0.5044925954363982, 0.5057041216463816, 0.5388109020608455, 0.5069746395455297, 0.518196319117208, 0.5283257279852207, 0.5298730124768909, 0.4917692691744856, 0.5164818683979784, 0.5326333951247458]"
2,"['lNONHSAG000008', 'lNONHSAG000047', 'lNONHSAG000059', 'lNONHSAG000069', 'lNONHSAG000130', 'lNONHSAG000158', 'lNONHSAG000195', 'lNONHSAG000241', 'lNONHSAG000253', 'lNONHSAG000310', 'lNONHSAG000311', 'lNONHSAG000374', 'lNONHSAG000381', 'lNONHSAG000464', 'lNONHSAG000484', 'lNONHSAG000498', 'lNONHSAG000579', 'lNONHSAG000584', 'lNONHSAG000603', 'lNONHSAG000625', 'lNONHSAG000742', 'lNONHSAG000769', 'lNONHSAG000840', 'lNONHSAG000843', 'lNONHSAG000863', 'lNONHSAG000918', 'lNONHSAG000938', 'lNONHSAG000967', 'lNONHSAG001142', 'lNONHSAG001172', 'lNONHSAG001247', 'lNONHSAG001259', 'lNONHSAG001278', 'lNONHSAG001284', 'lNONHSAG001360', 'lNONHSAG001375', 'lNONHSAG001448', 'lNONHSAG001468', 'lNONHSAG001499', 'lNONHSAG001513', 'lNONHSAG001696', 'lNONHSAG001724', 'lNONHSAG001773', 'lNONHSAG001837', 'lNONHSAG001941', 'lNONHSAG001993', 'lNONHSAG002058', 'lNONHSAG002086', 'lNONHSAG002134', 'lNONHSAG002135', 'lNONHSAG002343', 'lNONHSAG002359', 'lNONHSAG002376', 'lNONHSAG002454', 'lNONHSAG002549', 'lNONHSAG002617', 'lNONHSAG002669', 'lNONHSAG002701', 'lNONHSAG002719', 'lNONHSAG002731', 'lNONHSAG002752', 'lNONHSAG002859', 'lNONHSAG002978', 'lNONHSAG003056', 'lNONHSAG003068', 'lNONHSAG003074', 'lNONHSAG003119', 'lNONHSAG003134', 'lNONHSAG003156', 'lNONHSAG003198', 'lNONHSAG003244', 'lNONHSAG003260', 'lNONHSAG003303', 'lNONHSAG003374', 'lNONHSAG003504', 'lNONHSAG003505', 'lNONHSAG003512', 'lNONHSAG003645', 'lNONHSAG003820', 'lNONHSAG003884', 'lNONHSAG003886', 'lNONHSAG003900', 'lNONHSAG003911', 'lNONHSAG003912', 'lNONHSAG003938', 'lNONHSAG003957', 'lNONHSAG003976', 'lNONHSAG004013', 'lNONHSAG004026', 'lNONHSAG004054', 'lNONHSAG004095', 'lNONHSAG004247', 'lNONHSAG004303', 'lNONHSAG004305', 'lNONHSAG004373', 'lNONHSAG004619', 'lNONHSAG004673', 'lNONHSAG004674', 'lNONHSAG004743', 'lNONHSAG004779', 'lNONHSAG005084', 'lNONHSAG005153', 'lNONHSAG005339', 'lNONHSAG005377', 'lNONHSAG005403', 'lNONHSAG005482', 'lNONHSAG005669', 'lNONHSAG005699', 'lNONHSAG005711', 'lNONHSAG005721', 'lNONHSAG005728', 'lNONHSAG005732', 'lNONHSAG005780', 'lNONHSAG005838', 'lNONHSAG005866', 'lNONHSAG005920', 'lNONHSAG006007', 'lNONHSAG006049', 'lNONHSAG006050', 'lNONHSAG006054', 'lNONHSAG006071', 'lNONHSAG006163', 'lNONHSAG006212', 'lNONHSAG006238', 'lNONHSAG006301', 'lNONHSAG006341', 'lNONHSAG006362', 'lNONHSAG006457', 'lNONHSAG006474', 'lNONHSAG006477', 'lNONHSAG006526', 'lNONHSAG006633', 'lNONHSAG006678', 'lNONHSAG006692', 'lNONHSAG006735', 'lNONHSAG006756', 'lNONHSAG006763', 'lNONHSAG006772', 'lNONHSAG006865', 'lNONHSAG006945', 'lNONHSAG006966', 'lNONHSAG007109', 'lNONHSAG007295', 'lNONHSAG007324', 'lNONHSAG007384', 'lNONHSAG007430', 'lNONHSAG007431', 'lNONHSAG007455', 'lNONHSAG007463', 'lNONHSAG007487', 'lNONHSAG007602', 'lNONHSAG007631', 'lNONHSAG007692', 'lNONHSAG007708', 'lNONHSAG007715', 'lNONHSAG007868', 'lNONHSAG007961', 'lNONHSAG007983', 'lNONHSAG008056', 'lNONHSAG008167', 'lNONHSAG008199', 'lNONHSAG008220', 'lNONHSAG008354', 'lNONHSAG008517', 'lNONHSAG008540', 'lNONHSAG008552', 'lNONHSAG008589', 'lNONHSAG008615', 'lNONHSAG008670', 'lNONHSAG008675', 'lNONHSAG008693', 'lNONHSAG008726', 'lNONHSAG008728', 'lNONHSAG008759', 'lNONHSAG008859', 'lNONHSAG008952', 'lNONHSAG008966', 'lNONHSAG009021', 'lNONHSAG009039', 'lNONHSAG009059', 'lNONHSAG009062', 'lNONHSAG009124', 'lNONHSAG009130', 'lNONHSAG009133', 'lNONHSAG009134', 'lNONHSAG009174', 'lNONHSAG009193', 'lNONHSAG009228', 'lNONHSAG009544', 'lNONHSAG009546', 'lNONHSAG009613', 'lNONHSAG009636', 'lNONHSAG009728', 'lNONHSAG009747', 'lNONHSAG009755', 'lNONHSAG009757', 'lNONHSAG009782', 'lNONHSAG009913', 'lNONHSAG009938', 'lNONHSAG009945', 'lNONHSAG009950', 'lNONHSAG009968', 'lNONHSAG009989', 'lNONHSAG010021', 'lNONHSAG010117', 'lNONHSAG010179', 'lNONHSAG010184', 'lNONHSAG010186', 'lNONHSAG010189', 'lNONHSAG010190', 'lNONHSAG010194', 'lNONHSAG010200', 'lNONHSAG010348', 'lNONHSAG010352', 'lNONHSAG010405', 'lNONHSAG010416', 'lNONHSAG010543', 'lNONHSAG010657', 'lNONHSAG010658', 'lNONHSAG010716', 'lNONHSAG010792', 'lNONHSAG010798', 'lNONHSAG010989', 'lNONHSAG011028', 'lNONHSAG011057', 'lNONHSAG011070', 'lNONHSAG011084', 'lNONHSAG011086', 'lNONHSAG011090', 'lNONHSAG011121', 'lNONHSAG011125', 'lNONHSAG011211', 'lNONHSAG011230', 'lNONHSAG011264', 'lNONHSAG011337', 'lNONHSAG011343', 'lNONHSAG011375', 'lNONHSAG011439', 'lNONHSAG011446', 'lNONHSAG011518', 'lNONHSAG011576', 'lNONHSAG011633', 'lNONHSAG011658', 'lNONHSAG011790', 'lNONHSAG011854', 'lNONHSAG011870', 'lNONHSAG011935', 'lNONHSAG012025', 'lNONHSAG012076', 'lNONHSAG012077', 'lNONHSAG012099', 'lNONHSAG012303', 'lNONHSAG012339', 'lNONHSAG012367', 'lNONHSAG012375', 'lNONHSAG012423', 'lNONHSAG012476', 'lNONHSAG012505', 'lNONHSAG012534', 'lNONHSAG012540', 'lNONHSAG012549', 'lNONHSAG012555', 'lNONHSAG012594', 'lNONHSAG012614', 'lNONHSAG012617', 'lNONHSAG012751', 'lNONHSAG012791', 'lNONHSAG013005', 'lNONHSAG013095', 'lNONHSAG013098', 'lNONHSAG013109', 'lNONHSAG013388', 'lNONHSAG013431', 'lNONHSAG013475', 'lNONHSAG013515', 'lNONHSAG013534', 'lNONHSAG013568', 'lNONHSAG013708', 'lNONHSAG013730', 'lNONHSAG013790', 'lNONHSAG013809', 'lNONHSAG013912', 'lNONHSAG013917', 'lNONHSAG013940', 'lNONHSAG013944', 'lNONHSAG013946', 'lNONHSAG013954', 'lNONHSAG013992', 'lNONHSAG014112', 'lNONHSAG014130', 'lNONHSAG014267', 'lNONHSAG014289', 'lNONHSAG014332', 'lNONHSAG014372', 'lNONHSAG014373', 'lNONHSAG014381', 'lNONHSAG014496', 'lNONHSAG014502', 'lNONHSAG014546', 'lNONHSAG014562', 'lNONHSAG014591', 'lNONHSAG014672', 'lNONHSAG014679', 'lNONHSAG014730', 'lNONHSAG014890', 'lNONHSAG014891', 'lNONHSAG014914', 'lNONHSAG015044', 'lNONHSAG015163', 'lNONHSAG015215', 'lNONHSAG015234', 'lNONHSAG015417', 'lNONHSAG015454', 'lNONHSAG015461', 'lNONHSAG015505', 'lNONHSAG015591', 'lNONHSAG015623', 'lNONHSAG015692', 'lNONHSAG015723', 'lNONHSAG015787', 'lNONHSAG015788', 'lNONHSAG016021', 'lNONHSAG016068', 'lNONHSAG016118', 'lNONHSAG016199', 'lNONHSAG016307', 'lNONHSAG016395', 'lNONHSAG016486', 'lNONHSAG016487', 'lNONHSAG016576', 'lNONHSAG016611', 'lNONHSAG016618', 'lNONHSAG016623', 'lNONHSAG016741', 'lNONHSAG016771', 'lNONHSAG016822', 'lNONHSAG016893', 'lNONHSAG017020', 'lNONHSAG017060', 'lNONHSAG017232', 'lNONHSAG017238', 'lNONHSAG017254', 'lNONHSAG017282', 'lNONHSAG017288', 'lNONHSAG017344', 'lNONHSAG017347', 'lNONHSAG017349', 'lNONHSAG017376', 'lNONHSAG017377', 'lNONHSAG017379', 'lNONHSAG017417', 'lNONHSAG017486', 'lNONHSAG017504', 'lNONHSAG017567', 'lNONHSAG017666', 'lNONHSAG017767', 'lNONHSAG017783', 'lNONHSAG017882', 'lNONHSAG017890', 'lNONHSAG017899', 'lNONHSAG018053', 'lNONHSAG018054', 'lNONHSAG018058', 'lNONHSAG018110', 'lNONHSAG018180', 'lNONHSAG018236', 'lNONHSAG018313', 'lNONHSAG018322', 'lNONHSAG018326', 'lNONHSAG018341', 'lNONHSAG018344', 'lNONHSAG018372', 'lNONHSAG018374', 'lNONHSAG018414', 'lNONHSAG018415', 'lNONHSAG018416', 'lNONHSAG018417', 'lNONHSAG018420', 'lNONHSAG018461', 'lNONHSAG018530', 'lNONHSAG018586', 'lNONHSAG018621', 'lNONHSAG018635', 'lNONHSAG018656', 'lNONHSAG018659', 'lNONHSAG018709', 'lNONHSAG018711', 'lNONHSAG018829', 'lNONHSAG018889', 'lNONHSAG018893', 'lNONHSAG018903', 'lNONHSAG018980', 'lNONHSAG019003', 'lNONHSAG019012', 'lNONHSAG019021', 'lNONHSAG019023', 'lNONHSAG019049', 'lNONHSAG019051', 'lNONHSAG019090', 'lNONHSAG019115', 'lNONHSAG019134', 'lNONHSAG019158', 'lNONHSAG019221', 'lNONHSAG019270', 'lNONHSAG019332', 'lNONHSAG019370', 'lNONHSAG019439', 'lNONHSAG019493', 'lNONHSAG019569', 'lNONHSAG019613', 'lNONHSAG019667', 'lNONHSAG019670', 'lNONHSAG019711', 'lNONHSAG019767', 'lNONHSAG019813', 'lNONHSAG019848', 'lNONHSAG019852', 'lNONHSAG019878', 'lNONHSAG019898', 'lNONHSAG019967', 'lNONHSAG020053', 'lNONHSAG020066', 'lNONHSAG020068', 'lNONHSAG020075', 'lNONHSAG020091', 'lNONHSAG020153', 'lNONHSAG020155', 'lNONHSAG020252', 'lNONHSAG020259', 'lNONHSAG020260', 'lNONHSAG020273', 'lNONHSAG020274', 'lNONHSAG020278', 'lNONHSAG020281', 'lNONHSAG020298', 'lNONHSAG020304', 'lNONHSAG020307', 'lNONHSAG020312', 'lNONHSAG020321', 'lNONHSAG020325', 'lNONHSAG020339', 'lNONHSAG020361', 'lNONHSAG020367', 'lNONHSAG020372', 'lNONHSAG020374', 'lNONHSAG020382', 'lNONHSAG020403', 'lNONHSAG020474', 'lNONHSAG020476', 'lNONHSAG020600', 'lNONHSAG020616', 'lNONHSAG020729', 'lNONHSAG020731', 'lNONHSAG020755', 'lNONHSAG020760', 'lNONHSAG020762', 'lNONHSAG020771', 'lNONHSAG020869', 'lNONHSAG020957', 'lNONHSAG020990', 'lNONHSAG021042', 'lNONHSAG021072', 'lNONHSAG021307', 'lNONHSAG021309', 'lNONHSAG021315', 'lNONHSAG021335', 'lNONHSAG021342', 'lNONHSAG021347', 'lNONHSAG021370', 'lNONHSAG021390', 'lNONHSAG021400', 'lNONHSAG021408', 'lNONHSAG021410', 'lNONHSAG021431', 'lNONHSAG021432', 'lNONHSAG021433', 'lNONHSAG021471', 'lNONHSAG021557', 'lNONHSAG021566', 'lNONHSAG021567', 'lNONHSAG021584', 'lNONHSAG021638', 'lNONHSAG021641', 'lNONHSAG021698', 'lNONHSAG021780', 'lNONHSAG021820', 'lNONHSAG021874', 'lNONHSAG021878', 'lNONHSAG021893', 'lNONHSAG021909', 'lNONHSAG021976', 'lNONHSAG021981', 'lNONHSAG022009', 'lNONHSAG022058', 'lNONHSAG022078', 'lNONHSAG022094', 'lNONHSAG022103', 'lNONHSAG022110', 'lNONHSAG022125', 'lNONHSAG022127', 'lNONHSAG022162', 'lNONHSAG022328', 'lNONHSAG022339', 'lNONHSAG022378', 'lNONHSAG022495', 'lNONHSAG022510', 'lNONHSAG022551', 'lNONHSAG022579', 'lNONHSAG022595', 'lNONHSAG022655', 'lNONHSAG022690', 'lNONHSAG022750', 'lNONHSAG022806', 'lNONHSAG022836', 'lNONHSAG022851', 'lNONHSAG022888', 'lNONHSAG022893', 'lNONHSAG022965', 'lNONHSAG022972', 'lNONHSAG022980', 'lNONHSAG022982', 'lNONHSAG023003', 'lNONHSAG023073', 'lNONHSAG023175', 'lNONHSAG023237', 'lNONHSAG023375', 'lNONHSAG023387', 'lNONHSAG023392', 'lNONHSAG023494', 'lNONHSAG023512', 'lNONHSAG023553', 'lNONHSAG023579', 'lNONHSAG023598', 'lNONHSAG023614', 'lNONHSAG023630', 'lNONHSAG023633', 'lNONHSAG023661', 'lNONHSAG023668', 'lNONHSAG023864', 'lNONHSAG023885', 'lNONHSAG023930', 'lNONHSAG023964', 'lNONHSAG024117', 'lNONHSAG024141', 'lNONHSAG024146', 'lNONHSAG024224', 'lNONHSAG024244', 'lNONHSAG024282', 'lNONHSAG024332', 'lNONHSAG024340', 'lNONHSAG024341', 'lNONHSAG024354', 'lNONHSAG024361', 'lNONHSAG024362', 'lNONHSAG024364', 'lNONHSAG024381', 'lNONHSAG024391', 'lNONHSAG024393', 'lNONHSAG024395', 'lNONHSAG024428', 'lNONHSAG024540', 'lNONHSAG024542', 'lNONHSAG024637', 'lNONHSAG024668', 'lNONHSAG024671', 'lNONHSAG024676', 'lNONHSAG024681', 'lNONHSAG024741', 'lNONHSAG024809', 'lNONHSAG024810', 'lNONHSAG024818', 'lNONHSAG024826', 'lNONHSAG024903', 'lNONHSAG024905', 'lNONHSAG024908', 'lNONHSAG024913', 'lNONHSAG024921', 'lNONHSAG024923', 'lNONHSAG024925', 'lNONHSAG024979', 'lNONHSAG025011', 'lNONHSAG025135', 'lNONHSAG025137', 'lNONHSAG025157', 'lNONHSAG025185', 'lNONHSAG025319', 'lNONHSAG025352', 'lNONHSAG025609', 'lNONHSAG025712', 'lNONHSAG025743', 'lNONHSAG025744', 'lNONHSAG025864', 'lNONHSAG025865', 'lNONHSAG025867', 'lNONHSAG025907', 'lNONHSAG025934', 'lNONHSAG025939', 'lNONHSAG025964', 'lNONHSAG025997', 'lNONHSAG026053', 'lNONHSAG026089', 'lNONHSAG026103', 'lNONHSAG026153', 'lNONHSAG026176', 'lNONHSAG026205', 'lNONHSAG026274', 'lNONHSAG026386', 'lNONHSAG026575', 'lNONHSAG026631', 'lNONHSAG026661', 'lNONHSAG026720', 'lNONHSAG026721', 'lNONHSAG026737', 'lNONHSAG026743', 'lNONHSAG026781', 'lNONHSAG026794', 'lNONHSAG026852', 'lNONHSAG026854', 'lNONHSAG026856', 'lNONHSAG027017', 'lNONHSAG027075', 'lNONHSAG027110', 'lNONHSAG027276', 'lNONHSAG027278', 'lNONHSAG027323', 'lNONHSAG027342', 'lNONHSAG027374', 'lNONHSAG027421', 'lNONHSAG027598', 'lNONHSAG027618', 'lNONHSAG027675', 'lNONHSAG027682', 'lNONHSAG027694', 'lNONHSAG027709', 'lNONHSAG027837', 'lNONHSAG027874', 'lNONHSAG027876', 'lNONHSAG028045', 'lNONHSAG028083', 'lNONHSAG028093', 'lNONHSAG028112', 'lNONHSAG028141', 'lNONHSAG028142', 'lNONHSAG028159', 'lNONHSAG028713', 'lNONHSAG028720', 'lNONHSAG028817', 'lNONHSAG028820', 'lNONHSAG028857', 'lNONHSAG028870', 'lNONHSAG028913', 'lNONHSAG028918', 'lNONHSAG028948', 'lNONHSAG028996', 'lNONHSAG029080', 'lNONHSAG029124', 'lNONHSAG029267', 'lNONHSAG029312', 'lNONHSAG029336', 'lNONHSAG029377', 'lNONHSAG029467', 'lNONHSAG029668', 'lNONHSAG029792', 'lNONHSAG029830', 'lNONHSAG029873', 'lNONHSAG029880', 'lNONHSAG029933', 'lNONHSAG029956', 'lNONHSAG029957', 'lNONHSAG029958', 'lNONHSAG029959', 'lNONHSAG029960', 'lNONHSAG029961', 'lNONHSAG029962', 'lNONHSAG029964', 'lNONHSAG029965', 'lNONHSAG029985', 'lNONHSAG030074', 'lNONHSAG030113', 'lNONHSAG030258', 'lNONHSAG030278', 'lNONHSAG030279', 'lNONHSAG030304', 'lNONHSAG030410', 'lNONHSAG030440', 'lNONHSAG030516', 'lNONHSAG030525', 'lNONHSAG030582', 'lNONHSAG030583', 'lNONHSAG030738', 'lNONHSAG030739', 'lNONHSAG030742', 'lNONHSAG031035', 'lNONHSAG031123', 'lNONHSAG031261', 'lNONHSAG031385', 'lNONHSAG031425', 'lNONHSAG031452', 'lNONHSAG031453', 'lNONHSAG031456', 'lNONHSAG031481', 'lNONHSAG031563', 'lNONHSAG031565', 'lNONHSAG031581', 'lNONHSAG031636', 'lNONHSAG031696', 'lNONHSAG031853', 'lNONHSAG031900', 'lNONHSAG031913', 'lNONHSAG031991', 'lNONHSAG032063', 'lNONHSAG032126', 'lNONHSAG032247', 'lNONHSAG032267', 'lNONHSAG032297', 'lNONHSAG032302', 'lNONHSAG032309', 'lNONHSAG032312', 'lNONHSAG032537', 'lNONHSAG032664', 'lNONHSAG032724', 'lNONHSAG032735', 'lNONHSAG032737', 'lNONHSAG032748', 'lNONHSAG032750', 'lNONHSAG033027', 'lNONHSAG033105', 'lNONHSAG033107', 'lNONHSAG033121', 'lNONHSAG033168', 'lNONHSAG033170', 'lNONHSAG033224', 'lNONHSAG033254', 'lNONHSAG033263', 'lNONHSAG033266', 'lNONHSAG033298', 'lNONHSAG033328', 'lNONHSAG033334', 'lNONHSAG033342', 'lNONHSAG033348', 'lNONHSAG033352', 'lNONHSAG033368', 'lNONHSAG033386', 'lNONHSAG033390', 'lNONHSAG033435', 'lNONHSAG033459', 'lNONHSAG033471', 'lNONHSAG033480', 'lNONHSAG033528', 'lNONHSAG033589', 'lNONHSAG033611', 'lNONHSAG033645', 'lNONHSAG033691', 'lNONHSAG033716', 'lNONHSAG033735', 'lNONHSAG033748', 'lNONHSAG033810', 'lNONHSAG033862', 'lNONHSAG033896', 'lNONHSAG033898', 'lNONHSAG033899', 'lNONHSAG033937', 'lNONHSAG033940', 'lNONHSAG034006', 'lNONHSAG034014', 'lNONHSAG034021', 'lNONHSAG034032', 'lNONHSAG034217', 'lNONHSAG034316', 'lNONHSAG034417', 'lNONHSAG034492', 'lNONHSAG034508', 'lNONHSAG034527', 'lNONHSAG034676', 'lNONHSAG034678', 'lNONHSAG034801', 'lNONHSAG034845', 'lNONHSAG034846', 'lNONHSAG034935', 'lNONHSAG034973', 'lNONHSAG035096', 'lNONHSAG035103', 'lNONHSAG035262', 'lNONHSAG035287', 'lNONHSAG035382', 'lNONHSAG035456', 'lNONHSAG035568', 'lNONHSAG035806', 'lNONHSAG035914', 'lNONHSAG035916', 'lNONHSAG035919', 'lNONHSAG035923', 'lNONHSAG036054', 'lNONHSAG036115', 'lNONHSAG036120', 'lNONHSAG036255', 'lNONHSAG036263', 'lNONHSAG036273', 'lNONHSAG036403', 'lNONHSAG036412', 'lNONHSAG036413', 'lNONHSAG036612', 'lNONHSAG036615', 'lNONHSAG036667', 'lNONHSAG036718', 'lNONHSAG036783', 'lNONHSAG036922', 'lNONHSAG036926', 'lNONHSAG037025', 'lNONHSAG037061', 'lNONHSAG037072', 'lNONHSAG037080', 'lNONHSAG037082', 'lNONHSAG037083', 'lNONHSAG037096', 'lNONHSAG037137', 'lNONHSAG037146', 'lNONHSAG037164', 'lNONHSAG037241', 'lNONHSAG037420', 'lNONHSAG037559', 'lNONHSAG037827', 'lNONHSAG037891', 'lNONHSAG037936', 'lNONHSAG037946', 'lNONHSAG038001', 'lNONHSAG038024', 'lNONHSAG038060', 'lNONHSAG038091', 'lNONHSAG038162', 'lNONHSAG038343', 'lNONHSAG038344', 'lNONHSAG038397', 'lNONHSAG038530', 'lNONHSAG038561', 'lNONHSAG038578', 'lNONHSAG038663', 'lNONHSAG038676', 'lNONHSAG038682', 'lNONHSAG038836', 'lNONHSAG039037', 'lNONHSAG039147', 'lNONHSAG039293', 'lNONHSAG039319', 'lNONHSAG039617', 'lNONHSAG039620', 'lNONHSAG039634', 'lNONHSAG039637', 'lNONHSAG039654', 'lNONHSAG039664', 'lNONHSAG039669', 'lNONHSAG039749', 'lNONHSAG039872', 'lNONHSAG039951', 'lNONHSAG040188', 'lNONHSAG040226', 'lNONHSAG040241', 'lNONHSAG040269', 'lNONHSAG040320', 'lNONHSAG040329', 'lNONHSAG040408', 'lNONHSAG040444', 'lNONHSAG040481', 'lNONHSAG040542', 'lNONHSAG040544', 'lNONHSAG040560', 'lNONHSAG040601', 'lNONHSAG040692', 'lNONHSAG040700', 'lNONHSAG040729', 'lNONHSAG040804', 'lNONHSAG040859', 'lNONHSAG040870', 'lNONHSAG040909', 'lNONHSAG040945', 'lNONHSAG040958', 'lNONHSAG040969', 'lNONHSAG040976', 'lNONHSAG041002', 'lNONHSAG041023', 'lNONHSAG041241', 'lNONHSAG041250', 'lNONHSAG041256', 'lNONHSAG041257', 'lNONHSAG041480', 'lNONHSAG041528', 'lNONHSAG041529', 'lNONHSAG041592', 'lNONHSAG041670', 'lNONHSAG041707', 'lNONHSAG041716', 'lNONHSAG041758', 'lNONHSAG041844', 'lNONHSAG041883', 'lNONHSAG041938', 'lNONHSAG041966', 'lNONHSAG041981', 'lNONHSAG042033', 'lNONHSAG042050', 'lNONHSAG042062', 'lNONHSAG042080', 'lNONHSAG042132', 'lNONHSAG042138', 'lNONHSAG042257', 'lNONHSAG042270', 'lNONHSAG042307', 'lNONHSAG042370', 'lNONHSAG042433', 'lNONHSAG042476', 'lNONHSAG042491', 'lNONHSAG042500', 'lNONHSAG042722', 'lNONHSAG042724', 'lNONHSAG042836', 'lNONHSAG042855', 'lNONHSAG042957', 'lNONHSAG042966', 'lNONHSAG042970', 'lNONHSAG042991', 'lNONHSAG043138', 'lNONHSAG043159', 'lNONHSAG043250', 'lNONHSAG043433', 'lNONHSAG043592', 'lNONHSAG043625', 'lNONHSAG043657', 'lNONHSAG043770', 'lNONHSAG043851', 'lNONHSAG043934', 'lNONHSAG044022', 'lNONHSAG044041', 'lNONHSAG044283', 'lNONHSAG044350', 'lNONHSAG044406', 'lNONHSAG044429', 'lNONHSAG044624', 'lNONHSAG044666', 'lNONHSAG044709', 'lNONHSAG044751', 'lNONHSAG044791', 'lNONHSAG045131', 'lNONHSAG045163', 'lNONHSAG045166', 'lNONHSAG045306', 'lNONHSAG045383', 'lNONHSAG045430', 'lNONHSAG046722', 'lNONHSAG046765', 'lNONHSAG046781', 'lNONHSAG046811', 'lNONHSAG046839', 'lNONHSAG046953', 'lNONHSAG047182', 'lNONHSAG047191', 'lNONHSAG047197', 'lNONHSAG047260', 'lNONHSAG047319', 'lNONHSAG047433', 'lNONHSAG047463', 'lNONHSAG047471', 'lNONHSAG047507', 'lNONHSAG047543', 'lNONHSAG047544', 'lNONHSAG047547', 'lNONHSAG047619', 'lNONHSAG047620', 'lNONHSAG047725', 'lNONHSAG047792', 'lNONHSAG047796', 'lNONHSAG047830', 'lNONHSAG047840', 'lNONHSAG047842', 'lNONHSAG047851', 'lNONHSAG047951', 'lNONHSAG047973', 'lNONHSAG047974', 'lNONHSAG048057', 'lNONHSAG048101', 'lNONHSAG048114', 'lNONHSAG048189', 'lNONHSAG048191', 'lNONHSAG048201', 'lNONHSAG048228', 'lNONHSAG048231', 'lNONHSAG048270', 'lNONHSAG048302', 'lNONHSAG048323', 'lNONHSAG048354', 'lNONHSAG048439', 'lNONHSAG048464', 'lNONHSAG048598', 'lNONHSAG048602', 'lNONHSAG048610', 'lNONHSAG048623', 'lNONHSAG048624', 'lNONHSAG048626', 'lNONHSAG048641', 'lNONHSAG048682', 'lNONHSAG048695', 'lNONHSAG048781', 'lNONHSAG048817', 'lNONHSAG049037', 'lNONHSAG049050', 'lNONHSAG049051', 'lNONHSAG049119', 'lNONHSAG049129', 'lNONHSAG049185', 'lNONHSAG049191', 'lNONHSAG049288', 'lNONHSAG049303', 'lNONHSAG049356', 'lNONHSAG049421', 'lNONHSAG049626', 'lNONHSAG049655', 'lNONHSAG049754', 'lNONHSAG049901', 'lNONHSAG050073', 'lNONHSAG050104', 'lNONHSAG050167', 'lNONHSAG050168', 'lNONHSAG050272', 'lNONHSAG050284', 'lNONHSAG050345', 'lNONHSAG050423', 'lNONHSAG050445', 'lNONHSAG050493', 'lNONHSAG050518', 'lNONHSAG050670', 'lNONHSAG050725', 'lNONHSAG050769', 'lNONHSAG050786', 'lNONHSAG050815', 'lNONHSAG050929', 'lNONHSAG050985', 'lNONHSAG051010', 'lNONHSAG051015', 'lNONHSAG051166', 'lNONHSAG051196', 'lNONHSAG051245', 'lNONHSAG051250', 'lNONHSAG051255', 'lNONHSAG051259', 'lNONHSAG051260', 'lNONHSAG051263', 'lNONHSAG051266', 'lNONHSAG051291', 'lNONHSAG051448', 'lNONHSAG051454', 'lNONHSAG051484', 'lNONHSAG051514', 'lNONHSAG051517', 'lNONHSAG051523', 'lNONHSAG051542', 'lNONHSAG051567', 'lNONHSAG051568', 'lNONHSAG051603', 'lNONHSAG051770', 'lNONHSAG051898', 'lNONHSAG051958', 'lNONHSAG052046', 'lNONHSAG052082', 'lNONHSAG052097', 'lNONHSAG052119', 'lNONHSAG052151', 'lNONHSAG052179', 'lNONHSAG052459', 'lNONHSAG052491', 'lNONHSAG052492', 'lNONHSAG052495', 'lNONHSAG052510', 'lNONHSAG052511', 'lNONHSAG052609', 'lNONHSAG052680', 'lNONHSAG052709', 'lNONHSAG052853', 'lNONHSAG052908', 'lNONHSAG052925', 'lNONHSAG052929', 'lNONHSAG052931', 'lNONHSAG052933', 'lNONHSAG052943', 'lNONHSAG053014', 'lNONHSAG053028', 'lNONHSAG053033', 'lNONHSAG053082', 'lNONHSAG053108', 'lNONHSAG053162', 'lNONHSAG053228', 'lNONHSAG053419', 'lNONHSAG053456', 'lNONHSAG053499', 'lNONHSAG053502', 'lNONHSAG053546', 'lNONHSAG053547', 'lNONHSAG053590', 'lNONHSAG053602', 'lNONHSAG053626', 'lNONHSAG053631', 'lNONHSAG053651', 'lNONHSAG053716', 'lNONHSAG053719', 'lNONHSAG053748', 'lNONHSAG053796', 'lNONHSAG053802', 'lNONHSAG053842', 'lNONHSAG054024', 'lNONHSAG054038', 'lNONHSAG054212', 'lNONHSAG054213', 'lNONHSAG054214', 'lNONHSAG054215', 'lNONHSAG054360', 'lNONHSAG054432', 'lNONHSAG054699', 'lNONHSAG054717', 'lNONHSAG054718', 'lNONHSAG054780', 'lNONHSAG054791', 'lNONHSAG054807', 'lNONHSAG054832', 'lNONHSAG055088', 'lNONHSAG055092', 'lNONHSAG055151', 'lNONHSAG055258', 'lNONHSAG055350', 'lNONHSAG055418', 'lNONHSAG055546', 'lNONHSAG055558', 'lNONHSAG055565', 'lNONHSAG055577', 'lNONHSAG055582', 'lNONHSAG056025', 'lNONHSAG056053', 'lNONHSAG056451', 'lNONHSAG056733', 'lNONHSAG056746', 'lNONHSAG056868', 'lNONHSAG056875', 'lNONHSAG057043', 'lNONHSAG057222', 'lNONHSAG057260', 'lNONHSAG058006', 'lNONHSAG058109', 'lNONHSAG058118', 'lNONHSAG058128', 'lNONHSAG058533', 'lNONHSAG058967', 'lNONHSAG059768', 'lNONHSAG060586', 'lNONHSAG061096', 'lNONHSAG061404', 'lNONHSAG061492', 'lNONHSAG063700', 'lNONHSAG064784', 'lNONHSAG064962', 'lNONHSAG065364', 'lNONHSAG066253', 'lNONHSAG068402', 'lNONHSAG068639', 'lNONHSAG069030', 'lNONHSAG069147', 'lNONHSAG069277', 'lNONHSAG069876', 'lNONHSAG070257', 'lNONHSAG071444', 'lNONHSAG072176', 'lNONHSAG072945', 'lNONHSAG073025', 'lNONHSAG073380', 'lNONHSAG073406', 'lNONHSAG073419', 'lNONHSAG073786', 'lNONHSAG074052', 'lNONHSAG075363', 'lNONHSAG077475', 'lNONHSAG077527', 'lNONHSAG077551', 'lNONHSAG079231', 'lNONHSAG080772', 'lNONHSAG081227', 'lNONHSAG081583', 'lNONHSAG081993', 'lNONHSAG082891', 'lNONHSAG083209', 'lNONHSAG083289', 'lNONHSAG083615', 'lNONHSAG083859', 'lNONHSAG083894', 'lNONHSAG084701', 'lNONHSAG084832', 'lNONHSAG084937', 'lNONHSAG085975', 'lNONHSAG089857', 'lNONHSAG091116', 'lNONHSAG091284', 'lNONHSAG091452', 'lNONHSAG091943', 'lNONHSAG092907', 'lNONHSAG093078', 'lNONHSAG093517', 'lNONHSAG094075', 'lNONHSAG094129', 'lNONHSAG094269', 'lNONHSAG096130', 'lNONHSAG096227', 'lNONHSAG096230', 'lNONHSAG096627', 'lNONHSAG097347', 'lNONHSAG098653', 'lNONHSAG099082', 'lNONHSAG099120', 'lNONHSAG099126', 'lNONHSAG099742', 'lNONHSAG099774', 'lNONHSAG101229', 'lNONHSAG101725', 'lNONHSAG102572', 'lNONHSAG103259', 'lNONHSAG103457', 'lNONHSAG103817', 'lNONHSAG104186', 'lNONHSAG110420', 'lNONHSAG110858', 'lNONHSAG111667', 'lNONHSAG112396', 'lNONHSAG113761', 'lNONHSAG114445', 'lENSG00000163364', 'lENSG00000171889', 'lENSG00000175061', 'lENSG00000179406', 'lENSG00000179523', 'lENSG00000189295', 'lENSG00000198221', 'lENSG00000198468', 'lENSG00000203497', 'lENSG00000223764', 'lENSG00000223783', 'lENSG00000224078', 'lENSG00000224614', 'lENSG00000225470', 'lENSG00000225506', 'lENSG00000226115', 'lENSG00000226137', 'lENSG00000227082', 'lENSG00000227256', 'lENSG00000227963', 'lENSG00000228022', 'lENSG00000228526', 'lENSG00000229267', 'lENSG00000229335', 'lENSG00000229388', 'lENSG00000230046', 'lENSG00000230061', 'lENSG00000230257', 'lENSG00000230313', 'lENSG00000230400', 'lENSG00000230866', 'lENSG00000231019', 'lENSG00000231437', 'lENSG00000231473', 'lENSG00000231663', 'lENSG00000232265', 'lENSG00000232415', 'lENSG00000232442', 'lENSG00000232500', 'lENSG00000233047', 'lENSG00000233387', 'lENSG00000233532', 'lENSG00000233590', 'lENSG00000234169', 'lENSG00000234222', 'lENSG00000234455', 'lENSG00000234546', 'lENSG00000234625', 'lENSG00000235385', 'lENSG00000235535', 'lENSG00000235724', 'lENSG00000236240', 'lENSG00000236671', 'lENSG00000237167', 'lENSG00000237396', 'lENSG00000237880', 'lENSG00000241388', 'lENSG00000242207', 'lENSG00000243479', 'lENSG00000244124', 'lENSG00000245067', 'lENSG00000245146', 'lENSG00000245614', 'lENSG00000247095', 'lENSG00000247373', 'lENSG00000247400', 'lENSG00000247498', 'lENSG00000249532', 'lENSG00000249835', 'lENSG00000249993', 'lENSG00000250635', 'lENSG00000251003', 'lENSG00000251061', 'lENSG00000253315', 'lENSG00000254418', 'lENSG00000254480', 'lENSG00000254508', 'lENSG00000254791', 'lENSG00000255363', 'lENSG00000255427', 'lENSG00000255553', 'lENSG00000255850', 'lENSG00000256742', 'lENSG00000256769', 'lENSG00000257557', 'lENSG00000258197', 'lENSG00000258912', 'lENSG00000259424', 'lENSG00000260219', 'lENSG00000260280', 'lENSG00000260455', 'lENSG00000260924', 'lENSG00000260969', 'lENSG00000261183', 'lENSG00000261423', 'lENSG00000261780', 'lENSG00000263718', 'lENSG00000264672', 'lENSG00000265374', 'lENSG00000266402', 'lENSG00000266970', 'lENSG00000267296', 'lENSG00000267321', 'lENSG00000267395', 'lENSG00000267413', 'lENSG00000267440', 'lENSG00000267858', 'lENSG00000269019', 'lENSG00000269911', 'lENSG00000269939', 'lENSG00000270084', 'lENSG00000270344', 'lENSG00000270959', 'lENSG00000272769', 'lENSG00000274372', 'lENSG00000278709', 'lENSG00000278970', 'lENSG00000279296', 'lENSG00000281189', 'lENSG00000284070', 'lENSG00000285644', 'lENSG00000286004', 'lENSG00000286737', 'lENSG00000288080', 'lENSG00000224739', 'lA1BG-AS1', 'lADAMTS9-AS2', 'lANKRD62P1-PARP4P3', 'lAQP4-AS1', 'lASMTL-AS1', 'lBANCR', 'lCCAT2', 'lCRNDE', 'lDGKK', 'lDLX6-AS1', 'lFEZF1-AS1', 'lGATA3-AS1', 'lGATA6-AS1', 'lGHET1', 'lHEIH', 'lHOTAIRM1', 'lHOXA-AS3', 'lINHBA-AS1', 'lJPX', 'lJRK', 'lKCTD21-AS1', 'lKTN1-AS1', 'lLAMTOR5-AS1', 'lLBX2-AS1', 'lLINC00174', 'lLINC00240', 'lLINC00333', 'lLINC00472', 'lLPP-AS2', 'lMCM3AP-AS1', 'lMEG3', 'lMIR181A1HG', 'lMIR31HG', 'lMYLK-AS1', 'lRHPN1-AS1', 'lRMST', 'lSNHG15', 'lSNHG16', 'lSNX29P2', 'lTEN1-CDK3', 'lTPTEP1', 'lTRAM2-AS1', 'lVCAN-AS1', 'lZFAS1', 'lZNF286B', 'lZNF503-AS2', 'lLINC00461', 'lLINC00514', 'lSLC2A1-AS1', 'lSRP14-AS1', 'lAC007009.1', 'lPWAR6', 'lAC004840.8', 'lAC061992.2', 'lAC103564.7', 'lAC135048.13', 'lAC137723.5', 'lAC137932.5', 'lAL928742.12', 'lAP001058.3', 'lCTB-60B18.10', 'lCTD-2165H16.4', 'lCTD-2195B23.3', 'lCTD-2540L5.5', 'lKB-7G2.8', 'lLA16c-380H5.3', 'lLL22NC03-23C6.13', 'lRP1-283E3.8', 'lRP11-100F15.1', 'lRP11-104E19.1', 'lRP11-108M9.3', 'lRP11-123O10.4', 'lRP11-137H2.4', 'lRP11-197N18.2', 'lRP11-21J18.1', 'lRP11-227H15.4', 'lRP11-243J18.2', 'lRP11-24P14.1', 'lRP11-264B17.3', 'lRP11-276H7.2', 'lRP11-305P14.1', 'lRP11-439K3.1', 'lRP11-467J12.4', 'lRP11-49K24.4', 'lRP11-514P8.8', 'lRP11-54O7.3', 'lRP11-550C4.6', 'lRP11-680A11.5', 'lRP4-756H11.3', 'lRP4-790G17.7', 'lRP5-1061H20.4', 'lRP5-1074L1.1', 'lXXbac-B444P24.8', 'lXXbac-BPG300A18.13', 'lAC018766.4', 'lCTD-2231H16.1', 'lRP11-429J17.8', 'lRP11-672A2.1', 'lRP5-1063M23.1', 'lRP11-495P10.8', 'lRP4-610C12.4', 'lRP11-408H20.2', 'lNONHSAG000157', 'lNONHSAG000265', 'lNONHSAG000297', 'lNONHSAG000298', 'lNONHSAG000623', 'lNONHSAG000636', 'lNONHSAG000896', 'lNONHSAG000969', 'lNONHSAG000994', 'lNONHSAG001008', 'lNONHSAG001014', 'lNONHSAG001028', 'lNONHSAG001030', 'lNONHSAG001033', 'lNONHSAG001147', 'lNONHSAG001171', 'lNONHSAG001207', 'lNONHSAG001240', 'lNONHSAG001258', 'lNONHSAG001419', 'lNONHSAG001435', 'lNONHSAG001613', 'lNONHSAG002403', 'lNONHSAG002487', 'lNONHSAG002619', 'lNONHSAG002726', 'lNONHSAG002790', 'lNONHSAG002816', 'lNONHSAG003227', 'lNONHSAG003308', 'lNONHSAG003418', 'lNONHSAG003810', 'lNONHSAG003881', 'lNONHSAG004227', 'lNONHSAG004351', 'lNONHSAG004475', 'lNONHSAG004507', 'lNONHSAG004638', 'lNONHSAG004893', 'lNONHSAG005249', 'lNONHSAG005363', 'lNONHSAG005473', 'lNONHSAG005522', 'lNONHSAG005652', 'lNONHSAG005679', 'lNONHSAG005690', 'lNONHSAG005717', 'lNONHSAG005725', 'lNONHSAG005739', 'lNONHSAG005740', 'lNONHSAG005746', 'lNONHSAG005747', 'lNONHSAG005760', 'lNONHSAG005769', 'lNONHSAG005789', 'lNONHSAG005797', 'lNONHSAG005809', 'lNONHSAG005821', 'lNONHSAG005830', 'lNONHSAG005842', 'lNONHSAG005847', 'lNONHSAG005851', 'lNONHSAG005852', 'lNONHSAG005853', 'lNONHSAG005855', 'lNONHSAG005856', 'lNONHSAG005857', 'lNONHSAG005859', 'lNONHSAG005862', 'lNONHSAG005867', 'lNONHSAG005870', 'lNONHSAG005901', 'lNONHSAG005915', 'lNONHSAG005935', 'lNONHSAG005936', 'lNONHSAG005939', 'lNONHSAG005985', 'lNONHSAG005986', 'lNONHSAG006012', 'lNONHSAG006022', 'lNONHSAG006078', 'lNONHSAG006086', 'lNONHSAG006091', 'lNONHSAG006097', 'lNONHSAG006103', 'lNONHSAG006160', 'lNONHSAG006166', 'lNONHSAG006183', 'lNONHSAG006186', 'lNONHSAG006187', 'lNONHSAG006188', 'lNONHSAG006206', 'lNONHSAG006220', 'lNONHSAG006235', 'lNONHSAG006240', 'lNONHSAG006279', 'lNONHSAG006290', 'lNONHSAG006293', 'lNONHSAG006300', 'lNONHSAG006314', 'lNONHSAG006324', 'lNONHSAG006376', 'lNONHSAG006377', 'lNONHSAG006382', 'lNONHSAG006388', 'lNONHSAG006395', 'lNONHSAG006399', 'lNONHSAG006412', 'lNONHSAG006434', 'lNONHSAG006440', 'lNONHSAG006450', 'lNONHSAG006459', 'lNONHSAG006479', 'lNONHSAG006487', 'lNONHSAG006493', 'lNONHSAG006536', 'lNONHSAG006551', 'lNONHSAG006554', 'lNONHSAG006555', 'lNONHSAG006557', 'lNONHSAG006576', 'lNONHSAG006579', 'lNONHSAG006581', 'lNONHSAG006586', 'lNONHSAG006591', 'lNONHSAG006602', 'lNONHSAG006653', 'lNONHSAG006669', 'lNONHSAG006716', 'lNONHSAG006748', 'lNONHSAG006750', 'lNONHSAG006765', 'lNONHSAG006779', 'lNONHSAG006808', 'lNONHSAG006830', 'lNONHSAG006832', 'lNONHSAG006837', 'lNONHSAG006855', 'lNONHSAG006863', 'lNONHSAG006883', 'lNONHSAG006889', 'lNONHSAG006894', 'lNONHSAG006897', 'lNONHSAG006909', 'lNONHSAG006915', 'lNONHSAG006922', 'lNONHSAG006970', 'lNONHSAG006976', 'lNONHSAG007000', 'lNONHSAG007023', 'lNONHSAG007029', 'lNONHSAG007031', 'lNONHSAG007035', 'lNONHSAG007063', 'lNONHSAG007065', 'lNONHSAG007087', 'lNONHSAG007093', 'lNONHSAG007103', 'lNONHSAG007118', 'lNONHSAG007123', 'lNONHSAG007129', 'lNONHSAG007139', 'lNONHSAG007155', 'lNONHSAG007166', 'lNONHSAG007172', 'lNONHSAG007203', 'lNONHSAG007222', 'lNONHSAG007224', 'lNONHSAG007225', 'lNONHSAG007242', 'lNONHSAG007259', 'lNONHSAG007268', 'lNONHSAG007278', 'lNONHSAG007286', 'lNONHSAG007298', 'lNONHSAG007414', 'lNONHSAG007429', 'lNONHSAG007458', 'lNONHSAG007488', 'lNONHSAG007507', 'lNONHSAG007533', 'lNONHSAG007543', 'lNONHSAG007544', 'lNONHSAG007554', 'lNONHSAG007574', 'lNONHSAG007578', 'lNONHSAG007587', 'lNONHSAG007599', 'lNONHSAG007621', 'lNONHSAG007632', 'lNONHSAG007638', 'lNONHSAG007730', 'lNONHSAG007932', 'lENSG00000083622', 'lENSG00000105501', 'lENSG00000122043', 'lENSG00000149443', 'lENSG00000167920', 'lENSG00000175746', 'lENSG00000177596', 'lENSG00000178248', 'lENSG00000197644', 'lENSG00000197880', 'lENSG00000198054', 'lENSG00000198671', 'lENSG00000203307', 'lENSG00000203434', 'lENSG00000203469', 'lENSG00000203472', 'lENSG00000203565', 'lENSG00000203605', 'lENSG00000203864', 'lENSG00000204393', 'lENSG00000204464', 'lENSG00000205018', 'lENSG00000205452', 'lENSG00000205500', 'lENSG00000212856', 'lENSG00000219410', 'lENSG00000221845', 'lENSG00000222000', 'lENSG00000222032', 'lENSG00000222044', 'lENSG00000223374', 'lENSG00000223381', 'lENSG00000223387', 'lENSG00000223537', 'lENSG00000223563', 'lENSG00000223598', 'lENSG00000223634', 'lENSG00000223641', 'lENSG00000223643', 'lENSG00000223720', 'lENSG00000223727', 'lENSG00000223786', 'lENSG00000223809', 'lENSG00000223831', 'lENSG00000223870', 'lENSG00000223881', 'lENSG00000223966', 'lENSG00000223993', 'lENSG00000224031', 'lENSG00000224075', 'lENSG00000224087', 'lENSG00000224095', 'lENSG00000224277', 'lENSG00000224330', 'lENSG00000224384', 'lENSG00000224535', 'lENSG00000224541', 'lENSG00000224595', 'lENSG00000224645', 'lENSG00000224655', 'lENSG00000224794', 'lENSG00000224844', 'lENSG00000224857', 'lENSG00000224885', 'lENSG00000224922', 'lENSG00000224972', 'lENSG00000225012', 'lENSG00000225050', 'lENSG00000225146', 'lENSG00000225218', 'lENSG00000225325', 'lENSG00000225334', 'lENSG00000225378', 'lENSG00000225457', 'lENSG00000225537', 'lENSG00000225570', 'lENSG00000225588', 'lENSG00000225647', 'lENSG00000225751', 'lENSG00000225761', 'lENSG00000225798', 'lENSG00000225886', 'lENSG00000225919', 'lENSG00000225929', 'lENSG00000226047', 'lENSG00000226089', 'lENSG00000226133', 'lENSG00000226143', 'lENSG00000226193', 'lENSG00000226194', 'lENSG00000226238', 'lENSG00000226337', 'lENSG00000226352', 'lENSG00000226398', 'lENSG00000226442', 'lENSG00000226454', 'lENSG00000226486', 'lENSG00000226508', 'lENSG00000226522', 'lENSG00000226542', 'lENSG00000226562', 'lENSG00000226566', 'lENSG00000226576', 'lENSG00000226601', 'lENSG00000226647', 'lENSG00000226699', 'lENSG00000226770', 'lENSG00000226813', 'lENSG00000226883', 'lENSG00000226925', 'lENSG00000226956', 'lENSG00000226957', 'lENSG00000227076', 'lENSG00000227125', 'lENSG00000227131', 'lENSG00000227181', 'lENSG00000227330', 'lENSG00000227409', 'lENSG00000227459', 'lENSG00000227482', 'lENSG00000227496', 'lENSG00000227549', 'lENSG00000227579', 'lENSG00000227606', 'lENSG00000227611', 'lENSG00000227716', 'lENSG00000227718', 'lENSG00000227769', 'lENSG00000227863', 'lENSG00000227893', 'lENSG00000227930', 'lENSG00000227958', 'lENSG00000227960', 'lENSG00000228028', 'lENSG00000228082', 'lENSG00000228108', 'lENSG00000228136', 'lENSG00000228170', 'lENSG00000228215', 'lENSG00000228231', 'lENSG00000228261', 'lENSG00000228272', 'lENSG00000228351', 'lENSG00000228372', 'lENSG00000228383', 'lENSG00000228485', 'lENSG00000228548', 'lENSG00000228596', 'lENSG00000228627', 'lENSG00000228804', 'lENSG00000228826', 'lENSG00000228852', 'lENSG00000228939', 'lENSG00000228950', 'lENSG00000229152', 'lENSG00000229162', 'lENSG00000229167', 'lENSG00000229190', 'lENSG00000229224', 'lENSG00000229283', 'lENSG00000229297', 'lENSG00000229345', 'lENSG00000229370', 'lENSG00000229379', 'lENSG00000229444', 'lENSG00000229457', 'lENSG00000229498', 'lENSG00000229502', 'lENSG00000229528', 'lENSG00000229531', 'lENSG00000229673', 'lENSG00000229679', 'lENSG00000229688', 'lENSG00000229851', 'lENSG00000229953', 'lENSG00000229999', 'lENSG00000230010', 'lENSG00000230065', 'lENSG00000230105', 'lENSG00000230109', 'lENSG00000230121', 'lENSG00000230131', 'lENSG00000230153', 'lENSG00000230190', 'lENSG00000230212', 'lENSG00000230233', 'lENSG00000230234', 'lENSG00000230323', 'lENSG00000230432', 'lENSG00000230483', 'lENSG00000230499', 'lENSG00000230599', 'lENSG00000230668', 'lENSG00000230735', 'lENSG00000230741', 'lENSG00000230759', 'lENSG00000230790', 'lENSG00000230826', 'lENSG00000230830', 'lENSG00000230912', 'lENSG00000230972', 'lENSG00000231081', 'lENSG00000231082', 'lENSG00000231092', 'lENSG00000231102', 'lENSG00000231114', 'lENSG00000231253', 'lENSG00000231272', 'lENSG00000231407', 'lENSG00000231413', 'lENSG00000231440', 'lENSG00000231492', 'lENSG00000231496', 'lENSG00000231539', 'lENSG00000231597', 'lENSG00000231678', 'lENSG00000231681', 'lENSG00000231724', 'lENSG00000231760', 'lENSG00000231772', 'lENSG00000231781', 'lENSG00000231912', 'lENSG00000231914', 'lENSG00000231937', 'lENSG00000231953', 'lENSG00000231964', 'lENSG00000232031', 'lENSG00000232058', 'lENSG00000232072', 'lENSG00000232086', 'lENSG00000232120', 'lENSG00000232197', 'lENSG00000232252', 'lENSG00000232310', 'lENSG00000232328', 'lENSG00000232335', 'lENSG00000232359', 'lENSG00000232363', 'lENSG00000232396', 'lENSG00000232451', 'lENSG00000232464', 'lENSG00000232465', 'lENSG00000232596', 'lENSG00000232604', 'lENSG00000232710', 'lENSG00000232719', 'lENSG00000232746', 'lENSG00000232806', 'lENSG00000232895', 'lENSG00000232930', 'lENSG00000232939', 'lENSG00000232964', 'lENSG00000233070', 'lENSG00000233079', 'lENSG00000233178', 'lENSG00000233179', 'lENSG00000233219', 'lENSG00000233330', 'lENSG00000233339', 'lENSG00000233407', 'lENSG00000233472', 'lENSG00000233479', 'lENSG00000233534', 'lENSG00000233574', 'lENSG00000233581', 'lENSG00000233613', 'lENSG00000233625', 'lENSG00000233656', 'lENSG00000233665', 'lENSG00000233689', 'lENSG00000233706', 'lENSG00000233851', 'lENSG00000233891', 'lENSG00000233953', 'lENSG00000233960', 'lENSG00000233969', 'lENSG00000233985', 'lENSG00000234021', 'lENSG00000234055', 'lENSG00000234117', 'lENSG00000234149', 'lENSG00000234172', 'lENSG00000234191', 'lENSG00000234318', 'lENSG00000234504', 'lENSG00000234567', 'lENSG00000234626', 'lENSG00000234653', 'lENSG00000234690', 'lENSG00000234693', 'lENSG00000234714', 'lENSG00000234756', 'lENSG00000234860', 'lENSG00000234900', 'lENSG00000234961', 'lENSG00000234979', 'lENSG00000235011', 'lENSG00000235035', 'lENSG00000235050', 'lENSG00000235059', 'lENSG00000235086', 'lENSG00000235122', 'lENSG00000235168', 'lENSG00000235262', 'lENSG00000235435', 'lENSG00000235494', 'lENSG00000235503', 'lENSG00000235533', 'lENSG00000235628', 'lENSG00000235635', 'lENSG00000235637', 'lENSG00000235669', 'lENSG00000235813', 'lENSG00000236022', 'lENSG00000236031', 'lENSG00000236065', 'lENSG00000236109', 'lENSG00000236242', 'lENSG00000236267', 'lENSG00000236272', 'lENSG00000236326', 'lENSG00000236358', 'lENSG00000236366', 'lENSG00000236463', 'lENSG00000236498', 'lENSG00000236559', 'lENSG00000236648', 'lENSG00000236662', 'lENSG00000236723', 'lENSG00000236744', 'lENSG00000236828', 'lENSG00000236854', 'lENSG00000236921', 'lENSG00000236951', 'lENSG00000236953', 'lENSG00000236975', 'lENSG00000237015', 'lENSG00000237058', 'lENSG00000237073', 'lENSG00000237200', 'lENSG00000237293', 'lENSG00000237312', 'lENSG00000237324', 'lENSG00000237331', 'lENSG00000237337', 'lENSG00000237373', 'lENSG00000237435', 'lENSG00000237463', 'lENSG00000237477', 'lENSG00000237481', 'lENSG00000237494', 'lENSG00000237520', 'lENSG00000237571', 'lENSG00000237576', 'lENSG00000237581', 'lENSG00000237670', 'lENSG00000237687', 'lENSG00000237734', 'lENSG00000237756', 'lENSG00000237768', 'lENSG00000237802', 'lENSG00000237919', 'lENSG00000237937', 'lENSG00000237993', 'lENSG00000238131', 'lENSG00000238140', 'lENSG00000238282', 'lENSG00000238291', 'lENSG00000239314', 'lENSG00000239415', 'lENSG00000239482', 'lENSG00000239593', 'lENSG00000240354', 'lENSG00000240573', 'lENSG00000240868', 'lENSG00000241383', 'lENSG00000241397', 'lENSG00000241577', 'lENSG00000241593', 'lENSG00000241666', 'lENSG00000242012', 'lENSG00000242072', 'lENSG00000242339', 'lENSG00000242391', 'lENSG00000242545', 'lENSG00000242568', 'lENSG00000242618', 'lENSG00000242795', 'lENSG00000242861', 'lENSG00000243149', 'lENSG00000243230', 'lENSG00000243273', 'lENSG00000243368', 'lENSG00000243961', 'lENSG00000244278', 'lENSG00000244327', 'lENSG00000244461', 'lENSG00000244701', 'lENSG00000245148', 'lENSG00000245385', 'lENSG00000246541', 'lENSG00000247925', 'lENSG00000248145', 'lENSG00000248148', 'lENSG00000248172', 'lENSG00000248245', 'lENSG00000248358', 'lENSG00000248373', 'lENSG00000248393', 'lENSG00000248416', 'lENSG00000248457', 'lENSG00000248482', 'lENSG00000248490', 'lENSG00000248576', 'lENSG00000248599', 'lENSG00000248627', 'lENSG00000248758', 'lENSG00000248802', 'lENSG00000248925', 'lENSG00000248935', 'lENSG00000248969', 'lENSG00000248975', 'lENSG00000248984', 'lENSG00000248995', 'lENSG00000249066', 'lENSG00000249071', 'lENSG00000249099', 'lENSG00000249111', 'lENSG00000249114', 'lENSG00000249297', 'lENSG00000249334', 'lENSG00000249382', 'lENSG00000249409', 'lENSG00000249426', 'lENSG00000249441', 'lENSG00000249451', 'lENSG00000249474', 'lENSG00000249547', 'lENSG00000249605', 'lENSG00000249697', 'lENSG00000249706', 'lENSG00000249753', 'lENSG00000249782', 'lENSG00000249806', 'lENSG00000249865', 'lENSG00000249892', 'lENSG00000250062', 'lENSG00000250092', 'lENSG00000250186', 'lENSG00000250242', 'lENSG00000250524', 'lENSG00000250541', 'lENSG00000250626', 'lENSG00000250629', 'lENSG00000250646', 'lENSG00000250657', 'lENSG00000250665', 'lENSG00000250698', 'lENSG00000250761', 'lENSG00000250791', 'lENSG00000250855', 'lENSG00000250865', 'lENSG00000250866', 'lENSG00000250877', 'lENSG00000250910', 'lENSG00000250917', 'lENSG00000250929', 'lENSG00000250945', 'lENSG00000250949', 'lENSG00000250950', 'lENSG00000250955', 'lENSG00000250993', 'lENSG00000251059', 'lENSG00000251072', 'lENSG00000251088', 'lENSG00000251185', 'lENSG00000251194', 'lENSG00000251266', 'lENSG00000251283', 'lENSG00000251412', 'lENSG00000251414', 'lENSG00000251438', 'lENSG00000251688', 'lENSG00000253134', 'lENSG00000253147', 'lENSG00000253167', 'lENSG00000253171', 'lENSG00000253282', 'lENSG00000253356', 'lENSG00000253397', 'lENSG00000253449', 'lENSG00000253456', 'lENSG00000253503', 'lENSG00000253507', 'lENSG00000253526', 'lENSG00000253530', 'lENSG00000253539', 'lENSG00000253577', 'lENSG00000253616', 'lENSG00000253619', 'lENSG00000253627', 'lENSG00000253643', 'lENSG00000253645', 'lENSG00000253660', 'lENSG00000253665', 'lENSG00000253717', 'lENSG00000253722', 'lENSG00000253754', 'lENSG00000253782', 'lENSG00000253834', 'lENSG00000253851', 'lENSG00000253858', 'lENSG00000253865', 'lENSG00000253875', 'lENSG00000253880', 'lENSG00000253947', 'lENSG00000253976', 'lENSG00000254011', 'lENSG00000254021', 'lENSG00000254026', 'lENSG00000254031', 'lENSG00000254033', 'lENSG00000254043', 'lENSG00000254084', 'lENSG00000254094', 'lENSG00000254123', 'lENSG00000254141', 'lENSG00000254171', 'lENSG00000254177', 'lENSG00000254207', 'lENSG00000254239', 'lENSG00000254242', 'lENSG00000254263', 'lENSG00000254314', 'lENSG00000254325', 'lENSG00000254330', 'lENSG00000254347', 'lENSG00000254350', 'lENSG00000254380', 'lENSG00000254428', 'lENSG00000254456', 'lENSG00000254516', 'lENSG00000254526', 'lENSG00000254559', 'lENSG00000254563', 'lENSG00000254574', 'lENSG00000254592', 'lENSG00000254604', 'lENSG00000254620', 'lENSG00000254626', 'lENSG00000254627', 'lENSG00000254689', 'lENSG00000254739', 'lENSG00000254775', 'lENSG00000254787', 'lENSG00000254829', 'lENSG00000254842', 'lENSG00000254846', 'lENSG00000254864', 'lENSG00000254879', 'lENSG00000254913', 'lENSG00000254921', 'lENSG00000254928', 'lENSG00000254930', 'lENSG00000254972', 'lENSG00000254983', 'lENSG00000254990', 'lENSG00000255027', 'lENSG00000255039', 'lENSG00000255084', 'lENSG00000255114', 'lENSG00000255121', 'lENSG00000255159', 'lENSG00000255167', 'lENSG00000255227', 'lENSG00000255241', 'lENSG00000255247', 'lENSG00000255252', 'lENSG00000255271', 'lENSG00000255300', 'lENSG00000255327', 'lENSG00000255343', 'lENSG00000255357', 'lENSG00000255366', 'lENSG00000255375', 'lENSG00000255388', 'lENSG00000255390', 'lENSG00000255443', 'lENSG00000255462', 'lENSG00000255478', 'lENSG00000255482', 'lENSG00000255487', 'lENSG00000255506', 'lENSG00000255523', 'lENSG00000255528', 'lENSG00000255539', 'lENSG00000255555', 'lENSG00000255565', 'lENSG00000255572', 'lENSG00000255580', 'lENSG00000255808', 'lENSG00000255839', 'lENSG00000255893', 'lENSG00000256007', 'lENSG00000256071', 'lENSG00000256072', 'lENSG00000256083', 'lENSG00000256209', 'lENSG00000256226', 'lENSG00000256234', 'lENSG00000256292', 'lENSG00000256314', 'lENSG00000256364', 'lENSG00000256448', 'lENSG00000256452', 'lENSG00000256482', 'lENSG00000256484', 'lENSG00000256568', 'lENSG00000256670', 'lENSG00000256733', 'lENSG00000256897', 'lENSG00000256972', 'lENSG00000257004', 'lENSG00000257022', 'lENSG00000257096', 'lENSG00000257105', 'lENSG00000257137', 'lENSG00000257165', 'lENSG00000257235', 'lENSG00000257261', 'lENSG00000257264', 'lENSG00000257265', 'lENSG00000257271', 'lENSG00000257275', 'lENSG00000257342', 'lENSG00000257407', 'lENSG00000257470', 'lENSG00000257488', 'lENSG00000257494', 'lENSG00000257500', 'lENSG00000257514', 'lENSG00000257527', 'lENSG00000257541', 'lENSG00000257587', 'lENSG00000257634', 'lENSG00000257653', 'lENSG00000257682', 'lENSG00000257732', 'lENSG00000257750', 'lENSG00000257764', 'lENSG00000257787', 'lENSG00000257860', 'lENSG00000257904', 'lENSG00000257925', 'lENSG00000257997', 'lENSG00000258007', 'lENSG00000258044', 'lENSG00000258084', 'lENSG00000258108', 'lENSG00000258167', 'lENSG00000258185', 'lENSG00000258210', 'lENSG00000258220', 'lENSG00000258234', 'lENSG00000258292', 'lENSG00000258308', 'lENSG00000258312', 'lENSG00000258313', 'lENSG00000258323', 'lENSG00000258331', 'lENSG00000258379', 'lENSG00000258390', 'lENSG00000258394', 'lENSG00000258425', 'lENSG00000258451', 'lENSG00000258460', 'lENSG00000258516', 'lENSG00000258520', 'lENSG00000258610', 'lENSG00000258657', 'lENSG00000258670', 'lENSG00000258690', 'lENSG00000258695', 'lENSG00000258698', 'lENSG00000258742', 'lENSG00000258745', 'lENSG00000258784', 'lENSG00000258800', 'lENSG00000258824', 'lENSG00000258826', 'lENSG00000258829', 'lENSG00000258850', 'lENSG00000258869', 'lENSG00000258892', 'lENSG00000258904', 'lENSG00000258944', 'lENSG00000258958', 'lENSG00000259026', 'lENSG00000259187', 'lENSG00000259188', 'lENSG00000259194', 'lENSG00000259202', 'lENSG00000259211', 'lENSG00000259223', 'lENSG00000259250', 'lENSG00000259256', 'lENSG00000259265', 'lENSG00000259268', 'lENSG00000259290', 'lENSG00000259294', 'lENSG00000259307', 'lENSG00000259342', 'lENSG00000259351', 'lENSG00000259352', 'lENSG00000259360', 'lENSG00000259385', 'lENSG00000259432', 'lENSG00000259503', 'lENSG00000259532', 'lENSG00000259544', 'lENSG00000259595', 'lENSG00000259636', 'lENSG00000259649', 'lENSG00000259659', 'lENSG00000259678', 'lENSG00000259757', 'lENSG00000259767', 'lENSG00000259798', 'lENSG00000259935', 'lENSG00000259945', 'lENSG00000259955', 'lENSG00000259967', 'lENSG00000260017', 'lENSG00000260058', 'lENSG00000260158', 'lENSG00000260186', 'lENSG00000260190', 'lENSG00000260237', 'lENSG00000260304', 'lENSG00000260454', 'lENSG00000260476', 'lENSG00000260586', 'lENSG00000260605', 'lENSG00000260626', 'lENSG00000260659', 'lENSG00000260720', 'lENSG00000260741', 'lENSG00000260773', 'lENSG00000260798', 'lENSG00000260814', 'lENSG00000260934', 'lENSG00000260970', 'lENSG00000260986', 'lENSG00000260999', 'lENSG00000261065', 'lENSG00000261066', 'lENSG00000261070', 'lENSG00000261243', 'lENSG00000261261', 'lENSG00000261266', 'lENSG00000261307', 'lENSG00000261332', 'lENSG00000261432', 'lENSG00000261475', 'lENSG00000261507', 'lENSG00000261523', 'lENSG00000261569', 'lENSG00000261633', 'lENSG00000261663', 'lENSG00000261671', 'lENSG00000261695', 'lENSG00000261697', 'lENSG00000261723', 'lENSG00000261729', 'lENSG00000261731', 'lENSG00000261761', 'lENSG00000261838', 'lENSG00000261864', 'lENSG00000262151', 'lENSG00000262298', 'lENSG00000262434', 'lENSG00000262533', 'lENSG00000262652', 'lENSG00000262692', 'lENSG00000262777', 'lENSG00000262810', 'lENSG00000262815', 'lENSG00000263080', 'lENSG00000263237', 'lENSG00000263257', 'lENSG00000263300', 'lENSG00000263335', 'lENSG00000263417', 'lENSG00000263466', 'lENSG00000263585', 'lENSG00000263594', 'lENSG00000263618', 'lENSG00000263709', 'lENSG00000263765', 'lENSG00000263797', 'lENSG00000263847', 'lENSG00000263873', 'lENSG00000263952', 'lENSG00000263982', 'lENSG00000263986', 'lENSG00000264016', 'lENSG00000264023', 'lENSG00000264066', 'lENSG00000264107', 'lENSG00000264116', 'lENSG00000264151', 'lENSG00000264254', 'lENSG00000264269', 'lENSG00000264486', 'lENSG00000264520', 'lENSG00000264546', 'lENSG00000264558', 'lENSG00000264577', 'lENSG00000264595', 'lENSG00000264622', 'lENSG00000264734', 'lENSG00000264769', 'lENSG00000264825', 'lENSG00000264924', 'lENSG00000265125', 'lENSG00000265168', 'lENSG00000265205', 'lENSG00000265265', 'lENSG00000265334', 'lENSG00000265359', 'lENSG00000265400', 'lENSG00000265443', 'lENSG00000265474', 'lENSG00000265554', 'lENSG00000265625', 'lENSG00000265643', 'lENSG00000265728', 'lENSG00000265739', 'lENSG00000265743', 'lENSG00000265800', 'lENSG00000265840', 'lENSG00000265845', 'lENSG00000265980', 'lENSG00000265987', 'lENSG00000265994', 'lENSG00000266153', 'lENSG00000266311', 'lENSG00000266341', 'lENSG00000266397', 'lENSG00000266535', 'lENSG00000266538', 'lENSG00000266541', 'lENSG00000266651', 'lENSG00000266696', 'lENSG00000266801', 'lENSG00000266839', 'lENSG00000266844', 'lENSG00000266877', 'lENSG00000266981', 'lENSG00000266985', 'lENSG00000266993', 'lENSG00000267000', 'lENSG00000267028', 'lENSG00000267057', 'lENSG00000267063', 'lENSG00000267177', 'lENSG00000267255', 'lENSG00000267274', 'lENSG00000267286', 'lENSG00000267341', 'lENSG00000267354', 'lENSG00000267364', 'lENSG00000267378', 'lENSG00000267387', 'lENSG00000267436', 'lENSG00000267437', 'lENSG00000267501', 'lENSG00000267510', 'lENSG00000267543', 'lENSG00000267583', 'lENSG00000267593', 'lENSG00000267615', 'lENSG00000267617', 'lENSG00000267633', 'lENSG00000267638', 'lENSG00000267665', 'lENSG00000267791', 'lENSG00000267838', 'lENSG00000267980', 'lENSG00000268015', 'lENSG00000268049', 'lENSG00000268069', 'lENSG00000268078', 'lENSG00000268191', 'lENSG00000268203', 'lENSG00000268240', 'lENSG00000268289', 'lENSG00000268292', 'lENSG00000268296', 'lENSG00000268520', 'lENSG00000268734', 'lENSG00000268743', 'lENSG00000268798', 'lENSG00000268833', 'lENSG00000268906', 'lENSG00000268912', 'lENSG00000268981', 'lENSG00000269044', 'lENSG00000269145', 'lENSG00000269191', 'lENSG00000269292', 'lENSG00000269321', 'lENSG00000269350', 'lENSG00000269495', 'lENSG00000269504', 'lENSG00000269578', 'lENSG00000269621', 'lENSG00000269656', 'lENSG00000269729', 'lENSG00000269802', 'lENSG00000269826', 'lENSG00000269843', 'lENSG00000269867', 'lENSG00000269901', 'lENSG00000269987', 'lENSG00000270082', 'lENSG00000270094', 'lENSG00000270108', 'lENSG00000270380', 'lENSG00000270726', 'lENSG00000270871', 'lENSG00000270996', 'lENSG00000271032', 'lENSG00000271218', 'lENSG00000271314', 'lENSG00000271579', 'lENSG00000271717', 'lENSG00000271763', 'lENSG00000271787', 'lENSG00000271833', 'lENSG00000271901', 'lENSG00000271945', 'lENSG00000271983', 'lENSG00000272027', 'lENSG00000272072', 'lENSG00000272149', 'lENSG00000272159', 'lENSG00000272338', 'lENSG00000272575', 'lENSG00000272642', 'lENSG00000272661', 'lENSG00000272742', 'lENSG00000272810', 'lENSG00000272814', 'lENSG00000272866', 'lENSG00000272995', 'lENSG00000273035', 'lENSG00000273110', 'lENSG00000273198', 'lENSG00000273226', 'lENSG00000273257', 'lENSG00000273271', 'lENSG00000273275', 'lENSG00000273360', 'lENSG00000273449', 'lENSG00000273461', 'lENSG00000273485', 'lENSG00000273493', 'lENSG00000273568', 'lENSG00000273838', 'lENSG00000273877', 'lENSG00000273919', 'lENSG00000274227', 'lENSG00000274561', 'lENSG00000274624', 'lENSG00000274678', 'lENSG00000274737', 'lENSG00000274863', 'lENSG00000275173', 'lENSG00000275345', 'lENSG00000275356', 'lENSG00000275401', 'lENSG00000275576', 'lENSG00000275638', 'lENSG00000275871', 'lENSG00000275963', 'lENSG00000276054', 'lENSG00000276266', 'lENSG00000276527', 'lENSG00000276533', 'lENSG00000276668', 'lENSG00000277173', 'lENSG00000277332', 'lENSG00000277639', 'lENSG00000277675', 'lENSG00000278000', 'lENSG00000278013', 'lENSG00000278202', 'lENSG00000278630', 'lENSG00000278766', 'lENSG00000278944', 'lENSG00000279088', 'lENSG00000279240', 'lENSG00000279484', 'lENSG00000279501', 'lENSG00000279687', 'lENSG00000279751', 'lENSG00000279920', 'lENSG00000280206', 'lENSG00000280224', 'lENSG00000280455', 'lENSG00000280580', 'lENSG00000280703', 'lENSG00000280870', 'lENSG00000280881', 'lENSG00000281021', 'lENSG00000281831', 'lENSG00000282478', 'lENSG00000282950', 'lENSG00000283083', 'lENSG00000283286', 'lENSG00000283347', 'lENSG00000283375', 'lENSG00000283436', 'lENSG00000283457', 'lENSG00000283573', 'lENSG00000283766', 'lENSG00000283973', 'lENSG00000284376', 'lENSG00000284418', 'lENSG00000284500', 'lENSG00000284513', 'lENSG00000284608', 'lENSG00000284699', 'lENSG00000284846', 'lENSG00000284994', 'lENSG00000285012', 'lENSG00000285040', 'lENSG00000285117', 'lENSG00000285325', 'lENSG00000285409', 'lENSG00000285473', 'lENSG00000285524', 'lENSG00000285619', 'lENSG00000285621', 'lENSG00000285654', 'lENSG00000285699', 'lENSG00000285709', 'lENSG00000285780', 'lENSG00000285857', 'lENSG00000285861', 'lENSG00000285889', 'lENSG00000285998', 'lENSG00000286002', 'lENSG00000286010', 'lENSG00000286018', 'lENSG00000286020', 'lENSG00000286076', 'lENSG00000286089', 'lENSG00000286093', 'lENSG00000286101', 'lENSG00000286168', 'lENSG00000286188', 'lENSG00000286194', 'lENSG00000286197', 'lENSG00000286206', 'lENSG00000286242', 'lENSG00000286244', 'lENSG00000286276', 'lENSG00000286303', 'lENSG00000286331', 'lENSG00000286338', 'lENSG00000286357', 'lENSG00000286419', 'lENSG00000286436', 'lENSG00000286441', 'lENSG00000286461', 'lENSG00000286474', 'lENSG00000286515', 'lENSG00000286565', 'lENSG00000286578', 'lENSG00000286581', 'lENSG00000286584', 'lENSG00000286639', 'lENSG00000286645', 'lENSG00000286670', 'lENSG00000286689', 'lENSG00000286690', 'lENSG00000286698', 'lENSG00000286715', 'lENSG00000286722', 'lENSG00000286735', 'lENSG00000286740', 'lENSG00000286751', 'lENSG00000286759', 'lENSG00000286767', 'lENSG00000286770', 'lENSG00000286776', 'lENSG00000286781', 'lENSG00000286795', 'lENSG00000286803', 'lENSG00000286820', 'lENSG00000286822', 'lENSG00000286838', 'lENSG00000286843', 'lENSG00000286850', 'lENSG00000286887', 'lENSG00000286908', 'lENSG00000286963', 'lENSG00000287005', 'lENSG00000287006', 'lENSG00000287020', 'lENSG00000287028', 'lENSG00000287030', 'lENSG00000287094', 'lENSG00000287108', 'lENSG00000287128', 'lENSG00000287155', 'lENSG00000287159', 'lENSG00000287191', 'lENSG00000287198', 'lENSG00000287202', 'lENSG00000287213', 'lENSG00000287236', 'lENSG00000287270', 'lENSG00000287285', 'lENSG00000287321', 'lENSG00000287335', 'lENSG00000287358', 'lENSG00000287359', 'lENSG00000287366', 'lENSG00000287367', 'lENSG00000287381', 'lENSG00000287423', 'lENSG00000287441', 'lENSG00000287451', 'lENSG00000287456', 'lENSG00000287462', 'lENSG00000287501', 'lENSG00000287511', 'lENSG00000287517', 'lENSG00000287518', 'lENSG00000287545', 'lENSG00000287550', 'lENSG00000287551', 'lENSG00000287556', 'lENSG00000287587', 'lENSG00000287618', 'lENSG00000287664', 'lENSG00000287684', 'lENSG00000287687', 'lENSG00000287691', 'lENSG00000287704', 'lENSG00000211683', 'lENSG00000214955', 'lENSG00000223379', 'lENSG00000223795', 'lENSG00000224884', 'lENSG00000225393', 'lENSG00000225836', 'lENSG00000228255', 'lENSG00000228538', 'lENSG00000229454', 'lENSG00000229458', 'lENSG00000229628', 'lENSG00000229964', 'lENSG00000230600', 'lENSG00000230649', 'lENSG00000231212', 'lENSG00000231616', 'lENSG00000232056', 'lENSG00000232636', 'lENSG00000233200', 'lENSG00000233987', 'lENSG00000234083', 'lENSG00000234810', 'lENSG00000234998', 'lENSG00000235337', 'lENSG00000235795', 'lENSG00000236453', 'lENSG00000242375', 'lENSG00000244620', 'lENSG00000248359', 'lENSG00000248991', 'lENSG00000249159', 'lENSG00000250481', 'lENSG00000250567', 'lENSG00000250670', 'lENSG00000250686', 'lENSG00000250948', 'lENSG00000251506', 'lENSG00000251654', 'lENSG00000253766', 'lENSG00000254306', 'lENSG00000254927', 'lENSG00000255279', 'lENSG00000255325', 'lENSG00000255644', 'lENSG00000256686', 'lENSG00000257603', 'lENSG00000257715', 'lENSG00000257962', 'lENSG00000258088', 'lENSG00000258196', 'lENSG00000258386', 'lENSG00000258949', 'lENSG00000259123', 'lENSG00000259209', 'lENSG00000259222', 'lENSG00000259244', 'lENSG00000259255', 'lENSG00000259274', 'lENSG00000259306', 'lENSG00000259407', 'lENSG00000260511', 'lENSG00000260983', 'lENSG00000261445', 'lENSG00000261470', 'lENSG00000261775', 'lENSG00000264660', 'lENSG00000265174', 'lENSG00000266893', 'lENSG00000267081', 'lENSG00000267521', 'lENSG00000267581', 'lENSG00000269391', 'lENSG00000269460', 'lENSG00000272304', 'lENSG00000272369', 'lENSG00000273138', 'lENSG00000273403', 'lENSG00000273486', 'lENSG00000274902', 'lENSG00000275232', 'lENSG00000278514', 'lENSG00000279672', 'lENSG00000282887', 'lENSG00000286164', 'lENSG00000226032', 'lENSG00000235736', 'lENSG00000251613', 'lENSG00000263316', 'lENSG00000258631', 'lENSG00000260141', 'lENSG00000279472', 'lENSG00000271870', 'lENSG00000272934', 'lENSG00000265556', 'lENSG00000271840', 'lENSG00000253701', 'lENSG00000281408', 'lENSG00000268166', 'lALG13-AS1', 'lDGUOK-AS1', 'lMIR145', 'lMIR24-2', 'lMIR3654', 'lACA64', 'lCDKN2B-AS', 'lC3orf65']","[1.0, 0.0, 0.0, 0.0, 1.0, 1.0, 0.0, 0.0, 1.0, 0.0, 1.0, 1.0, 0.0, 1.0, 1.0, 0.0, 1.0, 0.0, 1.0, 1.0, 0.0, 1.0, 1.0, 0.0, 1.0, 1.0, 1.0, 0.0, 0.0, 0.0, 1.0, 0.0, 1.0, 0.0, 0.0, 0.0, 1.0, 1.0, 1.0, 1.0, 1.0, 1.0, 0.0, 0.0, 0.0, 1.0, 1.0, 0.0, 1.0, 1.0, 1.0, 1.0, 0.0, 1.0, 1.0, 1.0, 1.0, 0.0, 0.0, 1.0, 0.0, 1.0, 0.0, 0.0, 1.0, 1.0, 1.0, 0.0, 1.0, 1.0, 1.0, 1.0, 1.0, 0.0, 0.0, 1.0, 0.0, 1.0, 0.0, 1.0, 0.0, 1.0, 0.0, 1.0, 0.0, 0.0, 0.0, 1.0, 0.0, 1.0, 0.0, 0.0, 0.0, 0.0, 0.0, 1.0, 1.0, 1.0, 1.0, 1.0, 0.0, 0.0, 1.0, 0.0, 0.0, 0.0, 1.0, 1.0, 0.0, 0.0, 0.0, 1.0, 1.0, 1.0, 1.0, 0.0, 0.0, 1.0, 1.0, 0.0, 1.0, 0.0, 0.0, 1.0, 1.0, 1.0, 0.0, 1.0, 1.0, 0.0, 1.0, 0.0, 1.0, 1.0, 1.0, 1.0, 0.0, 1.0, 0.0, 1.0, 1.0, 1.0, 1.0, 1.0, 0.0, 1.0, 0.0, 0.0, 0.0, 1.0, 1.0, 1.0, 0.0, 0.0, 0.0, 1.0, 0.0, 0.0, 1.0, 1.0, 0.0, 0.0, 1.0, 1.0, 0.0, 0.0, 1.0, 1.0, 0.0, 1.0, 0.0, 1.0, 0.0, 0.0, 1.0, 1.0, 0.0, 1.0, 1.0, 0.0, 0.0, 1.0, 1.0, 0.0, 1.0, 1.0, 1.0, 0.0, 0.0, 0.0, 0.0, 0.0, 0.0, 1.0, 1.0, 1.0, 0.0, 1.0, 0.0, 1.0, 1.0, 0.0, 0.0, 1.0, 1.0, 0.0, 1.0, 1.0, 0.0, 0.0, 1.0, 1.0, 0.0, 0.0, 0.0, 1.0, 1.0, 1.0, 1.0, 1.0, 0.0, 0.0, 0.0, 1.0, 1.0, 0.0, 1.0, 1.0, 0.0, 1.0, 1.0, 1.0, 0.0, 0.0, 1.0, 0.0, 0.0, 1.0, 1.0, 1.0, 0.0, 0.0, 0.0, 1.0, 1.0, 0.0, 0.0, 1.0, 1.0, 1.0, 1.0, 0.0, 1.0, 1.0, 1.0, 0.0, 1.0, 0.0, 0.0, 1.0, 1.0, 1.0, 0.0, 0.0, 1.0, 1.0, 1.0, 1.0, 1.0, 1.0, 0.0, 0.0, 0.0, 1.0, 0.0, 0.0, 1.0, 1.0, 0.0, 1.0, 0.0, 0.0, 1.0, 0.0, 0.0, 1.0, 0.0, 0.0, 0.0, 0.0, 1.0, 1.0, 1.0, 0.0, 1.0, 1.0, 0.0, 1.0, 0.0, 1.0, 0.0, 0.0, 0.0, 1.0, 0.0, 0.0, 0.0, 0.0, 1.0, 1.0, 1.0, 1.0, 0.0, 0.0, 1.0, 0.0, 0.0, 0.0, 1.0, 1.0, 0.0, 0.0, 1.0, 1.0, 1.0, 1.0, 0.0, 0.0, 1.0, 0.0, 1.0, 1.0, 0.0, 0.0, 1.0, 0.0, 1.0, 1.0, 1.0, 0.0, 0.0, 1.0, 0.0, 0.0, 0.0, 1.0, 0.0, 1.0, 1.0, 0.0, 0.0, 0.0, 0.0, 0.0, 1.0, 0.0, 1.0, 0.0, 1.0, 1.0, 1.0, 1.0, 1.0, 0.0, 1.0, 0.0, 0.0, 0.0, 0.0, 1.0, 1.0, 0.0, 1.0, 0.0, 0.0, 0.0, 0.0, 1.0, 1.0, 0.0, 0.0, 1.0, 1.0, 0.0, 0.0, 1.0, 1.0, 0.0, 0.0, 1.0, 1.0, 1.0, 1.0, 0.0, 1.0, 0.0, 0.0, 1.0, 0.0, 0.0, 1.0, 0.0, 1.0, 0.0, 0.0, 0.0, 1.0, 0.0, 0.0, 1.0, 0.0, 1.0, 1.0, 0.0, 1.0, 1.0, 1.0, 0.0, 1.0, 1.0, 0.0, 1.0, 0.0, 0.0, 0.0, 1.0, 1.0, 0.0, 0.0, 0.0, 1.0, 0.0, 1.0, 1.0, 0.0, 1.0, 0.0, 0.0, 0.0, 0.0, 1.0, 1.0, 0.0, 1.0, 0.0, 1.0, 0.0, 0.0, 1.0, 0.0, 0.0, 1.0, 1.0, 0.0, 0.0, 1.0, 1.0, 0.0, 0.0, 0.0, 1.0, 0.0, 1.0, 1.0, 1.0, 1.0, 1.0, 0.0, 0.0, 1.0, 1.0, 0.0, 0.0, 0.0, 1.0, 0.0, 1.0, 0.0, 0.0, 1.0, 1.0, 0.0, 1.0, 0.0, 1.0, 1.0, 1.0, 1.0, 0.0, 0.0, 1.0, 0.0, 1.0, 0.0, 1.0, 1.0, 0.0, 0.0, 1.0, 1.0, 0.0, 0.0, 0.0, 0.0, 1.0, 0.0, 1.0, 0.0, 0.0, 0.0, 0.0, 0.0, 1.0, 0.0, 1.0, 0.0, 1.0, 1.0, 0.0, 0.0, 0.0, 1.0, 1.0, 0.0, 1.0, 0.0, 0.0, 1.0, 0.0, 1.0, 0.0, 1.0, 1.0, 0.0, 0.0, 1.0, 1.0, 1.0, 1.0, 0.0, 0.0, 0.0, 0.0, 0.0, 0.0, 0.0, 1.0, 0.0, 0.0, 0.0, 1.0, 1.0, 0.0, 1.0, 0.0, 0.0, 1.0, 0.0, 1.0, 0.0, 0.0, 0.0, 0.0, 0.0, 1.0, 0.0, 0.0, 0.0, 1.0, 1.0, 1.0, 0.0, 1.0, 1.0, 0.0, 1.0, 0.0, 0.0, 0.0, 1.0, 0.0, 0.0, 1.0, 0.0, 1.0, 0.0, 0.0, 0.0, 0.0, 0.0, 1.0, 1.0, 0.0, 0.0, 0.0, 0.0, 0.0, 1.0, 0.0, 1.0, 0.0, 1.0, 1.0, 1.0, 0.0, 1.0, 0.0, 1.0, 0.0, 1.0, 0.0, 0.0, 0.0, 1.0, 0.0, 0.0, 1.0, 1.0, 0.0, 0.0, 0.0, 0.0, 0.0, 0.0, 1.0, 1.0, 1.0, 0.0, 0.0, 1.0, 1.0, 1.0, 0.0, 0.0, 1.0, 1.0, 1.0, 1.0, 1.0, 1.0, 1.0, 0.0, 1.0, 1.0, 0.0, 0.0, 1.0, 0.0, 1.0, 0.0, 1.0, 0.0, 1.0, 1.0, 0.0, 1.0, 1.0, 0.0, 0.0, 0.0, 1.0, 0.0, 1.0, 1.0, 1.0, 0.0, 0.0, 0.0, 0.0, 1.0, 1.0, 0.0, 0.0, 0.0, 1.0, 1.0, 1.0, 1.0, 0.0, 1.0, 1.0, 1.0, 0.0, 0.0, 0.0, 0.0, 0.0, 0.0, 1.0, 0.0, 0.0, 0.0, 1.0, 0.0, 0.0, 1.0, 0.0, 0.0, 0.0, 0.0, 0.0, 0.0, 0.0, 0.0, 1.0, 1.0, 1.0, 1.0, 1.0, 1.0, 0.0, 0.0, 1.0, 1.0, 1.0, 0.0, 0.0, 1.0, 1.0, 1.0, 0.0, 1.0, 1.0, 0.0, 0.0, 1.0, 1.0, 1.0, 1.0, 1.0, 1.0, 1.0, 1.0, 0.0, 0.0, 1.0, 1.0, 1.0, 0.0, 1.0, 0.0, 1.0, 0.0, 0.0, 0.0, 1.0, 1.0, 0.0, 0.0, 1.0, 1.0, 0.0, 1.0, 1.0, 1.0, 1.0, 1.0, 1.0, 1.0, 1.0, 0.0, 0.0, 1.0, 0.0, 1.0, 0.0, 0.0, 1.0, 1.0, 1.0, 0.0, 0.0, 0.0, 1.0, 0.0, 1.0, 0.0, 0.0, 0.0, 0.0, 1.0, 0.0, 0.0, 1.0, 1.0, 0.0, 0.0, 0.0, 1.0, 0.0, 0.0, 1.0, 1.0, 0.0, 0.0, 0.0, 1.0, 0.0, 1.0, 1.0, 1.0, 1.0, 1.0, 0.0, 1.0, 1.0, 1.0, 1.0, 0.0, 1.0, 0.0, 0.0, 0.0, 1.0, 1.0, 1.0, 0.0, 1.0, 0.0, 1.0, 1.0, 0.0, 0.0, 1.0, 1.0, 1.0, 1.0, 0.0, 1.0, 0.0, 0.0, 0.0, 0.0, 0.0, 0.0, 0.0, 0.0, 1.0, 1.0, 0.0, 1.0, 0.0, 0.0, 0.0, 0.0, 0.0, 0.0, 0.0, 1.0, 0.0, 1.0, 0.0, 0.0, 0.0, 0.0, 0.0, 1.0, 0.0, 0.0, 1.0, 0.0, 0.0, 1.0, 1.0, 0.0, 1.0, 1.0, 1.0, 1.0, 0.0, 1.0, 1.0, 0.0, 1.0, 0.0, 0.0, 0.0, 1.0, 1.0, 0.0, 1.0, 1.0, 1.0, 0.0, 0.0, 1.0, 0.0, 0.0, 0.0, 0.0, 1.0, 1.0, 1.0, 0.0, 1.0, 1.0, 1.0, 0.0, 0.0, 0.0, 0.0, 0.0, 0.0, 0.0, 1.0, 1.0, 1.0, 1.0, 0.0, 0.0, 1.0, 0.0, 1.0, 1.0, 0.0, 1.0, 0.0, 1.0, 0.0, 0.0, 0.0, 0.0, 1.0, 1.0, 1.0, 1.0, 1.0, 0.0, 0.0, 1.0, 1.0, 0.0, 0.0, 0.0, 1.0, 1.0, 1.0, 1.0, 1.0, 0.0, 0.0, 1.0, 0.0, 0.0, 1.0, 0.0, 0.0, 0.0, 0.0, 1.0, 1.0, 0.0, 0.0, 1.0, 1.0, 0.0, 1.0, 0.0, 1.0, 0.0, 0.0, 0.0, 0.0, 0.0, 0.0, 0.0, 0.0, 1.0, 0.0, 0.0, 0.0, 0.0, 1.0, 0.0, 0.0, 0.0, 1.0, 1.0, 1.0, 1.0, 1.0, 1.0, 1.0, 1.0, 1.0, 0.0, 1.0, 1.0, 1.0, 0.0, 0.0, 1.0, 1.0, 0.0, 0.0, 1.0, 0.0, 1.0, 0.0, 0.0, 0.0, 1.0, 0.0, 1.0, 1.0, 0.0, 0.0, 1.0, 0.0, 0.0, 0.0, 1.0, 0.0, 1.0, 0.0, 1.0, 0.0, 0.0, 0.0, 1.0, 0.0, 0.0, 1.0, 0.0, 0.0, 1.0, 0.0, 1.0, 1.0, 1.0, 1.0, 1.0, 0.0, 1.0, 1.0, 0.0, 1.0, 0.0, 0.0, 0.0, 0.0, 0.0, 1.0, 1.0, 1.0, 0.0, 1.0, 0.0, 1.0, 0.0, 1.0, 0.0, 1.0, 0.0, 0.0, 0.0, 0.0, 0.0, 1.0, 0.0, 1.0, 0.0, 0.0, 1.0, 1.0, 1.0, 0.0, 1.0, 1.0, 0.0, 0.0, 1.0, 1.0, 0.0, 0.0, 1.0, 1.0, 0.0, 0.0, 1.0, 1.0, 0.0, 1.0, 1.0, 1.0, 0.0, 1.0, 0.0, 0.0, 1.0, 1.0, 1.0, 1.0, 0.0, 1.0, 0.0, 0.0, 0.0, 1.0, 0.0, 0.0, 0.0, 0.0, 1.0, 1.0, 0.0, 1.0, 0.0, 0.0, 0.0, 0.0, 1.0, 0.0, 0.0, 1.0, 1.0, 1.0, 0.0, 1.0, 1.0, 1.0, 0.0, 0.0, 1.0, 1.0, 1.0, 0.0, 0.0, 0.0, 1.0, 0.0, 1.0, 0.0, 0.0, 0.0, 1.0, 0.0, 1.0, 0.0, 0.0, 1.0, 0.0, 1.0, 1.0, 1.0, 1.0, 0.0, 1.0, 0.0, 1.0, 0.0, 1.0, 0.0, 0.0, 0.0, 0.0, 0.0, 1.0, 1.0, 1.0, 0.0, 1.0, 0.0, 1.0, 0.0, 0.0, 1.0, 1.0, 0.0, 1.0, 1.0, 1.0, 0.0, 0.0, 0.0, 1.0, 1.0, 1.0, 1.0, 1.0, 0.0, 0.0, 0.0, 0.0, 1.0, 0.0, 1.0, 0.0, 0.0, 0.0, 1.0, 1.0, 1.0, 0.0, 0.0, 1.0, 1.0, 1.0, 0.0, 0.0, 1.0, 1.0, 0.0, 1.0, 0.0, 1.0, 0.0, 1.0, 0.0, 0.0, 0.0, 1.0, 1.0, 0.0, 0.0, 1.0, 0.0, 1.0, 0.0, 0.0, 1.0, 0.0, 0.0, 0.0, 1.0, 0.0, 1.0, 1.0, 0.0, 1.0, 1.0, 0.0, 0.0, 1.0, 0.0, 1.0, 0.0, 1.0, 1.0, 1.0, 1.0, 1.0, 1.0, 0.0, 1.0, 1.0, 0.0, 0.0, 1.0, 1.0, 1.0, 1.0, 1.0, 1.0, 0.0, 0.0, 1.0, 0.0, 1.0, 0.0, 0.0, 1.0, 1.0, 1.0, 0.0, 0.0, 0.0, 0.0, 0.0, 1.0, 1.0, 0.0, 0.0, 1.0, 0.0, 0.0, 0.0, 1.0, 1.0, 0.0, 1.0, 1.0, 1.0, 1.0, 1.0, 0.0, 0.0, 1.0, 0.0, 1.0, 1.0, 1.0, 1.0, 1.0, 0.0, 0.0, 0.0, 0.0, 1.0, 0.0, 0.0, 1.0, 1.0, 0.0, 0.0, 0.0, 1.0, 1.0, 0.0, 0.0, 1.0, 0.0, 1.0, 0.0, 1.0, 1.0, 0.0, 0.0, 0.0, 0.0, 0.0, 1.0, 0.0, 0.0, 1.0, 0.0, 1.0, 1.0, 1.0, 1.0, 1.0, 1.0, 1.0, 1.0, 0.0, 1.0, 1.0, 1.0, 1.0, 1.0, 1.0, 1.0, 0.0, 0.0, 0.0, 1.0, 1.0, 0.0, 1.0, 0.0, 1.0, 1.0, 1.0, 1.0, 0.0, 0.0, 1.0, 0.0, 1.0, 1.0, 1.0, 1.0, 0.0, 0.0, 1.0, 1.0, 0.0, 1.0, 0.0, 1.0, 1.0, 1.0, 0.0, 0.0, 1.0, 0.0, 1.0, 0.0, 1.0, 1.0, 1.0, 1.0, 1.0, 0.0, 0.0, 1.0, 1.0, 0.0, 0.0, 1.0, 0.0, 1.0, 0.0, 1.0, 1.0, 1.0, 0.0, 0.0, 1.0, 1.0, 1.0, 0.0, 1.0, 1.0, 0.0, 1.0, 1.0, 0.0, 0.0, 1.0, 0.0, 0.0, 1.0, 1.0, 1.0, 0.0, 0.0, 1.0, 1.0, 1.0, 1.0, 0.0, 1.0, 1.0, 0.0, 1.0, 1.0, 0.0, 1.0, 0.0, 0.0, 0.0, 1.0, 1.0, 0.0, 0.0, 1.0, 0.0, 0.0, 0.0, 1.0, 1.0, 0.0, 1.0, 1.0, 0.0, 0.0, 1.0, 1.0, 0.0, 1.0, 0.0, 0.0, 0.0, 1.0, 0.0, 1.0, 0.0, 1.0, 1.0, 1.0, 1.0, 0.0, 1.0, 0.0, 1.0, 0.0, 0.0, 0.0, 0.0, 0.0, 1.0, 0.0, 0.0, 1.0, 0.0, 1.0, 1.0, 0.0, 0.0, 1.0, 1.0, 0.0, 1.0, 0.0, 1.0, 0.0, 1.0, 1.0, 0.0, 1.0, 1.0, 1.0, 1.0, 1.0, 0.0, 0.0, 0.0, 0.0, 0.0, 1.0, 0.0, 0.0, 0.0, 1.0, 0.0, 1.0, 1.0, 0.0, 0.0, 1.0, 1.0, 1.0, 0.0, 0.0, 1.0, 0.0, 1.0, 1.0, 1.0, 0.0, 0.0, 1.0, 0.0, 1.0, 0.0, 0.0, 1.0, 0.0, 1.0, 0.0, 0.0, 1.0, 1.0, 1.0, 1.0, 0.0, 0.0, 0.0, 0.0, 0.0, 1.0, 1.0, 0.0, 0.0, 0.0, 0.0, 0.0, 1.0, 1.0, 0.0, 1.0, 0.0, 1.0, 0.0, 0.0, 1.0, 1.0, 0.0, 1.0, 0.0, 1.0, 1.0, 1.0, 0.0, 0.0, 0.0, 1.0, 0.0, 1.0, 0.0, 0.0, 1.0, 0.0, 0.0, 1.0, 1.0, 1.0, 0.0, 1.0, 1.0, 0.0, 0.0, 0.0, 1.0, 0.0, 1.0, 1.0, 0.0, 1.0, 1.0, 1.0, 0.0, 0.0, 0.0, 0.0, 1.0, 0.0, 0.0, 1.0, 0.0, 1.0, 0.0, 1.0, 0.0, 0.0, 1.0, 0.0, 0.0, 1.0, 0.0, 1.0, 1.0, 1.0, 0.0, 0.0, 1.0, 1.0, 1.0, 0.0, 0.0, 1.0, 1.0, 0.0, 0.0, 1.0, 1.0, 0.0, 0.0, 1.0, 0.0, 0.0, 0.0, 0.0, 0.0, 1.0, 1.0, 0.0, 1.0, 1.0, 1.0, 0.0, 0.0, 0.0, 0.0, 0.0, 0.0, 0.0, 0.0, 1.0, 1.0, 1.0, 1.0, 1.0, 0.0, 0.0, 1.0, 1.0, 0.0, 1.0, 0.0, 0.0, 1.0, 0.0, 0.0, 1.0, 0.0, 1.0, 1.0, 1.0, 0.0, 0.0, 0.0, 0.0, 1.0, 0.0, 0.0, 1.0, 0.0, 0.0, 0.0, 0.0, 1.0, 1.0, 1.0, 1.0, 0.0, 1.0, 0.0, 0.0, 0.0, 0.0, 1.0, 1.0, 0.0, 0.0, 1.0, 0.0, 0.0, 1.0, 1.0, 0.0, 1.0, 1.0, 1.0, 1.0, 0.0, 1.0, 1.0, 0.0, 0.0, 0.0, 0.0, 0.0, 1.0, 0.0, 0.0, 1.0, 0.0, 1.0, 0.0, 0.0, 1.0, 1.0, 0.0, 1.0, 1.0, 0.0, 0.0, 1.0, 1.0, 0.0, 0.0, 0.0, 1.0, 0.0, 1.0, 1.0, 1.0, 1.0, 0.0, 0.0, 1.0, 1.0, 0.0, 0.0, 1.0, 0.0, 0.0, 0.0, 1.0, 1.0, 1.0, 0.0, 0.0, 1.0, 0.0, 0.0, 1.0, 1.0, 0.0, 0.0, 1.0, 1.0, 0.0, 1.0, 1.0, 1.0, 1.0, 0.0, 1.0, 0.0, 1.0, 1.0, 0.0, 0.0, 0.0, 1.0, 0.0, 1.0, 1.0, 0.0, 1.0, 1.0, 0.0, 0.0, 0.0, 0.0, 1.0, 0.0, 0.0, 1.0, 1.0, 0.0, 0.0, 1.0, 0.0, 1.0, 1.0, 1.0, 0.0, 1.0, 0.0, 0.0, 0.0, 0.0, 0.0, 1.0, 0.0, 1.0, 1.0, 0.0, 1.0, 1.0, 0.0, 0.0, 1.0, 0.0, 1.0, 0.0, 0.0, 0.0, 1.0, 0.0, 1.0, 1.0, 1.0, 0.0, 1.0, 1.0, 0.0, 0.0, 0.0, 0.0, 0.0, 0.0, 0.0, 1.0, 0.0, 0.0, 1.0, 1.0, 0.0, 0.0, 1.0, 1.0, 1.0, 0.0, 0.0, 0.0, 0.0, 1.0, 1.0, 1.0, 1.0, 1.0, 1.0, 0.0, 1.0, 1.0, 1.0, 0.0, 0.0, 0.0, 1.0, 1.0, 1.0, 0.0, 1.0, 0.0, 0.0, 0.0, 1.0, 1.0, 1.0, 0.0, 0.0, 1.0, 0.0, 0.0, 0.0, 0.0, 0.0, 1.0, 1.0, 0.0, 0.0, 1.0, 1.0, 1.0, 1.0, 0.0, 0.0, 1.0, 1.0, 0.0, 0.0, 0.0, 0.0, 0.0, 1.0, 1.0, 1.0, 0.0, 1.0, 1.0, 1.0, 0.0, 1.0, 1.0, 0.0, 0.0, 0.0, 1.0, 0.0, 1.0, 1.0, 0.0, 0.0, 0.0, 1.0, 1.0, 0.0, 0.0, 0.0, 1.0, 1.0, 0.0, 0.0, 1.0, 0.0, 0.0, 1.0, 0.0, 1.0, 0.0, 0.0, 1.0, 0.0, 1.0, 1.0, 1.0, 1.0, 1.0, 1.0, 1.0, 0.0, 0.0, 0.0, 0.0, 0.0, 0.0, 0.0, 1.0, 1.0, 1.0, 1.0, 0.0, 0.0, 1.0, 0.0, 1.0, 1.0, 1.0, 0.0, 1.0, 1.0, 0.0, 1.0, 0.0, 0.0, 1.0, 0.0, 0.0, 1.0, 1.0, 0.0, 1.0, 0.0, 1.0, 0.0, 1.0, 0.0, 0.0, 0.0, 0.0, 1.0, 0.0, 1.0, 0.0, 1.0, 1.0, 0.0, 0.0, 1.0, 1.0, 0.0, 1.0, 1.0, 0.0, 0.0, 0.0, 0.0, 1.0, 1.0, 1.0, 1.0, 0.0, 1.0, 1.0, 1.0, 0.0, 1.0, 0.0, 1.0, 1.0, 1.0, 1.0, 0.0, 0.0, 0.0, 1.0, 1.0, 1.0, 1.0, 1.0, 0.0, 1.0, 1.0, 1.0, 1.0, 1.0, 0.0, 1.0, 1.0, 1.0, 0.0, 0.0, 0.0, 1.0, 1.0, 1.0, 1.0, 1.0, 0.0, 0.0, 0.0, 1.0, 0.0, 0.0, 0.0, 0.0, 0.0, 1.0, 0.0, 1.0, 1.0, 1.0, 1.0, 0.0, 0.0, 0.0, 1.0, 0.0, 0.0, 0.0, 0.0, 0.0, 1.0, 0.0, 1.0, 0.0, 0.0, 0.0, 0.0, 1.0, 0.0, 1.0, 0.0, 0.0, 1.0, 1.0, 1.0, 1.0, 0.0, 1.0, 1.0, 1.0, 1.0, 0.0, 1.0, 0.0, 1.0, 1.0, 0.0, 0.0, 1.0, 1.0, 0.0, 0.0, 0.0, 1.0, 1.0, 0.0, 1.0, 0.0, 0.0, 0.0, 1.0, 0.0, 1.0, 0.0, 0.0, 0.0, 1.0, 1.0, 0.0, 1.0, 1.0, 1.0, 1.0, 1.0, 0.0, 0.0, 1.0, 1.0, 0.0, 0.0, 0.0, 0.0, 0.0, 0.0, 0.0, 1.0, 1.0, 1.0, 0.0, 1.0, 1.0, 1.0, 0.0, 1.0, 1.0, 1.0, 0.0, 0.0, 0.0, 0.0, 1.0, 0.0, 1.0, 1.0, 0.0, 0.0, 1.0, 1.0, 0.0, 0.0, 1.0, 1.0, 1.0, 0.0, 1.0, 1.0, 0.0, 1.0, 0.0, 0.0, 1.0, 0.0, 1.0, 0.0, 0.0, 0.0, 1.0, 0.0, 1.0, 1.0, 1.0, 1.0, 1.0, 1.0, 1.0, 1.0, 1.0, 0.0, 1.0, 0.0, 1.0, 0.0, 0.0, 0.0, 1.0, 1.0, 0.0, 0.0, 1.0, 0.0, 0.0, 1.0, 1.0, 0.0, 1.0, 1.0, 0.0, 0.0, 0.0, 1.0, 1.0, 0.0, 0.0, 0.0, 0.0, 0.0, 0.0, 1.0, 1.0, 0.0, 1.0, 0.0, 1.0, 0.0, 0.0, 0.0, 0.0, 1.0, 1.0, 1.0, 0.0, 0.0, 1.0, 1.0, 1.0, 0.0, 1.0, 0.0, 0.0, 1.0, 0.0, 0.0, 0.0, 1.0, 1.0, 0.0, 0.0, 0.0, 0.0, 1.0, 0.0, 0.0, 1.0, 1.0, 1.0, 0.0, 1.0, 1.0, 0.0, 0.0, 0.0, 0.0, 1.0, 0.0, 1.0, 1.0, 1.0, 0.0, 0.0, 1.0, 1.0, 1.0, 0.0, 1.0, 1.0, 0.0, 0.0, 0.0, 1.0, 0.0, 0.0, 0.0, 1.0, 0.0, 0.0, 0.0, 1.0, 1.0, 1.0, 1.0, 1.0, 1.0, 1.0, 1.0, 1.0, 1.0, 0.0, 0.0, 1.0, 0.0, 0.0, 1.0, 1.0, 1.0, 1.0, 0.0, 1.0, 1.0, 1.0, 0.0, 1.0, 1.0, 1.0, 1.0, 0.0, 0.0, 0.0, 1.0, 1.0, 1.0, 0.0, 1.0, 1.0, 1.0, 0.0, 0.0, 0.0, 1.0, 1.0, 1.0, 0.0, 0.0, 1.0, 0.0, 0.0, 1.0, 0.0, 1.0, 1.0, 0.0, 1.0, 1.0, 1.0, 1.0, 1.0, 1.0, 1.0, 0.0, 1.0, 1.0, 1.0, 0.0, 1.0, 0.0, 1.0, 0.0, 0.0, 1.0, 1.0, 0.0, 1.0, 1.0, 1.0, 1.0, 1.0, 0.0, 0.0, 1.0, 1.0, 1.0, 1.0, 0.0, 1.0, 0.0, 1.0, 1.0, 1.0, 0.0, 0.0, 0.0, 1.0, 1.0, 0.0, 1.0, 1.0, 1.0, 1.0, 0.0, 0.0, 0.0, 0.0, 0.0, 0.0, 1.0, 0.0, 1.0, 1.0, 1.0, 0.0, 1.0, 1.0, 1.0, 0.0, 1.0, 0.0, 0.0, 0.0, 1.0, 0.0, 0.0, 1.0, 1.0, 1.0, 0.0, 0.0, 0.0, 1.0, 0.0, 0.0, 1.0, 0.0, 1.0, 1.0, 0.0, 0.0, 1.0, 1.0, 0.0, 1.0, 0.0, 1.0, 0.0, 0.0, 0.0, 1.0, 1.0, 0.0, 0.0, 1.0, 0.0, 0.0, 0.0, 0.0, 0.0, 0.0, 0.0, 0.0, 1.0, 1.0, 1.0, 0.0, 1.0, 1.0, 1.0, 0.0, 0.0, 1.0, 0.0, 1.0, 1.0, 1.0, 1.0, 0.0, 1.0, 1.0, 0.0, 0.0, 1.0, 1.0, 0.0, 0.0, 0.0, 1.0, 0.0, 0.0, 0.0, 0.0, 1.0, 1.0, 1.0, 0.0, 1.0, 1.0, 0.0, 0.0, 0.0, 1.0, 0.0, 0.0, 0.0, 1.0, 1.0, 0.0, 1.0, 0.0, 0.0, 0.0, 0.0, 1.0, 1.0, 0.0, 0.0, 1.0, 0.0, 0.0, 1.0, 1.0, 1.0, 1.0, 0.0, 0.0, 0.0, 1.0, 0.0, 0.0, 0.0, 1.0, 0.0, 1.0, 1.0, 1.0, 1.0, 0.0, 1.0, 0.0, 0.0, 1.0, 0.0, 0.0, 0.0, 1.0, 0.0, 1.0, 0.0, 0.0, 1.0, 0.0, 1.0, 1.0, 1.0, 0.0, 0.0, 1.0, 1.0, 1.0, 1.0, 1.0, 0.0, 0.0, 0.0, 1.0, 1.0, 1.0, 0.0, 0.0, 0.0, 1.0, 0.0, 1.0, 1.0, 1.0, 0.0, 0.0, 1.0, 1.0, 0.0, 0.0, 0.0, 0.0, 0.0, 1.0, 0.0, 0.0, 0.0, 0.0, 1.0, 1.0, 1.0, 1.0, 0.0, 0.0, 1.0, 0.0, 0.0, 0.0, 1.0, 0.0, 0.0, 1.0, 1.0, 1.0, 1.0, 0.0, 0.0, 1.0, 0.0, 1.0, 1.0, 1.0, 1.0, 0.0, 1.0, 1.0, 0.0, 0.0, 1.0, 1.0, 1.0, 1.0, 1.0, 1.0, 1.0, 0.0, 1.0, 0.0, 0.0, 1.0, 0.0, 1.0, 0.0, 1.0, 0.0, 1.0, 1.0, 0.0, 1.0, 0.0, 1.0, 0.0, 1.0, 0.0, 0.0, 0.0, 1.0, 1.0, 1.0, 0.0, 0.0, 1.0, 1.0, 0.0, 1.0, 0.0, 0.0, 1.0, 0.0, 1.0, 1.0, 1.0, 0.0, 1.0, 1.0, 1.0, 0.0, 0.0, 1.0, 1.0, 0.0, 0.0, 1.0, 0.0, 0.0, 0.0, 1.0, 0.0, 0.0, 1.0, 0.0, 0.0, 0.0, 0.0, 0.0, 1.0, 1.0, 0.0, 1.0, 1.0, 1.0, 0.0, 1.0, 1.0, 0.0, 1.0, 1.0, 0.0, 1.0, 1.0, 0.0, 0.0, 0.0, 1.0, 0.0, 0.0, 1.0, 0.0, 0.0, 0.0, 0.0, 0.0, 0.0, 1.0, 1.0, 1.0, 1.0, 0.0, 1.0, 1.0, 1.0, 0.0, 0.0, 0.0, 0.0, 0.0, 0.0, 0.0, 0.0, 0.0, 1.0, 0.0, 1.0, 1.0, 1.0, 0.0, 0.0, 0.0, 1.0, 1.0, 0.0, 1.0, 1.0, 1.0, 1.0, 1.0, 1.0, 0.0, 1.0, 1.0, 0.0, 0.0, 0.0, 0.0, 1.0, 1.0, 0.0, 1.0, 0.0, 1.0, 0.0, 0.0, 1.0, 1.0, 1.0, 1.0, 0.0, 0.0, 1.0, 0.0, 0.0, 0.0, 0.0, 0.0, 0.0, 1.0, 0.0, 1.0, 1.0, 0.0, 0.0, 0.0, 1.0, 1.0, 0.0, 1.0, 1.0, 0.0, 0.0, 0.0, 0.0, 0.0, 1.0, 0.0, 1.0, 1.0, 0.0, 0.0, 1.0, 0.0, 1.0, 1.0, 1.0, 1.0, 0.0, 1.0, 1.0, 1.0, 1.0, 1.0, 1.0, 1.0, 0.0, 0.0, 0.0, 1.0, 0.0, 0.0, 0.0, 0.0, 1.0, 0.0, 0.0, 0.0, 1.0, 0.0, 1.0, 1.0, 0.0, 1.0, 1.0, 0.0, 1.0, 0.0, 0.0, 1.0, 0.0, 0.0, 1.0, 1.0, 1.0, 0.0, 0.0, 0.0, 1.0, 1.0, 1.0, 1.0, 1.0, 1.0, 0.0, 0.0, 1.0, 0.0, 1.0, 0.0, 0.0, 1.0, 1.0, 1.0, 0.0, 0.0, 1.0, 0.0, 0.0, 1.0, 1.0, 0.0, 1.0, 1.0, 0.0, 0.0, 0.0, 0.0, 0.0, 1.0, 1.0, 0.0, 0.0, 0.0, 0.0, 0.0, 1.0, 1.0, 0.0, 1.0, 0.0, 0.0, 1.0, 1.0, 0.0, 1.0, 0.0, 1.0, 0.0, 1.0, 1.0, 0.0, 1.0, 0.0, 1.0, 1.0, 1.0, 0.0, 1.0, 0.0, 0.0, 1.0, 0.0, 1.0, 1.0, 0.0, 1.0, 0.0, 1.0, 1.0, 0.0, 0.0, 0.0, 0.0, 1.0, 0.0]","['lNONHSAG000884', 'lNONHSAG001238', 'lNONHSAG002056', 'lNONHSAG002378', 'lNONHSAG002490', 'lNONHSAG002883', 'lNONHSAG003053', 'lNONHSAG003077', 'lNONHSAG003269', 'lNONHSAG003874', 'lNONHSAG004714', 'lNONHSAG004868', 'lNONHSAG005742', 'lNONHSAG006204', 'lNONHSAG006454', 'lNONHSAG007434', 'lNONHSAG007538', 'lNONHSAG007984', 'lNONHSAG008015', 'lNONHSAG008037', 'lNONHSAG008654', 'lNONHSAG008937', 'lNONHSAG009180', 'lNONHSAG010193', 'lNONHSAG010940', 'lNONHSAG010986', 'lNONHSAG011524', 'lNONHSAG012297', 'lNONHSAG013060', 'lNONHSAG013942', 'lNONHSAG014098', 'lNONHSAG014362', 'lNONHSAG015352', 'lNONHSAG015961', 'lNONHSAG016403', 'lNONHSAG016733', 'lNONHSAG016749', 'lNONHSAG018203', 'lNONHSAG018707', 'lNONHSAG019014', 'lNONHSAG019031', 'lNONHSAG019079', 'lNONHSAG019814', 'lNONHSAG020107', 'lNONHSAG020218', 'lNONHSAG020223', 'lNONHSAG020277', 'lNONHSAG020759', 'lNONHSAG021760', 'lNONHSAG021846', 'lNONHSAG021882', 'lNONHSAG022030', 'lNONHSAG022088', 'lNONHSAG022311', 'lNONHSAG022327', 'lNONHSAG022335', 'lNONHSAG022597', 'lNONHSAG022743', 'lNONHSAG022845', 'lNONHSAG023049', 'lNONHSAG023051', 'lNONHSAG023607', 'lNONHSAG023635', 'lNONHSAG023740', 'lNONHSAG023837', 'lNONHSAG023888', 'lNONHSAG024171', 'lNONHSAG025483', 'lNONHSAG025485', 'lNONHSAG026091', 'lNONHSAG026364', 'lNONHSAG026599', 'lNONHSAG027482', 'lNONHSAG027692', 'lNONHSAG028403', 'lNONHSAG029033', 'lNONHSAG030129', 'lNONHSAG030244', 'lNONHSAG030333', 'lNONHSAG030487', 'lNONHSAG031025', 'lNONHSAG031584', 'lNONHSAG032560', 'lNONHSAG032682', 'lNONHSAG033061', 'lNONHSAG033100', 'lNONHSAG033216', 'lNONHSAG034418', 'lNONHSAG035531', 'lNONHSAG036047', 'lNONHSAG036407', 'lNONHSAG036866', 'lNONHSAG037073', 'lNONHSAG037348', 'lNONHSAG038502', 'lNONHSAG038675', 'lNONHSAG039038', 'lNONHSAG039295', 'lNONHSAG040179', 'lNONHSAG041017', 'lNONHSAG042218', 'lNONHSAG042306', 'lNONHSAG043229', 'lNONHSAG043303', 'lNONHSAG043550', 'lNONHSAG044064', 'lNONHSAG044533', 'lNONHSAG045160', 'lNONHSAG046730', 'lNONHSAG047469', 'lNONHSAG048603', 'lNONHSAG049157', 'lNONHSAG049507', 'lNONHSAG049801', 'lNONHSAG050273', 'lNONHSAG052149', 'lNONHSAG052454', 'lNONHSAG052686', 'lNONHSAG052726', 'lNONHSAG053007', 'lNONHSAG053500', 'lNONHSAG054216', 'lNONHSAG054301', 'lNONHSAG054716', 'lNONHSAG055008', 'lNONHSAG055450', 'lNONHSAG056029', 'lNONHSAG058112', 'lNONHSAG065252', 'lNONHSAG074661', 'lNONHSAG083883', 'lNONHSAG088562', 'lNONHSAG093064', 'lNONHSAG097344', 'lNONHSAG102979', 'lENSG00000103472', 'lENSG00000177410', 'lENSG00000205611', 'lENSG00000224057', 'lENSG00000225855', 'lENSG00000236535', 'lENSG00000246560', 'lENSG00000249786', 'lENSG00000254635', 'lENSG00000257084', 'lENSG00000259289', 'lENSG00000224167', 'lCDKN2B-AS1', 'lEGOT', 'lLINC00173', 'lPANDAR', 'lPCGEM1', 'lPVT1', 'lCTB-91J4.1', 'lCTC-338M12.2', 'lLA16c-321D4.2', 'lRP11-2C24.4', 'lRP5-1160K1.8', 'lHNRNPU-AS1', 'lCTA-250D10.23', 'lLINC00035', 'lNONHSAG000677', 'lNONHSAG003459', 'lNONHSAG005727', 'lNONHSAG005761', 'lNONHSAG005885', 'lNONHSAG006221', 'lNONHSAG006274', 'lNONHSAG006405', 'lNONHSAG006407', 'lNONHSAG006415', 'lNONHSAG006507', 'lNONHSAG006527', 'lNONHSAG006573', 'lNONHSAG006646', 'lNONHSAG006967', 'lNONHSAG007008', 'lNONHSAG007020', 'lNONHSAG007419', 'lNONHSAG007531', 'lNONHSAG007563', 'lENSG00000223400', 'lENSG00000223647', 'lENSG00000224220', 'lENSG00000224500', 'lENSG00000224549', 'lENSG00000224821', 'lENSG00000225129', 'lENSG00000225750', 'lENSG00000226323', 'lENSG00000227075', 'lENSG00000227197', 'lENSG00000227360', 'lENSG00000227509', 'lENSG00000227512', 'lENSG00000227680', 'lENSG00000228470', 'lENSG00000229331', 'lENSG00000229487', 'lENSG00000229848', 'lENSG00000230155', 'lENSG00000230197', 'lENSG00000230794', 'lENSG00000230918', 'lENSG00000231143', 'lENSG00000232192', 'lENSG00000232286', 'lENSG00000232564', 'lENSG00000232893', 'lENSG00000233222', 'lENSG00000234160', 'lENSG00000234622', 'lENSG00000234953', 'lENSG00000235786', 'lENSG00000236324', 'lENSG00000236414', 'lENSG00000236452', 'lENSG00000236758', 'lENSG00000236800', 'lENSG00000237921', 'lENSG00000238185', 'lENSG00000241985', 'lENSG00000243797', 'lENSG00000243903', 'lENSG00000247867', 'lENSG00000248125', 'lENSG00000248397', 'lENSG00000248789', 'lENSG00000249419', 'lENSG00000249613', 'lENSG00000249742', 'lENSG00000249830', 'lENSG00000250195', 'lENSG00000250820', 'lENSG00000251256', 'lENSG00000251281', 'lENSG00000253142', 'lENSG00000253189', 'lENSG00000253871', 'lENSG00000253927', 'lENSG00000254035', 'lENSG00000254429', 'lENSG00000254847', 'lENSG00000255041', 'lENSG00000255496', 'lENSG00000255498', 'lENSG00000255949', 'lENSG00000256582', 'lENSG00000257381', 'lENSG00000258272', 'lENSG00000258378', 'lENSG00000258515', 'lENSG00000258908', 'lENSG00000259007', 'lENSG00000259631', 'lENSG00000259759', 'lENSG00000259805', 'lENSG00000260003', 'lENSG00000260022', 'lENSG00000260246', 'lENSG00000260884', 'lENSG00000260911', 'lENSG00000261014', 'lENSG00000261036', 'lENSG00000261248', 'lENSG00000261379', 'lENSG00000261552', 'lENSG00000263321', 'lENSG00000263684', 'lENSG00000264513', 'lENSG00000265791', 'lENSG00000265844', 'lENSG00000266102', 'lENSG00000266368', 'lENSG00000266936', 'lENSG00000267225', 'lENSG00000267234', 'lENSG00000267263', 'lENSG00000267320', 'lENSG00000267711', 'lENSG00000267922', 'lENSG00000268051', 'lENSG00000268605', 'lENSG00000269085', 'lENSG00000269950', 'lENSG00000271936', 'lENSG00000272510', 'lENSG00000272540', 'lENSG00000273550', 'lENSG00000274177', 'lENSG00000274893', 'lENSG00000275484', 'lENSG00000276107', 'lENSG00000276488', 'lENSG00000276997', 'lENSG00000278351', 'lENSG00000279623', 'lENSG00000282828', 'lENSG00000283631', 'lENSG00000285354', 'lENSG00000285518', 'lENSG00000285550', 'lENSG00000285551', 'lENSG00000285954', 'lENSG00000286050', 'lENSG00000286333', 'lENSG00000286430', 'lENSG00000286453', 'lENSG00000286588', 'lENSG00000286598', 'lENSG00000286617', 'lENSG00000286716', 'lENSG00000286738', 'lENSG00000287066', 'lENSG00000287107', 'lENSG00000287660', 'lENSG00000239801', 'lENSG00000241792', 'lENSG00000247810', 'lENSG00000250777', 'lENSG00000261193', 'lDSCR8', 'lMIR3179-2']","[0.0, 1.0, 1.0, 1.0, 1.0, 1.0, 0.0, 0.0, 0.0, 0.0, 0.0, 1.0, 0.0, 0.0, 0.0, 1.0, 0.0, 1.0, 0.0, 0.0, 1.0, 1.0, 1.0, 0.0, 1.0, 1.0, 1.0, 0.0, 0.0, 0.0, 0.0, 0.0, 0.0, 1.0, 1.0, 0.0, 0.0, 0.0, 1.0, 0.0, 0.0, 1.0, 0.0, 0.0, 1.0, 1.0, 1.0, 1.0, 1.0, 0.0, 0.0, 1.0, 1.0, 0.0, 1.0, 0.0, 0.0, 1.0, 1.0, 0.0, 1.0, 1.0, 1.0, 0.0, 1.0, 0.0, 0.0, 1.0, 0.0, 0.0, 1.0, 1.0, 0.0, 1.0, 0.0, 1.0, 0.0, 1.0, 0.0, 1.0, 0.0, 1.0, 1.0, 0.0, 0.0, 1.0, 0.0, 1.0, 1.0, 0.0, 0.0, 1.0, 1.0, 0.0, 1.0, 0.0, 0.0, 1.0, 1.0, 1.0, 0.0, 0.0, 1.0, 1.0, 1.0, 0.0, 0.0, 1.0, 1.0, 0.0, 1.0, 0.0, 0.0, 0.0, 0.0, 0.0, 0.0, 1.0, 0.0, 0.0, 0.0, 1.0, 1.0, 0.0, 0.0, 1.0, 1.0, 1.0, 0.0, 1.0, 1.0, 0.0, 1.0, 1.0, 1.0, 0.0, 0.0, 0.0, 1.0, 0.0, 1.0, 0.0, 0.0, 0.0, 1.0, 1.0, 1.0, 0.0, 1.0, 1.0, 0.0, 1.0, 0.0, 1.0, 1.0, 0.0, 1.0, 1.0, 1.0, 1.0, 0.0, 0.0, 1.0, 0.0, 1.0, 0.0, 1.0, 1.0, 0.0, 1.0, 0.0, 0.0, 1.0, 0.0, 1.0, 0.0, 0.0, 0.0, 0.0, 1.0, 1.0, 0.0, 1.0, 1.0, 0.0, 1.0, 1.0, 0.0, 0.0, 0.0, 0.0, 1.0, 1.0, 1.0, 0.0, 1.0, 1.0, 0.0, 1.0, 1.0, 0.0, 0.0, 1.0, 1.0, 0.0, 1.0, 1.0, 1.0, 1.0, 1.0, 1.0, 0.0, 1.0, 1.0, 1.0, 1.0, 0.0, 0.0, 1.0, 0.0, 0.0, 0.0, 1.0, 1.0, 0.0, 1.0, 0.0, 1.0, 0.0, 1.0, 1.0, 1.0, 1.0, 0.0, 0.0, 1.0, 1.0, 0.0, 0.0, 0.0, 1.0, 0.0, 1.0, 1.0, 1.0, 1.0, 1.0, 1.0, 0.0, 1.0, 0.0, 0.0, 0.0, 1.0, 1.0, 1.0, 0.0, 0.0, 0.0, 1.0, 0.0, 0.0, 1.0, 0.0, 1.0, 1.0, 1.0, 0.0, 1.0, 0.0, 1.0, 0.0, 1.0, 1.0, 1.0, 0.0, 1.0, 0.0, 0.0, 0.0, 0.0, 0.0, 1.0, 1.0, 0.0, 0.0, 1.0, 1.0, 1.0, 0.0, 0.0, 0.0, 0.0, 0.0, 1.0, 1.0, 0.0, 0.0, 0.0, 0.0, 0.0, 1.0, 1.0, 0.0, 0.0, 0.0, 1.0, 1.0, 1.0, 1.0, 1.0, 0.0, 0.0, 0.0, 1.0, 0.0, 1.0, 0.0, 0.0, 1.0, 0.0, 1.0, 0.0]","[1.0, 1.0, 1.0, 1.0, 1.0, 1.0, 1.0, 1.0, 1.0, 0.0, 1.0, 1.0, 1.0, 1.0, 1.0, 1.0, 1.0, 1.0, 1.0, 1.0, 1.0, 1.0, 1.0, 1.0, 1.0, 1.0, 1.0, 1.0, 1.0, 1.0, 1.0, 1.0, 1.0, 1.0, 1.0, 1.0, 1.0, 1.0, 0.0, 1.0, 1.0, 1.0, 0.0, 1.0, 1.0, 1.0, 1.0, 1.0, 1.0, 1.0, 1.0, 1.0, 1.0, 1.0, 1.0, 1.0, 1.0, 1.0, 1.0, 1.0, 1.0, 1.0, 1.0, 1.0, 1.0, 1.0, 1.0, 1.0, 1.0, 1.0, 1.0, 1.0, 1.0, 1.0, 1.0, 1.0, 0.0, 1.0, 1.0, 0.0, 1.0, 1.0, 1.0, 1.0, 1.0, 0.0, 1.0, 0.0, 1.0, 0.0, 1.0, 0.0, 1.0, 1.0, 1.0, 1.0, 0.0, 1.0, 0.0, 1.0, 1.0, 1.0, 1.0, 1.0, 1.0, 1.0, 1.0, 0.0, 1.0, 1.0, 1.0, 1.0, 1.0, 1.0, 1.0, 1.0, 1.0, 1.0, 1.0, 1.0, 1.0, 1.0, 0.0, 1.0, 1.0, 1.0, 1.0, 1.0, 1.0, 1.0, 1.0, 1.0, 1.0, 1.0, 1.0, 1.0, 1.0, 1.0, 1.0, 1.0, 1.0, 1.0, 1.0, 1.0, 1.0, 1.0, 1.0, 1.0, 1.0, 0.0, 0.0, 1.0, 1.0, 1.0, 1.0, 1.0, 1.0, 1.0, 1.0, 1.0, 1.0, 1.0, 1.0, 1.0, 0.0, 0.0, 1.0, 1.0, 1.0, 1.0, 0.0, 1.0, 1.0, 1.0, 1.0, 0.0, 1.0, 0.0, 0.0, 0.0, 1.0, 1.0, 1.0, 1.0, 1.0, 1.0, 1.0, 1.0, 1.0, 1.0, 1.0, 1.0, 1.0, 1.0, 1.0, 1.0, 1.0, 1.0, 1.0, 1.0, 1.0, 1.0, 1.0, 1.0, 1.0, 1.0, 1.0, 1.0, 1.0, 1.0, 1.0, 1.0, 1.0, 1.0, 1.0, 1.0, 1.0, 1.0, 1.0, 1.0, 0.0, 1.0, 1.0, 1.0, 1.0, 1.0, 1.0, 1.0, 1.0, 1.0, 1.0, 1.0, 0.0, 1.0, 1.0, 1.0, 1.0, 1.0, 1.0, 1.0, 1.0, 1.0, 1.0, 1.0, 1.0, 1.0, 1.0, 1.0, 1.0, 1.0, 1.0, 1.0, 1.0, 1.0, 1.0, 1.0, 1.0, 1.0, 1.0, 1.0, 1.0, 1.0, 1.0, 1.0, 1.0, 1.0, 1.0, 1.0, 1.0, 1.0, 1.0, 0.0, 0.0, 1.0, 1.0, 0.0, 0.0, 0.0, 1.0, 1.0, 1.0, 1.0, 1.0, 1.0, 1.0, 1.0, 1.0, 1.0, 1.0, 1.0, 1.0, 1.0, 1.0, 0.0, 1.0, 0.0, 1.0, 1.0, 1.0, 1.0, 1.0, 1.0, 1.0, 1.0, 1.0, 1.0, 1.0, 1.0, 1.0, 1.0, 1.0, 1.0, 1.0, 1.0, 1.0, 1.0, 1.0, 1.0, 1.0, 1.0, 1.0, 1.0, 1.0]","[0.5086737830279523, 0.5195133944161484, 0.5128253391348145, 0.5166647417153887, 0.515187261852756, 0.5182159352959048, 0.5157847286103855, 0.5218939303188238, 0.5135598178195316, 0.4917196306966436, 0.5109643409678272, 0.5168391744491133, 0.5139437468864162, 0.5182358109547373, 0.5018240985410557, 0.5110881846810524, 0.5189441969797636, 0.5199658808898553, 0.5112337170478829, 0.5062251554443634, 0.5185076191491875, 0.5104530838164245, 0.5111250944508869, 0.5026735475377687, 0.5084390508197547, 0.5187315180857575, 0.5103217823872879, 0.5059634311308381, 0.5069876024290751, 0.508332558570704, 0.5005831638024102, 0.5212377399429707, 0.508887120381435, 0.5218430801363884, 0.5118412766149942, 0.5200700153367827, 0.5219270988306018, 0.5121958196312393, 0.4970811843358413, 0.5202992292420554, 0.5132639118110145, 0.5137062788075306, 0.49915950849058155, 0.5021008537028404, 0.5068904112388497, 0.519519429535499, 0.5040624865506536, 0.5156070800864138, 0.5055465131721308, 0.5220269587338102, 0.5127440005893967, 0.5196118863025778, 0.5217002372706397, 0.5080822804761481, 0.5225568909717787, 0.5044952225398731, 0.5079656949080271, 0.5184393287590437, 0.5195430220797396, 0.5152814016269592, 0.5094466299361093, 0.5149619610829415, 0.5076153900998932, 0.5069929142771669, 0.519361441728314, 0.5054673535389586, 0.5145680051014274, 0.5186745143979268, 0.5103466685398553, 0.5192939288314811, 0.5244201830443376, 0.5179588065313108, 0.5094155096775302, 0.5189780440039213, 0.5157930199975393, 0.5165995975740238, 0.4999813129769214, 0.5057689618901935, 0.5203529326779202, 0.49375415156170793, 0.5067495938473547, 0.5101149316490315, 0.5227132148993993, 0.5141167006862936, 0.5134524654900525, 0.4951480473837721, 0.5168590315129028, 0.4994667439926097, 0.5160576554881144, 0.4979938602331219, 0.5250218907369268, 0.4946845309232898, 0.5167538393036942, 0.5139222806336845, 0.5189702337126002, 0.5179494693716792, 0.494412456786561, 0.5151602049879478, 0.49571139172533973, 0.5179000757757577, 0.5201432875828571, 0.507350186366441, 0.5024196196705666, 0.5122364190989166, 0.5223076931236685, 0.5226046217930321, 0.5172766477345909, 0.496718219770731, 0.5073016679225294, 0.5191309379355571, 0.522513644864474, 0.5151016012621473, 0.5208850612799338, 0.5066410722308222, 0.5166321258392593, 0.5185944578042548, 0.5022885533861404, 0.5100891260078633, 0.5032488347275529, 0.5010874827610966, 0.5103955949302236, 0.5109004658217152, 0.49273538353359086, 0.5143591134228447, 0.5113312859054189, 0.5069923681536797, 0.517409316877521, 0.5327401779390843, 0.5091717812005939, 0.5224459664239921, 0.5101739307893585, 0.5211183695842154, 0.5232939496361504, 0.5180574223015845, 0.5172702258433547, 0.5202692301460733, 0.5324698752226995, 0.5118326517829714, 0.5207556757082914, 0.5216748280567831, 0.5009639896599056, 0.5066409353291157, 0.5186665109898023, 0.5220725969220027, 0.5205632898033584, 0.5234360264602508, 0.5177349950218515, 0.5112738110820637, 0.5035994387712439, 0.4989006384803516, 0.47542475231867737, 0.5158130069979556, 0.5086037611552962, 0.5176888996872473, 0.5168888712011407, 0.5175393453467839, 0.5200281146304073, 0.5002168351790546, 0.5215774448320202, 0.5195188866137485, 0.5153059484800008, 0.5030831438640391, 0.5087540273523296, 0.5168050227515124, 0.496461443279953, 0.4952441652950908, 0.5242054875672116, 0.5188429540354631, 0.5065755329259494, 0.5092954336881158, 0.4958522201810098, 0.5168175292674327, 0.5194438503815336, 0.5004755469386908, 0.5013519039341968, 0.49635543057569603, 0.5253783225227455, 0.4952009259989028, 0.4968220815512892, 0.49869286722286127, 0.5101894372660392, 0.5200167484185216, 0.5191219915208939, 0.518574193877677, 0.5231755925893432, 0.5089611816239477, 0.5195088163817159, 0.5072332834014368, 0.5241916780892399, 0.5175724202619033, 0.518609090276035, 0.5127461189155167, 0.5197118877027727, 0.5134777362901486, 0.5188659260848468, 0.509569619753478, 0.5210375023641323, 0.5264050550693661, 0.5130901292297965, 0.5163718084839239, 0.5196066727798955, 0.5216043097588268, 0.5217642668263588, 0.5217987143366178, 0.5187179529542936, 0.5170665244156708, 0.5213092991607713, 0.5199152594842048, 0.5219088244962847, 0.5109231370741105, 0.5122387910209255, 0.5216925676337335, 0.5178023254897965, 0.5203099450881796, 0.5212620855757991, 0.5224136459403561, 0.5206398730309023, 0.5222823764530493, 0.5198988210595626, 0.5191923246309985, 0.4658507168789616, 0.506721924971463, 0.5007772498950919, 0.5211015599483372, 0.5199562351336315, 0.5053074581792019, 0.5165824242685314, 0.5062866431503694, 0.5218305991082108, 0.5183112358814429, 0.5226228194992039, 0.5201196955123084, 0.4993476040700464, 0.5150606814593626, 0.5201222073299414, 0.5036734976908029, 0.5199130444866111, 0.5212367810703556, 0.5191323778324698, 0.5141961247987512, 0.521218970767012, 0.5200175214892602, 0.5194848362011245, 0.5196848255942715, 0.5225423516034214, 0.5323860412802347, 0.5206229477750505, 0.5159221378917621, 0.5233021432843235, 0.5183144416827732, 0.5172616014422128, 0.5168167076155483, 0.519233460686213, 0.5205033727206111, 0.520382771011281, 0.5270345607174101, 0.5194851184747982, 0.519010064390218, 0.5130507092927499, 0.5171780613958858, 0.5131599126317218, 0.5233537827287436, 0.5178461273754298, 0.5220076519068209, 0.5264024181266416, 0.5201928982812686, 0.5285987525523308, 0.5198328931696334, 0.5239762806694928, 0.5024051268686631, 0.5049397000338018, 0.4946323292504938, 0.4876606671928144, 0.5213782647530912, 0.5098155217123957, 0.4992410841845862, 0.47184081200973993, 0.4846918891661785, 0.5094090884408979, 0.5183773460076982, 0.5128707268136538, 0.526448402321251, 0.5249847774899458, 0.5053934032542654, 0.5087072744875244, 0.5250673212963429, 0.5220552601226511, 0.5214573102670885, 0.5089404523991873, 0.515337719139411, 0.5272815312284741, 0.525940792907623, 0.5177223954191081, 0.48613609704573735, 0.5154443275238898, 0.49705281339150054, 0.5126860914923685, 0.5146961920790664, 0.518211366527392, 0.5160889425580633, 0.523109646450479, 0.5174652361263649, 0.5118018006164113, 0.5233596620661343, 0.5169497359593813, 0.5174312767243158, 0.523645698033925, 0.5185019533945918, 0.5192482145509505, 0.5203842762864751, 0.5202060488896055, 0.5084642228454483, 0.5179919553944955, 0.5206454104887369, 0.519460092531015, 0.523895261488032, 0.5201508906001079, 0.5168416003618033, 0.523483602337008, 0.5200136930596556, 0.5166210859995922, 0.5041789467077558, 0.5049296612846317]"
3,"['lNONHSAG000008', 'lNONHSAG000047', 'lNONHSAG000059', 'lNONHSAG000069', 'lNONHSAG000130', 'lNONHSAG000158', 'lNONHSAG000195', 'lNONHSAG000253', 'lNONHSAG000310', 'lNONHSAG000311', 'lNONHSAG000374', 'lNONHSAG000464', 'lNONHSAG000484', 'lNONHSAG000498', 'lNONHSAG000579', 'lNONHSAG000584', 'lNONHSAG000603', 'lNONHSAG000625', 'lNONHSAG000742', 'lNONHSAG000769', 'lNONHSAG000843', 'lNONHSAG000863', 'lNONHSAG000884', 'lNONHSAG000918', 'lNONHSAG000938', 'lNONHSAG000967', 'lNONHSAG001172', 'lNONHSAG001238', 'lNONHSAG001247', 'lNONHSAG001259', 'lNONHSAG001278', 'lNONHSAG001284', 'lNONHSAG001360', 'lNONHSAG001375', 'lNONHSAG001448', 'lNONHSAG001468', 'lNONHSAG001499', 'lNONHSAG001513', 'lNONHSAG001696', 'lNONHSAG001773', 'lNONHSAG001837', 'lNONHSAG001941', 'lNONHSAG001993', 'lNONHSAG002056', 'lNONHSAG002058', 'lNONHSAG002086', 'lNONHSAG002134', 'lNONHSAG002135', 'lNONHSAG002343', 'lNONHSAG002359', 'lNONHSAG002376', 'lNONHSAG002378', 'lNONHSAG002454', 'lNONHSAG002490', 'lNONHSAG002617', 'lNONHSAG002669', 'lNONHSAG002701', 'lNONHSAG002719', 'lNONHSAG002731', 'lNONHSAG002752', 'lNONHSAG002859', 'lNONHSAG002883', 'lNONHSAG002978', 'lNONHSAG003053', 'lNONHSAG003056', 'lNONHSAG003068', 'lNONHSAG003074', 'lNONHSAG003077', 'lNONHSAG003119', 'lNONHSAG003134', 'lNONHSAG003156', 'lNONHSAG003198', 'lNONHSAG003244', 'lNONHSAG003260', 'lNONHSAG003269', 'lNONHSAG003303', 'lNONHSAG003374', 'lNONHSAG003504', 'lNONHSAG003505', 'lNONHSAG003512', 'lNONHSAG003645', 'lNONHSAG003874', 'lNONHSAG003884', 'lNONHSAG003886', 'lNONHSAG003900', 'lNONHSAG003911', 'lNONHSAG003912', 'lNONHSAG003938', 'lNONHSAG003957', 'lNONHSAG004013', 'lNONHSAG004026', 'lNONHSAG004054', 'lNONHSAG004095', 'lNONHSAG004247', 'lNONHSAG004303', 'lNONHSAG004305', 'lNONHSAG004619', 'lNONHSAG004673', 'lNONHSAG004674', 'lNONHSAG004714', 'lNONHSAG004779', 'lNONHSAG004868', 'lNONHSAG005084', 'lNONHSAG005153', 'lNONHSAG005339', 'lNONHSAG005377', 'lNONHSAG005403', 'lNONHSAG005482', 'lNONHSAG005669', 'lNONHSAG005699', 'lNONHSAG005711', 'lNONHSAG005721', 'lNONHSAG005728', 'lNONHSAG005742', 'lNONHSAG005780', 'lNONHSAG005838', 'lNONHSAG005866', 'lNONHSAG005920', 'lNONHSAG006007', 'lNONHSAG006049', 'lNONHSAG006050', 'lNONHSAG006054', 'lNONHSAG006071', 'lNONHSAG006163', 'lNONHSAG006204', 'lNONHSAG006212', 'lNONHSAG006238', 'lNONHSAG006301', 'lNONHSAG006341', 'lNONHSAG006362', 'lNONHSAG006454', 'lNONHSAG006457', 'lNONHSAG006474', 'lNONHSAG006477', 'lNONHSAG006526', 'lNONHSAG006633', 'lNONHSAG006678', 'lNONHSAG006692', 'lNONHSAG006735', 'lNONHSAG006756', 'lNONHSAG006763', 'lNONHSAG006772', 'lNONHSAG006865', 'lNONHSAG006945', 'lNONHSAG006966', 'lNONHSAG007109', 'lNONHSAG007295', 'lNONHSAG007324', 'lNONHSAG007384', 'lNONHSAG007430', 'lNONHSAG007431', 'lNONHSAG007434', 'lNONHSAG007463', 'lNONHSAG007487', 'lNONHSAG007538', 'lNONHSAG007602', 'lNONHSAG007692', 'lNONHSAG007708', 'lNONHSAG007715', 'lNONHSAG007868', 'lNONHSAG007961', 'lNONHSAG007983', 'lNONHSAG007984', 'lNONHSAG008015', 'lNONHSAG008037', 'lNONHSAG008056', 'lNONHSAG008167', 'lNONHSAG008199', 'lNONHSAG008220', 'lNONHSAG008354', 'lNONHSAG008517', 'lNONHSAG008540', 'lNONHSAG008552', 'lNONHSAG008589', 'lNONHSAG008615', 'lNONHSAG008654', 'lNONHSAG008670', 'lNONHSAG008675', 'lNONHSAG008693', 'lNONHSAG008726', 'lNONHSAG008728', 'lNONHSAG008759', 'lNONHSAG008859', 'lNONHSAG008937', 'lNONHSAG008952', 'lNONHSAG008966', 'lNONHSAG009039', 'lNONHSAG009059', 'lNONHSAG009062', 'lNONHSAG009124', 'lNONHSAG009130', 'lNONHSAG009133', 'lNONHSAG009134', 'lNONHSAG009174', 'lNONHSAG009180', 'lNONHSAG009193', 'lNONHSAG009544', 'lNONHSAG009613', 'lNONHSAG009636', 'lNONHSAG009728', 'lNONHSAG009747', 'lNONHSAG009755', 'lNONHSAG009757', 'lNONHSAG009945', 'lNONHSAG009950', 'lNONHSAG009968', 'lNONHSAG009989', 'lNONHSAG010179', 'lNONHSAG010184', 'lNONHSAG010186', 'lNONHSAG010190', 'lNONHSAG010193', 'lNONHSAG010194', 'lNONHSAG010200', 'lNONHSAG010348', 'lNONHSAG010405', 'lNONHSAG010416', 'lNONHSAG010543', 'lNONHSAG010657', 'lNONHSAG010658', 'lNONHSAG010716', 'lNONHSAG010792', 'lNONHSAG010798', 'lNONHSAG010940', 'lNONHSAG010986', 'lNONHSAG010989', 'lNONHSAG011028', 'lNONHSAG011057', 'lNONHSAG011070', 'lNONHSAG011086', 'lNONHSAG011090', 'lNONHSAG011121', 'lNONHSAG011125', 'lNONHSAG011211', 'lNONHSAG011230', 'lNONHSAG011337', 'lNONHSAG011343', 'lNONHSAG011375', 'lNONHSAG011439', 'lNONHSAG011446', 'lNONHSAG011518', 'lNONHSAG011524', 'lNONHSAG011576', 'lNONHSAG011633', 'lNONHSAG011658', 'lNONHSAG011790', 'lNONHSAG011854', 'lNONHSAG011935', 'lNONHSAG012025', 'lNONHSAG012076', 'lNONHSAG012099', 'lNONHSAG012297', 'lNONHSAG012303', 'lNONHSAG012339', 'lNONHSAG012367', 'lNONHSAG012476', 'lNONHSAG012505', 'lNONHSAG012534', 'lNONHSAG012540', 'lNONHSAG012555', 'lNONHSAG012594', 'lNONHSAG012614', 'lNONHSAG012617', 'lNONHSAG012751', 'lNONHSAG012791', 'lNONHSAG013005', 'lNONHSAG013060', 'lNONHSAG013095', 'lNONHSAG013098', 'lNONHSAG013109', 'lNONHSAG013388', 'lNONHSAG013431', 'lNONHSAG013475', 'lNONHSAG013515', 'lNONHSAG013534', 'lNONHSAG013568', 'lNONHSAG013708', 'lNONHSAG013730', 'lNONHSAG013790', 'lNONHSAG013809', 'lNONHSAG013912', 'lNONHSAG013917', 'lNONHSAG013940', 'lNONHSAG013942', 'lNONHSAG013944', 'lNONHSAG013946', 'lNONHSAG013954', 'lNONHSAG013992', 'lNONHSAG014098', 'lNONHSAG014112', 'lNONHSAG014130', 'lNONHSAG014267', 'lNONHSAG014289', 'lNONHSAG014332', 'lNONHSAG014362', 'lNONHSAG014372', 'lNONHSAG014373', 'lNONHSAG014381', 'lNONHSAG014496', 'lNONHSAG014502', 'lNONHSAG014546', 'lNONHSAG014562', 'lNONHSAG014591', 'lNONHSAG014672', 'lNONHSAG014679', 'lNONHSAG014730', 'lNONHSAG014890', 'lNONHSAG014891', 'lNONHSAG014914', 'lNONHSAG015044', 'lNONHSAG015163', 'lNONHSAG015215', 'lNONHSAG015234', 'lNONHSAG015352', 'lNONHSAG015417', 'lNONHSAG015454', 'lNONHSAG015461', 'lNONHSAG015505', 'lNONHSAG015591', 'lNONHSAG015623', 'lNONHSAG015787', 'lNONHSAG015788', 'lNONHSAG015961', 'lNONHSAG016021', 'lNONHSAG016068', 'lNONHSAG016118', 'lNONHSAG016307', 'lNONHSAG016395', 'lNONHSAG016403', 'lNONHSAG016486', 'lNONHSAG016487', 'lNONHSAG016576', 'lNONHSAG016733', 'lNONHSAG016741', 'lNONHSAG016749', 'lNONHSAG016771', 'lNONHSAG016822', 'lNONHSAG016893', 'lNONHSAG017020', 'lNONHSAG017060', 'lNONHSAG017232', 'lNONHSAG017238', 'lNONHSAG017254', 'lNONHSAG017282', 'lNONHSAG017288', 'lNONHSAG017347', 'lNONHSAG017349', 'lNONHSAG017376', 'lNONHSAG017377', 'lNONHSAG017379', 'lNONHSAG017417', 'lNONHSAG017486', 'lNONHSAG017504', 'lNONHSAG017567', 'lNONHSAG017666', 'lNONHSAG017767', 'lNONHSAG017783', 'lNONHSAG017882', 'lNONHSAG017890', 'lNONHSAG017899', 'lNONHSAG018053', 'lNONHSAG018054', 'lNONHSAG018058', 'lNONHSAG018110', 'lNONHSAG018180', 'lNONHSAG018203', 'lNONHSAG018236', 'lNONHSAG018313', 'lNONHSAG018322', 'lNONHSAG018326', 'lNONHSAG018344', 'lNONHSAG018372', 'lNONHSAG018374', 'lNONHSAG018414', 'lNONHSAG018415', 'lNONHSAG018416', 'lNONHSAG018417', 'lNONHSAG018461', 'lNONHSAG018530', 'lNONHSAG018586', 'lNONHSAG018621', 'lNONHSAG018656', 'lNONHSAG018707', 'lNONHSAG018709', 'lNONHSAG018711', 'lNONHSAG018829', 'lNONHSAG018889', 'lNONHSAG018893', 'lNONHSAG018903', 'lNONHSAG018980', 'lNONHSAG019003', 'lNONHSAG019012', 'lNONHSAG019014', 'lNONHSAG019021', 'lNONHSAG019031', 'lNONHSAG019049', 'lNONHSAG019051', 'lNONHSAG019079', 'lNONHSAG019090', 'lNONHSAG019115', 'lNONHSAG019134', 'lNONHSAG019158', 'lNONHSAG019221', 'lNONHSAG019270', 'lNONHSAG019332', 'lNONHSAG019370', 'lNONHSAG019439', 'lNONHSAG019493', 'lNONHSAG019569', 'lNONHSAG019613', 'lNONHSAG019667', 'lNONHSAG019670', 'lNONHSAG019711', 'lNONHSAG019767', 'lNONHSAG019814', 'lNONHSAG019848', 'lNONHSAG019852', 'lNONHSAG019898', 'lNONHSAG020053', 'lNONHSAG020068', 'lNONHSAG020075', 'lNONHSAG020091', 'lNONHSAG020107', 'lNONHSAG020153', 'lNONHSAG020155', 'lNONHSAG020218', 'lNONHSAG020223', 'lNONHSAG020252', 'lNONHSAG020259', 'lNONHSAG020260', 'lNONHSAG020273', 'lNONHSAG020274', 'lNONHSAG020277', 'lNONHSAG020278', 'lNONHSAG020281', 'lNONHSAG020298', 'lNONHSAG020304', 'lNONHSAG020307', 'lNONHSAG020312', 'lNONHSAG020321', 'lNONHSAG020325', 'lNONHSAG020339', 'lNONHSAG020361', 'lNONHSAG020367', 'lNONHSAG020374', 'lNONHSAG020382', 'lNONHSAG020403', 'lNONHSAG020474', 'lNONHSAG020476', 'lNONHSAG020600', 'lNONHSAG020616', 'lNONHSAG020731', 'lNONHSAG020755', 'lNONHSAG020759', 'lNONHSAG020760', 'lNONHSAG020762', 'lNONHSAG020771', 'lNONHSAG020869', 'lNONHSAG020957', 'lNONHSAG020990', 'lNONHSAG021042', 'lNONHSAG021307', 'lNONHSAG021309', 'lNONHSAG021315', 'lNONHSAG021335', 'lNONHSAG021342', 'lNONHSAG021347', 'lNONHSAG021370', 'lNONHSAG021390', 'lNONHSAG021408', 'lNONHSAG021410', 'lNONHSAG021433', 'lNONHSAG021471', 'lNONHSAG021557', 'lNONHSAG021566', 'lNONHSAG021567', 'lNONHSAG021584', 'lNONHSAG021638', 'lNONHSAG021641', 'lNONHSAG021698', 'lNONHSAG021760', 'lNONHSAG021820', 'lNONHSAG021846', 'lNONHSAG021874', 'lNONHSAG021878', 'lNONHSAG021882', 'lNONHSAG021893', 'lNONHSAG021909', 'lNONHSAG021976', 'lNONHSAG022030', 'lNONHSAG022058', 'lNONHSAG022078', 'lNONHSAG022088', 'lNONHSAG022094', 'lNONHSAG022110', 'lNONHSAG022127', 'lNONHSAG022162', 'lNONHSAG022311', 'lNONHSAG022327', 'lNONHSAG022328', 'lNONHSAG022335', 'lNONHSAG022339', 'lNONHSAG022378', 'lNONHSAG022495', 'lNONHSAG022551', 'lNONHSAG022579', 'lNONHSAG022595', 'lNONHSAG022597', 'lNONHSAG022655', 'lNONHSAG022690', 'lNONHSAG022743', 'lNONHSAG022750', 'lNONHSAG022806', 'lNONHSAG022836', 'lNONHSAG022845', 'lNONHSAG022888', 'lNONHSAG022893', 'lNONHSAG022965', 'lNONHSAG022972', 'lNONHSAG022980', 'lNONHSAG022982', 'lNONHSAG023003', 'lNONHSAG023049', 'lNONHSAG023051', 'lNONHSAG023073', 'lNONHSAG023175', 'lNONHSAG023237', 'lNONHSAG023375', 'lNONHSAG023387', 'lNONHSAG023392', 'lNONHSAG023494', 'lNONHSAG023512', 'lNONHSAG023553', 'lNONHSAG023579', 'lNONHSAG023598', 'lNONHSAG023607', 'lNONHSAG023614', 'lNONHSAG023630', 'lNONHSAG023635', 'lNONHSAG023661', 'lNONHSAG023668', 'lNONHSAG023740', 'lNONHSAG023837', 'lNONHSAG023864', 'lNONHSAG023885', 'lNONHSAG023888', 'lNONHSAG023930', 'lNONHSAG023964', 'lNONHSAG024117', 'lNONHSAG024141', 'lNONHSAG024146', 'lNONHSAG024171', 'lNONHSAG024224', 'lNONHSAG024244', 'lNONHSAG024282', 'lNONHSAG024332', 'lNONHSAG024340', 'lNONHSAG024341', 'lNONHSAG024354', 'lNONHSAG024361', 'lNONHSAG024362', 'lNONHSAG024364', 'lNONHSAG024381', 'lNONHSAG024391', 'lNONHSAG024393', 'lNONHSAG024395', 'lNONHSAG024428', 'lNONHSAG024540', 'lNONHSAG024542', 'lNONHSAG024637', 'lNONHSAG024668', 'lNONHSAG024671', 'lNONHSAG024676', 'lNONHSAG024681', 'lNONHSAG024741', 'lNONHSAG024809', 'lNONHSAG024810', 'lNONHSAG024826', 'lNONHSAG024903', 'lNONHSAG024905', 'lNONHSAG024908', 'lNONHSAG024913', 'lNONHSAG024921', 'lNONHSAG024925', 'lNONHSAG024979', 'lNONHSAG025011', 'lNONHSAG025135', 'lNONHSAG025137', 'lNONHSAG025319', 'lNONHSAG025352', 'lNONHSAG025483', 'lNONHSAG025485', 'lNONHSAG025609', 'lNONHSAG025743', 'lNONHSAG025744', 'lNONHSAG025864', 'lNONHSAG025865', 'lNONHSAG025907', 'lNONHSAG025934', 'lNONHSAG025939', 'lNONHSAG025964', 'lNONHSAG025997', 'lNONHSAG026053', 'lNONHSAG026089', 'lNONHSAG026091', 'lNONHSAG026103', 'lNONHSAG026153', 'lNONHSAG026176', 'lNONHSAG026205', 'lNONHSAG026274', 'lNONHSAG026364', 'lNONHSAG026386', 'lNONHSAG026575', 'lNONHSAG026599', 'lNONHSAG026631', 'lNONHSAG026661', 'lNONHSAG026720', 'lNONHSAG026721', 'lNONHSAG026737', 'lNONHSAG026781', 'lNONHSAG026794', 'lNONHSAG026852', 'lNONHSAG026854', 'lNONHSAG026856', 'lNONHSAG027017', 'lNONHSAG027075', 'lNONHSAG027110', 'lNONHSAG027276', 'lNONHSAG027278', 'lNONHSAG027323', 'lNONHSAG027342', 'lNONHSAG027374', 'lNONHSAG027421', 'lNONHSAG027482', 'lNONHSAG027598', 'lNONHSAG027618', 'lNONHSAG027675', 'lNONHSAG027682', 'lNONHSAG027692', 'lNONHSAG027694', 'lNONHSAG027709', 'lNONHSAG027837', 'lNONHSAG027874', 'lNONHSAG027876', 'lNONHSAG028045', 'lNONHSAG028083', 'lNONHSAG028093', 'lNONHSAG028112', 'lNONHSAG028141', 'lNONHSAG028142', 'lNONHSAG028159', 'lNONHSAG028403', 'lNONHSAG028713', 'lNONHSAG028720', 'lNONHSAG028817', 'lNONHSAG028820', 'lNONHSAG028857', 'lNONHSAG028870', 'lNONHSAG028913', 'lNONHSAG028918', 'lNONHSAG028948', 'lNONHSAG028996', 'lNONHSAG029033', 'lNONHSAG029080', 'lNONHSAG029124', 'lNONHSAG029267', 'lNONHSAG029312', 'lNONHSAG029377', 'lNONHSAG029668', 'lNONHSAG029792', 'lNONHSAG029830', 'lNONHSAG029873', 'lNONHSAG029933', 'lNONHSAG029956', 'lNONHSAG029958', 'lNONHSAG029959', 'lNONHSAG029960', 'lNONHSAG029961', 'lNONHSAG029962', 'lNONHSAG029964', 'lNONHSAG029965', 'lNONHSAG029985', 'lNONHSAG030074', 'lNONHSAG030113', 'lNONHSAG030129', 'lNONHSAG030244', 'lNONHSAG030258', 'lNONHSAG030278', 'lNONHSAG030279', 'lNONHSAG030304', 'lNONHSAG030333', 'lNONHSAG030410', 'lNONHSAG030440', 'lNONHSAG030487', 'lNONHSAG030516', 'lNONHSAG030525', 'lNONHSAG030582', 'lNONHSAG030583', 'lNONHSAG030738', 'lNONHSAG030739', 'lNONHSAG030742', 'lNONHSAG031025', 'lNONHSAG031035', 'lNONHSAG031123', 'lNONHSAG031261', 'lNONHSAG031385', 'lNONHSAG031425', 'lNONHSAG031452', 'lNONHSAG031453', 'lNONHSAG031456', 'lNONHSAG031563', 'lNONHSAG031565', 'lNONHSAG031581', 'lNONHSAG031584', 'lNONHSAG031636', 'lNONHSAG031696', 'lNONHSAG031853', 'lNONHSAG031991', 'lNONHSAG032063', 'lNONHSAG032126', 'lNONHSAG032247', 'lNONHSAG032267', 'lNONHSAG032297', 'lNONHSAG032302', 'lNONHSAG032309', 'lNONHSAG032312', 'lNONHSAG032537', 'lNONHSAG032560', 'lNONHSAG032664', 'lNONHSAG032682', 'lNONHSAG032724', 'lNONHSAG032737', 'lNONHSAG032748', 'lNONHSAG032750', 'lNONHSAG033061', 'lNONHSAG033100', 'lNONHSAG033107', 'lNONHSAG033121', 'lNONHSAG033168', 'lNONHSAG033170', 'lNONHSAG033216', 'lNONHSAG033224', 'lNONHSAG033263', 'lNONHSAG033266', 'lNONHSAG033298', 'lNONHSAG033328', 'lNONHSAG033334', 'lNONHSAG033342', 'lNONHSAG033348', 'lNONHSAG033352', 'lNONHSAG033368', 'lNONHSAG033386', 'lNONHSAG033390', 'lNONHSAG033435', 'lNONHSAG033459', 'lNONHSAG033471', 'lNONHSAG033480', 'lNONHSAG033528', 'lNONHSAG033589', 'lNONHSAG033611', 'lNONHSAG033691', 'lNONHSAG033735', 'lNONHSAG033748', 'lNONHSAG033810', 'lNONHSAG033898', 'lNONHSAG033899', 'lNONHSAG033937', 'lNONHSAG033940', 'lNONHSAG034006', 'lNONHSAG034014', 'lNONHSAG034021', 'lNONHSAG034032', 'lNONHSAG034217', 'lNONHSAG034316', 'lNONHSAG034417', 'lNONHSAG034418', 'lNONHSAG034492', 'lNONHSAG034527', 'lNONHSAG034676', 'lNONHSAG034801', 'lNONHSAG034845', 'lNONHSAG034846', 'lNONHSAG034935', 'lNONHSAG034973', 'lNONHSAG035096', 'lNONHSAG035262', 'lNONHSAG035382', 'lNONHSAG035456', 'lNONHSAG035531', 'lNONHSAG035568', 'lNONHSAG035806', 'lNONHSAG035914', 'lNONHSAG035916', 'lNONHSAG035923', 'lNONHSAG036047', 'lNONHSAG036054', 'lNONHSAG036115', 'lNONHSAG036120', 'lNONHSAG036255', 'lNONHSAG036263', 'lNONHSAG036273', 'lNONHSAG036403', 'lNONHSAG036407', 'lNONHSAG036412', 'lNONHSAG036413', 'lNONHSAG036612', 'lNONHSAG036615', 'lNONHSAG036667', 'lNONHSAG036718', 'lNONHSAG036783', 'lNONHSAG036866', 'lNONHSAG036922', 'lNONHSAG036926', 'lNONHSAG037025', 'lNONHSAG037061', 'lNONHSAG037072', 'lNONHSAG037073', 'lNONHSAG037080', 'lNONHSAG037082', 'lNONHSAG037083', 'lNONHSAG037096', 'lNONHSAG037137', 'lNONHSAG037146', 'lNONHSAG037164', 'lNONHSAG037241', 'lNONHSAG037348', 'lNONHSAG037420', 'lNONHSAG037559', 'lNONHSAG037827', 'lNONHSAG037891', 'lNONHSAG037936', 'lNONHSAG037946', 'lNONHSAG038001', 'lNONHSAG038024', 'lNONHSAG038060', 'lNONHSAG038091', 'lNONHSAG038162', 'lNONHSAG038343', 'lNONHSAG038344', 'lNONHSAG038397', 'lNONHSAG038502', 'lNONHSAG038530', 'lNONHSAG038561', 'lNONHSAG038578', 'lNONHSAG038663', 'lNONHSAG038675', 'lNONHSAG038676', 'lNONHSAG038682', 'lNONHSAG038836', 'lNONHSAG039037', 'lNONHSAG039038', 'lNONHSAG039147', 'lNONHSAG039293', 'lNONHSAG039295', 'lNONHSAG039319', 'lNONHSAG039617', 'lNONHSAG039620', 'lNONHSAG039634', 'lNONHSAG039637', 'lNONHSAG039654', 'lNONHSAG039664', 'lNONHSAG039669', 'lNONHSAG039872', 'lNONHSAG039951', 'lNONHSAG040179', 'lNONHSAG040188', 'lNONHSAG040226', 'lNONHSAG040241', 'lNONHSAG040269', 'lNONHSAG040320', 'lNONHSAG040329', 'lNONHSAG040408', 'lNONHSAG040444', 'lNONHSAG040481', 'lNONHSAG040544', 'lNONHSAG040692', 'lNONHSAG040700', 'lNONHSAG040729', 'lNONHSAG040804', 'lNONHSAG040859', 'lNONHSAG040870', 'lNONHSAG040909', 'lNONHSAG040945', 'lNONHSAG040958', 'lNONHSAG040969', 'lNONHSAG040976', 'lNONHSAG041002', 'lNONHSAG041017', 'lNONHSAG041023', 'lNONHSAG041241', 'lNONHSAG041250', 'lNONHSAG041256', 'lNONHSAG041257', 'lNONHSAG041480', 'lNONHSAG041528', 'lNONHSAG041529', 'lNONHSAG041592', 'lNONHSAG041670', 'lNONHSAG041707', 'lNONHSAG041716', 'lNONHSAG041758', 'lNONHSAG041844', 'lNONHSAG041883', 'lNONHSAG041938', 'lNONHSAG041966', 'lNONHSAG041981', 'lNONHSAG042050', 'lNONHSAG042080', 'lNONHSAG042132', 'lNONHSAG042138', 'lNONHSAG042218', 'lNONHSAG042257', 'lNONHSAG042270', 'lNONHSAG042306', 'lNONHSAG042307', 'lNONHSAG042370', 'lNONHSAG042433', 'lNONHSAG042476', 'lNONHSAG042491', 'lNONHSAG042500', 'lNONHSAG042722', 'lNONHSAG042724', 'lNONHSAG042836', 'lNONHSAG042855', 'lNONHSAG042966', 'lNONHSAG042970', 'lNONHSAG042991', 'lNONHSAG043138', 'lNONHSAG043159', 'lNONHSAG043229', 'lNONHSAG043250', 'lNONHSAG043303', 'lNONHSAG043433', 'lNONHSAG043550', 'lNONHSAG043592', 'lNONHSAG043625', 'lNONHSAG043657', 'lNONHSAG043770', 'lNONHSAG043851', 'lNONHSAG043934', 'lNONHSAG044041', 'lNONHSAG044064', 'lNONHSAG044283', 'lNONHSAG044350', 'lNONHSAG044406', 'lNONHSAG044429', 'lNONHSAG044533', 'lNONHSAG044666', 'lNONHSAG044709', 'lNONHSAG044751', 'lNONHSAG044791', 'lNONHSAG045160', 'lNONHSAG045163', 'lNONHSAG045166', 'lNONHSAG045306', 'lNONHSAG045383', 'lNONHSAG045430', 'lNONHSAG046722', 'lNONHSAG046730', 'lNONHSAG046765', 'lNONHSAG046781', 'lNONHSAG046811', 'lNONHSAG046839', 'lNONHSAG046953', 'lNONHSAG047191', 'lNONHSAG047197', 'lNONHSAG047260', 'lNONHSAG047319', 'lNONHSAG047433', 'lNONHSAG047463', 'lNONHSAG047469', 'lNONHSAG047471', 'lNONHSAG047507', 'lNONHSAG047543', 'lNONHSAG047544', 'lNONHSAG047547', 'lNONHSAG047620', 'lNONHSAG047725', 'lNONHSAG047792', 'lNONHSAG047830', 'lNONHSAG047842', 'lNONHSAG047851', 'lNONHSAG047951', 'lNONHSAG047973', 'lNONHSAG047974', 'lNONHSAG048057', 'lNONHSAG048101', 'lNONHSAG048114', 'lNONHSAG048228', 'lNONHSAG048270', 'lNONHSAG048302', 'lNONHSAG048323', 'lNONHSAG048439', 'lNONHSAG048464', 'lNONHSAG048598', 'lNONHSAG048602', 'lNONHSAG048603', 'lNONHSAG048623', 'lNONHSAG048626', 'lNONHSAG048641', 'lNONHSAG048682', 'lNONHSAG048695', 'lNONHSAG048817', 'lNONHSAG049037', 'lNONHSAG049051', 'lNONHSAG049119', 'lNONHSAG049157', 'lNONHSAG049185', 'lNONHSAG049191', 'lNONHSAG049288', 'lNONHSAG049303', 'lNONHSAG049356', 'lNONHSAG049507', 'lNONHSAG049626', 'lNONHSAG049655', 'lNONHSAG049754', 'lNONHSAG049801', 'lNONHSAG049901', 'lNONHSAG050073', 'lNONHSAG050104', 'lNONHSAG050272', 'lNONHSAG050273', 'lNONHSAG050284', 'lNONHSAG050345', 'lNONHSAG050423', 'lNONHSAG050445', 'lNONHSAG050493', 'lNONHSAG050518', 'lNONHSAG050670', 'lNONHSAG050725', 'lNONHSAG050769', 'lNONHSAG050786', 'lNONHSAG050815', 'lNONHSAG050929', 'lNONHSAG050985', 'lNONHSAG051010', 'lNONHSAG051015', 'lNONHSAG051196', 'lNONHSAG051245', 'lNONHSAG051250', 'lNONHSAG051255', 'lNONHSAG051259', 'lNONHSAG051260', 'lNONHSAG051263', 'lNONHSAG051266', 'lNONHSAG051291', 'lNONHSAG051454', 'lNONHSAG051484', 'lNONHSAG051514', 'lNONHSAG051517', 'lNONHSAG051523', 'lNONHSAG051542', 'lNONHSAG051567', 'lNONHSAG051568', 'lNONHSAG051603', 'lNONHSAG051770', 'lNONHSAG051898', 'lNONHSAG051958', 'lNONHSAG052046', 'lNONHSAG052082', 'lNONHSAG052097', 'lNONHSAG052119', 'lNONHSAG052149', 'lNONHSAG052151', 'lNONHSAG052179', 'lNONHSAG052454', 'lNONHSAG052459', 'lNONHSAG052491', 'lNONHSAG052492', 'lNONHSAG052495', 'lNONHSAG052510', 'lNONHSAG052511', 'lNONHSAG052680', 'lNONHSAG052686', 'lNONHSAG052709', 'lNONHSAG052726', 'lNONHSAG052853', 'lNONHSAG052908', 'lNONHSAG052931', 'lNONHSAG052933', 'lNONHSAG052943', 'lNONHSAG053007', 'lNONHSAG053014', 'lNONHSAG053028', 'lNONHSAG053033', 'lNONHSAG053108', 'lNONHSAG053162', 'lNONHSAG053228', 'lNONHSAG053419', 'lNONHSAG053456', 'lNONHSAG053499', 'lNONHSAG053500', 'lNONHSAG053502', 'lNONHSAG053546', 'lNONHSAG053547', 'lNONHSAG053590', 'lNONHSAG053602', 'lNONHSAG053626', 'lNONHSAG053631', 'lNONHSAG053651', 'lNONHSAG053748', 'lNONHSAG053796', 'lNONHSAG053802', 'lNONHSAG054024', 'lNONHSAG054038', 'lNONHSAG054213', 'lNONHSAG054214', 'lNONHSAG054215', 'lNONHSAG054216', 'lNONHSAG054301', 'lNONHSAG054360', 'lNONHSAG054432', 'lNONHSAG054699', 'lNONHSAG054716', 'lNONHSAG054717', 'lNONHSAG054718', 'lNONHSAG054780', 'lNONHSAG054791', 'lNONHSAG054832', 'lNONHSAG055008', 'lNONHSAG055088', 'lNONHSAG055092', 'lNONHSAG055151', 'lNONHSAG055258', 'lNONHSAG055350', 'lNONHSAG055418', 'lNONHSAG055450', 'lNONHSAG055546', 'lNONHSAG055558', 'lNONHSAG055565', 'lNONHSAG055582', 'lNONHSAG056025', 'lNONHSAG056029', 'lNONHSAG056053', 'lNONHSAG056451', 'lNONHSAG056733', 'lNONHSAG056746', 'lNONHSAG056868', 'lNONHSAG057043', 'lNONHSAG057222', 'lNONHSAG057260', 'lNONHSAG058006', 'lNONHSAG058109', 'lNONHSAG058112', 'lNONHSAG058118', 'lNONHSAG058533', 'lNONHSAG058967', 'lNONHSAG059768', 'lNONHSAG060586', 'lNONHSAG061096', 'lNONHSAG061404', 'lNONHSAG061492', 'lNONHSAG063700', 'lNONHSAG064784', 'lNONHSAG064962', 'lNONHSAG065252', 'lNONHSAG065364', 'lNONHSAG066253', 'lNONHSAG068402', 'lNONHSAG068639', 'lNONHSAG069030', 'lNONHSAG069147', 'lNONHSAG069277', 'lNONHSAG069876', 'lNONHSAG070257', 'lNONHSAG071444', 'lNONHSAG072176', 'lNONHSAG073025', 'lNONHSAG073380', 'lNONHSAG073419', 'lNONHSAG073786', 'lNONHSAG074052', 'lNONHSAG074661', 'lNONHSAG075363', 'lNONHSAG077475', 'lNONHSAG077527', 'lNONHSAG077551', 'lNONHSAG079231', 'lNONHSAG080772', 'lNONHSAG081583', 'lNONHSAG081993', 'lNONHSAG082891', 'lNONHSAG083209', 'lNONHSAG083289', 'lNONHSAG083615', 'lNONHSAG083859', 'lNONHSAG083883', 'lNONHSAG083894', 'lNONHSAG084701', 'lNONHSAG084832', 'lNONHSAG084937', 'lNONHSAG085975', 'lNONHSAG088562', 'lNONHSAG089857', 'lNONHSAG091116', 'lNONHSAG091284', 'lNONHSAG091452', 'lNONHSAG091943', 'lNONHSAG092907', 'lNONHSAG093064', 'lNONHSAG093078', 'lNONHSAG093517', 'lNONHSAG094075', 'lNONHSAG094129', 'lNONHSAG094269', 'lNONHSAG096227', 'lNONHSAG096230', 'lNONHSAG096627', 'lNONHSAG097344', 'lNONHSAG097347', 'lNONHSAG098653', 'lNONHSAG099082', 'lNONHSAG099120', 'lNONHSAG099126', 'lNONHSAG099742', 'lNONHSAG099774', 'lNONHSAG101229', 'lNONHSAG101725', 'lNONHSAG102572', 'lNONHSAG102979', 'lNONHSAG103259', 'lNONHSAG103457', 'lNONHSAG103817', 'lNONHSAG104186', 'lNONHSAG110420', 'lNONHSAG110858', 'lNONHSAG111667', 'lNONHSAG113761', 'lNONHSAG114445', 'lENSG00000103472', 'lENSG00000163364', 'lENSG00000175061', 'lENSG00000177410', 'lENSG00000179406', 'lENSG00000179523', 'lENSG00000189295', 'lENSG00000198221', 'lENSG00000198468', 'lENSG00000203497', 'lENSG00000205611', 'lENSG00000223764', 'lENSG00000223783', 'lENSG00000224057', 'lENSG00000224078', 'lENSG00000224614', 'lENSG00000225470', 'lENSG00000225506', 'lENSG00000225855', 'lENSG00000226115', 'lENSG00000226137', 'lENSG00000227082', 'lENSG00000227256', 'lENSG00000227963', 'lENSG00000228022', 'lENSG00000228526', 'lENSG00000229267', 'lENSG00000229335', 'lENSG00000229388', 'lENSG00000230046', 'lENSG00000230061', 'lENSG00000230257', 'lENSG00000230313', 'lENSG00000230400', 'lENSG00000230866', 'lENSG00000231437', 'lENSG00000231473', 'lENSG00000231663', 'lENSG00000232265', 'lENSG00000232415', 'lENSG00000232442', 'lENSG00000232500', 'lENSG00000233047', 'lENSG00000233532', 'lENSG00000233590', 'lENSG00000234169', 'lENSG00000234222', 'lENSG00000234546', 'lENSG00000234625', 'lENSG00000235385', 'lENSG00000235535', 'lENSG00000235724', 'lENSG00000236240', 'lENSG00000236535', 'lENSG00000236671', 'lENSG00000237396', 'lENSG00000241388', 'lENSG00000243479', 'lENSG00000244124', 'lENSG00000245067', 'lENSG00000245146', 'lENSG00000245614', 'lENSG00000246560', 'lENSG00000247095', 'lENSG00000247373', 'lENSG00000247400', 'lENSG00000247498', 'lENSG00000249532', 'lENSG00000249786', 'lENSG00000249835', 'lENSG00000249993', 'lENSG00000250635', 'lENSG00000251003', 'lENSG00000251061', 'lENSG00000253315', 'lENSG00000254418', 'lENSG00000254480', 'lENSG00000254508', 'lENSG00000254635', 'lENSG00000254791', 'lENSG00000255363', 'lENSG00000255427', 'lENSG00000255553', 'lENSG00000255850', 'lENSG00000256742', 'lENSG00000256769', 'lENSG00000257084', 'lENSG00000258912', 'lENSG00000259289', 'lENSG00000259424', 'lENSG00000260219', 'lENSG00000260280', 'lENSG00000260455', 'lENSG00000260924', 'lENSG00000260969', 'lENSG00000261183', 'lENSG00000261423', 'lENSG00000261780', 'lENSG00000263718', 'lENSG00000264672', 'lENSG00000265374', 'lENSG00000266402', 'lENSG00000266970', 'lENSG00000267321', 'lENSG00000267395', 'lENSG00000267413', 'lENSG00000267440', 'lENSG00000267858', 'lENSG00000269019', 'lENSG00000269911', 'lENSG00000269939', 'lENSG00000270084', 'lENSG00000270344', 'lENSG00000270959', 'lENSG00000272769', 'lENSG00000274372', 'lENSG00000278709', 'lENSG00000278970', 'lENSG00000279296', 'lENSG00000281189', 'lENSG00000284070', 'lENSG00000285644', 'lENSG00000286737', 'lENSG00000288080', 'lENSG00000224167', 'lENSG00000224739', 'lA1BG-AS1', 'lADAMTS9-AS2', 'lANKRD62P1-PARP4P3', 'lAQP4-AS1', 'lASMTL-AS1', 'lBANCR', 'lCCAT2', 'lCDKN2B-AS1', 'lDGKK', 'lDLX6-AS1', 'lEGOT', 'lGATA3-AS1', 'lGATA6-AS1', 'lGHET1', 'lHEIH', 'lHOTAIRM1', 'lINHBA-AS1', 'lJPX', 'lJRK', 'lKCTD21-AS1', 'lKTN1-AS1', 'lLAMTOR5-AS1', 'lLBX2-AS1', 'lLINC00173', 'lLINC00174', 'lLINC00240', 'lLINC00333', 'lLINC00472', 'lLPP-AS2', 'lMCM3AP-AS1', 'lMIR181A1HG', 'lMIR31HG', 'lMYLK-AS1', 'lPANDAR', 'lPCGEM1', 'lPVT1', 'lRHPN1-AS1', 'lRMST', 'lSNHG15', 'lSNHG16', 'lSNX29P2', 'lTEN1-CDK3', 'lTPTEP1', 'lTRAM2-AS1', 'lVCAN-AS1', 'lZFAS1', 'lZNF286B', 'lZNF503-AS2', 'lLINC00461', 'lLINC00514', 'lSLC2A1-AS1', 'lSRP14-AS1', 'lAC007009.1', 'lPWAR6', 'lAC004840.8', 'lAC061992.2', 'lAC103564.7', 'lAC135048.13', 'lAC137723.5', 'lAC137932.5', 'lAL928742.12', 'lAP001058.3', 'lCTB-60B18.10', 'lCTB-91J4.1', 'lCTC-338M12.2', 'lCTD-2165H16.4', 'lCTD-2540L5.5', 'lKB-7G2.8', 'lLA16c-321D4.2', 'lLA16c-380H5.3', 'lLL22NC03-23C6.13', 'lRP1-283E3.8', 'lRP11-100F15.1', 'lRP11-108M9.3', 'lRP11-123O10.4', 'lRP11-137H2.4', 'lRP11-197N18.2', 'lRP11-21J18.1', 'lRP11-243J18.2', 'lRP11-24P14.1', 'lRP11-264B17.3', 'lRP11-276H7.2', 'lRP11-2C24.4', 'lRP11-305P14.1', 'lRP11-439K3.1', 'lRP11-467J12.4', 'lRP11-49K24.4', 'lRP11-514P8.8', 'lRP11-54O7.3', 'lRP11-550C4.6', 'lRP11-680A11.5', 'lRP4-756H11.3', 'lRP4-790G17.7', 'lRP5-1061H20.4', 'lRP5-1160K1.8', 'lXXbac-B444P24.8', 'lXXbac-BPG300A18.13', 'lAC018766.4', 'lCTD-2231H16.1', 'lHNRNPU-AS1', 'lRP11-429J17.8', 'lRP11-672A2.1', 'lRP5-1063M23.1', 'lRP11-495P10.8', 'lCTA-250D10.23', 'lRP4-610C12.4', 'lLINC00035', 'lNONHSAG000157', 'lNONHSAG000265', 'lNONHSAG000297', 'lNONHSAG000298', 'lNONHSAG000623', 'lNONHSAG000636', 'lNONHSAG000677', 'lNONHSAG000896', 'lNONHSAG001008', 'lNONHSAG001014', 'lNONHSAG001028', 'lNONHSAG001030', 'lNONHSAG001033', 'lNONHSAG001147', 'lNONHSAG001171', 'lNONHSAG001207', 'lNONHSAG001240', 'lNONHSAG001258', 'lNONHSAG001419', 'lNONHSAG001435', 'lNONHSAG001613', 'lNONHSAG002403', 'lNONHSAG002487', 'lNONHSAG002619', 'lNONHSAG002726', 'lNONHSAG002816', 'lNONHSAG003227', 'lNONHSAG003308', 'lNONHSAG003418', 'lNONHSAG003459', 'lNONHSAG003810', 'lNONHSAG003881', 'lNONHSAG004227', 'lNONHSAG004351', 'lNONHSAG004475', 'lNONHSAG004638', 'lNONHSAG004893', 'lNONHSAG005363', 'lNONHSAG005473', 'lNONHSAG005522', 'lNONHSAG005652', 'lNONHSAG005679', 'lNONHSAG005690', 'lNONHSAG005717', 'lNONHSAG005725', 'lNONHSAG005727', 'lNONHSAG005739', 'lNONHSAG005740', 'lNONHSAG005746', 'lNONHSAG005747', 'lNONHSAG005760', 'lNONHSAG005761', 'lNONHSAG005769', 'lNONHSAG005789', 'lNONHSAG005797', 'lNONHSAG005821', 'lNONHSAG005830', 'lNONHSAG005842', 'lNONHSAG005847', 'lNONHSAG005851', 'lNONHSAG005852', 'lNONHSAG005853', 'lNONHSAG005855', 'lNONHSAG005857', 'lNONHSAG005859', 'lNONHSAG005862', 'lNONHSAG005867', 'lNONHSAG005870', 'lNONHSAG005885', 'lNONHSAG005901', 'lNONHSAG005915', 'lNONHSAG005935', 'lNONHSAG005936', 'lNONHSAG005939', 'lNONHSAG005985', 'lNONHSAG006012', 'lNONHSAG006022', 'lNONHSAG006078', 'lNONHSAG006086', 'lNONHSAG006097', 'lNONHSAG006103', 'lNONHSAG006160', 'lNONHSAG006166', 'lNONHSAG006183', 'lNONHSAG006186', 'lNONHSAG006187', 'lNONHSAG006206', 'lNONHSAG006220', 'lNONHSAG006221', 'lNONHSAG006235', 'lNONHSAG006240', 'lNONHSAG006274', 'lNONHSAG006279', 'lNONHSAG006290', 'lNONHSAG006293', 'lNONHSAG006300', 'lNONHSAG006314', 'lNONHSAG006324', 'lNONHSAG006376', 'lNONHSAG006377', 'lNONHSAG006382', 'lNONHSAG006388', 'lNONHSAG006395', 'lNONHSAG006399', 'lNONHSAG006405', 'lNONHSAG006407', 'lNONHSAG006412', 'lNONHSAG006415', 'lNONHSAG006434', 'lNONHSAG006440', 'lNONHSAG006450', 'lNONHSAG006459', 'lNONHSAG006479', 'lNONHSAG006487', 'lNONHSAG006493', 'lNONHSAG006507', 'lNONHSAG006527', 'lNONHSAG006536', 'lNONHSAG006551', 'lNONHSAG006554', 'lNONHSAG006555', 'lNONHSAG006557', 'lNONHSAG006573', 'lNONHSAG006576', 'lNONHSAG006579', 'lNONHSAG006581', 'lNONHSAG006586', 'lNONHSAG006602', 'lNONHSAG006646', 'lNONHSAG006653', 'lNONHSAG006669', 'lNONHSAG006716', 'lNONHSAG006748', 'lNONHSAG006750', 'lNONHSAG006765', 'lNONHSAG006779', 'lNONHSAG006808', 'lNONHSAG006832', 'lNONHSAG006863', 'lNONHSAG006883', 'lNONHSAG006889', 'lNONHSAG006894', 'lNONHSAG006897', 'lNONHSAG006909', 'lNONHSAG006915', 'lNONHSAG006922', 'lNONHSAG006967', 'lNONHSAG006970', 'lNONHSAG006976', 'lNONHSAG007008', 'lNONHSAG007020', 'lNONHSAG007023', 'lNONHSAG007029', 'lNONHSAG007031', 'lNONHSAG007035', 'lNONHSAG007063', 'lNONHSAG007065', 'lNONHSAG007087', 'lNONHSAG007093', 'lNONHSAG007103', 'lNONHSAG007118', 'lNONHSAG007123', 'lNONHSAG007129', 'lNONHSAG007155', 'lNONHSAG007166', 'lNONHSAG007172', 'lNONHSAG007203', 'lNONHSAG007224', 'lNONHSAG007225', 'lNONHSAG007259', 'lNONHSAG007268', 'lNONHSAG007278', 'lNONHSAG007286', 'lNONHSAG007298', 'lNONHSAG007414', 'lNONHSAG007419', 'lNONHSAG007429', 'lNONHSAG007458', 'lNONHSAG007488', 'lNONHSAG007507', 'lNONHSAG007531', 'lNONHSAG007533', 'lNONHSAG007543', 'lNONHSAG007544', 'lNONHSAG007554', 'lNONHSAG007563', 'lNONHSAG007574', 'lNONHSAG007578', 'lNONHSAG007587', 'lNONHSAG007599', 'lNONHSAG007621', 'lNONHSAG007632', 'lNONHSAG007730', 'lNONHSAG007932', 'lENSG00000083622', 'lENSG00000105501', 'lENSG00000122043', 'lENSG00000149443', 'lENSG00000167920', 'lENSG00000175746', 'lENSG00000177596', 'lENSG00000178248', 'lENSG00000197644', 'lENSG00000197880', 'lENSG00000198054', 'lENSG00000198671', 'lENSG00000203307', 'lENSG00000203434', 'lENSG00000203469', 'lENSG00000203472', 'lENSG00000203565', 'lENSG00000203605', 'lENSG00000203864', 'lENSG00000204393', 'lENSG00000204464', 'lENSG00000205018', 'lENSG00000205452', 'lENSG00000205500', 'lENSG00000212856', 'lENSG00000219410', 'lENSG00000221845', 'lENSG00000222000', 'lENSG00000222032', 'lENSG00000222044', 'lENSG00000223374', 'lENSG00000223387', 'lENSG00000223400', 'lENSG00000223537', 'lENSG00000223563', 'lENSG00000223634', 'lENSG00000223641', 'lENSG00000223647', 'lENSG00000223720', 'lENSG00000223727', 'lENSG00000223786', 'lENSG00000223809', 'lENSG00000223831', 'lENSG00000223881', 'lENSG00000223993', 'lENSG00000224031', 'lENSG00000224075', 'lENSG00000224095', 'lENSG00000224220', 'lENSG00000224277', 'lENSG00000224330', 'lENSG00000224384', 'lENSG00000224500', 'lENSG00000224535', 'lENSG00000224541', 'lENSG00000224549', 'lENSG00000224595', 'lENSG00000224655', 'lENSG00000224794', 'lENSG00000224821', 'lENSG00000224844', 'lENSG00000224885', 'lENSG00000224922', 'lENSG00000224972', 'lENSG00000225012', 'lENSG00000225050', 'lENSG00000225129', 'lENSG00000225146', 'lENSG00000225218', 'lENSG00000225325', 'lENSG00000225334', 'lENSG00000225378', 'lENSG00000225457', 'lENSG00000225537', 'lENSG00000225570', 'lENSG00000225588', 'lENSG00000225750', 'lENSG00000225761', 'lENSG00000225798', 'lENSG00000225886', 'lENSG00000225929', 'lENSG00000226047', 'lENSG00000226133', 'lENSG00000226143', 'lENSG00000226193', 'lENSG00000226194', 'lENSG00000226323', 'lENSG00000226337', 'lENSG00000226352', 'lENSG00000226398', 'lENSG00000226442', 'lENSG00000226454', 'lENSG00000226486', 'lENSG00000226508', 'lENSG00000226522', 'lENSG00000226542', 'lENSG00000226562', 'lENSG00000226566', 'lENSG00000226576', 'lENSG00000226699', 'lENSG00000226770', 'lENSG00000226813', 'lENSG00000226883', 'lENSG00000226925', 'lENSG00000226956', 'lENSG00000226957', 'lENSG00000227075', 'lENSG00000227076', 'lENSG00000227125', 'lENSG00000227131', 'lENSG00000227181', 'lENSG00000227197', 'lENSG00000227330', 'lENSG00000227360', 'lENSG00000227409', 'lENSG00000227459', 'lENSG00000227482', 'lENSG00000227496', 'lENSG00000227509', 'lENSG00000227512', 'lENSG00000227549', 'lENSG00000227579', 'lENSG00000227606', 'lENSG00000227611', 'lENSG00000227680', 'lENSG00000227716', 'lENSG00000227718', 'lENSG00000227769', 'lENSG00000227863', 'lENSG00000227893', 'lENSG00000227958', 'lENSG00000227960', 'lENSG00000228028', 'lENSG00000228082', 'lENSG00000228108', 'lENSG00000228136', 'lENSG00000228170', 'lENSG00000228215', 'lENSG00000228231', 'lENSG00000228261', 'lENSG00000228272', 'lENSG00000228351', 'lENSG00000228372', 'lENSG00000228383', 'lENSG00000228470', 'lENSG00000228485', 'lENSG00000228548', 'lENSG00000228596', 'lENSG00000228627', 'lENSG00000228804', 'lENSG00000228826', 'lENSG00000228852', 'lENSG00000228939', 'lENSG00000228950', 'lENSG00000229152', 'lENSG00000229167', 'lENSG00000229190', 'lENSG00000229283', 'lENSG00000229297', 'lENSG00000229331', 'lENSG00000229345', 'lENSG00000229370', 'lENSG00000229379', 'lENSG00000229457', 'lENSG00000229487', 'lENSG00000229498', 'lENSG00000229502', 'lENSG00000229528', 'lENSG00000229531', 'lENSG00000229673', 'lENSG00000229679', 'lENSG00000229848', 'lENSG00000229851', 'lENSG00000229953', 'lENSG00000229999', 'lENSG00000230010', 'lENSG00000230065', 'lENSG00000230105', 'lENSG00000230109', 'lENSG00000230121', 'lENSG00000230131', 'lENSG00000230153', 'lENSG00000230155', 'lENSG00000230190', 'lENSG00000230197', 'lENSG00000230233', 'lENSG00000230234', 'lENSG00000230323', 'lENSG00000230432', 'lENSG00000230483', 'lENSG00000230499', 'lENSG00000230599', 'lENSG00000230668', 'lENSG00000230735', 'lENSG00000230741', 'lENSG00000230759', 'lENSG00000230790', 'lENSG00000230794', 'lENSG00000230826', 'lENSG00000230830', 'lENSG00000230912', 'lENSG00000230918', 'lENSG00000230972', 'lENSG00000231081', 'lENSG00000231082', 'lENSG00000231092', 'lENSG00000231102', 'lENSG00000231114', 'lENSG00000231143', 'lENSG00000231253', 'lENSG00000231272', 'lENSG00000231407', 'lENSG00000231413', 'lENSG00000231440', 'lENSG00000231492', 'lENSG00000231496', 'lENSG00000231539', 'lENSG00000231597', 'lENSG00000231678', 'lENSG00000231681', 'lENSG00000231724', 'lENSG00000231760', 'lENSG00000231772', 'lENSG00000231781', 'lENSG00000231912', 'lENSG00000231914', 'lENSG00000231937', 'lENSG00000231953', 'lENSG00000231964', 'lENSG00000232031', 'lENSG00000232058', 'lENSG00000232072', 'lENSG00000232086', 'lENSG00000232120', 'lENSG00000232192', 'lENSG00000232252', 'lENSG00000232286', 'lENSG00000232310', 'lENSG00000232328', 'lENSG00000232335', 'lENSG00000232359', 'lENSG00000232363', 'lENSG00000232396', 'lENSG00000232451', 'lENSG00000232464', 'lENSG00000232465', 'lENSG00000232564', 'lENSG00000232596', 'lENSG00000232604', 'lENSG00000232710', 'lENSG00000232719', 'lENSG00000232746', 'lENSG00000232893', 'lENSG00000232895', 'lENSG00000232930', 'lENSG00000232939', 'lENSG00000232964', 'lENSG00000233070', 'lENSG00000233079', 'lENSG00000233178', 'lENSG00000233179', 'lENSG00000233219', 'lENSG00000233222', 'lENSG00000233330', 'lENSG00000233339', 'lENSG00000233407', 'lENSG00000233472', 'lENSG00000233479', 'lENSG00000233534', 'lENSG00000233581', 'lENSG00000233613', 'lENSG00000233625', 'lENSG00000233656', 'lENSG00000233665', 'lENSG00000233689', 'lENSG00000233706', 'lENSG00000233851', 'lENSG00000233891', 'lENSG00000233953', 'lENSG00000233960', 'lENSG00000233969', 'lENSG00000233985', 'lENSG00000234055', 'lENSG00000234117', 'lENSG00000234149', 'lENSG00000234160', 'lENSG00000234172', 'lENSG00000234191', 'lENSG00000234318', 'lENSG00000234504', 'lENSG00000234567', 'lENSG00000234622', 'lENSG00000234626', 'lENSG00000234653', 'lENSG00000234693', 'lENSG00000234756', 'lENSG00000234860', 'lENSG00000234900', 'lENSG00000234953', 'lENSG00000234961', 'lENSG00000234979', 'lENSG00000235011', 'lENSG00000235050', 'lENSG00000235059', 'lENSG00000235086', 'lENSG00000235122', 'lENSG00000235435', 'lENSG00000235494', 'lENSG00000235628', 'lENSG00000235635', 'lENSG00000235637', 'lENSG00000235669', 'lENSG00000235786', 'lENSG00000235813', 'lENSG00000236022', 'lENSG00000236031', 'lENSG00000236065', 'lENSG00000236242', 'lENSG00000236267', 'lENSG00000236272', 'lENSG00000236324', 'lENSG00000236326', 'lENSG00000236358', 'lENSG00000236366', 'lENSG00000236414', 'lENSG00000236452', 'lENSG00000236463', 'lENSG00000236498', 'lENSG00000236559', 'lENSG00000236648', 'lENSG00000236662', 'lENSG00000236723', 'lENSG00000236744', 'lENSG00000236758', 'lENSG00000236800', 'lENSG00000236828', 'lENSG00000236854', 'lENSG00000236921', 'lENSG00000236951', 'lENSG00000236953', 'lENSG00000236975', 'lENSG00000237015', 'lENSG00000237058', 'lENSG00000237073', 'lENSG00000237200', 'lENSG00000237312', 'lENSG00000237324', 'lENSG00000237331', 'lENSG00000237337', 'lENSG00000237373', 'lENSG00000237477', 'lENSG00000237481', 'lENSG00000237520', 'lENSG00000237571', 'lENSG00000237576', 'lENSG00000237581', 'lENSG00000237670', 'lENSG00000237687', 'lENSG00000237734', 'lENSG00000237756', 'lENSG00000237802', 'lENSG00000237919', 'lENSG00000237921', 'lENSG00000237993', 'lENSG00000238131', 'lENSG00000238140', 'lENSG00000238185', 'lENSG00000238282', 'lENSG00000238291', 'lENSG00000239415', 'lENSG00000239482', 'lENSG00000239593', 'lENSG00000240573', 'lENSG00000241383', 'lENSG00000241397', 'lENSG00000241577', 'lENSG00000241593', 'lENSG00000241666', 'lENSG00000241985', 'lENSG00000242012', 'lENSG00000242072', 'lENSG00000242339', 'lENSG00000242391', 'lENSG00000242545', 'lENSG00000242618', 'lENSG00000242795', 'lENSG00000242861', 'lENSG00000243149', 'lENSG00000243230', 'lENSG00000243273', 'lENSG00000243368', 'lENSG00000243797', 'lENSG00000243903', 'lENSG00000243961', 'lENSG00000244278', 'lENSG00000244327', 'lENSG00000244461', 'lENSG00000244701', 'lENSG00000245148', 'lENSG00000245385', 'lENSG00000246541', 'lENSG00000247867', 'lENSG00000247925', 'lENSG00000248125', 'lENSG00000248145', 'lENSG00000248148', 'lENSG00000248172', 'lENSG00000248245', 'lENSG00000248373', 'lENSG00000248393', 'lENSG00000248397', 'lENSG00000248416', 'lENSG00000248457', 'lENSG00000248482', 'lENSG00000248490', 'lENSG00000248576', 'lENSG00000248599', 'lENSG00000248627', 'lENSG00000248758', 'lENSG00000248789', 'lENSG00000248925', 'lENSG00000248935', 'lENSG00000248969', 'lENSG00000248975', 'lENSG00000248984', 'lENSG00000248995', 'lENSG00000249071', 'lENSG00000249099', 'lENSG00000249111', 'lENSG00000249114', 'lENSG00000249297', 'lENSG00000249334', 'lENSG00000249382', 'lENSG00000249409', 'lENSG00000249419', 'lENSG00000249426', 'lENSG00000249441', 'lENSG00000249451', 'lENSG00000249474', 'lENSG00000249547', 'lENSG00000249613', 'lENSG00000249697', 'lENSG00000249706', 'lENSG00000249742', 'lENSG00000249753', 'lENSG00000249782', 'lENSG00000249806', 'lENSG00000249830', 'lENSG00000249865', 'lENSG00000249892', 'lENSG00000250062', 'lENSG00000250092', 'lENSG00000250186', 'lENSG00000250195', 'lENSG00000250242', 'lENSG00000250524', 'lENSG00000250541', 'lENSG00000250626', 'lENSG00000250629', 'lENSG00000250646', 'lENSG00000250657', 'lENSG00000250665', 'lENSG00000250791', 'lENSG00000250820', 'lENSG00000250855', 'lENSG00000250865', 'lENSG00000250866', 'lENSG00000250877', 'lENSG00000250910', 'lENSG00000250917', 'lENSG00000250929', 'lENSG00000250945', 'lENSG00000250949', 'lENSG00000250950', 'lENSG00000250955', 'lENSG00000250993', 'lENSG00000251059', 'lENSG00000251072', 'lENSG00000251185', 'lENSG00000251194', 'lENSG00000251256', 'lENSG00000251266', 'lENSG00000251281', 'lENSG00000251283', 'lENSG00000251412', 'lENSG00000251414', 'lENSG00000251688', 'lENSG00000253134', 'lENSG00000253142', 'lENSG00000253147', 'lENSG00000253167', 'lENSG00000253171', 'lENSG00000253189', 'lENSG00000253282', 'lENSG00000253356', 'lENSG00000253397', 'lENSG00000253449', 'lENSG00000253456', 'lENSG00000253503', 'lENSG00000253507', 'lENSG00000253530', 'lENSG00000253539', 'lENSG00000253619', 'lENSG00000253627', 'lENSG00000253643', 'lENSG00000253645', 'lENSG00000253660', 'lENSG00000253665', 'lENSG00000253717', 'lENSG00000253722', 'lENSG00000253754', 'lENSG00000253782', 'lENSG00000253834', 'lENSG00000253851', 'lENSG00000253858', 'lENSG00000253865', 'lENSG00000253871', 'lENSG00000253875', 'lENSG00000253880', 'lENSG00000253927', 'lENSG00000253947', 'lENSG00000254011', 'lENSG00000254021', 'lENSG00000254026', 'lENSG00000254033', 'lENSG00000254035', 'lENSG00000254084', 'lENSG00000254094', 'lENSG00000254123', 'lENSG00000254141', 'lENSG00000254171', 'lENSG00000254177', 'lENSG00000254207', 'lENSG00000254239', 'lENSG00000254242', 'lENSG00000254314', 'lENSG00000254325', 'lENSG00000254347', 'lENSG00000254350', 'lENSG00000254380', 'lENSG00000254428', 'lENSG00000254429', 'lENSG00000254456', 'lENSG00000254516', 'lENSG00000254526', 'lENSG00000254559', 'lENSG00000254563', 'lENSG00000254574', 'lENSG00000254592', 'lENSG00000254604', 'lENSG00000254620', 'lENSG00000254626', 'lENSG00000254627', 'lENSG00000254689', 'lENSG00000254739', 'lENSG00000254775', 'lENSG00000254787', 'lENSG00000254829', 'lENSG00000254842', 'lENSG00000254846', 'lENSG00000254847', 'lENSG00000254864', 'lENSG00000254879', 'lENSG00000254913', 'lENSG00000254928', 'lENSG00000254930', 'lENSG00000254972', 'lENSG00000254983', 'lENSG00000254990', 'lENSG00000255039', 'lENSG00000255041', 'lENSG00000255084', 'lENSG00000255114', 'lENSG00000255121', 'lENSG00000255159', 'lENSG00000255167', 'lENSG00000255227', 'lENSG00000255247', 'lENSG00000255271', 'lENSG00000255327', 'lENSG00000255357', 'lENSG00000255366', 'lENSG00000255375', 'lENSG00000255390', 'lENSG00000255443', 'lENSG00000255462', 'lENSG00000255478', 'lENSG00000255482', 'lENSG00000255496', 'lENSG00000255498', 'lENSG00000255506', 'lENSG00000255523', 'lENSG00000255528', 'lENSG00000255539', 'lENSG00000255555', 'lENSG00000255565', 'lENSG00000255572', 'lENSG00000255580', 'lENSG00000255808', 'lENSG00000255839', 'lENSG00000255949', 'lENSG00000256007', 'lENSG00000256071', 'lENSG00000256072', 'lENSG00000256083', 'lENSG00000256209', 'lENSG00000256226', 'lENSG00000256234', 'lENSG00000256292', 'lENSG00000256314', 'lENSG00000256448', 'lENSG00000256452', 'lENSG00000256482', 'lENSG00000256484', 'lENSG00000256568', 'lENSG00000256582', 'lENSG00000256670', 'lENSG00000256733', 'lENSG00000256972', 'lENSG00000257004', 'lENSG00000257022', 'lENSG00000257096', 'lENSG00000257105', 'lENSG00000257137', 'lENSG00000257165', 'lENSG00000257235', 'lENSG00000257261', 'lENSG00000257264', 'lENSG00000257265', 'lENSG00000257271', 'lENSG00000257275', 'lENSG00000257342', 'lENSG00000257381', 'lENSG00000257407', 'lENSG00000257470', 'lENSG00000257488', 'lENSG00000257494', 'lENSG00000257500', 'lENSG00000257514', 'lENSG00000257527', 'lENSG00000257541', 'lENSG00000257587', 'lENSG00000257653', 'lENSG00000257732', 'lENSG00000257750', 'lENSG00000257764', 'lENSG00000257787', 'lENSG00000257860', 'lENSG00000257925', 'lENSG00000257997', 'lENSG00000258007', 'lENSG00000258044', 'lENSG00000258084', 'lENSG00000258167', 'lENSG00000258185', 'lENSG00000258210', 'lENSG00000258220', 'lENSG00000258234', 'lENSG00000258272', 'lENSG00000258292', 'lENSG00000258308', 'lENSG00000258312', 'lENSG00000258313', 'lENSG00000258323', 'lENSG00000258331', 'lENSG00000258378', 'lENSG00000258379', 'lENSG00000258390', 'lENSG00000258394', 'lENSG00000258425', 'lENSG00000258451', 'lENSG00000258460', 'lENSG00000258515', 'lENSG00000258516', 'lENSG00000258670', 'lENSG00000258690', 'lENSG00000258695', 'lENSG00000258698', 'lENSG00000258742', 'lENSG00000258745', 'lENSG00000258784', 'lENSG00000258800', 'lENSG00000258824', 'lENSG00000258826', 'lENSG00000258829', 'lENSG00000258904', 'lENSG00000258908', 'lENSG00000258958', 'lENSG00000259007', 'lENSG00000259026', 'lENSG00000259188', 'lENSG00000259194', 'lENSG00000259202', 'lENSG00000259211', 'lENSG00000259223', 'lENSG00000259250', 'lENSG00000259268', 'lENSG00000259294', 'lENSG00000259307', 'lENSG00000259342', 'lENSG00000259351', 'lENSG00000259352', 'lENSG00000259360', 'lENSG00000259385', 'lENSG00000259432', 'lENSG00000259503', 'lENSG00000259532', 'lENSG00000259544', 'lENSG00000259631', 'lENSG00000259636', 'lENSG00000259659', 'lENSG00000259678', 'lENSG00000259757', 'lENSG00000259759', 'lENSG00000259767', 'lENSG00000259798', 'lENSG00000259805', 'lENSG00000259935', 'lENSG00000259945', 'lENSG00000259955', 'lENSG00000259967', 'lENSG00000260003', 'lENSG00000260017', 'lENSG00000260022', 'lENSG00000260158', 'lENSG00000260186', 'lENSG00000260246', 'lENSG00000260304', 'lENSG00000260454', 'lENSG00000260476', 'lENSG00000260586', 'lENSG00000260605', 'lENSG00000260626', 'lENSG00000260659', 'lENSG00000260720', 'lENSG00000260741', 'lENSG00000260773', 'lENSG00000260798', 'lENSG00000260814', 'lENSG00000260884', 'lENSG00000260911', 'lENSG00000260934', 'lENSG00000260970', 'lENSG00000260986', 'lENSG00000260999', 'lENSG00000261014', 'lENSG00000261036', 'lENSG00000261065', 'lENSG00000261066', 'lENSG00000261243', 'lENSG00000261248', 'lENSG00000261261', 'lENSG00000261266', 'lENSG00000261307', 'lENSG00000261379', 'lENSG00000261432', 'lENSG00000261475', 'lENSG00000261507', 'lENSG00000261523', 'lENSG00000261552', 'lENSG00000261569', 'lENSG00000261633', 'lENSG00000261663', 'lENSG00000261671', 'lENSG00000261695', 'lENSG00000261697', 'lENSG00000261723', 'lENSG00000261729', 'lENSG00000261731', 'lENSG00000261761', 'lENSG00000261838', 'lENSG00000261864', 'lENSG00000262151', 'lENSG00000262298', 'lENSG00000262533', 'lENSG00000262652', 'lENSG00000262692', 'lENSG00000262810', 'lENSG00000262815', 'lENSG00000263080', 'lENSG00000263237', 'lENSG00000263257', 'lENSG00000263300', 'lENSG00000263321', 'lENSG00000263335', 'lENSG00000263417', 'lENSG00000263466', 'lENSG00000263585', 'lENSG00000263594', 'lENSG00000263618', 'lENSG00000263684', 'lENSG00000263709', 'lENSG00000263797', 'lENSG00000263847', 'lENSG00000263873', 'lENSG00000263952', 'lENSG00000263982', 'lENSG00000263986', 'lENSG00000264016', 'lENSG00000264107', 'lENSG00000264116', 'lENSG00000264254', 'lENSG00000264269', 'lENSG00000264486', 'lENSG00000264513', 'lENSG00000264520', 'lENSG00000264546', 'lENSG00000264558', 'lENSG00000264577', 'lENSG00000264595', 'lENSG00000264622', 'lENSG00000264734', 'lENSG00000264769', 'lENSG00000264825', 'lENSG00000264924', 'lENSG00000265125', 'lENSG00000265168', 'lENSG00000265205', 'lENSG00000265265', 'lENSG00000265334', 'lENSG00000265359', 'lENSG00000265400', 'lENSG00000265443', 'lENSG00000265474', 'lENSG00000265554', 'lENSG00000265625', 'lENSG00000265643', 'lENSG00000265728', 'lENSG00000265739', 'lENSG00000265743', 'lENSG00000265791', 'lENSG00000265800', 'lENSG00000265840', 'lENSG00000265844', 'lENSG00000265845', 'lENSG00000265980', 'lENSG00000265987', 'lENSG00000265994', 'lENSG00000266102', 'lENSG00000266153', 'lENSG00000266341', 'lENSG00000266368', 'lENSG00000266397', 'lENSG00000266535', 'lENSG00000266538', 'lENSG00000266541', 'lENSG00000266651', 'lENSG00000266696', 'lENSG00000266801', 'lENSG00000266839', 'lENSG00000266844', 'lENSG00000266936', 'lENSG00000266981', 'lENSG00000266985', 'lENSG00000266993', 'lENSG00000267000', 'lENSG00000267057', 'lENSG00000267063', 'lENSG00000267177', 'lENSG00000267225', 'lENSG00000267234', 'lENSG00000267255', 'lENSG00000267263', 'lENSG00000267274', 'lENSG00000267286', 'lENSG00000267320', 'lENSG00000267341', 'lENSG00000267354', 'lENSG00000267364', 'lENSG00000267378', 'lENSG00000267387', 'lENSG00000267436', 'lENSG00000267501', 'lENSG00000267510', 'lENSG00000267543', 'lENSG00000267583', 'lENSG00000267593', 'lENSG00000267615', 'lENSG00000267633', 'lENSG00000267638', 'lENSG00000267665', 'lENSG00000267711', 'lENSG00000267791', 'lENSG00000267838', 'lENSG00000267922', 'lENSG00000267980', 'lENSG00000268015', 'lENSG00000268049', 'lENSG00000268051', 'lENSG00000268078', 'lENSG00000268191', 'lENSG00000268203', 'lENSG00000268240', 'lENSG00000268289', 'lENSG00000268296', 'lENSG00000268520', 'lENSG00000268605', 'lENSG00000268734', 'lENSG00000268743', 'lENSG00000268833', 'lENSG00000268906', 'lENSG00000268912', 'lENSG00000268981', 'lENSG00000269044', 'lENSG00000269085', 'lENSG00000269145', 'lENSG00000269191', 'lENSG00000269292', 'lENSG00000269321', 'lENSG00000269495', 'lENSG00000269504', 'lENSG00000269621', 'lENSG00000269656', 'lENSG00000269729', 'lENSG00000269802', 'lENSG00000269826', 'lENSG00000269843', 'lENSG00000269867', 'lENSG00000269901', 'lENSG00000269950', 'lENSG00000269987', 'lENSG00000270082', 'lENSG00000270094', 'lENSG00000270108', 'lENSG00000270380', 'lENSG00000270726', 'lENSG00000270871', 'lENSG00000270996', 'lENSG00000271032', 'lENSG00000271218', 'lENSG00000271314', 'lENSG00000271579', 'lENSG00000271717', 'lENSG00000271763', 'lENSG00000271787', 'lENSG00000271833', 'lENSG00000271901', 'lENSG00000271936', 'lENSG00000271945', 'lENSG00000271983', 'lENSG00000272027', 'lENSG00000272072', 'lENSG00000272149', 'lENSG00000272159', 'lENSG00000272338', 'lENSG00000272510', 'lENSG00000272540', 'lENSG00000272575', 'lENSG00000272642', 'lENSG00000272661', 'lENSG00000272742', 'lENSG00000272810', 'lENSG00000272814', 'lENSG00000272866', 'lENSG00000272995', 'lENSG00000273035', 'lENSG00000273257', 'lENSG00000273271', 'lENSG00000273275', 'lENSG00000273360', 'lENSG00000273449', 'lENSG00000273461', 'lENSG00000273485', 'lENSG00000273493', 'lENSG00000273550', 'lENSG00000273568', 'lENSG00000273838', 'lENSG00000273877', 'lENSG00000273919', 'lENSG00000274177', 'lENSG00000274227', 'lENSG00000274561', 'lENSG00000274624', 'lENSG00000274678', 'lENSG00000274863', 'lENSG00000274893', 'lENSG00000275173', 'lENSG00000275345', 'lENSG00000275401', 'lENSG00000275484', 'lENSG00000275576', 'lENSG00000275871', 'lENSG00000276107', 'lENSG00000276488', 'lENSG00000276527', 'lENSG00000276533', 'lENSG00000276668', 'lENSG00000276997', 'lENSG00000277332', 'lENSG00000277639', 'lENSG00000277675', 'lENSG00000278000', 'lENSG00000278013', 'lENSG00000278202', 'lENSG00000278351', 'lENSG00000278630', 'lENSG00000278766', 'lENSG00000278944', 'lENSG00000279088', 'lENSG00000279240', 'lENSG00000279484', 'lENSG00000279501', 'lENSG00000279623', 'lENSG00000279687', 'lENSG00000279751', 'lENSG00000279920', 'lENSG00000280206', 'lENSG00000280224', 'lENSG00000280455', 'lENSG00000280580', 'lENSG00000280703', 'lENSG00000280881', 'lENSG00000281021', 'lENSG00000281831', 'lENSG00000282478', 'lENSG00000282828', 'lENSG00000282950', 'lENSG00000283083', 'lENSG00000283286', 'lENSG00000283347', 'lENSG00000283375', 'lENSG00000283436', 'lENSG00000283457', 'lENSG00000283573', 'lENSG00000283631', 'lENSG00000283766', 'lENSG00000283973', 'lENSG00000284376', 'lENSG00000284418', 'lENSG00000284500', 'lENSG00000284513', 'lENSG00000284608', 'lENSG00000284699', 'lENSG00000284994', 'lENSG00000285012', 'lENSG00000285040', 'lENSG00000285325', 'lENSG00000285354', 'lENSG00000285409', 'lENSG00000285473', 'lENSG00000285518', 'lENSG00000285524', 'lENSG00000285550', 'lENSG00000285551', 'lENSG00000285619', 'lENSG00000285621', 'lENSG00000285654', 'lENSG00000285699', 'lENSG00000285709', 'lENSG00000285780', 'lENSG00000285857', 'lENSG00000285861', 'lENSG00000285889', 'lENSG00000285954', 'lENSG00000285998', 'lENSG00000286002', 'lENSG00000286010', 'lENSG00000286018', 'lENSG00000286020', 'lENSG00000286050', 'lENSG00000286076', 'lENSG00000286089', 'lENSG00000286101', 'lENSG00000286168', 'lENSG00000286188', 'lENSG00000286194', 'lENSG00000286197', 'lENSG00000286206', 'lENSG00000286242', 'lENSG00000286244', 'lENSG00000286276', 'lENSG00000286303', 'lENSG00000286331', 'lENSG00000286333', 'lENSG00000286338', 'lENSG00000286419', 'lENSG00000286430', 'lENSG00000286436', 'lENSG00000286441', 'lENSG00000286453', 'lENSG00000286461', 'lENSG00000286474', 'lENSG00000286515', 'lENSG00000286565', 'lENSG00000286578', 'lENSG00000286581', 'lENSG00000286584', 'lENSG00000286588', 'lENSG00000286598', 'lENSG00000286617', 'lENSG00000286639', 'lENSG00000286645', 'lENSG00000286670', 'lENSG00000286689', 'lENSG00000286690', 'lENSG00000286698', 'lENSG00000286715', 'lENSG00000286716', 'lENSG00000286722', 'lENSG00000286738', 'lENSG00000286740', 'lENSG00000286751', 'lENSG00000286767', 'lENSG00000286770', 'lENSG00000286781', 'lENSG00000286795', 'lENSG00000286803', 'lENSG00000286820', 'lENSG00000286843', 'lENSG00000286850', 'lENSG00000286887', 'lENSG00000286908', 'lENSG00000286963', 'lENSG00000287005', 'lENSG00000287006', 'lENSG00000287028', 'lENSG00000287030', 'lENSG00000287066', 'lENSG00000287094', 'lENSG00000287107', 'lENSG00000287108', 'lENSG00000287155', 'lENSG00000287198', 'lENSG00000287202', 'lENSG00000287213', 'lENSG00000287236', 'lENSG00000287270', 'lENSG00000287285', 'lENSG00000287335', 'lENSG00000287358', 'lENSG00000287359', 'lENSG00000287366', 'lENSG00000287367', 'lENSG00000287381', 'lENSG00000287423', 'lENSG00000287441', 'lENSG00000287462', 'lENSG00000287501', 'lENSG00000287517', 'lENSG00000287518', 'lENSG00000287545', 'lENSG00000287550', 'lENSG00000287551', 'lENSG00000287556', 'lENSG00000287587', 'lENSG00000287618', 'lENSG00000287660', 'lENSG00000287664', 'lENSG00000287684', 'lENSG00000287687', 'lENSG00000287704', 'lENSG00000211683', 'lENSG00000214955', 'lENSG00000223379', 'lENSG00000223795', 'lENSG00000224884', 'lENSG00000225836', 'lENSG00000228255', 'lENSG00000229454', 'lENSG00000229628', 'lENSG00000229964', 'lENSG00000230649', 'lENSG00000231212', 'lENSG00000231616', 'lENSG00000232056', 'lENSG00000232636', 'lENSG00000233200', 'lENSG00000233987', 'lENSG00000234083', 'lENSG00000234998', 'lENSG00000235337', 'lENSG00000235795', 'lENSG00000236453', 'lENSG00000239801', 'lENSG00000241792', 'lENSG00000242375', 'lENSG00000244620', 'lENSG00000247810', 'lENSG00000248359', 'lENSG00000248991', 'lENSG00000249159', 'lENSG00000250567', 'lENSG00000250670', 'lENSG00000250686', 'lENSG00000250777', 'lENSG00000251506', 'lENSG00000251654', 'lENSG00000253766', 'lENSG00000254306', 'lENSG00000254927', 'lENSG00000255279', 'lENSG00000255325', 'lENSG00000255644', 'lENSG00000256686', 'lENSG00000257603', 'lENSG00000257715', 'lENSG00000257962', 'lENSG00000258088', 'lENSG00000258196', 'lENSG00000258386', 'lENSG00000259123', 'lENSG00000259209', 'lENSG00000259244', 'lENSG00000259274', 'lENSG00000259306', 'lENSG00000259407', 'lENSG00000260511', 'lENSG00000261193', 'lENSG00000261445', 'lENSG00000261470', 'lENSG00000264660', 'lENSG00000265174', 'lENSG00000266893', 'lENSG00000267081', 'lENSG00000267521', 'lENSG00000267581', 'lENSG00000269391', 'lENSG00000269460', 'lENSG00000272304', 'lENSG00000272369', 'lENSG00000273138', 'lENSG00000273403', 'lENSG00000273486', 'lENSG00000274902', 'lENSG00000275232', 'lENSG00000278514', 'lENSG00000279672', 'lENSG00000282887', 'lENSG00000286164', 'lENSG00000226032', 'lENSG00000235736', 'lENSG00000251613', 'lENSG00000263316', 'lENSG00000258631', 'lENSG00000260141', 'lENSG00000279472', 'lENSG00000271870', 'lENSG00000272934', 'lENSG00000265556', 'lENSG00000271840', 'lENSG00000253701', 'lENSG00000281408', 'lENSG00000268166', 'lALG13-AS1', 'lDGUOK-AS1', 'lDSCR8', 'lMIR24-2', 'lMIR3179-2', 'lMIR3654', 'lACA64', 'lC3orf65']","[1.0, 0.0, 0.0, 0.0, 1.0, 1.0, 0.0, 1.0, 0.0, 1.0, 1.0, 1.0, 1.0, 0.0, 1.0, 0.0, 1.0, 1.0, 0.0, 1.0, 0.0, 1.0, 0.0, 1.0, 1.0, 0.0, 0.0, 1.0, 1.0, 0.0, 1.0, 0.0, 0.0, 0.0, 1.0, 1.0, 1.0, 1.0, 1.0, 0.0, 0.0, 0.0, 1.0, 1.0, 1.0, 0.0, 1.0, 1.0, 1.0, 1.0, 0.0, 1.0, 1.0, 1.0, 1.0, 1.0, 0.0, 0.0, 1.0, 0.0, 1.0, 1.0, 0.0, 0.0, 0.0, 1.0, 1.0, 0.0, 1.0, 0.0, 1.0, 1.0, 1.0, 1.0, 0.0, 1.0, 0.0, 0.0, 1.0, 0.0, 1.0, 0.0, 1.0, 0.0, 1.0, 0.0, 1.0, 0.0, 0.0, 1.0, 0.0, 1.0, 0.0, 0.0, 0.0, 0.0, 1.0, 1.0, 1.0, 0.0, 1.0, 1.0, 0.0, 0.0, 1.0, 0.0, 0.0, 0.0, 1.0, 1.0, 0.0, 0.0, 0.0, 0.0, 1.0, 1.0, 1.0, 0.0, 0.0, 1.0, 1.0, 0.0, 1.0, 0.0, 0.0, 0.0, 1.0, 1.0, 1.0, 0.0, 0.0, 1.0, 1.0, 0.0, 1.0, 0.0, 1.0, 1.0, 1.0, 1.0, 0.0, 1.0, 0.0, 1.0, 1.0, 1.0, 1.0, 1.0, 0.0, 1.0, 0.0, 1.0, 0.0, 1.0, 0.0, 1.0, 0.0, 0.0, 0.0, 1.0, 0.0, 0.0, 1.0, 0.0, 0.0, 1.0, 1.0, 0.0, 0.0, 1.0, 1.0, 0.0, 0.0, 1.0, 1.0, 1.0, 0.0, 1.0, 0.0, 1.0, 0.0, 0.0, 1.0, 1.0, 1.0, 0.0, 1.0, 0.0, 0.0, 1.0, 1.0, 0.0, 1.0, 1.0, 1.0, 1.0, 0.0, 0.0, 0.0, 0.0, 1.0, 1.0, 1.0, 1.0, 1.0, 0.0, 0.0, 0.0, 1.0, 1.0, 0.0, 0.0, 1.0, 1.0, 0.0, 0.0, 1.0, 1.0, 1.0, 1.0, 1.0, 0.0, 0.0, 1.0, 1.0, 0.0, 1.0, 1.0, 0.0, 1.0, 0.0, 1.0, 1.0, 1.0, 0.0, 1.0, 0.0, 0.0, 1.0, 1.0, 1.0, 1.0, 0.0, 0.0, 0.0, 1.0, 1.0, 0.0, 1.0, 1.0, 1.0, 0.0, 0.0, 1.0, 1.0, 1.0, 0.0, 0.0, 1.0, 1.0, 0.0, 0.0, 1.0, 1.0, 1.0, 1.0, 0.0, 1.0, 1.0, 0.0, 0.0, 0.0, 1.0, 0.0, 0.0, 1.0, 1.0, 0.0, 1.0, 0.0, 0.0, 1.0, 0.0, 0.0, 0.0, 1.0, 0.0, 0.0, 0.0, 0.0, 0.0, 1.0, 1.0, 1.0, 0.0, 0.0, 1.0, 1.0, 0.0, 1.0, 0.0, 1.0, 0.0, 0.0, 0.0, 1.0, 0.0, 0.0, 0.0, 0.0, 1.0, 1.0, 1.0, 0.0, 1.0, 0.0, 0.0, 1.0, 0.0, 0.0, 1.0, 0.0, 1.0, 0.0, 1.0, 1.0, 1.0, 0.0, 1.0, 0.0, 1.0, 0.0, 0.0, 0.0, 0.0, 1.0, 0.0, 1.0, 1.0, 1.0, 0.0, 0.0, 1.0, 0.0, 0.0, 1.0, 0.0, 1.0, 1.0, 0.0, 0.0, 0.0, 0.0, 0.0, 1.0, 0.0, 1.0, 0.0, 1.0, 1.0, 1.0, 1.0, 1.0, 0.0, 1.0, 0.0, 0.0, 0.0, 0.0, 0.0, 1.0, 0.0, 1.0, 0.0, 0.0, 0.0, 0.0, 1.0, 0.0, 0.0, 1.0, 0.0, 1.0, 1.0, 1.0, 0.0, 0.0, 1.0, 1.0, 1.0, 1.0, 0.0, 0.0, 1.0, 0.0, 0.0, 1.0, 1.0, 0.0, 0.0, 1.0, 0.0, 1.0, 0.0, 0.0, 0.0, 1.0, 0.0, 0.0, 1.0, 0.0, 1.0, 1.0, 0.0, 0.0, 1.0, 1.0, 1.0, 0.0, 0.0, 0.0, 0.0, 0.0, 1.0, 1.0, 1.0, 1.0, 0.0, 0.0, 0.0, 1.0, 0.0, 1.0, 1.0, 1.0, 0.0, 1.0, 0.0, 0.0, 0.0, 0.0, 1.0, 1.0, 0.0, 0.0, 1.0, 0.0, 0.0, 1.0, 0.0, 0.0, 1.0, 0.0, 1.0, 0.0, 1.0, 1.0, 0.0, 0.0, 0.0, 1.0, 1.0, 1.0, 1.0, 1.0, 1.0, 0.0, 0.0, 1.0, 0.0, 0.0, 0.0, 1.0, 0.0, 0.0, 1.0, 1.0, 0.0, 1.0, 0.0, 1.0, 1.0, 0.0, 1.0, 1.0, 0.0, 0.0, 0.0, 1.0, 1.0, 0.0, 1.0, 1.0, 1.0, 0.0, 1.0, 0.0, 0.0, 1.0, 0.0, 0.0, 0.0, 0.0, 1.0, 1.0, 0.0, 0.0, 0.0, 0.0, 0.0, 1.0, 0.0, 1.0, 0.0, 1.0, 0.0, 1.0, 1.0, 0.0, 0.0, 0.0, 1.0, 0.0, 1.0, 1.0, 0.0, 1.0, 0.0, 0.0, 1.0, 0.0, 1.0, 0.0, 1.0, 1.0, 1.0, 0.0, 0.0, 1.0, 1.0, 1.0, 0.0, 1.0, 1.0, 0.0, 0.0, 0.0, 0.0, 0.0, 0.0, 0.0, 0.0, 0.0, 1.0, 0.0, 0.0, 0.0, 1.0, 1.0, 0.0, 1.0, 0.0, 0.0, 1.0, 0.0, 1.0, 0.0, 0.0, 0.0, 0.0, 0.0, 1.0, 0.0, 0.0, 0.0, 1.0, 1.0, 0.0, 1.0, 1.0, 0.0, 1.0, 0.0, 0.0, 1.0, 0.0, 0.0, 1.0, 0.0, 0.0, 1.0, 0.0, 0.0, 0.0, 1.0, 1.0, 0.0, 0.0, 0.0, 0.0, 1.0, 0.0, 1.0, 0.0, 0.0, 1.0, 1.0, 1.0, 0.0, 1.0, 1.0, 0.0, 1.0, 1.0, 0.0, 1.0, 0.0, 0.0, 0.0, 0.0, 0.0, 1.0, 1.0, 0.0, 0.0, 0.0, 0.0, 0.0, 0.0, 1.0, 1.0, 1.0, 0.0, 0.0, 0.0, 1.0, 1.0, 1.0, 1.0, 0.0, 0.0, 1.0, 1.0, 1.0, 1.0, 1.0, 1.0, 1.0, 0.0, 1.0, 1.0, 0.0, 0.0, 0.0, 1.0, 0.0, 1.0, 0.0, 1.0, 0.0, 1.0, 1.0, 1.0, 0.0, 1.0, 1.0, 0.0, 0.0, 0.0, 1.0, 1.0, 1.0, 0.0, 0.0, 1.0, 1.0, 0.0, 0.0, 0.0, 1.0, 1.0, 1.0, 1.0, 0.0, 0.0, 1.0, 1.0, 1.0, 1.0, 0.0, 0.0, 0.0, 0.0, 1.0, 0.0, 0.0, 0.0, 1.0, 0.0, 0.0, 0.0, 0.0, 1.0, 0.0, 0.0, 1.0, 0.0, 0.0, 0.0, 0.0, 0.0, 0.0, 0.0, 1.0, 1.0, 1.0, 1.0, 1.0, 0.0, 0.0, 1.0, 1.0, 1.0, 0.0, 0.0, 1.0, 1.0, 1.0, 1.0, 0.0, 0.0, 1.0, 0.0, 0.0, 0.0, 1.0, 1.0, 1.0, 1.0, 1.0, 0.0, 1.0, 0.0, 0.0, 1.0, 1.0, 1.0, 0.0, 1.0, 0.0, 1.0, 0.0, 0.0, 0.0, 1.0, 1.0, 0.0, 0.0, 1.0, 1.0, 1.0, 1.0, 1.0, 1.0, 1.0, 0.0, 0.0, 1.0, 0.0, 1.0, 0.0, 0.0, 1.0, 1.0, 1.0, 1.0, 0.0, 0.0, 1.0, 1.0, 0.0, 0.0, 0.0, 0.0, 1.0, 0.0, 1.0, 0.0, 1.0, 0.0, 0.0, 1.0, 0.0, 1.0, 0.0, 1.0, 0.0, 0.0, 0.0, 1.0, 0.0, 1.0, 0.0, 1.0, 1.0, 1.0, 1.0, 0.0, 1.0, 1.0, 1.0, 1.0, 1.0, 0.0, 1.0, 0.0, 1.0, 0.0, 0.0, 1.0, 1.0, 1.0, 0.0, 1.0, 0.0, 0.0, 1.0, 1.0, 0.0, 0.0, 1.0, 1.0, 1.0, 1.0, 0.0, 1.0, 0.0, 0.0, 0.0, 0.0, 1.0, 0.0, 0.0, 0.0, 0.0, 0.0, 1.0, 1.0, 0.0, 1.0, 0.0, 0.0, 0.0, 1.0, 0.0, 0.0, 0.0, 0.0, 0.0, 1.0, 0.0, 1.0, 0.0, 0.0, 1.0, 0.0, 0.0, 1.0, 0.0, 0.0, 1.0, 0.0, 0.0, 1.0, 0.0, 1.0, 1.0, 0.0, 1.0, 1.0, 0.0, 1.0, 0.0, 0.0, 0.0, 1.0, 1.0, 1.0, 0.0, 1.0, 1.0, 1.0, 0.0, 0.0, 1.0, 0.0, 0.0, 0.0, 0.0, 1.0, 1.0, 1.0, 0.0, 1.0, 1.0, 1.0, 0.0, 0.0, 0.0, 0.0, 0.0, 0.0, 1.0, 0.0, 1.0, 1.0, 1.0, 0.0, 0.0, 1.0, 0.0, 1.0, 1.0, 0.0, 0.0, 1.0, 0.0, 0.0, 0.0, 1.0, 0.0, 1.0, 1.0, 1.0, 1.0, 1.0, 1.0, 1.0, 0.0, 0.0, 1.0, 0.0, 0.0, 0.0, 0.0, 1.0, 0.0, 1.0, 1.0, 1.0, 0.0, 1.0, 1.0, 0.0, 0.0, 1.0, 0.0, 0.0, 1.0, 0.0, 0.0, 1.0, 1.0, 0.0, 1.0, 1.0, 0.0, 1.0, 0.0, 1.0, 0.0, 0.0, 0.0, 0.0, 0.0, 0.0, 0.0, 0.0, 1.0, 0.0, 0.0, 1.0, 0.0, 0.0, 0.0, 1.0, 1.0, 1.0, 1.0, 1.0, 0.0, 1.0, 1.0, 0.0, 0.0, 1.0, 1.0, 0.0, 1.0, 0.0, 1.0, 0.0, 0.0, 1.0, 1.0, 1.0, 0.0, 0.0, 1.0, 0.0, 0.0, 0.0, 0.0, 0.0, 1.0, 0.0, 0.0, 1.0, 0.0, 0.0, 0.0, 0.0, 0.0, 1.0, 0.0, 0.0, 1.0, 0.0, 1.0, 1.0, 1.0, 1.0, 1.0, 0.0, 1.0, 1.0, 0.0, 0.0, 0.0, 0.0, 0.0, 0.0, 1.0, 1.0, 1.0, 0.0, 0.0, 1.0, 0.0, 1.0, 0.0, 1.0, 0.0, 0.0, 0.0, 0.0, 0.0, 1.0, 0.0, 1.0, 0.0, 0.0, 0.0, 1.0, 1.0, 0.0, 1.0, 0.0, 1.0, 1.0, 0.0, 0.0, 1.0, 1.0, 0.0, 0.0, 0.0, 1.0, 0.0, 1.0, 1.0, 0.0, 0.0, 1.0, 1.0, 0.0, 1.0, 0.0, 0.0, 1.0, 1.0, 0.0, 1.0, 1.0, 0.0, 1.0, 0.0, 0.0, 0.0, 1.0, 0.0, 0.0, 1.0, 0.0, 1.0, 0.0, 0.0, 0.0, 1.0, 1.0, 1.0, 0.0, 0.0, 0.0, 1.0, 1.0, 1.0, 0.0, 1.0, 0.0, 1.0, 0.0, 0.0, 1.0, 1.0, 1.0, 1.0, 0.0, 0.0, 0.0, 0.0, 1.0, 1.0, 0.0, 0.0, 0.0, 1.0, 0.0, 0.0, 0.0, 1.0, 0.0, 1.0, 1.0, 1.0, 1.0, 0.0, 1.0, 0.0, 1.0, 0.0, 1.0, 0.0, 0.0, 0.0, 0.0, 0.0, 0.0, 1.0, 1.0, 1.0, 0.0, 1.0, 0.0, 1.0, 0.0, 0.0, 1.0, 0.0, 1.0, 1.0, 0.0, 1.0, 0.0, 0.0, 1.0, 1.0, 1.0, 1.0, 0.0, 0.0, 0.0, 0.0, 1.0, 0.0, 1.0, 1.0, 0.0, 0.0, 0.0, 1.0, 1.0, 0.0, 1.0, 0.0, 0.0, 1.0, 1.0, 1.0, 1.0, 0.0, 0.0, 1.0, 1.0, 0.0, 0.0, 1.0, 0.0, 1.0, 1.0, 0.0, 0.0, 0.0, 1.0, 1.0, 0.0, 0.0, 1.0, 0.0, 1.0, 1.0, 0.0, 0.0, 1.0, 0.0, 0.0, 0.0, 0.0, 1.0, 0.0, 1.0, 1.0, 0.0, 1.0, 0.0, 0.0, 1.0, 0.0, 1.0, 0.0, 0.0, 1.0, 1.0, 1.0, 1.0, 1.0, 1.0, 0.0, 1.0, 0.0, 1.0, 1.0, 0.0, 0.0, 1.0, 1.0, 1.0, 1.0, 1.0, 1.0, 0.0, 0.0, 1.0, 0.0, 0.0, 0.0, 1.0, 1.0, 1.0, 0.0, 0.0, 0.0, 0.0, 1.0, 1.0, 0.0, 1.0, 0.0, 0.0, 0.0, 1.0, 1.0, 1.0, 0.0, 1.0, 1.0, 0.0, 0.0, 1.0, 0.0, 1.0, 0.0, 1.0, 1.0, 1.0, 1.0, 0.0, 0.0, 0.0, 0.0, 0.0, 1.0, 0.0, 0.0, 1.0, 1.0, 0.0, 0.0, 0.0, 0.0, 1.0, 1.0, 0.0, 0.0, 1.0, 1.0, 0.0, 1.0, 1.0, 1.0, 0.0, 0.0, 0.0, 0.0, 0.0, 1.0, 0.0, 0.0, 1.0, 0.0, 1.0, 1.0, 1.0, 1.0, 1.0, 1.0, 1.0, 0.0, 1.0, 1.0, 1.0, 1.0, 1.0, 1.0, 1.0, 0.0, 0.0, 0.0, 1.0, 1.0, 0.0, 0.0, 1.0, 1.0, 1.0, 1.0, 1.0, 0.0, 0.0, 1.0, 0.0, 1.0, 0.0, 1.0, 1.0, 1.0, 0.0, 1.0, 1.0, 0.0, 1.0, 1.0, 1.0, 1.0, 0.0, 0.0, 1.0, 0.0, 1.0, 1.0, 0.0, 1.0, 1.0, 1.0, 1.0, 0.0, 0.0, 1.0, 0.0, 1.0, 0.0, 1.0, 0.0, 0.0, 1.0, 0.0, 1.0, 0.0, 1.0, 1.0, 1.0, 0.0, 0.0, 1.0, 1.0, 1.0, 0.0, 1.0, 1.0, 0.0, 1.0, 1.0, 0.0, 0.0, 1.0, 0.0, 0.0, 1.0, 1.0, 1.0, 1.0, 0.0, 0.0, 0.0, 1.0, 1.0, 1.0, 1.0, 1.0, 1.0, 0.0, 1.0, 1.0, 1.0, 0.0, 0.0, 0.0, 1.0, 1.0, 1.0, 0.0, 0.0, 1.0, 0.0, 0.0, 0.0, 1.0, 1.0, 0.0, 1.0, 1.0, 0.0, 0.0, 1.0, 1.0, 1.0, 0.0, 1.0, 0.0, 1.0, 0.0, 0.0, 1.0, 0.0, 1.0, 0.0, 1.0, 1.0, 0.0, 1.0, 1.0, 0.0, 1.0, 0.0, 0.0, 0.0, 0.0, 0.0, 1.0, 0.0, 0.0, 1.0, 0.0, 1.0, 1.0, 0.0, 0.0, 1.0, 0.0, 1.0, 0.0, 1.0, 1.0, 0.0, 1.0, 1.0, 0.0, 1.0, 1.0, 1.0, 0.0, 0.0, 0.0, 0.0, 0.0, 1.0, 0.0, 0.0, 0.0, 0.0, 1.0, 0.0, 1.0, 1.0, 1.0, 0.0, 0.0, 1.0, 1.0, 0.0, 0.0, 1.0, 0.0, 1.0, 1.0, 0.0, 0.0, 1.0, 0.0, 1.0, 0.0, 0.0, 0.0, 1.0, 0.0, 1.0, 0.0, 1.0, 1.0, 1.0, 1.0, 0.0, 0.0, 0.0, 0.0, 1.0, 1.0, 0.0, 0.0, 0.0, 1.0, 0.0, 1.0, 1.0, 1.0, 0.0, 1.0, 0.0, 1.0, 0.0, 0.0, 1.0, 1.0, 0.0, 1.0, 0.0, 0.0, 1.0, 1.0, 0.0, 1.0, 1.0, 0.0, 0.0, 0.0, 1.0, 0.0, 0.0, 1.0, 1.0, 0.0, 0.0, 1.0, 0.0, 0.0, 0.0, 1.0, 1.0, 1.0, 1.0, 1.0, 1.0, 0.0, 0.0, 0.0, 1.0, 0.0, 1.0, 1.0, 1.0, 0.0, 0.0, 0.0, 0.0, 1.0, 0.0, 0.0, 1.0, 0.0, 0.0, 1.0, 0.0, 0.0, 1.0, 0.0, 0.0, 1.0, 0.0, 0.0, 1.0, 0.0, 1.0, 1.0, 1.0, 0.0, 1.0, 1.0, 1.0, 0.0, 1.0, 1.0, 0.0, 1.0, 1.0, 0.0, 0.0, 1.0, 0.0, 0.0, 0.0, 0.0, 0.0, 1.0, 0.0, 1.0, 1.0, 0.0, 1.0, 1.0, 1.0, 1.0, 0.0, 0.0, 0.0, 0.0, 0.0, 0.0, 0.0, 1.0, 1.0, 1.0, 1.0, 1.0, 0.0, 0.0, 1.0, 1.0, 0.0, 1.0, 0.0, 0.0, 1.0, 0.0, 0.0, 1.0, 0.0, 1.0, 1.0, 1.0, 0.0, 0.0, 0.0, 0.0, 1.0, 0.0, 0.0, 1.0, 0.0, 0.0, 0.0, 0.0, 1.0, 1.0, 1.0, 0.0, 1.0, 0.0, 0.0, 0.0, 1.0, 0.0, 0.0, 1.0, 0.0, 1.0, 1.0, 1.0, 0.0, 0.0, 1.0, 1.0, 1.0, 1.0, 0.0, 1.0, 1.0, 1.0, 0.0, 0.0, 0.0, 0.0, 1.0, 0.0, 0.0, 0.0, 1.0, 0.0, 1.0, 0.0, 0.0, 1.0, 1.0, 0.0, 1.0, 0.0, 0.0, 1.0, 0.0, 0.0, 1.0, 0.0, 1.0, 0.0, 1.0, 1.0, 0.0, 0.0, 1.0, 1.0, 0.0, 0.0, 1.0, 0.0, 0.0, 0.0, 1.0, 0.0, 0.0, 1.0, 0.0, 0.0, 1.0, 0.0, 1.0, 0.0, 0.0, 1.0, 1.0, 1.0, 1.0, 0.0, 1.0, 1.0, 1.0, 1.0, 0.0, 1.0, 0.0, 1.0, 0.0, 1.0, 1.0, 1.0, 0.0, 0.0, 0.0, 0.0, 1.0, 1.0, 0.0, 1.0, 1.0, 0.0, 0.0, 0.0, 0.0, 1.0, 0.0, 0.0, 1.0, 1.0, 1.0, 0.0, 0.0, 1.0, 0.0, 1.0, 1.0, 1.0, 0.0, 1.0, 0.0, 0.0, 0.0, 1.0, 0.0, 0.0, 1.0, 1.0, 1.0, 1.0, 1.0, 0.0, 0.0, 1.0, 0.0, 1.0, 1.0, 0.0, 0.0, 1.0, 0.0, 1.0, 1.0, 1.0, 0.0, 1.0, 1.0, 0.0, 0.0, 0.0, 0.0, 0.0, 0.0, 0.0, 0.0, 1.0, 0.0, 0.0, 1.0, 1.0, 0.0, 0.0, 1.0, 1.0, 1.0, 1.0, 1.0, 0.0, 0.0, 0.0, 0.0, 1.0, 1.0, 0.0, 1.0, 1.0, 1.0, 1.0, 0.0, 1.0, 1.0, 1.0, 0.0, 0.0, 0.0, 1.0, 1.0, 1.0, 0.0, 1.0, 0.0, 0.0, 0.0, 1.0, 1.0, 1.0, 0.0, 0.0, 1.0, 1.0, 0.0, 1.0, 0.0, 0.0, 0.0, 1.0, 1.0, 0.0, 0.0, 1.0, 1.0, 1.0, 1.0, 1.0, 0.0, 0.0, 1.0, 1.0, 0.0, 0.0, 0.0, 0.0, 0.0, 1.0, 1.0, 1.0, 0.0, 1.0, 1.0, 1.0, 1.0, 0.0, 1.0, 1.0, 0.0, 0.0, 1.0, 0.0, 1.0, 1.0, 0.0, 0.0, 0.0, 1.0, 1.0, 0.0, 0.0, 1.0, 1.0, 0.0, 1.0, 0.0, 1.0, 0.0, 0.0, 1.0, 0.0, 0.0, 1.0, 0.0, 0.0, 1.0, 1.0, 1.0, 1.0, 1.0, 1.0, 1.0, 0.0, 0.0, 0.0, 0.0, 0.0, 1.0, 1.0, 0.0, 0.0, 1.0, 1.0, 0.0, 1.0, 1.0, 0.0, 1.0, 1.0, 1.0, 0.0, 1.0, 0.0, 1.0, 0.0, 0.0, 1.0, 0.0, 0.0, 1.0, 1.0, 0.0, 0.0, 1.0, 1.0, 0.0, 1.0, 0.0, 1.0, 0.0, 0.0, 0.0, 0.0, 1.0, 1.0, 0.0, 1.0, 1.0, 0.0, 1.0, 0.0, 1.0, 0.0, 0.0, 0.0, 0.0, 1.0, 1.0, 1.0, 0.0, 1.0, 0.0, 1.0, 0.0, 1.0, 0.0, 0.0, 1.0, 1.0, 1.0, 0.0, 0.0, 1.0, 1.0, 1.0, 1.0, 0.0, 0.0, 1.0, 1.0, 1.0, 1.0, 1.0, 1.0, 1.0, 1.0, 0.0, 0.0, 0.0, 1.0, 1.0, 1.0, 1.0, 1.0, 1.0, 1.0, 0.0, 0.0, 0.0, 1.0, 0.0, 0.0, 1.0, 0.0, 0.0, 0.0, 0.0, 0.0, 1.0, 0.0, 1.0, 1.0, 1.0, 0.0, 0.0, 0.0, 1.0, 0.0, 1.0, 0.0, 0.0, 0.0, 1.0, 0.0, 1.0, 0.0, 0.0, 0.0, 1.0, 0.0, 1.0, 0.0, 0.0, 0.0, 1.0, 1.0, 1.0, 1.0, 0.0, 1.0, 1.0, 1.0, 1.0, 1.0, 0.0, 1.0, 1.0, 0.0, 1.0, 1.0, 0.0, 0.0, 1.0, 1.0, 1.0, 0.0, 0.0, 0.0, 1.0, 1.0, 0.0, 0.0, 0.0, 0.0, 1.0, 0.0, 1.0, 0.0, 0.0, 0.0, 1.0, 1.0, 0.0, 1.0, 1.0, 1.0, 1.0, 0.0, 0.0, 0.0, 1.0, 1.0, 1.0, 0.0, 0.0, 0.0, 0.0, 1.0, 0.0, 0.0, 1.0, 0.0, 1.0, 1.0, 0.0, 1.0, 1.0, 1.0, 0.0, 1.0, 1.0, 0.0, 0.0, 1.0, 0.0, 1.0, 1.0, 0.0, 0.0, 1.0, 1.0, 0.0, 0.0, 1.0, 1.0, 0.0, 1.0, 0.0, 0.0, 1.0, 0.0, 1.0, 0.0, 1.0, 1.0, 1.0, 0.0, 0.0, 0.0, 1.0, 0.0, 1.0, 1.0, 1.0, 1.0, 1.0, 1.0, 1.0, 0.0, 1.0, 0.0, 0.0, 1.0, 0.0, 0.0, 0.0, 1.0, 1.0, 0.0, 0.0, 1.0, 0.0, 0.0, 1.0, 1.0, 0.0, 1.0, 1.0, 0.0, 1.0, 0.0, 0.0, 1.0, 0.0, 0.0, 0.0, 0.0, 0.0, 1.0, 1.0, 1.0, 0.0, 1.0, 0.0, 1.0, 0.0, 0.0, 1.0, 1.0, 0.0, 1.0, 1.0, 0.0, 1.0, 0.0, 0.0, 1.0, 1.0, 1.0, 0.0, 0.0, 1.0, 1.0, 0.0, 0.0, 0.0, 0.0, 1.0, 0.0, 1.0, 1.0, 1.0, 1.0, 0.0, 1.0, 1.0, 0.0, 0.0, 0.0, 1.0, 0.0, 1.0, 1.0, 1.0, 1.0, 0.0, 0.0, 1.0, 1.0, 0.0, 1.0, 1.0, 0.0, 0.0, 0.0, 1.0, 0.0, 0.0, 0.0, 1.0, 0.0, 0.0, 0.0, 0.0, 1.0, 1.0, 1.0, 1.0, 1.0, 1.0, 1.0, 1.0, 0.0, 0.0, 1.0, 0.0, 0.0, 1.0, 1.0, 1.0, 0.0, 1.0, 1.0, 0.0, 1.0, 1.0, 1.0, 1.0, 1.0, 0.0, 0.0, 0.0, 1.0, 1.0, 0.0, 1.0, 0.0, 1.0, 1.0, 1.0, 0.0, 0.0, 0.0, 1.0, 0.0, 0.0, 1.0, 0.0, 0.0, 1.0, 0.0, 1.0, 1.0, 0.0, 1.0, 0.0, 1.0, 1.0, 1.0, 1.0, 1.0, 1.0, 0.0, 1.0, 0.0, 0.0, 1.0, 0.0, 1.0, 1.0, 1.0, 1.0, 1.0, 0.0, 0.0, 1.0, 1.0, 1.0, 1.0, 1.0, 0.0, 1.0, 1.0, 1.0, 1.0, 0.0, 0.0, 0.0, 0.0, 1.0, 0.0, 1.0, 0.0, 1.0, 1.0, 1.0, 0.0, 0.0, 0.0, 0.0, 0.0, 0.0, 1.0, 0.0, 1.0, 1.0, 1.0, 0.0, 0.0, 0.0, 1.0, 1.0, 1.0, 0.0, 1.0, 0.0, 1.0, 0.0, 0.0, 1.0, 1.0, 0.0, 0.0, 1.0, 1.0, 1.0, 0.0, 0.0, 1.0, 0.0, 1.0, 0.0, 0.0, 1.0, 0.0, 1.0, 1.0, 0.0, 0.0, 1.0, 1.0, 0.0, 1.0, 1.0, 0.0, 0.0, 1.0, 1.0, 0.0, 0.0, 1.0, 0.0, 0.0, 0.0, 0.0, 0.0, 0.0, 0.0, 0.0, 1.0, 0.0, 1.0, 1.0, 0.0, 1.0, 1.0, 1.0, 0.0, 0.0, 1.0, 1.0, 1.0, 0.0, 0.0, 1.0, 1.0, 0.0, 0.0, 1.0, 1.0, 0.0, 0.0, 0.0, 1.0, 0.0, 0.0, 0.0, 0.0, 1.0, 1.0, 1.0, 0.0, 1.0, 1.0, 0.0, 0.0, 0.0, 1.0, 0.0, 1.0, 0.0, 0.0, 0.0, 1.0, 1.0, 0.0, 1.0, 1.0, 0.0, 0.0, 1.0, 0.0, 1.0, 1.0, 0.0, 0.0, 1.0, 0.0, 0.0, 1.0, 1.0, 1.0, 1.0, 0.0, 0.0, 1.0, 0.0, 0.0, 0.0, 1.0, 0.0, 0.0, 1.0, 0.0, 0.0, 1.0, 1.0, 1.0, 1.0, 0.0, 1.0, 0.0, 1.0, 0.0, 0.0, 0.0, 1.0, 1.0, 0.0, 0.0, 0.0, 1.0, 0.0, 0.0, 1.0, 1.0, 1.0, 0.0, 0.0, 1.0, 1.0, 1.0, 1.0, 0.0, 0.0, 1.0, 0.0, 1.0, 1.0, 0.0, 0.0, 0.0, 1.0, 1.0, 0.0, 1.0, 1.0, 1.0, 0.0, 1.0, 0.0, 0.0, 0.0, 0.0, 0.0, 1.0, 0.0, 0.0, 0.0, 0.0, 0.0, 1.0, 1.0, 1.0, 1.0, 0.0, 0.0, 1.0, 0.0, 0.0, 0.0, 1.0, 0.0, 0.0, 1.0, 1.0, 0.0, 1.0, 1.0, 0.0, 0.0, 1.0, 0.0, 1.0, 1.0, 1.0, 1.0, 1.0, 1.0, 0.0, 1.0, 1.0, 0.0, 0.0, 1.0, 1.0, 1.0, 1.0, 0.0, 1.0, 0.0, 0.0, 1.0, 1.0, 0.0, 1.0, 0.0, 1.0, 0.0, 0.0, 1.0, 1.0, 0.0, 0.0, 0.0, 1.0, 0.0, 0.0, 0.0, 0.0, 1.0, 0.0, 0.0, 0.0, 1.0, 1.0, 1.0, 1.0, 0.0, 0.0, 1.0, 0.0, 1.0, 1.0, 1.0, 1.0, 0.0, 1.0, 1.0, 1.0, 0.0, 0.0, 0.0, 1.0, 1.0, 0.0, 0.0, 1.0, 0.0, 0.0, 1.0, 0.0, 0.0, 1.0, 0.0, 0.0, 0.0, 0.0, 0.0, 0.0, 1.0, 1.0, 0.0, 0.0, 1.0, 1.0, 1.0, 0.0, 1.0, 1.0, 0.0, 1.0, 0.0, 1.0, 1.0, 0.0, 0.0, 0.0, 1.0, 0.0, 0.0, 1.0, 1.0, 0.0, 1.0, 0.0, 0.0, 0.0, 0.0, 0.0, 0.0, 1.0, 0.0, 1.0, 1.0, 1.0, 0.0, 1.0, 0.0, 1.0, 1.0, 0.0, 0.0, 0.0, 0.0, 0.0, 0.0, 0.0, 0.0, 1.0, 0.0, 1.0, 0.0, 1.0, 0.0, 1.0, 0.0, 0.0, 1.0, 1.0, 1.0, 0.0, 1.0, 1.0, 1.0, 1.0, 1.0, 1.0, 1.0, 1.0, 1.0, 0.0, 1.0, 1.0, 0.0, 0.0, 0.0, 0.0, 0.0, 1.0, 1.0, 1.0, 0.0, 0.0, 0.0, 1.0, 1.0, 0.0, 0.0, 1.0, 0.0, 0.0, 0.0, 0.0, 0.0, 1.0, 0.0, 0.0, 1.0, 1.0, 0.0, 1.0, 1.0, 0.0, 1.0, 1.0, 0.0, 0.0, 0.0, 0.0, 1.0, 0.0, 1.0, 1.0, 0.0, 0.0, 1.0, 1.0, 1.0, 0.0, 1.0, 1.0, 1.0, 1.0, 1.0, 0.0, 1.0, 1.0, 0.0, 0.0, 1.0, 0.0, 0.0, 0.0, 0.0, 0.0, 0.0, 1.0, 1.0, 1.0, 1.0, 1.0, 0.0, 1.0, 0.0, 0.0, 1.0, 0.0, 1.0, 1.0, 1.0, 0.0, 1.0, 0.0, 0.0, 0.0, 0.0, 1.0, 1.0, 1.0, 1.0, 1.0, 0.0, 1.0, 1.0, 0.0, 1.0, 0.0, 0.0, 1.0, 1.0, 1.0, 0.0, 0.0, 1.0, 0.0, 0.0, 1.0, 1.0, 1.0, 1.0, 0.0, 0.0, 0.0, 1.0, 1.0, 0.0, 0.0, 0.0, 0.0, 1.0, 1.0, 0.0, 1.0, 0.0, 0.0, 1.0, 1.0, 0.0, 1.0, 0.0, 1.0, 0.0, 1.0, 1.0, 0.0, 1.0, 0.0, 1.0, 1.0, 1.0, 0.0, 1.0, 0.0, 0.0, 1.0, 0.0, 1.0, 1.0, 0.0, 1.0, 0.0, 1.0, 1.0, 1.0, 0.0, 0.0, 0.0, 0.0, 0.0]","['lNONHSAG000241', 'lNONHSAG000381', 'lNONHSAG000840', 'lNONHSAG001142', 'lNONHSAG001724', 'lNONHSAG002549', 'lNONHSAG003820', 'lNONHSAG003976', 'lNONHSAG004373', 'lNONHSAG004743', 'lNONHSAG005732', 'lNONHSAG007455', 'lNONHSAG007631', 'lNONHSAG009021', 'lNONHSAG009228', 'lNONHSAG009546', 'lNONHSAG009782', 'lNONHSAG009913', 'lNONHSAG009938', 'lNONHSAG010021', 'lNONHSAG010117', 'lNONHSAG010189', 'lNONHSAG010352', 'lNONHSAG011084', 'lNONHSAG011264', 'lNONHSAG011870', 'lNONHSAG012077', 'lNONHSAG012375', 'lNONHSAG012423', 'lNONHSAG012549', 'lNONHSAG015692', 'lNONHSAG015723', 'lNONHSAG016199', 'lNONHSAG016611', 'lNONHSAG016618', 'lNONHSAG016623', 'lNONHSAG017344', 'lNONHSAG018341', 'lNONHSAG018420', 'lNONHSAG018635', 'lNONHSAG018659', 'lNONHSAG019023', 'lNONHSAG019813', 'lNONHSAG019878', 'lNONHSAG019967', 'lNONHSAG020066', 'lNONHSAG020372', 'lNONHSAG020729', 'lNONHSAG021072', 'lNONHSAG021400', 'lNONHSAG021431', 'lNONHSAG021432', 'lNONHSAG021780', 'lNONHSAG021981', 'lNONHSAG022009', 'lNONHSAG022103', 'lNONHSAG022125', 'lNONHSAG022510', 'lNONHSAG022851', 'lNONHSAG023633', 'lNONHSAG024818', 'lNONHSAG024923', 'lNONHSAG025157', 'lNONHSAG025185', 'lNONHSAG025712', 'lNONHSAG025867', 'lNONHSAG026743', 'lNONHSAG029336', 'lNONHSAG029467', 'lNONHSAG029880', 'lNONHSAG029957', 'lNONHSAG031481', 'lNONHSAG031900', 'lNONHSAG031913', 'lNONHSAG032735', 'lNONHSAG033027', 'lNONHSAG033105', 'lNONHSAG033254', 'lNONHSAG033645', 'lNONHSAG033716', 'lNONHSAG033862', 'lNONHSAG033896', 'lNONHSAG034508', 'lNONHSAG034678', 'lNONHSAG035103', 'lNONHSAG035287', 'lNONHSAG035919', 'lNONHSAG039749', 'lNONHSAG040542', 'lNONHSAG040560', 'lNONHSAG040601', 'lNONHSAG042033', 'lNONHSAG042062', 'lNONHSAG042957', 'lNONHSAG044022', 'lNONHSAG044624', 'lNONHSAG045131', 'lNONHSAG047182', 'lNONHSAG047619', 'lNONHSAG047796', 'lNONHSAG047840', 'lNONHSAG048189', 'lNONHSAG048191', 'lNONHSAG048201', 'lNONHSAG048231', 'lNONHSAG048354', 'lNONHSAG048610', 'lNONHSAG048624', 'lNONHSAG048781', 'lNONHSAG049050', 'lNONHSAG049129', 'lNONHSAG049421', 'lNONHSAG050167', 'lNONHSAG050168', 'lNONHSAG051166', 'lNONHSAG051448', 'lNONHSAG052609', 'lNONHSAG052925', 'lNONHSAG052929', 'lNONHSAG053082', 'lNONHSAG053716', 'lNONHSAG053719', 'lNONHSAG053842', 'lNONHSAG054212', 'lNONHSAG054807', 'lNONHSAG055577', 'lNONHSAG056875', 'lNONHSAG058128', 'lNONHSAG072945', 'lNONHSAG073406', 'lNONHSAG081227', 'lNONHSAG096130', 'lNONHSAG112396', 'lENSG00000171889', 'lENSG00000231019', 'lENSG00000233387', 'lENSG00000234455', 'lENSG00000237167', 'lENSG00000237880', 'lENSG00000242207', 'lENSG00000257557', 'lENSG00000258197', 'lENSG00000267296', 'lENSG00000286004', 'lCRNDE', 'lFEZF1-AS1', 'lHOXA-AS3', 'lMEG3', 'lCTD-2195B23.3', 'lRP11-104E19.1', 'lRP11-227H15.4', 'lRP5-1074L1.1', 'lRP11-408H20.2', 'lNONHSAG000969', 'lNONHSAG000994', 'lNONHSAG002790', 'lNONHSAG004507', 'lNONHSAG005249', 'lNONHSAG005809', 'lNONHSAG005856', 'lNONHSAG005986', 'lNONHSAG006091', 'lNONHSAG006188', 'lNONHSAG006591', 'lNONHSAG006830', 'lNONHSAG006837', 'lNONHSAG006855', 'lNONHSAG007000', 'lNONHSAG007139', 'lNONHSAG007222', 'lNONHSAG007242', 'lNONHSAG007638', 'lENSG00000223381', 'lENSG00000223598', 'lENSG00000223643', 'lENSG00000223870', 'lENSG00000223966', 'lENSG00000224087', 'lENSG00000224645', 'lENSG00000224857', 'lENSG00000225647', 'lENSG00000225751', 'lENSG00000225919', 'lENSG00000226089', 'lENSG00000226238', 'lENSG00000226601', 'lENSG00000226647', 'lENSG00000227930', 'lENSG00000229162', 'lENSG00000229224', 'lENSG00000229444', 'lENSG00000229688', 'lENSG00000230212', 'lENSG00000232197', 'lENSG00000232806', 'lENSG00000233574', 'lENSG00000234021', 'lENSG00000234690', 'lENSG00000234714', 'lENSG00000235035', 'lENSG00000235168', 'lENSG00000235262', 'lENSG00000235503', 'lENSG00000235533', 'lENSG00000236109', 'lENSG00000237293', 'lENSG00000237435', 'lENSG00000237463', 'lENSG00000237494', 'lENSG00000237768', 'lENSG00000237937', 'lENSG00000239314', 'lENSG00000240354', 'lENSG00000240868', 'lENSG00000242568', 'lENSG00000248358', 'lENSG00000248802', 'lENSG00000249066', 'lENSG00000249605', 'lENSG00000250698', 'lENSG00000250761', 'lENSG00000251088', 'lENSG00000251438', 'lENSG00000253526', 'lENSG00000253577', 'lENSG00000253616', 'lENSG00000253976', 'lENSG00000254031', 'lENSG00000254043', 'lENSG00000254263', 'lENSG00000254330', 'lENSG00000254921', 'lENSG00000255027', 'lENSG00000255241', 'lENSG00000255252', 'lENSG00000255300', 'lENSG00000255343', 'lENSG00000255388', 'lENSG00000255487', 'lENSG00000255893', 'lENSG00000256364', 'lENSG00000256897', 'lENSG00000257634', 'lENSG00000257682', 'lENSG00000257904', 'lENSG00000258108', 'lENSG00000258520', 'lENSG00000258610', 'lENSG00000258657', 'lENSG00000258850', 'lENSG00000258869', 'lENSG00000258892', 'lENSG00000258944', 'lENSG00000259187', 'lENSG00000259256', 'lENSG00000259265', 'lENSG00000259290', 'lENSG00000259595', 'lENSG00000259649', 'lENSG00000260058', 'lENSG00000260190', 'lENSG00000260237', 'lENSG00000261070', 'lENSG00000261332', 'lENSG00000262434', 'lENSG00000262777', 'lENSG00000263765', 'lENSG00000264023', 'lENSG00000264066', 'lENSG00000264151', 'lENSG00000266311', 'lENSG00000266877', 'lENSG00000267028', 'lENSG00000267437', 'lENSG00000267617', 'lENSG00000268069', 'lENSG00000268292', 'lENSG00000268798', 'lENSG00000269350', 'lENSG00000269578', 'lENSG00000273110', 'lENSG00000273198', 'lENSG00000273226', 'lENSG00000274737', 'lENSG00000275356', 'lENSG00000275638', 'lENSG00000275963', 'lENSG00000276054', 'lENSG00000276266', 'lENSG00000277173', 'lENSG00000280870', 'lENSG00000284846', 'lENSG00000285117', 'lENSG00000286093', 'lENSG00000286357', 'lENSG00000286735', 'lENSG00000286759', 'lENSG00000286776', 'lENSG00000286822', 'lENSG00000286838', 'lENSG00000287020', 'lENSG00000287128', 'lENSG00000287159', 'lENSG00000287191', 'lENSG00000287321', 'lENSG00000287451', 'lENSG00000287456', 'lENSG00000287511', 'lENSG00000287691', 'lENSG00000225393', 'lENSG00000228538', 'lENSG00000229458', 'lENSG00000230600', 'lENSG00000234810', 'lENSG00000250481', 'lENSG00000250948', 'lENSG00000258949', 'lENSG00000259222', 'lENSG00000259255', 'lENSG00000260983', 'lENSG00000261775', 'lMIR145', 'lCDKN2B-AS']","[0.0, 0.0, 1.0, 0.0, 1.0, 1.0, 0.0, 0.0, 0.0, 1.0, 1.0, 0.0, 1.0, 1.0, 0.0, 0.0, 0.0, 1.0, 0.0, 1.0, 1.0, 0.0, 0.0, 1.0, 0.0, 0.0, 1.0, 1.0, 0.0, 1.0, 0.0, 1.0, 1.0, 1.0, 1.0, 0.0, 0.0, 1.0, 1.0, 1.0, 0.0, 0.0, 1.0, 0.0, 1.0, 1.0, 1.0, 1.0, 0.0, 1.0, 0.0, 1.0, 1.0, 0.0, 1.0, 0.0, 1.0, 0.0, 1.0, 1.0, 1.0, 0.0, 0.0, 1.0, 0.0, 0.0, 1.0, 0.0, 1.0, 0.0, 0.0, 0.0, 1.0, 1.0, 1.0, 1.0, 1.0, 1.0, 0.0, 1.0, 1.0, 1.0, 0.0, 0.0, 0.0, 1.0, 0.0, 0.0, 1.0, 1.0, 1.0, 0.0, 0.0, 1.0, 1.0, 1.0, 0.0, 0.0, 0.0, 0.0, 0.0, 1.0, 1.0, 1.0, 1.0, 1.0, 1.0, 0.0, 0.0, 0.0, 0.0, 1.0, 0.0, 1.0, 1.0, 1.0, 1.0, 1.0, 0.0, 1.0, 0.0, 0.0, 1.0, 0.0, 1.0, 1.0, 1.0, 1.0, 1.0, 1.0, 1.0, 1.0, 1.0, 0.0, 1.0, 0.0, 0.0, 1.0, 1.0, 1.0, 0.0, 1.0, 1.0, 1.0, 1.0, 0.0, 0.0, 1.0, 1.0, 0.0, 0.0, 1.0, 0.0, 1.0, 0.0, 1.0, 1.0, 1.0, 1.0, 1.0, 0.0, 0.0, 0.0, 0.0, 0.0, 1.0, 1.0, 0.0, 0.0, 0.0, 0.0, 0.0, 0.0, 1.0, 1.0, 0.0, 1.0, 0.0, 1.0, 0.0, 0.0, 1.0, 1.0, 0.0, 1.0, 1.0, 1.0, 1.0, 0.0, 0.0, 0.0, 0.0, 0.0, 0.0, 1.0, 0.0, 0.0, 0.0, 1.0, 1.0, 0.0, 0.0, 1.0, 1.0, 1.0, 0.0, 0.0, 1.0, 1.0, 1.0, 1.0, 1.0, 0.0, 1.0, 0.0, 1.0, 0.0, 0.0, 1.0, 1.0, 0.0, 1.0, 0.0, 1.0, 0.0, 0.0, 1.0, 0.0, 0.0, 1.0, 1.0, 1.0, 0.0, 0.0, 0.0, 1.0, 0.0, 1.0, 0.0, 0.0, 0.0, 1.0, 1.0, 1.0, 1.0, 1.0, 0.0, 1.0, 1.0, 1.0, 1.0, 1.0, 1.0, 0.0, 1.0, 0.0, 1.0, 1.0, 0.0, 0.0, 1.0, 1.0, 0.0, 1.0, 0.0, 0.0, 1.0, 0.0, 1.0, 1.0, 0.0, 1.0, 0.0, 0.0, 0.0, 0.0, 1.0, 1.0, 0.0, 1.0, 1.0, 1.0, 1.0, 1.0, 1.0, 0.0, 1.0, 1.0, 0.0, 0.0, 0.0, 1.0, 0.0, 0.0, 1.0, 0.0, 0.0, 1.0, 1.0, 1.0, 0.0, 1.0, 0.0, 0.0, 0.0, 0.0, 1.0, 1.0, 0.0, 1.0, 0.0, 0.0, 0.0, 0.0, 1.0, 0.0, 0.0, 0.0, 0.0, 0.0, 0.0, 0.0, 1.0]","[0.0, 1.0, 1.0, 0.0, 1.0, 0.0, 0.0, 1.0, 0.0, 0.0, 0.0, 0.0, 0.0, 1.0, 0.0, 0.0, 0.0, 0.0, 1.0, 0.0, 0.0, 0.0, 1.0, 0.0, 1.0, 0.0, 0.0, 0.0, 0.0, 0.0, 1.0, 0.0, 0.0, 0.0, 0.0, 0.0, 1.0, 0.0, 1.0, 1.0, 1.0, 0.0, 0.0, 0.0, 1.0, 0.0, 1.0, 0.0, 0.0, 0.0, 0.0, 0.0, 0.0, 0.0, 0.0, 1.0, 0.0, 0.0, 1.0, 0.0, 1.0, 0.0, 1.0, 0.0, 0.0, 0.0, 1.0, 0.0, 0.0, 1.0, 0.0, 0.0, 0.0, 0.0, 0.0, 0.0, 1.0, 0.0, 1.0, 0.0, 0.0, 0.0, 1.0, 1.0, 0.0, 0.0, 0.0, 0.0, 1.0, 0.0, 0.0, 0.0, 0.0, 1.0, 0.0, 0.0, 0.0, 0.0, 0.0, 0.0, 0.0, 0.0, 1.0, 1.0, 0.0, 1.0, 0.0, 0.0, 0.0, 0.0, 1.0, 0.0, 0.0, 0.0, 1.0, 1.0, 0.0, 0.0, 0.0, 0.0, 1.0, 1.0, 0.0, 0.0, 0.0, 0.0, 0.0, 1.0, 0.0, 1.0, 0.0, 0.0, 0.0, 0.0, 0.0, 0.0, 1.0, 1.0, 0.0, 0.0, 1.0, 1.0, 0.0, 0.0, 0.0, 0.0, 0.0, 0.0, 1.0, 0.0, 1.0, 0.0, 0.0, 0.0, 0.0, 0.0, 0.0, 0.0, 0.0, 0.0, 0.0, 1.0, 1.0, 0.0, 0.0, 1.0, 0.0, 0.0, 0.0, 0.0, 0.0, 0.0, 0.0, 1.0, 0.0, 1.0, 1.0, 1.0, 0.0, 0.0, 1.0, 0.0, 1.0, 1.0, 1.0, 1.0, 0.0, 1.0, 1.0, 0.0, 0.0, 0.0, 1.0, 1.0, 1.0, 0.0, 0.0, 0.0, 0.0, 1.0, 0.0, 0.0, 1.0, 1.0, 1.0, 1.0, 1.0, 1.0, 1.0, 1.0, 1.0, 0.0, 1.0, 0.0, 0.0, 1.0, 1.0, 0.0, 0.0, 1.0, 1.0, 0.0, 0.0, 0.0, 0.0, 1.0, 1.0, 1.0, 1.0, 0.0, 1.0, 1.0, 1.0, 1.0, 1.0, 0.0, 0.0, 0.0, 0.0, 0.0, 0.0, 1.0, 1.0, 0.0, 0.0, 1.0, 1.0, 0.0, 0.0, 0.0, 1.0, 0.0, 0.0, 0.0, 1.0, 1.0, 1.0, 0.0, 0.0, 1.0, 1.0, 1.0, 0.0, 0.0, 0.0, 1.0, 0.0, 1.0, 1.0, 0.0, 1.0, 1.0, 0.0, 1.0, 1.0, 1.0, 1.0, 0.0, 1.0, 1.0, 1.0, 0.0, 0.0, 1.0, 0.0, 0.0, 0.0, 1.0, 0.0, 0.0, 0.0, 1.0, 1.0, 0.0, 0.0, 1.0, 1.0, 0.0, 0.0, 0.0, 1.0, 1.0, 0.0, 1.0, 0.0, 0.0, 1.0, 1.0, 1.0, 0.0, 0.0, 0.0, 1.0, 0.0, 1.0, 0.0, 1.0, 0.0, 0.0, 0.0, 0.0, 1.0, 0.0]","[0.49686269483635426, 0.5223456458412707, 0.5092739277799979, 0.48476522072478867, 0.5133131585011868, 0.46494599534029285, 0.48198911324405214, 0.5146134781852676, 0.48262000179993575, 0.48604305294836603, 0.4659654137078112, 0.4656054743991182, 0.4770061238699734, 0.5139016740970673, 0.49778951725742193, 0.48602032932997014, 0.4592895345748479, 0.46934790349509176, 0.5070789174448298, 0.47410043315351824, 0.4926307831453826, 0.4656797610313111, 0.5083918506839498, 0.4890944741177874, 0.504803990928248, 0.4935671605628578, 0.4738453856341463, 0.483522778941746, 0.4913948284747681, 0.48579092921017825, 0.5060506725539732, 0.4759044337210058, 0.48813617137266657, 0.4805337869836092, 0.48598985834729247, 0.47577528833357813, 0.505331302961295, 0.47054462383673284, 0.5125457376127078, 0.5091678539290488, 0.5031760710968414, 0.4633222979399288, 0.47161770063414854, 0.47954266715300836, 0.5018564068376703, 0.48177245186282724, 0.5066105417628258, 0.4883978637598507, 0.48557373654030594, 0.46529031641176066, 0.46233581913216915, 0.49244274822929185, 0.4775134700381729, 0.4804670785481125, 0.4673187083948828, 0.5212344050576339, 0.47517896588084935, 0.4797437023722853, 0.5064741794557471, 0.48534028983781974, 0.5129752370449929, 0.498321125853518, 0.5091211876124973, 0.49659794821917125, 0.48157942281149907, 0.49138668985546746, 0.5165936572511372, 0.4635600981070586, 0.48613184431157014, 0.5039670577006179, 0.4897868009952447, 0.4828663031264449, 0.47128780511019397, 0.47448230562958754, 0.4641252406212989, 0.465503202017197, 0.5120772052396003, 0.4888519805860865, 0.5131680266960679, 0.4879390698538954, 0.4673785681253218, 0.47514799735920105, 0.5090973624403807, 0.510264096393784, 0.46535820722945614, 0.4597005363137465, 0.46599355394074543, 0.49610342437737703, 0.5037800248575258, 0.46004819519014545, 0.49893796969250137, 0.47435062496063174, 0.47150737001966914, 0.5081696173658564, 0.4950046943161171, 0.46518449889224406, 0.4891918968630481, 0.49778700389498126, 0.4575407251133768, 0.47417083241092706, 0.49390317476334983, 0.4599160802991698, 0.5160029920417687, 0.507079685177392, 0.4650758917543012, 0.5065673783038432, 0.4869553318937311, 0.45864739349007133, 0.48590345370921867, 0.4878805618321911, 0.5016885995577934, 0.4888869298897916, 0.45453087522145175, 0.4583510375351863, 0.5113147186700104, 0.5014103321840369, 0.4784620609868187, 0.46087189209103396, 0.4821436164126533, 0.45688393879093947, 0.50182713306008, 0.5066901457823402, 0.4875294036035161, 0.4640155656440212, 0.46329732290465114, 0.4708080985596595, 0.48376921944883916, 0.5096429031039231, 0.4853532624300936, 0.50534648121395, 0.48615385101193825, 0.49020388143248406, 0.4985472580776007, 0.4829417946593591, 0.4861551624787032, 0.4791690629826192, 0.5207921416824006, 0.5033274891596926, 0.47365332384321557, 0.4872732770943473, 0.5032532791221599, 0.5110245848855723, 0.49219814772822706, 0.4351057369499457, 0.47092327982202964, 0.4948716270916813, 0.4930420993704965, 0.49425569428678046, 0.5123102361277811, 0.4582359428491194, 0.5081972117332041, 0.46789767018844675, 0.45126740195484527, 0.45451012075997554, 0.45539812910637395, 0.4688551299844454, 0.4497951456112451, 0.45140522554611895, 0.44823740765555337, 0.46875613405035094, 0.49582670654861616, 0.5168801013757878, 0.5099398510715925, 0.47335017359204307, 0.4502458609230462, 0.5140203250242313, 0.451668173016008, 0.4810789291849218, 0.46709513556256604, 0.4683668448802328, 0.4497251325878288, 0.4710298147306535, 0.4699593362113214, 0.5093689251286567, 0.4907537764934028, 0.5089021720424816, 0.5059939492083011, 0.5160348825007507, 0.48054469272799605, 0.47618151028805455, 0.5082967541686444, 0.4592805633666771, 0.5082393464116566, 0.5055405997731084, 0.5098355674485763, 0.5033112626215823, 0.4811160316704385, 0.5119381310784874, 0.5034209038310478, 0.4874990929454056, 0.46540553031934945, 0.497089048590137, 0.5040967029539385, 0.5067800233018954, 0.5176650809866308, 0.4881905307471712, 0.4719944588496398, 0.4844837044647917, 0.4908752262597085, 0.5122778387900824, 0.42624916390295214, 0.468203175382079, 0.5036839942650013, 0.5051144405856388, 0.5109111223794102, 0.5080833930235509, 0.5007743872203911, 0.5007933156458197, 0.5089209110186944, 0.5183759148477091, 0.5045013892466309, 0.4831515034826721, 0.512272136929704, 0.49432831166428776, 0.49093934269512235, 0.5127830354929338, 0.5076239054496415, 0.46859030061882373, 0.48287724605221516, 0.5006100325863915, 0.5005129012758993, 0.4970752240028029, 0.4934255603744321, 0.49485879236550323, 0.47994563454326195, 0.5149052883913323, 0.5018059389799493, 0.511099508648052, 0.5149790742254867, 0.47121451200911085, 0.5060906265519364, 0.5137770967055635, 0.5058060333992779, 0.5084975591866876, 0.5082576910078238, 0.47392126233723303, 0.4984014697251993, 0.4683801041401092, 0.49115486435178457, 0.496578933694405, 0.49941064527698115, 0.5090241299940914, 0.5160532950197245, 0.4772657480856147, 0.4892196154337272, 0.5024149528253381, 0.5020846091607655, 0.49160962103936306, 0.4694130437950086, 0.4965376433783625, 0.5063156130813947, 0.48894142835374527, 0.4651605470169195, 0.4959710808184078, 0.5042216606936164, 0.5228722526923295, 0.5172176517403381, 0.49233163531962876, 0.4765745326956698, 0.508492074259809, 0.5182779664236298, 0.5001641484307476, 0.49463951539483747, 0.4647795217536753, 0.4960594041522537, 0.5067378955354297, 0.4766573118980537, 0.5129325369615926, 0.5126877324935996, 0.4678135682553928, 0.5075378671868975, 0.5027509209810259, 0.48136981868572254, 0.5047916750282996, 0.5042595245705915, 0.5089539350203628, 0.5088026255208797, 0.4991912465916169, 0.5081556676243791, 0.5040804091676818, 0.5124902021591059, 0.4657603922976389, 0.48713087492940643, 0.5161355783049997, 0.4563084607341499, 0.47709741208745254, 0.4987261617705713, 0.5202391926783533, 0.4845668852534671, 0.4760008820358074, 0.4476218949216741, 0.5072728507823343, 0.5113437695763502, 0.4455690257566149, 0.49408242736387464, 0.5078899256297854, 0.5238031183615784, 0.4976911143682041, 0.4473051594788642, 0.4682705492280796, 0.5093818563601256, 0.5058357770898578, 0.47816673078285643, 0.5027746431718451, 0.46716166104759294, 0.4919066634434105, 0.5085086511617802, 0.5012520151339288, 0.5040830491625552, 0.4622174906472021, 0.4990285900598266, 0.4958321369572506, 0.5158657127246501, 0.4854029571350712, 0.500887554570835, 0.49609335704187113, 0.5085945546466594, 0.42833872967512254, 0.4981719149468295, 0.47272380794559565, 0.48656749078713946, 0.5082495969616206, 0.4625384205356177]"
4,"['lNONHSAG000008', 'lNONHSAG000047', 'lNONHSAG000059', 'lNONHSAG000069', 'lNONHSAG000130', 'lNONHSAG000158', 'lNONHSAG000195', 'lNONHSAG000241', 'lNONHSAG000253', 'lNONHSAG000310', 'lNONHSAG000311', 'lNONHSAG000374', 'lNONHSAG000381', 'lNONHSAG000464', 'lNONHSAG000484', 'lNONHSAG000498', 'lNONHSAG000579', 'lNONHSAG000584', 'lNONHSAG000625', 'lNONHSAG000742', 'lNONHSAG000769', 'lNONHSAG000840', 'lNONHSAG000843', 'lNONHSAG000863', 'lNONHSAG000884', 'lNONHSAG000918', 'lNONHSAG000938', 'lNONHSAG000967', 'lNONHSAG001142', 'lNONHSAG001172', 'lNONHSAG001238', 'lNONHSAG001247', 'lNONHSAG001259', 'lNONHSAG001278', 'lNONHSAG001284', 'lNONHSAG001360', 'lNONHSAG001375', 'lNONHSAG001448', 'lNONHSAG001468', 'lNONHSAG001499', 'lNONHSAG001513', 'lNONHSAG001696', 'lNONHSAG001724', 'lNONHSAG001773', 'lNONHSAG001837', 'lNONHSAG001941', 'lNONHSAG001993', 'lNONHSAG002056', 'lNONHSAG002086', 'lNONHSAG002134', 'lNONHSAG002135', 'lNONHSAG002343', 'lNONHSAG002359', 'lNONHSAG002376', 'lNONHSAG002378', 'lNONHSAG002490', 'lNONHSAG002549', 'lNONHSAG002617', 'lNONHSAG002669', 'lNONHSAG002701', 'lNONHSAG002719', 'lNONHSAG002731', 'lNONHSAG002752', 'lNONHSAG002859', 'lNONHSAG002883', 'lNONHSAG002978', 'lNONHSAG003053', 'lNONHSAG003056', 'lNONHSAG003068', 'lNONHSAG003074', 'lNONHSAG003077', 'lNONHSAG003119', 'lNONHSAG003134', 'lNONHSAG003156', 'lNONHSAG003198', 'lNONHSAG003244', 'lNONHSAG003260', 'lNONHSAG003269', 'lNONHSAG003303', 'lNONHSAG003374', 'lNONHSAG003504', 'lNONHSAG003645', 'lNONHSAG003820', 'lNONHSAG003874', 'lNONHSAG003884', 'lNONHSAG003886', 'lNONHSAG003900', 'lNONHSAG003911', 'lNONHSAG003912', 'lNONHSAG003938', 'lNONHSAG003957', 'lNONHSAG003976', 'lNONHSAG004013', 'lNONHSAG004026', 'lNONHSAG004054', 'lNONHSAG004247', 'lNONHSAG004303', 'lNONHSAG004305', 'lNONHSAG004373', 'lNONHSAG004619', 'lNONHSAG004673', 'lNONHSAG004674', 'lNONHSAG004714', 'lNONHSAG004743', 'lNONHSAG004779', 'lNONHSAG004868', 'lNONHSAG005084', 'lNONHSAG005339', 'lNONHSAG005377', 'lNONHSAG005403', 'lNONHSAG005482', 'lNONHSAG005669', 'lNONHSAG005699', 'lNONHSAG005711', 'lNONHSAG005721', 'lNONHSAG005728', 'lNONHSAG005732', 'lNONHSAG005742', 'lNONHSAG005780', 'lNONHSAG005838', 'lNONHSAG005866', 'lNONHSAG006007', 'lNONHSAG006049', 'lNONHSAG006050', 'lNONHSAG006054', 'lNONHSAG006071', 'lNONHSAG006163', 'lNONHSAG006204', 'lNONHSAG006212', 'lNONHSAG006238', 'lNONHSAG006301', 'lNONHSAG006341', 'lNONHSAG006454', 'lNONHSAG006457', 'lNONHSAG006474', 'lNONHSAG006477', 'lNONHSAG006526', 'lNONHSAG006633', 'lNONHSAG006678', 'lNONHSAG006692', 'lNONHSAG006735', 'lNONHSAG006763', 'lNONHSAG006772', 'lNONHSAG006865', 'lNONHSAG006945', 'lNONHSAG006966', 'lNONHSAG007109', 'lNONHSAG007324', 'lNONHSAG007384', 'lNONHSAG007430', 'lNONHSAG007431', 'lNONHSAG007434', 'lNONHSAG007455', 'lNONHSAG007463', 'lNONHSAG007487', 'lNONHSAG007538', 'lNONHSAG007602', 'lNONHSAG007631', 'lNONHSAG007692', 'lNONHSAG007708', 'lNONHSAG007715', 'lNONHSAG007868', 'lNONHSAG007961', 'lNONHSAG007983', 'lNONHSAG007984', 'lNONHSAG008015', 'lNONHSAG008037', 'lNONHSAG008056', 'lNONHSAG008199', 'lNONHSAG008220', 'lNONHSAG008354', 'lNONHSAG008517', 'lNONHSAG008540', 'lNONHSAG008552', 'lNONHSAG008589', 'lNONHSAG008615', 'lNONHSAG008654', 'lNONHSAG008670', 'lNONHSAG008675', 'lNONHSAG008693', 'lNONHSAG008726', 'lNONHSAG008728', 'lNONHSAG008759', 'lNONHSAG008937', 'lNONHSAG008952', 'lNONHSAG008966', 'lNONHSAG009021', 'lNONHSAG009039', 'lNONHSAG009059', 'lNONHSAG009062', 'lNONHSAG009124', 'lNONHSAG009130', 'lNONHSAG009133', 'lNONHSAG009134', 'lNONHSAG009174', 'lNONHSAG009180', 'lNONHSAG009193', 'lNONHSAG009228', 'lNONHSAG009544', 'lNONHSAG009546', 'lNONHSAG009613', 'lNONHSAG009636', 'lNONHSAG009728', 'lNONHSAG009747', 'lNONHSAG009755', 'lNONHSAG009757', 'lNONHSAG009782', 'lNONHSAG009913', 'lNONHSAG009938', 'lNONHSAG009945', 'lNONHSAG009950', 'lNONHSAG009968', 'lNONHSAG009989', 'lNONHSAG010021', 'lNONHSAG010117', 'lNONHSAG010179', 'lNONHSAG010184', 'lNONHSAG010186', 'lNONHSAG010189', 'lNONHSAG010190', 'lNONHSAG010193', 'lNONHSAG010194', 'lNONHSAG010200', 'lNONHSAG010348', 'lNONHSAG010352', 'lNONHSAG010416', 'lNONHSAG010543', 'lNONHSAG010657', 'lNONHSAG010658', 'lNONHSAG010792', 'lNONHSAG010798', 'lNONHSAG010940', 'lNONHSAG010986', 'lNONHSAG010989', 'lNONHSAG011028', 'lNONHSAG011057', 'lNONHSAG011070', 'lNONHSAG011084', 'lNONHSAG011086', 'lNONHSAG011090', 'lNONHSAG011121', 'lNONHSAG011125', 'lNONHSAG011211', 'lNONHSAG011230', 'lNONHSAG011264', 'lNONHSAG011337', 'lNONHSAG011375', 'lNONHSAG011439', 'lNONHSAG011446', 'lNONHSAG011518', 'lNONHSAG011524', 'lNONHSAG011576', 'lNONHSAG011633', 'lNONHSAG011658', 'lNONHSAG011790', 'lNONHSAG011854', 'lNONHSAG011870', 'lNONHSAG011935', 'lNONHSAG012025', 'lNONHSAG012077', 'lNONHSAG012099', 'lNONHSAG012297', 'lNONHSAG012303', 'lNONHSAG012339', 'lNONHSAG012367', 'lNONHSAG012375', 'lNONHSAG012423', 'lNONHSAG012476', 'lNONHSAG012505', 'lNONHSAG012534', 'lNONHSAG012540', 'lNONHSAG012549', 'lNONHSAG012555', 'lNONHSAG012614', 'lNONHSAG012617', 'lNONHSAG012751', 'lNONHSAG012791', 'lNONHSAG013005', 'lNONHSAG013060', 'lNONHSAG013098', 'lNONHSAG013109', 'lNONHSAG013388', 'lNONHSAG013431', 'lNONHSAG013475', 'lNONHSAG013534', 'lNONHSAG013568', 'lNONHSAG013708', 'lNONHSAG013790', 'lNONHSAG013809', 'lNONHSAG013912', 'lNONHSAG013917', 'lNONHSAG013940', 'lNONHSAG013942', 'lNONHSAG013944', 'lNONHSAG013954', 'lNONHSAG013992', 'lNONHSAG014098', 'lNONHSAG014112', 'lNONHSAG014130', 'lNONHSAG014267', 'lNONHSAG014289', 'lNONHSAG014332', 'lNONHSAG014362', 'lNONHSAG014372', 'lNONHSAG014373', 'lNONHSAG014381', 'lNONHSAG014496', 'lNONHSAG014502', 'lNONHSAG014546', 'lNONHSAG014562', 'lNONHSAG014591', 'lNONHSAG014672', 'lNONHSAG014679', 'lNONHSAG014730', 'lNONHSAG014890', 'lNONHSAG014891', 'lNONHSAG014914', 'lNONHSAG015044', 'lNONHSAG015215', 'lNONHSAG015352', 'lNONHSAG015454', 'lNONHSAG015461', 'lNONHSAG015591', 'lNONHSAG015692', 'lNONHSAG015723', 'lNONHSAG015787', 'lNONHSAG015961', 'lNONHSAG016021', 'lNONHSAG016068', 'lNONHSAG016118', 'lNONHSAG016199', 'lNONHSAG016307', 'lNONHSAG016403', 'lNONHSAG016486', 'lNONHSAG016487', 'lNONHSAG016576', 'lNONHSAG016611', 'lNONHSAG016618', 'lNONHSAG016623', 'lNONHSAG016733', 'lNONHSAG016741', 'lNONHSAG016749', 'lNONHSAG016771', 'lNONHSAG016822', 'lNONHSAG016893', 'lNONHSAG017020', 'lNONHSAG017060', 'lNONHSAG017232', 'lNONHSAG017238', 'lNONHSAG017254', 'lNONHSAG017282', 'lNONHSAG017288', 'lNONHSAG017344', 'lNONHSAG017347', 'lNONHSAG017376', 'lNONHSAG017377', 'lNONHSAG017379', 'lNONHSAG017417', 'lNONHSAG017486', 'lNONHSAG017504', 'lNONHSAG017567', 'lNONHSAG017666', 'lNONHSAG017767', 'lNONHSAG017783', 'lNONHSAG017882', 'lNONHSAG017890', 'lNONHSAG017899', 'lNONHSAG018053', 'lNONHSAG018054', 'lNONHSAG018058', 'lNONHSAG018110', 'lNONHSAG018180', 'lNONHSAG018203', 'lNONHSAG018236', 'lNONHSAG018313', 'lNONHSAG018322', 'lNONHSAG018341', 'lNONHSAG018344', 'lNONHSAG018372', 'lNONHSAG018374', 'lNONHSAG018414', 'lNONHSAG018415', 'lNONHSAG018416', 'lNONHSAG018417', 'lNONHSAG018420', 'lNONHSAG018461', 'lNONHSAG018530', 'lNONHSAG018586', 'lNONHSAG018621', 'lNONHSAG018635', 'lNONHSAG018656', 'lNONHSAG018659', 'lNONHSAG018707', 'lNONHSAG018711', 'lNONHSAG018889', 'lNONHSAG018893', 'lNONHSAG018903', 'lNONHSAG018980', 'lNONHSAG019003', 'lNONHSAG019012', 'lNONHSAG019014', 'lNONHSAG019021', 'lNONHSAG019023', 'lNONHSAG019031', 'lNONHSAG019049', 'lNONHSAG019051', 'lNONHSAG019079', 'lNONHSAG019115', 'lNONHSAG019134', 'lNONHSAG019158', 'lNONHSAG019221', 'lNONHSAG019332', 'lNONHSAG019370', 'lNONHSAG019439', 'lNONHSAG019493', 'lNONHSAG019569', 'lNONHSAG019613', 'lNONHSAG019667', 'lNONHSAG019670', 'lNONHSAG019711', 'lNONHSAG019767', 'lNONHSAG019813', 'lNONHSAG019814', 'lNONHSAG019848', 'lNONHSAG019852', 'lNONHSAG019878', 'lNONHSAG019967', 'lNONHSAG020053', 'lNONHSAG020066', 'lNONHSAG020068', 'lNONHSAG020075', 'lNONHSAG020091', 'lNONHSAG020107', 'lNONHSAG020153', 'lNONHSAG020155', 'lNONHSAG020218', 'lNONHSAG020223', 'lNONHSAG020252', 'lNONHSAG020259', 'lNONHSAG020260', 'lNONHSAG020273', 'lNONHSAG020274', 'lNONHSAG020277', 'lNONHSAG020278', 'lNONHSAG020298', 'lNONHSAG020307', 'lNONHSAG020312', 'lNONHSAG020321', 'lNONHSAG020325', 'lNONHSAG020339', 'lNONHSAG020361', 'lNONHSAG020372', 'lNONHSAG020374', 'lNONHSAG020382', 'lNONHSAG020476', 'lNONHSAG020600', 'lNONHSAG020729', 'lNONHSAG020731', 'lNONHSAG020755', 'lNONHSAG020759', 'lNONHSAG020760', 'lNONHSAG020762', 'lNONHSAG020771', 'lNONHSAG020869', 'lNONHSAG020957', 'lNONHSAG020990', 'lNONHSAG021072', 'lNONHSAG021307', 'lNONHSAG021309', 'lNONHSAG021315', 'lNONHSAG021335', 'lNONHSAG021342', 'lNONHSAG021347', 'lNONHSAG021370', 'lNONHSAG021390', 'lNONHSAG021400', 'lNONHSAG021408', 'lNONHSAG021410', 'lNONHSAG021431', 'lNONHSAG021432', 'lNONHSAG021433', 'lNONHSAG021471', 'lNONHSAG021557', 'lNONHSAG021566', 'lNONHSAG021567', 'lNONHSAG021584', 'lNONHSAG021638', 'lNONHSAG021698', 'lNONHSAG021760', 'lNONHSAG021780', 'lNONHSAG021820', 'lNONHSAG021846', 'lNONHSAG021874', 'lNONHSAG021878', 'lNONHSAG021882', 'lNONHSAG021893', 'lNONHSAG021909', 'lNONHSAG021976', 'lNONHSAG021981', 'lNONHSAG022009', 'lNONHSAG022030', 'lNONHSAG022058', 'lNONHSAG022078', 'lNONHSAG022088', 'lNONHSAG022094', 'lNONHSAG022103', 'lNONHSAG022110', 'lNONHSAG022125', 'lNONHSAG022127', 'lNONHSAG022311', 'lNONHSAG022327', 'lNONHSAG022328', 'lNONHSAG022335', 'lNONHSAG022339', 'lNONHSAG022378', 'lNONHSAG022510', 'lNONHSAG022551', 'lNONHSAG022579', 'lNONHSAG022595', 'lNONHSAG022597', 'lNONHSAG022655', 'lNONHSAG022690', 'lNONHSAG022743', 'lNONHSAG022750', 'lNONHSAG022806', 'lNONHSAG022836', 'lNONHSAG022845', 'lNONHSAG022851', 'lNONHSAG022888', 'lNONHSAG022893', 'lNONHSAG022965', 'lNONHSAG022972', 'lNONHSAG022980', 'lNONHSAG022982', 'lNONHSAG023003', 'lNONHSAG023049', 'lNONHSAG023051', 'lNONHSAG023073', 'lNONHSAG023175', 'lNONHSAG023237', 'lNONHSAG023375', 'lNONHSAG023387', 'lNONHSAG023392', 'lNONHSAG023512', 'lNONHSAG023553', 'lNONHSAG023579', 'lNONHSAG023598', 'lNONHSAG023607', 'lNONHSAG023614', 'lNONHSAG023630', 'lNONHSAG023633', 'lNONHSAG023635', 'lNONHSAG023661', 'lNONHSAG023668', 'lNONHSAG023740', 'lNONHSAG023837', 'lNONHSAG023864', 'lNONHSAG023888', 'lNONHSAG023930', 'lNONHSAG023964', 'lNONHSAG024117', 'lNONHSAG024141', 'lNONHSAG024146', 'lNONHSAG024171', 'lNONHSAG024224', 'lNONHSAG024282', 'lNONHSAG024332', 'lNONHSAG024340', 'lNONHSAG024361', 'lNONHSAG024364', 'lNONHSAG024381', 'lNONHSAG024391', 'lNONHSAG024393', 'lNONHSAG024395', 'lNONHSAG024540', 'lNONHSAG024542', 'lNONHSAG024637', 'lNONHSAG024671', 'lNONHSAG024681', 'lNONHSAG024741', 'lNONHSAG024809', 'lNONHSAG024810', 'lNONHSAG024818', 'lNONHSAG024826', 'lNONHSAG024903', 'lNONHSAG024905', 'lNONHSAG024908', 'lNONHSAG024913', 'lNONHSAG024923', 'lNONHSAG024925', 'lNONHSAG024979', 'lNONHSAG025135', 'lNONHSAG025157', 'lNONHSAG025185', 'lNONHSAG025319', 'lNONHSAG025352', 'lNONHSAG025483', 'lNONHSAG025485', 'lNONHSAG025609', 'lNONHSAG025712', 'lNONHSAG025743', 'lNONHSAG025744', 'lNONHSAG025864', 'lNONHSAG025865', 'lNONHSAG025867', 'lNONHSAG025907', 'lNONHSAG025964', 'lNONHSAG025997', 'lNONHSAG026091', 'lNONHSAG026103', 'lNONHSAG026153', 'lNONHSAG026176', 'lNONHSAG026205', 'lNONHSAG026274', 'lNONHSAG026364', 'lNONHSAG026575', 'lNONHSAG026599', 'lNONHSAG026631', 'lNONHSAG026661', 'lNONHSAG026720', 'lNONHSAG026721', 'lNONHSAG026737', 'lNONHSAG026743', 'lNONHSAG026781', 'lNONHSAG026794', 'lNONHSAG026852', 'lNONHSAG026854', 'lNONHSAG027017', 'lNONHSAG027075', 'lNONHSAG027110', 'lNONHSAG027276', 'lNONHSAG027278', 'lNONHSAG027323', 'lNONHSAG027342', 'lNONHSAG027374', 'lNONHSAG027421', 'lNONHSAG027482', 'lNONHSAG027598', 'lNONHSAG027618', 'lNONHSAG027675', 'lNONHSAG027682', 'lNONHSAG027692', 'lNONHSAG027694', 'lNONHSAG027837', 'lNONHSAG027874', 'lNONHSAG027876', 'lNONHSAG028045', 'lNONHSAG028083', 'lNONHSAG028093', 'lNONHSAG028141', 'lNONHSAG028142', 'lNONHSAG028159', 'lNONHSAG028403', 'lNONHSAG028720', 'lNONHSAG028817', 'lNONHSAG028820', 'lNONHSAG028857', 'lNONHSAG028870', 'lNONHSAG028913', 'lNONHSAG028918', 'lNONHSAG028948', 'lNONHSAG028996', 'lNONHSAG029033', 'lNONHSAG029080', 'lNONHSAG029124', 'lNONHSAG029267', 'lNONHSAG029312', 'lNONHSAG029336', 'lNONHSAG029377', 'lNONHSAG029467', 'lNONHSAG029668', 'lNONHSAG029792', 'lNONHSAG029830', 'lNONHSAG029873', 'lNONHSAG029880', 'lNONHSAG029933', 'lNONHSAG029956', 'lNONHSAG029957', 'lNONHSAG029958', 'lNONHSAG029959', 'lNONHSAG029960', 'lNONHSAG029962', 'lNONHSAG029964', 'lNONHSAG029965', 'lNONHSAG029985', 'lNONHSAG030074', 'lNONHSAG030113', 'lNONHSAG030129', 'lNONHSAG030244', 'lNONHSAG030258', 'lNONHSAG030278', 'lNONHSAG030279', 'lNONHSAG030304', 'lNONHSAG030333', 'lNONHSAG030410', 'lNONHSAG030440', 'lNONHSAG030487', 'lNONHSAG030516', 'lNONHSAG030525', 'lNONHSAG030583', 'lNONHSAG030738', 'lNONHSAG030739', 'lNONHSAG030742', 'lNONHSAG031025', 'lNONHSAG031035', 'lNONHSAG031123', 'lNONHSAG031261', 'lNONHSAG031385', 'lNONHSAG031425', 'lNONHSAG031452', 'lNONHSAG031453', 'lNONHSAG031456', 'lNONHSAG031481', 'lNONHSAG031581', 'lNONHSAG031584', 'lNONHSAG031900', 'lNONHSAG031913', 'lNONHSAG031991', 'lNONHSAG032063', 'lNONHSAG032126', 'lNONHSAG032247', 'lNONHSAG032267', 'lNONHSAG032297', 'lNONHSAG032302', 'lNONHSAG032309', 'lNONHSAG032312', 'lNONHSAG032537', 'lNONHSAG032560', 'lNONHSAG032682', 'lNONHSAG032724', 'lNONHSAG032735', 'lNONHSAG032737', 'lNONHSAG032748', 'lNONHSAG032750', 'lNONHSAG033027', 'lNONHSAG033061', 'lNONHSAG033100', 'lNONHSAG033105', 'lNONHSAG033107', 'lNONHSAG033121', 'lNONHSAG033168', 'lNONHSAG033170', 'lNONHSAG033216', 'lNONHSAG033224', 'lNONHSAG033254', 'lNONHSAG033263', 'lNONHSAG033298', 'lNONHSAG033328', 'lNONHSAG033334', 'lNONHSAG033342', 'lNONHSAG033348', 'lNONHSAG033352', 'lNONHSAG033368', 'lNONHSAG033386', 'lNONHSAG033390', 'lNONHSAG033435', 'lNONHSAG033459', 'lNONHSAG033471', 'lNONHSAG033528', 'lNONHSAG033589', 'lNONHSAG033611', 'lNONHSAG033645', 'lNONHSAG033691', 'lNONHSAG033716', 'lNONHSAG033810', 'lNONHSAG033862', 'lNONHSAG033896', 'lNONHSAG033898', 'lNONHSAG033937', 'lNONHSAG033940', 'lNONHSAG034006', 'lNONHSAG034014', 'lNONHSAG034021', 'lNONHSAG034032', 'lNONHSAG034217', 'lNONHSAG034316', 'lNONHSAG034418', 'lNONHSAG034508', 'lNONHSAG034527', 'lNONHSAG034676', 'lNONHSAG034678', 'lNONHSAG034801', 'lNONHSAG034845', 'lNONHSAG034846', 'lNONHSAG034935', 'lNONHSAG034973', 'lNONHSAG035096', 'lNONHSAG035103', 'lNONHSAG035262', 'lNONHSAG035287', 'lNONHSAG035382', 'lNONHSAG035456', 'lNONHSAG035531', 'lNONHSAG035568', 'lNONHSAG035806', 'lNONHSAG035914', 'lNONHSAG035916', 'lNONHSAG035919', 'lNONHSAG035923', 'lNONHSAG036047', 'lNONHSAG036054', 'lNONHSAG036115', 'lNONHSAG036120', 'lNONHSAG036255', 'lNONHSAG036263', 'lNONHSAG036273', 'lNONHSAG036403', 'lNONHSAG036407', 'lNONHSAG036412', 'lNONHSAG036612', 'lNONHSAG036615', 'lNONHSAG036667', 'lNONHSAG036718', 'lNONHSAG036783', 'lNONHSAG036866', 'lNONHSAG036922', 'lNONHSAG036926', 'lNONHSAG037025', 'lNONHSAG037061', 'lNONHSAG037072', 'lNONHSAG037073', 'lNONHSAG037080', 'lNONHSAG037082', 'lNONHSAG037083', 'lNONHSAG037096', 'lNONHSAG037137', 'lNONHSAG037146', 'lNONHSAG037164', 'lNONHSAG037348', 'lNONHSAG037420', 'lNONHSAG037559', 'lNONHSAG037827', 'lNONHSAG037936', 'lNONHSAG037946', 'lNONHSAG038001', 'lNONHSAG038024', 'lNONHSAG038060', 'lNONHSAG038091', 'lNONHSAG038162', 'lNONHSAG038343', 'lNONHSAG038344', 'lNONHSAG038397', 'lNONHSAG038502', 'lNONHSAG038530', 'lNONHSAG038561', 'lNONHSAG038663', 'lNONHSAG038675', 'lNONHSAG038676', 'lNONHSAG038682', 'lNONHSAG038836', 'lNONHSAG039037', 'lNONHSAG039038', 'lNONHSAG039147', 'lNONHSAG039293', 'lNONHSAG039295', 'lNONHSAG039617', 'lNONHSAG039620', 'lNONHSAG039634', 'lNONHSAG039637', 'lNONHSAG039654', 'lNONHSAG039664', 'lNONHSAG039669', 'lNONHSAG039749', 'lNONHSAG039872', 'lNONHSAG039951', 'lNONHSAG040179', 'lNONHSAG040188', 'lNONHSAG040226', 'lNONHSAG040241', 'lNONHSAG040269', 'lNONHSAG040320', 'lNONHSAG040408', 'lNONHSAG040444', 'lNONHSAG040542', 'lNONHSAG040544', 'lNONHSAG040560', 'lNONHSAG040601', 'lNONHSAG040692', 'lNONHSAG040700', 'lNONHSAG040729', 'lNONHSAG040804', 'lNONHSAG040859', 'lNONHSAG040870', 'lNONHSAG040909', 'lNONHSAG040945', 'lNONHSAG040958', 'lNONHSAG040969', 'lNONHSAG040976', 'lNONHSAG041002', 'lNONHSAG041017', 'lNONHSAG041241', 'lNONHSAG041250', 'lNONHSAG041256', 'lNONHSAG041257', 'lNONHSAG041480', 'lNONHSAG041528', 'lNONHSAG041592', 'lNONHSAG041670', 'lNONHSAG041707', 'lNONHSAG041716', 'lNONHSAG041758', 'lNONHSAG041844', 'lNONHSAG041883', 'lNONHSAG041938', 'lNONHSAG041966', 'lNONHSAG041981', 'lNONHSAG042033', 'lNONHSAG042062', 'lNONHSAG042132', 'lNONHSAG042138', 'lNONHSAG042218', 'lNONHSAG042257', 'lNONHSAG042306', 'lNONHSAG042307', 'lNONHSAG042370', 'lNONHSAG042476', 'lNONHSAG042500', 'lNONHSAG042722', 'lNONHSAG042836', 'lNONHSAG042855', 'lNONHSAG042957', 'lNONHSAG042966', 'lNONHSAG042970', 'lNONHSAG042991', 'lNONHSAG043138', 'lNONHSAG043159', 'lNONHSAG043229', 'lNONHSAG043250', 'lNONHSAG043303', 'lNONHSAG043433', 'lNONHSAG043550', 'lNONHSAG043592', 'lNONHSAG043625', 'lNONHSAG043657', 'lNONHSAG043770', 'lNONHSAG043851', 'lNONHSAG043934', 'lNONHSAG044022', 'lNONHSAG044041', 'lNONHSAG044064', 'lNONHSAG044350', 'lNONHSAG044406', 'lNONHSAG044429', 'lNONHSAG044533', 'lNONHSAG044624', 'lNONHSAG044666', 'lNONHSAG044709', 'lNONHSAG044751', 'lNONHSAG044791', 'lNONHSAG045131', 'lNONHSAG045160', 'lNONHSAG045163', 'lNONHSAG045166', 'lNONHSAG045306', 'lNONHSAG045383', 'lNONHSAG046722', 'lNONHSAG046730', 'lNONHSAG046765', 'lNONHSAG046811', 'lNONHSAG046839', 'lNONHSAG046953', 'lNONHSAG047182', 'lNONHSAG047191', 'lNONHSAG047197', 'lNONHSAG047260', 'lNONHSAG047319', 'lNONHSAG047433', 'lNONHSAG047463', 'lNONHSAG047469', 'lNONHSAG047471', 'lNONHSAG047507', 'lNONHSAG047619', 'lNONHSAG047620', 'lNONHSAG047725', 'lNONHSAG047792', 'lNONHSAG047796', 'lNONHSAG047830', 'lNONHSAG047840', 'lNONHSAG047842', 'lNONHSAG047851', 'lNONHSAG047951', 'lNONHSAG047974', 'lNONHSAG048057', 'lNONHSAG048101', 'lNONHSAG048189', 'lNONHSAG048191', 'lNONHSAG048201', 'lNONHSAG048228', 'lNONHSAG048231', 'lNONHSAG048302', 'lNONHSAG048323', 'lNONHSAG048354', 'lNONHSAG048439', 'lNONHSAG048602', 'lNONHSAG048603', 'lNONHSAG048610', 'lNONHSAG048623', 'lNONHSAG048624', 'lNONHSAG048626', 'lNONHSAG048641', 'lNONHSAG048682', 'lNONHSAG048695', 'lNONHSAG048781', 'lNONHSAG048817', 'lNONHSAG049037', 'lNONHSAG049050', 'lNONHSAG049051', 'lNONHSAG049119', 'lNONHSAG049129', 'lNONHSAG049157', 'lNONHSAG049185', 'lNONHSAG049191', 'lNONHSAG049288', 'lNONHSAG049303', 'lNONHSAG049356', 'lNONHSAG049421', 'lNONHSAG049507', 'lNONHSAG049655', 'lNONHSAG049754', 'lNONHSAG049801', 'lNONHSAG049901', 'lNONHSAG050073', 'lNONHSAG050104', 'lNONHSAG050167', 'lNONHSAG050168', 'lNONHSAG050272', 'lNONHSAG050273', 'lNONHSAG050284', 'lNONHSAG050345', 'lNONHSAG050423', 'lNONHSAG050445', 'lNONHSAG050493', 'lNONHSAG050518', 'lNONHSAG050725', 'lNONHSAG050769', 'lNONHSAG050786', 'lNONHSAG050815', 'lNONHSAG050929', 'lNONHSAG050985', 'lNONHSAG051010', 'lNONHSAG051015', 'lNONHSAG051166', 'lNONHSAG051196', 'lNONHSAG051245', 'lNONHSAG051250', 'lNONHSAG051255', 'lNONHSAG051259', 'lNONHSAG051263', 'lNONHSAG051266', 'lNONHSAG051291', 'lNONHSAG051448', 'lNONHSAG051454', 'lNONHSAG051484', 'lNONHSAG051514', 'lNONHSAG051517', 'lNONHSAG051523', 'lNONHSAG051542', 'lNONHSAG051567', 'lNONHSAG051568', 'lNONHSAG051603', 'lNONHSAG051770', 'lNONHSAG051898', 'lNONHSAG052046', 'lNONHSAG052082', 'lNONHSAG052097', 'lNONHSAG052149', 'lNONHSAG052179', 'lNONHSAG052454', 'lNONHSAG052459', 'lNONHSAG052491', 'lNONHSAG052492', 'lNONHSAG052495', 'lNONHSAG052510', 'lNONHSAG052511', 'lNONHSAG052609', 'lNONHSAG052680', 'lNONHSAG052686', 'lNONHSAG052709', 'lNONHSAG052726', 'lNONHSAG052853', 'lNONHSAG052908', 'lNONHSAG052925', 'lNONHSAG052929', 'lNONHSAG052931', 'lNONHSAG052943', 'lNONHSAG053007', 'lNONHSAG053014', 'lNONHSAG053028', 'lNONHSAG053033', 'lNONHSAG053082', 'lNONHSAG053108', 'lNONHSAG053162', 'lNONHSAG053456', 'lNONHSAG053499', 'lNONHSAG053500', 'lNONHSAG053502', 'lNONHSAG053547', 'lNONHSAG053590', 'lNONHSAG053626', 'lNONHSAG053631', 'lNONHSAG053651', 'lNONHSAG053716', 'lNONHSAG053719', 'lNONHSAG053748', 'lNONHSAG053796', 'lNONHSAG053802', 'lNONHSAG053842', 'lNONHSAG054038', 'lNONHSAG054212', 'lNONHSAG054214', 'lNONHSAG054216', 'lNONHSAG054301', 'lNONHSAG054360', 'lNONHSAG054432', 'lNONHSAG054716', 'lNONHSAG054717', 'lNONHSAG054780', 'lNONHSAG054807', 'lNONHSAG054832', 'lNONHSAG055008', 'lNONHSAG055088', 'lNONHSAG055092', 'lNONHSAG055151', 'lNONHSAG055258', 'lNONHSAG055350', 'lNONHSAG055418', 'lNONHSAG055450', 'lNONHSAG055546', 'lNONHSAG055565', 'lNONHSAG055577', 'lNONHSAG055582', 'lNONHSAG056025', 'lNONHSAG056029', 'lNONHSAG056053', 'lNONHSAG056451', 'lNONHSAG056746', 'lNONHSAG056875', 'lNONHSAG057043', 'lNONHSAG057222', 'lNONHSAG057260', 'lNONHSAG058006', 'lNONHSAG058109', 'lNONHSAG058112', 'lNONHSAG058118', 'lNONHSAG058128', 'lNONHSAG058533', 'lNONHSAG058967', 'lNONHSAG059768', 'lNONHSAG060586', 'lNONHSAG061096', 'lNONHSAG061492', 'lNONHSAG063700', 'lNONHSAG064784', 'lNONHSAG064962', 'lNONHSAG065252', 'lNONHSAG065364', 'lNONHSAG066253', 'lNONHSAG068402', 'lNONHSAG068639', 'lNONHSAG069147', 'lNONHSAG069277', 'lNONHSAG069876', 'lNONHSAG071444', 'lNONHSAG072176', 'lNONHSAG072945', 'lNONHSAG073025', 'lNONHSAG073380', 'lNONHSAG073406', 'lNONHSAG073419', 'lNONHSAG073786', 'lNONHSAG074052', 'lNONHSAG074661', 'lNONHSAG075363', 'lNONHSAG077475', 'lNONHSAG077527', 'lNONHSAG077551', 'lNONHSAG079231', 'lNONHSAG080772', 'lNONHSAG081227', 'lNONHSAG081993', 'lNONHSAG082891', 'lNONHSAG083289', 'lNONHSAG083615', 'lNONHSAG083883', 'lNONHSAG083894', 'lNONHSAG084701', 'lNONHSAG084832', 'lNONHSAG084937', 'lNONHSAG088562', 'lNONHSAG089857', 'lNONHSAG091116', 'lNONHSAG091284', 'lNONHSAG091452', 'lNONHSAG091943', 'lNONHSAG092907', 'lNONHSAG093064', 'lNONHSAG093078', 'lNONHSAG093517', 'lNONHSAG094075', 'lNONHSAG094129', 'lNONHSAG094269', 'lNONHSAG096130', 'lNONHSAG096227', 'lNONHSAG096230', 'lNONHSAG096627', 'lNONHSAG097344', 'lNONHSAG097347', 'lNONHSAG098653', 'lNONHSAG099082', 'lNONHSAG099742', 'lNONHSAG099774', 'lNONHSAG101229', 'lNONHSAG101725', 'lNONHSAG102572', 'lNONHSAG102979', 'lNONHSAG103457', 'lNONHSAG103817', 'lNONHSAG104186', 'lNONHSAG110858', 'lNONHSAG111667', 'lNONHSAG112396', 'lNONHSAG113761', 'lNONHSAG114445', 'lENSG00000103472', 'lENSG00000163364', 'lENSG00000171889', 'lENSG00000175061', 'lENSG00000177410', 'lENSG00000179406', 'lENSG00000179523', 'lENSG00000189295', 'lENSG00000198221', 'lENSG00000198468', 'lENSG00000203497', 'lENSG00000205611', 'lENSG00000223764', 'lENSG00000223783', 'lENSG00000224057', 'lENSG00000224078', 'lENSG00000225470', 'lENSG00000225506', 'lENSG00000225855', 'lENSG00000226115', 'lENSG00000226137', 'lENSG00000227082', 'lENSG00000227963', 'lENSG00000228022', 'lENSG00000228526', 'lENSG00000229267', 'lENSG00000229335', 'lENSG00000230046', 'lENSG00000230061', 'lENSG00000230257', 'lENSG00000230400', 'lENSG00000231019', 'lENSG00000231473', 'lENSG00000231663', 'lENSG00000232415', 'lENSG00000232442', 'lENSG00000232500', 'lENSG00000233047', 'lENSG00000233387', 'lENSG00000233532', 'lENSG00000233590', 'lENSG00000234169', 'lENSG00000234455', 'lENSG00000234546', 'lENSG00000235385', 'lENSG00000235535', 'lENSG00000235724', 'lENSG00000236240', 'lENSG00000236535', 'lENSG00000236671', 'lENSG00000237167', 'lENSG00000237396', 'lENSG00000237880', 'lENSG00000241388', 'lENSG00000242207', 'lENSG00000245067', 'lENSG00000245614', 'lENSG00000246560', 'lENSG00000247095', 'lENSG00000247373', 'lENSG00000247400', 'lENSG00000247498', 'lENSG00000249532', 'lENSG00000249786', 'lENSG00000249835', 'lENSG00000249993', 'lENSG00000250635', 'lENSG00000251061', 'lENSG00000253315', 'lENSG00000254480', 'lENSG00000254508', 'lENSG00000254635', 'lENSG00000254791', 'lENSG00000255363', 'lENSG00000255427', 'lENSG00000255850', 'lENSG00000256742', 'lENSG00000256769', 'lENSG00000257084', 'lENSG00000257557', 'lENSG00000258197', 'lENSG00000258912', 'lENSG00000259289', 'lENSG00000259424', 'lENSG00000260219', 'lENSG00000260280', 'lENSG00000260455', 'lENSG00000260924', 'lENSG00000261183', 'lENSG00000261423', 'lENSG00000263718', 'lENSG00000264672', 'lENSG00000265374', 'lENSG00000266402', 'lENSG00000266970', 'lENSG00000267296', 'lENSG00000267321', 'lENSG00000267395', 'lENSG00000267440', 'lENSG00000267858', 'lENSG00000269019', 'lENSG00000269911', 'lENSG00000269939', 'lENSG00000270084', 'lENSG00000270344', 'lENSG00000270959', 'lENSG00000272769', 'lENSG00000278709', 'lENSG00000278970', 'lENSG00000279296', 'lENSG00000281189', 'lENSG00000284070', 'lENSG00000285644', 'lENSG00000286004', 'lENSG00000286737', 'lENSG00000288080', 'lENSG00000224167', 'lA1BG-AS1', 'lADAMTS9-AS2', 'lANKRD62P1-PARP4P3', 'lAQP4-AS1', 'lASMTL-AS1', 'lBANCR', 'lCCAT2', 'lCDKN2B-AS1', 'lCRNDE', 'lDGKK', 'lDLX6-AS1', 'lEGOT', 'lFEZF1-AS1', 'lGATA3-AS1', 'lGATA6-AS1', 'lGHET1', 'lHEIH', 'lHOTAIRM1', 'lHOXA-AS3', 'lINHBA-AS1', 'lJPX', 'lJRK', 'lKCTD21-AS1', 'lKTN1-AS1', 'lLAMTOR5-AS1', 'lLBX2-AS1', 'lLINC00173', 'lLINC00174', 'lLINC00240', 'lLINC00333', 'lLINC00472', 'lLPP-AS2', 'lMCM3AP-AS1', 'lMEG3', 'lMIR31HG', 'lMYLK-AS1', 'lPANDAR', 'lPCGEM1', 'lPVT1', 'lRHPN1-AS1', 'lRMST', 'lSNHG15', 'lSNHG16', 'lSNX29P2', 'lTEN1-CDK3', 'lTRAM2-AS1', 'lVCAN-AS1', 'lZFAS1', 'lZNF286B', 'lZNF503-AS2', 'lSLC2A1-AS1', 'lSRP14-AS1', 'lAC007009.1', 'lPWAR6', 'lAC004840.8', 'lAC061992.2', 'lAC103564.7', 'lAC135048.13', 'lAC137723.5', 'lAC137932.5', 'lAL928742.12', 'lAP001058.3', 'lCTB-60B18.10', 'lCTB-91J4.1', 'lCTC-338M12.2', 'lCTD-2165H16.4', 'lCTD-2195B23.3', 'lCTD-2540L5.5', 'lKB-7G2.8', 'lLA16c-321D4.2', 'lLA16c-380H5.3', 'lLL22NC03-23C6.13', 'lRP11-100F15.1', 'lRP11-104E19.1', 'lRP11-123O10.4', 'lRP11-137H2.4', 'lRP11-197N18.2', 'lRP11-21J18.1', 'lRP11-227H15.4', 'lRP11-243J18.2', 'lRP11-24P14.1', 'lRP11-264B17.3', 'lRP11-276H7.2', 'lRP11-2C24.4', 'lRP11-305P14.1', 'lRP11-439K3.1', 'lRP11-467J12.4', 'lRP11-49K24.4', 'lRP11-514P8.8', 'lRP11-54O7.3', 'lRP11-550C4.6', 'lRP11-680A11.5', 'lRP4-756H11.3', 'lRP4-790G17.7', 'lRP5-1061H20.4', 'lRP5-1074L1.1', 'lRP5-1160K1.8', 'lXXbac-B444P24.8', 'lXXbac-BPG300A18.13', 'lAC018766.4', 'lCTD-2231H16.1', 'lHNRNPU-AS1', 'lRP11-429J17.8', 'lRP11-672A2.1', 'lRP5-1063M23.1', 'lCTA-250D10.23', 'lRP4-610C12.4', 'lLINC00035', 'lRP11-408H20.2', 'lNONHSAG000157', 'lNONHSAG000265', 'lNONHSAG000297', 'lNONHSAG000298', 'lNONHSAG000623', 'lNONHSAG000636', 'lNONHSAG000677', 'lNONHSAG000896', 'lNONHSAG000969', 'lNONHSAG000994', 'lNONHSAG001008', 'lNONHSAG001014', 'lNONHSAG001028', 'lNONHSAG001030', 'lNONHSAG001033', 'lNONHSAG001147', 'lNONHSAG001171', 'lNONHSAG001207', 'lNONHSAG001240', 'lNONHSAG001258', 'lNONHSAG001419', 'lNONHSAG001435', 'lNONHSAG001613', 'lNONHSAG002403', 'lNONHSAG002487', 'lNONHSAG002619', 'lNONHSAG002790', 'lNONHSAG002816', 'lNONHSAG003308', 'lNONHSAG003418', 'lNONHSAG003459', 'lNONHSAG003810', 'lNONHSAG003881', 'lNONHSAG004351', 'lNONHSAG004507', 'lNONHSAG004638', 'lNONHSAG004893', 'lNONHSAG005249', 'lNONHSAG005363', 'lNONHSAG005473', 'lNONHSAG005522', 'lNONHSAG005652', 'lNONHSAG005679', 'lNONHSAG005690', 'lNONHSAG005717', 'lNONHSAG005725', 'lNONHSAG005727', 'lNONHSAG005739', 'lNONHSAG005740', 'lNONHSAG005746', 'lNONHSAG005747', 'lNONHSAG005760', 'lNONHSAG005761', 'lNONHSAG005769', 'lNONHSAG005789', 'lNONHSAG005809', 'lNONHSAG005821', 'lNONHSAG005830', 'lNONHSAG005842', 'lNONHSAG005847', 'lNONHSAG005851', 'lNONHSAG005852', 'lNONHSAG005853', 'lNONHSAG005855', 'lNONHSAG005856', 'lNONHSAG005857', 'lNONHSAG005859', 'lNONHSAG005862', 'lNONHSAG005867', 'lNONHSAG005870', 'lNONHSAG005885', 'lNONHSAG005901', 'lNONHSAG005915', 'lNONHSAG005935', 'lNONHSAG005939', 'lNONHSAG005985', 'lNONHSAG005986', 'lNONHSAG006012', 'lNONHSAG006022', 'lNONHSAG006078', 'lNONHSAG006086', 'lNONHSAG006091', 'lNONHSAG006097', 'lNONHSAG006103', 'lNONHSAG006160', 'lNONHSAG006166', 'lNONHSAG006183', 'lNONHSAG006186', 'lNONHSAG006187', 'lNONHSAG006188', 'lNONHSAG006206', 'lNONHSAG006220', 'lNONHSAG006221', 'lNONHSAG006235', 'lNONHSAG006240', 'lNONHSAG006274', 'lNONHSAG006279', 'lNONHSAG006293', 'lNONHSAG006300', 'lNONHSAG006314', 'lNONHSAG006324', 'lNONHSAG006377', 'lNONHSAG006399', 'lNONHSAG006405', 'lNONHSAG006407', 'lNONHSAG006415', 'lNONHSAG006434', 'lNONHSAG006440', 'lNONHSAG006450', 'lNONHSAG006459', 'lNONHSAG006479', 'lNONHSAG006487', 'lNONHSAG006507', 'lNONHSAG006527', 'lNONHSAG006554', 'lNONHSAG006555', 'lNONHSAG006573', 'lNONHSAG006576', 'lNONHSAG006579', 'lNONHSAG006581', 'lNONHSAG006586', 'lNONHSAG006591', 'lNONHSAG006602', 'lNONHSAG006646', 'lNONHSAG006653', 'lNONHSAG006669', 'lNONHSAG006716', 'lNONHSAG006748', 'lNONHSAG006750', 'lNONHSAG006765', 'lNONHSAG006779', 'lNONHSAG006808', 'lNONHSAG006830', 'lNONHSAG006837', 'lNONHSAG006855', 'lNONHSAG006863', 'lNONHSAG006883', 'lNONHSAG006889', 'lNONHSAG006894', 'lNONHSAG006897', 'lNONHSAG006909', 'lNONHSAG006915', 'lNONHSAG006922', 'lNONHSAG006967', 'lNONHSAG006970', 'lNONHSAG006976', 'lNONHSAG007000', 'lNONHSAG007008', 'lNONHSAG007020', 'lNONHSAG007023', 'lNONHSAG007029', 'lNONHSAG007031', 'lNONHSAG007035', 'lNONHSAG007063', 'lNONHSAG007065', 'lNONHSAG007087', 'lNONHSAG007093', 'lNONHSAG007103', 'lNONHSAG007118', 'lNONHSAG007123', 'lNONHSAG007129', 'lNONHSAG007139', 'lNONHSAG007155', 'lNONHSAG007166', 'lNONHSAG007172', 'lNONHSAG007203', 'lNONHSAG007222', 'lNONHSAG007224', 'lNONHSAG007225', 'lNONHSAG007242', 'lNONHSAG007259', 'lNONHSAG007268', 'lNONHSAG007278', 'lNONHSAG007286', 'lNONHSAG007298', 'lNONHSAG007419', 'lNONHSAG007429', 'lNONHSAG007458', 'lNONHSAG007507', 'lNONHSAG007531', 'lNONHSAG007544', 'lNONHSAG007554', 'lNONHSAG007563', 'lNONHSAG007574', 'lNONHSAG007578', 'lNONHSAG007587', 'lNONHSAG007621', 'lNONHSAG007632', 'lNONHSAG007638', 'lNONHSAG007730', 'lNONHSAG007932', 'lENSG00000083622', 'lENSG00000105501', 'lENSG00000122043', 'lENSG00000149443', 'lENSG00000167920', 'lENSG00000175746', 'lENSG00000177596', 'lENSG00000197644', 'lENSG00000197880', 'lENSG00000198054', 'lENSG00000198671', 'lENSG00000203307', 'lENSG00000203434', 'lENSG00000203469', 'lENSG00000203472', 'lENSG00000203565', 'lENSG00000203605', 'lENSG00000203864', 'lENSG00000204393', 'lENSG00000204464', 'lENSG00000205452', 'lENSG00000205500', 'lENSG00000212856', 'lENSG00000219410', 'lENSG00000221845', 'lENSG00000222000', 'lENSG00000222032', 'lENSG00000222044', 'lENSG00000223374', 'lENSG00000223381', 'lENSG00000223387', 'lENSG00000223400', 'lENSG00000223563', 'lENSG00000223598', 'lENSG00000223634', 'lENSG00000223641', 'lENSG00000223643', 'lENSG00000223647', 'lENSG00000223720', 'lENSG00000223727', 'lENSG00000223809', 'lENSG00000223831', 'lENSG00000223870', 'lENSG00000223881', 'lENSG00000223966', 'lENSG00000223993', 'lENSG00000224031', 'lENSG00000224075', 'lENSG00000224087', 'lENSG00000224095', 'lENSG00000224220', 'lENSG00000224277', 'lENSG00000224330', 'lENSG00000224384', 'lENSG00000224500', 'lENSG00000224535', 'lENSG00000224541', 'lENSG00000224549', 'lENSG00000224595', 'lENSG00000224645', 'lENSG00000224655', 'lENSG00000224794', 'lENSG00000224821', 'lENSG00000224844', 'lENSG00000224857', 'lENSG00000224885', 'lENSG00000224972', 'lENSG00000225012', 'lENSG00000225050', 'lENSG00000225129', 'lENSG00000225146', 'lENSG00000225218', 'lENSG00000225334', 'lENSG00000225378', 'lENSG00000225457', 'lENSG00000225537', 'lENSG00000225570', 'lENSG00000225647', 'lENSG00000225750', 'lENSG00000225751', 'lENSG00000225798', 'lENSG00000225886', 'lENSG00000225919', 'lENSG00000225929', 'lENSG00000226047', 'lENSG00000226089', 'lENSG00000226133', 'lENSG00000226143', 'lENSG00000226194', 'lENSG00000226238', 'lENSG00000226323', 'lENSG00000226337', 'lENSG00000226352', 'lENSG00000226398', 'lENSG00000226442', 'lENSG00000226454', 'lENSG00000226486', 'lENSG00000226508', 'lENSG00000226522', 'lENSG00000226562', 'lENSG00000226566', 'lENSG00000226576', 'lENSG00000226601', 'lENSG00000226647', 'lENSG00000226699', 'lENSG00000226770', 'lENSG00000226813', 'lENSG00000226925', 'lENSG00000226956', 'lENSG00000226957', 'lENSG00000227075', 'lENSG00000227076', 'lENSG00000227197', 'lENSG00000227330', 'lENSG00000227360', 'lENSG00000227409', 'lENSG00000227459', 'lENSG00000227482', 'lENSG00000227509', 'lENSG00000227512', 'lENSG00000227549', 'lENSG00000227579', 'lENSG00000227606', 'lENSG00000227611', 'lENSG00000227680', 'lENSG00000227716', 'lENSG00000227718', 'lENSG00000227769', 'lENSG00000227863', 'lENSG00000227893', 'lENSG00000227930', 'lENSG00000227958', 'lENSG00000227960', 'lENSG00000228028', 'lENSG00000228108', 'lENSG00000228136', 'lENSG00000228215', 'lENSG00000228231', 'lENSG00000228261', 'lENSG00000228272', 'lENSG00000228372', 'lENSG00000228383', 'lENSG00000228470', 'lENSG00000228485', 'lENSG00000228548', 'lENSG00000228596', 'lENSG00000228627', 'lENSG00000228804', 'lENSG00000228826', 'lENSG00000228939', 'lENSG00000228950', 'lENSG00000229152', 'lENSG00000229162', 'lENSG00000229167', 'lENSG00000229190', 'lENSG00000229224', 'lENSG00000229283', 'lENSG00000229331', 'lENSG00000229345', 'lENSG00000229370', 'lENSG00000229444', 'lENSG00000229487', 'lENSG00000229498', 'lENSG00000229502', 'lENSG00000229531', 'lENSG00000229673', 'lENSG00000229679', 'lENSG00000229688', 'lENSG00000229848', 'lENSG00000229851', 'lENSG00000229953', 'lENSG00000230065', 'lENSG00000230105', 'lENSG00000230109', 'lENSG00000230121', 'lENSG00000230131', 'lENSG00000230153', 'lENSG00000230155', 'lENSG00000230197', 'lENSG00000230212', 'lENSG00000230233', 'lENSG00000230234', 'lENSG00000230323', 'lENSG00000230432', 'lENSG00000230483', 'lENSG00000230499', 'lENSG00000230599', 'lENSG00000230668', 'lENSG00000230741', 'lENSG00000230759', 'lENSG00000230790', 'lENSG00000230794', 'lENSG00000230826', 'lENSG00000230830', 'lENSG00000230912', 'lENSG00000230918', 'lENSG00000230972', 'lENSG00000231081', 'lENSG00000231092', 'lENSG00000231102', 'lENSG00000231114', 'lENSG00000231143', 'lENSG00000231253', 'lENSG00000231272', 'lENSG00000231407', 'lENSG00000231413', 'lENSG00000231440', 'lENSG00000231492', 'lENSG00000231496', 'lENSG00000231539', 'lENSG00000231681', 'lENSG00000231760', 'lENSG00000231772', 'lENSG00000231781', 'lENSG00000231912', 'lENSG00000231914', 'lENSG00000231937', 'lENSG00000231953', 'lENSG00000231964', 'lENSG00000232058', 'lENSG00000232072', 'lENSG00000232086', 'lENSG00000232120', 'lENSG00000232192', 'lENSG00000232197', 'lENSG00000232252', 'lENSG00000232286', 'lENSG00000232328', 'lENSG00000232335', 'lENSG00000232359', 'lENSG00000232363', 'lENSG00000232396', 'lENSG00000232451', 'lENSG00000232464', 'lENSG00000232465', 'lENSG00000232564', 'lENSG00000232596', 'lENSG00000232604', 'lENSG00000232710', 'lENSG00000232719', 'lENSG00000232746', 'lENSG00000232806', 'lENSG00000232893', 'lENSG00000232895', 'lENSG00000232930', 'lENSG00000232939', 'lENSG00000232964', 'lENSG00000233070', 'lENSG00000233079', 'lENSG00000233178', 'lENSG00000233222', 'lENSG00000233330', 'lENSG00000233339', 'lENSG00000233407', 'lENSG00000233479', 'lENSG00000233534', 'lENSG00000233574', 'lENSG00000233613', 'lENSG00000233656', 'lENSG00000233665', 'lENSG00000233689', 'lENSG00000233706', 'lENSG00000233851', 'lENSG00000233891', 'lENSG00000233953', 'lENSG00000233960', 'lENSG00000233969', 'lENSG00000233985', 'lENSG00000234021', 'lENSG00000234055', 'lENSG00000234117', 'lENSG00000234149', 'lENSG00000234160', 'lENSG00000234172', 'lENSG00000234191', 'lENSG00000234318', 'lENSG00000234504', 'lENSG00000234567', 'lENSG00000234622', 'lENSG00000234626', 'lENSG00000234653', 'lENSG00000234690', 'lENSG00000234693', 'lENSG00000234714', 'lENSG00000234756', 'lENSG00000234860', 'lENSG00000234900', 'lENSG00000234953', 'lENSG00000234979', 'lENSG00000235011', 'lENSG00000235035', 'lENSG00000235050', 'lENSG00000235059', 'lENSG00000235086', 'lENSG00000235122', 'lENSG00000235168', 'lENSG00000235262', 'lENSG00000235435', 'lENSG00000235494', 'lENSG00000235503', 'lENSG00000235533', 'lENSG00000235628', 'lENSG00000235635', 'lENSG00000235637', 'lENSG00000235669', 'lENSG00000235786', 'lENSG00000235813', 'lENSG00000236022', 'lENSG00000236031', 'lENSG00000236065', 'lENSG00000236109', 'lENSG00000236267', 'lENSG00000236272', 'lENSG00000236324', 'lENSG00000236326', 'lENSG00000236358', 'lENSG00000236366', 'lENSG00000236414', 'lENSG00000236452', 'lENSG00000236463', 'lENSG00000236498', 'lENSG00000236559', 'lENSG00000236648', 'lENSG00000236662', 'lENSG00000236723', 'lENSG00000236744', 'lENSG00000236758', 'lENSG00000236800', 'lENSG00000236828', 'lENSG00000236854', 'lENSG00000236921', 'lENSG00000236951', 'lENSG00000236953', 'lENSG00000236975', 'lENSG00000237015', 'lENSG00000237073', 'lENSG00000237200', 'lENSG00000237293', 'lENSG00000237312', 'lENSG00000237324', 'lENSG00000237337', 'lENSG00000237373', 'lENSG00000237435', 'lENSG00000237463', 'lENSG00000237477', 'lENSG00000237494', 'lENSG00000237520', 'lENSG00000237576', 'lENSG00000237581', 'lENSG00000237670', 'lENSG00000237687', 'lENSG00000237756', 'lENSG00000237768', 'lENSG00000237919', 'lENSG00000237921', 'lENSG00000237937', 'lENSG00000237993', 'lENSG00000238131', 'lENSG00000238140', 'lENSG00000238185', 'lENSG00000238291', 'lENSG00000239314', 'lENSG00000239415', 'lENSG00000239482', 'lENSG00000239593', 'lENSG00000240354', 'lENSG00000240573', 'lENSG00000240868', 'lENSG00000241383', 'lENSG00000241397', 'lENSG00000241577', 'lENSG00000241593', 'lENSG00000241666', 'lENSG00000241985', 'lENSG00000242391', 'lENSG00000242545', 'lENSG00000242568', 'lENSG00000242618', 'lENSG00000242795', 'lENSG00000242861', 'lENSG00000243149', 'lENSG00000243230', 'lENSG00000243368', 'lENSG00000243797', 'lENSG00000243903', 'lENSG00000243961', 'lENSG00000244278', 'lENSG00000244461', 'lENSG00000244701', 'lENSG00000245148', 'lENSG00000245385', 'lENSG00000246541', 'lENSG00000247867', 'lENSG00000247925', 'lENSG00000248125', 'lENSG00000248145', 'lENSG00000248148', 'lENSG00000248172', 'lENSG00000248245', 'lENSG00000248358', 'lENSG00000248373', 'lENSG00000248397', 'lENSG00000248482', 'lENSG00000248490', 'lENSG00000248576', 'lENSG00000248627', 'lENSG00000248758', 'lENSG00000248789', 'lENSG00000248802', 'lENSG00000248925', 'lENSG00000248935', 'lENSG00000248969', 'lENSG00000248975', 'lENSG00000248995', 'lENSG00000249066', 'lENSG00000249071', 'lENSG00000249099', 'lENSG00000249111', 'lENSG00000249114', 'lENSG00000249297', 'lENSG00000249334', 'lENSG00000249382', 'lENSG00000249419', 'lENSG00000249441', 'lENSG00000249451', 'lENSG00000249474', 'lENSG00000249547', 'lENSG00000249605', 'lENSG00000249613', 'lENSG00000249697', 'lENSG00000249706', 'lENSG00000249742', 'lENSG00000249753', 'lENSG00000249782', 'lENSG00000249806', 'lENSG00000249830', 'lENSG00000249865', 'lENSG00000249892', 'lENSG00000250062', 'lENSG00000250092', 'lENSG00000250186', 'lENSG00000250195', 'lENSG00000250242', 'lENSG00000250524', 'lENSG00000250541', 'lENSG00000250626', 'lENSG00000250629', 'lENSG00000250646', 'lENSG00000250657', 'lENSG00000250665', 'lENSG00000250698', 'lENSG00000250761', 'lENSG00000250791', 'lENSG00000250820', 'lENSG00000250855', 'lENSG00000250865', 'lENSG00000250866', 'lENSG00000250917', 'lENSG00000250945', 'lENSG00000250949', 'lENSG00000250950', 'lENSG00000250955', 'lENSG00000250993', 'lENSG00000251059', 'lENSG00000251072', 'lENSG00000251088', 'lENSG00000251185', 'lENSG00000251194', 'lENSG00000251256', 'lENSG00000251266', 'lENSG00000251281', 'lENSG00000251283', 'lENSG00000251412', 'lENSG00000251414', 'lENSG00000251438', 'lENSG00000253134', 'lENSG00000253142', 'lENSG00000253147', 'lENSG00000253167', 'lENSG00000253189', 'lENSG00000253282', 'lENSG00000253356', 'lENSG00000253449', 'lENSG00000253456', 'lENSG00000253503', 'lENSG00000253507', 'lENSG00000253526', 'lENSG00000253539', 'lENSG00000253577', 'lENSG00000253616', 'lENSG00000253619', 'lENSG00000253627', 'lENSG00000253643', 'lENSG00000253645', 'lENSG00000253660', 'lENSG00000253665', 'lENSG00000253717', 'lENSG00000253722', 'lENSG00000253754', 'lENSG00000253782', 'lENSG00000253834', 'lENSG00000253851', 'lENSG00000253858', 'lENSG00000253865', 'lENSG00000253871', 'lENSG00000253875', 'lENSG00000253880', 'lENSG00000253927', 'lENSG00000253947', 'lENSG00000253976', 'lENSG00000254011', 'lENSG00000254021', 'lENSG00000254031', 'lENSG00000254033', 'lENSG00000254035', 'lENSG00000254043', 'lENSG00000254094', 'lENSG00000254123', 'lENSG00000254141', 'lENSG00000254171', 'lENSG00000254207', 'lENSG00000254263', 'lENSG00000254314', 'lENSG00000254325', 'lENSG00000254330', 'lENSG00000254380', 'lENSG00000254428', 'lENSG00000254429', 'lENSG00000254456', 'lENSG00000254516', 'lENSG00000254526', 'lENSG00000254559', 'lENSG00000254563', 'lENSG00000254574', 'lENSG00000254592', 'lENSG00000254604', 'lENSG00000254620', 'lENSG00000254626', 'lENSG00000254627', 'lENSG00000254689', 'lENSG00000254739', 'lENSG00000254775', 'lENSG00000254787', 'lENSG00000254829', 'lENSG00000254842', 'lENSG00000254846', 'lENSG00000254847', 'lENSG00000254864', 'lENSG00000254879', 'lENSG00000254913', 'lENSG00000254921', 'lENSG00000254928', 'lENSG00000254930', 'lENSG00000254972', 'lENSG00000254983', 'lENSG00000254990', 'lENSG00000255027', 'lENSG00000255039', 'lENSG00000255041', 'lENSG00000255084', 'lENSG00000255121', 'lENSG00000255159', 'lENSG00000255227', 'lENSG00000255241', 'lENSG00000255247', 'lENSG00000255252', 'lENSG00000255300', 'lENSG00000255327', 'lENSG00000255343', 'lENSG00000255357', 'lENSG00000255366', 'lENSG00000255375', 'lENSG00000255388', 'lENSG00000255390', 'lENSG00000255462', 'lENSG00000255478', 'lENSG00000255482', 'lENSG00000255487', 'lENSG00000255496', 'lENSG00000255498', 'lENSG00000255506', 'lENSG00000255523', 'lENSG00000255528', 'lENSG00000255539', 'lENSG00000255555', 'lENSG00000255565', 'lENSG00000255572', 'lENSG00000255580', 'lENSG00000255808', 'lENSG00000255839', 'lENSG00000255893', 'lENSG00000255949', 'lENSG00000256007', 'lENSG00000256071', 'lENSG00000256072', 'lENSG00000256083', 'lENSG00000256209', 'lENSG00000256226', 'lENSG00000256234', 'lENSG00000256292', 'lENSG00000256314', 'lENSG00000256364', 'lENSG00000256448', 'lENSG00000256452', 'lENSG00000256484', 'lENSG00000256568', 'lENSG00000256582', 'lENSG00000256670', 'lENSG00000256897', 'lENSG00000256972', 'lENSG00000257004', 'lENSG00000257022', 'lENSG00000257105', 'lENSG00000257137', 'lENSG00000257165', 'lENSG00000257235', 'lENSG00000257261', 'lENSG00000257264', 'lENSG00000257265', 'lENSG00000257271', 'lENSG00000257275', 'lENSG00000257342', 'lENSG00000257381', 'lENSG00000257407', 'lENSG00000257470', 'lENSG00000257488', 'lENSG00000257494', 'lENSG00000257500', 'lENSG00000257527', 'lENSG00000257541', 'lENSG00000257587', 'lENSG00000257634', 'lENSG00000257653', 'lENSG00000257682', 'lENSG00000257732', 'lENSG00000257750', 'lENSG00000257764', 'lENSG00000257787', 'lENSG00000257860', 'lENSG00000257904', 'lENSG00000257925', 'lENSG00000257997', 'lENSG00000258007', 'lENSG00000258044', 'lENSG00000258084', 'lENSG00000258108', 'lENSG00000258167', 'lENSG00000258185', 'lENSG00000258210', 'lENSG00000258220', 'lENSG00000258234', 'lENSG00000258272', 'lENSG00000258292', 'lENSG00000258312', 'lENSG00000258313', 'lENSG00000258323', 'lENSG00000258331', 'lENSG00000258378', 'lENSG00000258379', 'lENSG00000258390', 'lENSG00000258394', 'lENSG00000258425', 'lENSG00000258451', 'lENSG00000258460', 'lENSG00000258515', 'lENSG00000258516', 'lENSG00000258520', 'lENSG00000258610', 'lENSG00000258657', 'lENSG00000258670', 'lENSG00000258690', 'lENSG00000258695', 'lENSG00000258698', 'lENSG00000258742', 'lENSG00000258784', 'lENSG00000258800', 'lENSG00000258824', 'lENSG00000258826', 'lENSG00000258829', 'lENSG00000258850', 'lENSG00000258869', 'lENSG00000258892', 'lENSG00000258904', 'lENSG00000258908', 'lENSG00000258944', 'lENSG00000258958', 'lENSG00000259007', 'lENSG00000259026', 'lENSG00000259187', 'lENSG00000259194', 'lENSG00000259202', 'lENSG00000259211', 'lENSG00000259223', 'lENSG00000259250', 'lENSG00000259256', 'lENSG00000259265', 'lENSG00000259268', 'lENSG00000259290', 'lENSG00000259294', 'lENSG00000259307', 'lENSG00000259342', 'lENSG00000259351', 'lENSG00000259352', 'lENSG00000259360', 'lENSG00000259385', 'lENSG00000259432', 'lENSG00000259503', 'lENSG00000259544', 'lENSG00000259595', 'lENSG00000259631', 'lENSG00000259649', 'lENSG00000259659', 'lENSG00000259678', 'lENSG00000259759', 'lENSG00000259798', 'lENSG00000259805', 'lENSG00000259935', 'lENSG00000259945', 'lENSG00000259955', 'lENSG00000259967', 'lENSG00000260003', 'lENSG00000260017', 'lENSG00000260022', 'lENSG00000260058', 'lENSG00000260158', 'lENSG00000260186', 'lENSG00000260190', 'lENSG00000260237', 'lENSG00000260246', 'lENSG00000260454', 'lENSG00000260605', 'lENSG00000260626', 'lENSG00000260659', 'lENSG00000260720', 'lENSG00000260773', 'lENSG00000260798', 'lENSG00000260814', 'lENSG00000260884', 'lENSG00000260911', 'lENSG00000260970', 'lENSG00000260999', 'lENSG00000261014', 'lENSG00000261036', 'lENSG00000261065', 'lENSG00000261066', 'lENSG00000261070', 'lENSG00000261243', 'lENSG00000261248', 'lENSG00000261261', 'lENSG00000261266', 'lENSG00000261307', 'lENSG00000261332', 'lENSG00000261379', 'lENSG00000261432', 'lENSG00000261475', 'lENSG00000261523', 'lENSG00000261552', 'lENSG00000261569', 'lENSG00000261633', 'lENSG00000261663', 'lENSG00000261695', 'lENSG00000261697', 'lENSG00000261723', 'lENSG00000261729', 'lENSG00000261731', 'lENSG00000261838', 'lENSG00000261864', 'lENSG00000262151', 'lENSG00000262298', 'lENSG00000262434', 'lENSG00000262533', 'lENSG00000262652', 'lENSG00000262692', 'lENSG00000262777', 'lENSG00000262810', 'lENSG00000262815', 'lENSG00000263080', 'lENSG00000263237', 'lENSG00000263257', 'lENSG00000263300', 'lENSG00000263321', 'lENSG00000263335', 'lENSG00000263417', 'lENSG00000263466', 'lENSG00000263585', 'lENSG00000263594', 'lENSG00000263618', 'lENSG00000263684', 'lENSG00000263709', 'lENSG00000263765', 'lENSG00000263797', 'lENSG00000263847', 'lENSG00000263873', 'lENSG00000263952', 'lENSG00000264016', 'lENSG00000264023', 'lENSG00000264066', 'lENSG00000264107', 'lENSG00000264116', 'lENSG00000264151', 'lENSG00000264254', 'lENSG00000264269', 'lENSG00000264486', 'lENSG00000264513', 'lENSG00000264520', 'lENSG00000264546', 'lENSG00000264558', 'lENSG00000264577', 'lENSG00000264595', 'lENSG00000264622', 'lENSG00000264734', 'lENSG00000264769', 'lENSG00000264825', 'lENSG00000264924', 'lENSG00000265125', 'lENSG00000265168', 'lENSG00000265205', 'lENSG00000265265', 'lENSG00000265334', 'lENSG00000265359', 'lENSG00000265400', 'lENSG00000265474', 'lENSG00000265554', 'lENSG00000265625', 'lENSG00000265643', 'lENSG00000265739', 'lENSG00000265743', 'lENSG00000265791', 'lENSG00000265800', 'lENSG00000265840', 'lENSG00000265844', 'lENSG00000265987', 'lENSG00000265994', 'lENSG00000266102', 'lENSG00000266153', 'lENSG00000266311', 'lENSG00000266341', 'lENSG00000266368', 'lENSG00000266397', 'lENSG00000266535', 'lENSG00000266538', 'lENSG00000266541', 'lENSG00000266651', 'lENSG00000266696', 'lENSG00000266801', 'lENSG00000266839', 'lENSG00000266844', 'lENSG00000266877', 'lENSG00000266936', 'lENSG00000266981', 'lENSG00000266985', 'lENSG00000266993', 'lENSG00000267000', 'lENSG00000267028', 'lENSG00000267063', 'lENSG00000267177', 'lENSG00000267225', 'lENSG00000267234', 'lENSG00000267255', 'lENSG00000267263', 'lENSG00000267286', 'lENSG00000267320', 'lENSG00000267341', 'lENSG00000267354', 'lENSG00000267364', 'lENSG00000267378', 'lENSG00000267387', 'lENSG00000267436', 'lENSG00000267437', 'lENSG00000267501', 'lENSG00000267510', 'lENSG00000267543', 'lENSG00000267583', 'lENSG00000267593', 'lENSG00000267615', 'lENSG00000267617', 'lENSG00000267633', 'lENSG00000267638', 'lENSG00000267665', 'lENSG00000267711', 'lENSG00000267791', 'lENSG00000267838', 'lENSG00000267922', 'lENSG00000267980', 'lENSG00000268015', 'lENSG00000268049', 'lENSG00000268051', 'lENSG00000268069', 'lENSG00000268078', 'lENSG00000268191', 'lENSG00000268203', 'lENSG00000268240', 'lENSG00000268289', 'lENSG00000268292', 'lENSG00000268520', 'lENSG00000268605', 'lENSG00000268734', 'lENSG00000268798', 'lENSG00000268833', 'lENSG00000268906', 'lENSG00000268912', 'lENSG00000268981', 'lENSG00000269044', 'lENSG00000269085', 'lENSG00000269145', 'lENSG00000269191', 'lENSG00000269292', 'lENSG00000269321', 'lENSG00000269350', 'lENSG00000269495', 'lENSG00000269578', 'lENSG00000269621', 'lENSG00000269656', 'lENSG00000269729', 'lENSG00000269802', 'lENSG00000269826', 'lENSG00000269843', 'lENSG00000269867', 'lENSG00000269901', 'lENSG00000269950', 'lENSG00000269987', 'lENSG00000270082', 'lENSG00000270094', 'lENSG00000270108', 'lENSG00000270380', 'lENSG00000270726', 'lENSG00000270871', 'lENSG00000270996', 'lENSG00000271032', 'lENSG00000271218', 'lENSG00000271314', 'lENSG00000271579', 'lENSG00000271763', 'lENSG00000271787', 'lENSG00000271833', 'lENSG00000271901', 'lENSG00000271936', 'lENSG00000271945', 'lENSG00000271983', 'lENSG00000272027', 'lENSG00000272072', 'lENSG00000272149', 'lENSG00000272159', 'lENSG00000272338', 'lENSG00000272510', 'lENSG00000272540', 'lENSG00000272575', 'lENSG00000272642', 'lENSG00000272661', 'lENSG00000272742', 'lENSG00000272810', 'lENSG00000272814', 'lENSG00000272866', 'lENSG00000273035', 'lENSG00000273110', 'lENSG00000273198', 'lENSG00000273226', 'lENSG00000273257', 'lENSG00000273271', 'lENSG00000273275', 'lENSG00000273360', 'lENSG00000273461', 'lENSG00000273485', 'lENSG00000273493', 'lENSG00000273550', 'lENSG00000273568', 'lENSG00000273838', 'lENSG00000273877', 'lENSG00000273919', 'lENSG00000274177', 'lENSG00000274561', 'lENSG00000274624', 'lENSG00000274678', 'lENSG00000274737', 'lENSG00000274863', 'lENSG00000274893', 'lENSG00000275173', 'lENSG00000275345', 'lENSG00000275356', 'lENSG00000275401', 'lENSG00000275484', 'lENSG00000275576', 'lENSG00000275638', 'lENSG00000275963', 'lENSG00000276054', 'lENSG00000276107', 'lENSG00000276266', 'lENSG00000276488', 'lENSG00000276527', 'lENSG00000276668', 'lENSG00000276997', 'lENSG00000277173', 'lENSG00000277639', 'lENSG00000277675', 'lENSG00000278000', 'lENSG00000278013', 'lENSG00000278202', 'lENSG00000278351', 'lENSG00000278630', 'lENSG00000278766', 'lENSG00000279088', 'lENSG00000279240', 'lENSG00000279484', 'lENSG00000279501', 'lENSG00000279623', 'lENSG00000279687', 'lENSG00000279751', 'lENSG00000279920', 'lENSG00000280206', 'lENSG00000280224', 'lENSG00000280455', 'lENSG00000280703', 'lENSG00000280870', 'lENSG00000280881', 'lENSG00000281021', 'lENSG00000281831', 'lENSG00000282478', 'lENSG00000282828', 'lENSG00000282950', 'lENSG00000283083', 'lENSG00000283286', 'lENSG00000283347', 'lENSG00000283375', 'lENSG00000283436', 'lENSG00000283457', 'lENSG00000283573', 'lENSG00000283631', 'lENSG00000283766', 'lENSG00000284376', 'lENSG00000284418', 'lENSG00000284500', 'lENSG00000284513', 'lENSG00000284608', 'lENSG00000284699', 'lENSG00000284846', 'lENSG00000285012', 'lENSG00000285040', 'lENSG00000285117', 'lENSG00000285325', 'lENSG00000285354', 'lENSG00000285409', 'lENSG00000285473', 'lENSG00000285518', 'lENSG00000285524', 'lENSG00000285550', 'lENSG00000285551', 'lENSG00000285619', 'lENSG00000285621', 'lENSG00000285654', 'lENSG00000285699', 'lENSG00000285709', 'lENSG00000285780', 'lENSG00000285857', 'lENSG00000285861', 'lENSG00000285889', 'lENSG00000285954', 'lENSG00000285998', 'lENSG00000286002', 'lENSG00000286010', 'lENSG00000286018', 'lENSG00000286020', 'lENSG00000286050', 'lENSG00000286089', 'lENSG00000286093', 'lENSG00000286101', 'lENSG00000286188', 'lENSG00000286194', 'lENSG00000286197', 'lENSG00000286206', 'lENSG00000286242', 'lENSG00000286244', 'lENSG00000286276', 'lENSG00000286303', 'lENSG00000286331', 'lENSG00000286333', 'lENSG00000286338', 'lENSG00000286357', 'lENSG00000286419', 'lENSG00000286430', 'lENSG00000286441', 'lENSG00000286453', 'lENSG00000286474', 'lENSG00000286515', 'lENSG00000286578', 'lENSG00000286581', 'lENSG00000286584', 'lENSG00000286588', 'lENSG00000286598', 'lENSG00000286617', 'lENSG00000286645', 'lENSG00000286670', 'lENSG00000286689', 'lENSG00000286690', 'lENSG00000286698', 'lENSG00000286715', 'lENSG00000286716', 'lENSG00000286722', 'lENSG00000286735', 'lENSG00000286738', 'lENSG00000286740', 'lENSG00000286751', 'lENSG00000286759', 'lENSG00000286767', 'lENSG00000286770', 'lENSG00000286776', 'lENSG00000286781', 'lENSG00000286795', 'lENSG00000286803', 'lENSG00000286820', 'lENSG00000286822', 'lENSG00000286838', 'lENSG00000286843', 'lENSG00000286850', 'lENSG00000286887', 'lENSG00000286908', 'lENSG00000286963', 'lENSG00000287005', 'lENSG00000287006', 'lENSG00000287020', 'lENSG00000287028', 'lENSG00000287030', 'lENSG00000287066', 'lENSG00000287094', 'lENSG00000287107', 'lENSG00000287108', 'lENSG00000287128', 'lENSG00000287155', 'lENSG00000287159', 'lENSG00000287191', 'lENSG00000287198', 'lENSG00000287202', 'lENSG00000287213', 'lENSG00000287236', 'lENSG00000287270', 'lENSG00000287285', 'lENSG00000287321', 'lENSG00000287335', 'lENSG00000287358', 'lENSG00000287359', 'lENSG00000287366', 'lENSG00000287367', 'lENSG00000287381', 'lENSG00000287423', 'lENSG00000287441', 'lENSG00000287451', 'lENSG00000287456', 'lENSG00000287462', 'lENSG00000287501', 'lENSG00000287511', 'lENSG00000287517', 'lENSG00000287518', 'lENSG00000287545', 'lENSG00000287550', 'lENSG00000287551', 'lENSG00000287556', 'lENSG00000287587', 'lENSG00000287618', 'lENSG00000287660', 'lENSG00000287664', 'lENSG00000287684', 'lENSG00000287691', 'lENSG00000287704', 'lENSG00000214955', 'lENSG00000223379', 'lENSG00000223795', 'lENSG00000224884', 'lENSG00000225393', 'lENSG00000225836', 'lENSG00000228255', 'lENSG00000228538', 'lENSG00000229454', 'lENSG00000229458', 'lENSG00000229628', 'lENSG00000229964', 'lENSG00000230600', 'lENSG00000230649', 'lENSG00000231212', 'lENSG00000231616', 'lENSG00000232056', 'lENSG00000232636', 'lENSG00000233200', 'lENSG00000233987', 'lENSG00000234083', 'lENSG00000234810', 'lENSG00000234998', 'lENSG00000235337', 'lENSG00000235795', 'lENSG00000236453', 'lENSG00000239801', 'lENSG00000241792', 'lENSG00000242375', 'lENSG00000244620', 'lENSG00000247810', 'lENSG00000248359', 'lENSG00000248991', 'lENSG00000250481', 'lENSG00000250567', 'lENSG00000250670', 'lENSG00000250686', 'lENSG00000250777', 'lENSG00000250948', 'lENSG00000251654', 'lENSG00000253766', 'lENSG00000254306', 'lENSG00000254927', 'lENSG00000255279', 'lENSG00000255644', 'lENSG00000256686', 'lENSG00000257603', 'lENSG00000257715', 'lENSG00000257962', 'lENSG00000258088', 'lENSG00000258196', 'lENSG00000258386', 'lENSG00000258949', 'lENSG00000259123', 'lENSG00000259209', 'lENSG00000259222', 'lENSG00000259244', 'lENSG00000259255', 'lENSG00000259274', 'lENSG00000259306', 'lENSG00000259407', 'lENSG00000260511', 'lENSG00000260983', 'lENSG00000261193', 'lENSG00000261445', 'lENSG00000261470', 'lENSG00000261775', 'lENSG00000264660', 'lENSG00000265174', 'lENSG00000266893', 'lENSG00000267081', 'lENSG00000267521', 'lENSG00000267581', 'lENSG00000269391', 'lENSG00000269460', 'lENSG00000272304', 'lENSG00000273138', 'lENSG00000273403', 'lENSG00000273486', 'lENSG00000274902', 'lENSG00000275232', 'lENSG00000278514', 'lENSG00000279672', 'lENSG00000282887', 'lENSG00000286164', 'lENSG00000226032', 'lENSG00000235736', 'lENSG00000251613', 'lENSG00000263316', 'lENSG00000260141', 'lENSG00000271870', 'lENSG00000272934', 'lENSG00000265556', 'lENSG00000271840', 'lENSG00000281408', 'lENSG00000268166', 'lALG13-AS1', 'lDGUOK-AS1', 'lDSCR8', 'lMIR145', 'lMIR3179-2', 'lMIR3654', 'lACA64', 'lCDKN2B-AS', 'lC3orf65']","[1.0, 0.0, 0.0, 0.0, 1.0, 1.0, 0.0, 0.0, 1.0, 0.0, 1.0, 1.0, 0.0, 1.0, 1.0, 0.0, 1.0, 0.0, 1.0, 0.0, 1.0, 1.0, 0.0, 1.0, 0.0, 1.0, 1.0, 0.0, 0.0, 0.0, 1.0, 1.0, 0.0, 1.0, 0.0, 0.0, 0.0, 1.0, 1.0, 1.0, 1.0, 1.0, 1.0, 0.0, 0.0, 0.0, 1.0, 1.0, 0.0, 1.0, 1.0, 1.0, 1.0, 0.0, 1.0, 1.0, 1.0, 1.0, 1.0, 0.0, 0.0, 1.0, 0.0, 1.0, 1.0, 0.0, 0.0, 0.0, 1.0, 1.0, 0.0, 1.0, 0.0, 1.0, 1.0, 1.0, 1.0, 0.0, 1.0, 0.0, 0.0, 1.0, 0.0, 0.0, 1.0, 0.0, 1.0, 0.0, 1.0, 0.0, 0.0, 0.0, 1.0, 0.0, 1.0, 0.0, 0.0, 0.0, 0.0, 1.0, 1.0, 1.0, 0.0, 1.0, 1.0, 1.0, 0.0, 1.0, 0.0, 0.0, 0.0, 1.0, 1.0, 0.0, 0.0, 0.0, 1.0, 0.0, 1.0, 1.0, 1.0, 0.0, 1.0, 1.0, 0.0, 1.0, 0.0, 0.0, 0.0, 1.0, 1.0, 1.0, 0.0, 1.0, 1.0, 0.0, 1.0, 0.0, 1.0, 1.0, 1.0, 0.0, 1.0, 0.0, 1.0, 1.0, 1.0, 1.0, 0.0, 1.0, 0.0, 1.0, 0.0, 0.0, 1.0, 0.0, 1.0, 1.0, 0.0, 0.0, 0.0, 1.0, 0.0, 0.0, 1.0, 0.0, 0.0, 1.0, 0.0, 0.0, 1.0, 1.0, 0.0, 0.0, 1.0, 1.0, 1.0, 0.0, 1.0, 0.0, 1.0, 0.0, 0.0, 1.0, 1.0, 0.0, 1.0, 1.0, 0.0, 0.0, 1.0, 1.0, 0.0, 1.0, 1.0, 1.0, 1.0, 0.0, 0.0, 0.0, 0.0, 0.0, 0.0, 1.0, 1.0, 1.0, 0.0, 1.0, 0.0, 1.0, 1.0, 0.0, 0.0, 1.0, 1.0, 0.0, 1.0, 1.0, 0.0, 0.0, 0.0, 1.0, 1.0, 0.0, 0.0, 1.0, 1.0, 1.0, 1.0, 0.0, 0.0, 1.0, 1.0, 0.0, 1.0, 1.0, 0.0, 1.0, 1.0, 0.0, 1.0, 1.0, 1.0, 0.0, 0.0, 1.0, 0.0, 1.0, 1.0, 1.0, 1.0, 0.0, 0.0, 0.0, 1.0, 1.0, 0.0, 0.0, 1.0, 1.0, 1.0, 0.0, 0.0, 1.0, 1.0, 1.0, 0.0, 1.0, 0.0, 0.0, 1.0, 1.0, 1.0, 0.0, 1.0, 1.0, 1.0, 1.0, 0.0, 1.0, 0.0, 0.0, 0.0, 1.0, 0.0, 1.0, 1.0, 1.0, 0.0, 0.0, 1.0, 0.0, 0.0, 0.0, 0.0, 0.0, 0.0, 0.0, 0.0, 1.0, 1.0, 1.0, 0.0, 0.0, 1.0, 1.0, 0.0, 1.0, 0.0, 1.0, 0.0, 0.0, 0.0, 1.0, 0.0, 0.0, 0.0, 0.0, 1.0, 0.0, 0.0, 0.0, 0.0, 0.0, 1.0, 1.0, 1.0, 0.0, 1.0, 1.0, 1.0, 1.0, 1.0, 0.0, 1.0, 0.0, 1.0, 1.0, 0.0, 0.0, 0.0, 0.0, 1.0, 0.0, 1.0, 1.0, 1.0, 0.0, 0.0, 1.0, 0.0, 0.0, 0.0, 1.0, 1.0, 1.0, 0.0, 0.0, 0.0, 0.0, 0.0, 1.0, 0.0, 1.0, 0.0, 1.0, 1.0, 1.0, 1.0, 1.0, 0.0, 1.0, 0.0, 0.0, 0.0, 0.0, 1.0, 1.0, 0.0, 1.0, 0.0, 0.0, 0.0, 0.0, 1.0, 1.0, 0.0, 0.0, 1.0, 1.0, 0.0, 0.0, 1.0, 1.0, 0.0, 1.0, 1.0, 1.0, 1.0, 0.0, 0.0, 1.0, 0.0, 0.0, 0.0, 1.0, 1.0, 0.0, 1.0, 0.0, 1.0, 0.0, 0.0, 1.0, 0.0, 0.0, 1.0, 0.0, 1.0, 1.0, 0.0, 1.0, 0.0, 1.0, 1.0, 0.0, 1.0, 0.0, 1.0, 0.0, 0.0, 0.0, 0.0, 1.0, 1.0, 1.0, 1.0, 0.0, 0.0, 0.0, 1.0, 0.0, 1.0, 1.0, 0.0, 0.0, 0.0, 0.0, 0.0, 1.0, 1.0, 1.0, 0.0, 1.0, 1.0, 0.0, 1.0, 1.0, 0.0, 1.0, 0.0, 1.0, 1.0, 0.0, 0.0, 0.0, 0.0, 1.0, 1.0, 1.0, 1.0, 1.0, 0.0, 0.0, 1.0, 1.0, 0.0, 0.0, 0.0, 1.0, 0.0, 1.0, 0.0, 0.0, 1.0, 1.0, 0.0, 0.0, 1.0, 1.0, 1.0, 0.0, 1.0, 1.0, 0.0, 0.0, 0.0, 1.0, 0.0, 1.0, 1.0, 0.0, 1.0, 1.0, 1.0, 0.0, 0.0, 1.0, 1.0, 0.0, 1.0, 0.0, 0.0, 0.0, 0.0, 0.0, 1.0, 0.0, 0.0, 0.0, 0.0, 0.0, 1.0, 0.0, 1.0, 0.0, 1.0, 1.0, 0.0, 1.0, 1.0, 0.0, 0.0, 0.0, 1.0, 0.0, 1.0, 1.0, 0.0, 1.0, 0.0, 0.0, 1.0, 1.0, 0.0, 1.0, 1.0, 1.0, 0.0, 0.0, 1.0, 1.0, 1.0, 1.0, 0.0, 1.0, 1.0, 0.0, 0.0, 0.0, 0.0, 0.0, 0.0, 0.0, 0.0, 0.0, 0.0, 0.0, 0.0, 0.0, 0.0, 1.0, 0.0, 1.0, 0.0, 0.0, 0.0, 1.0, 0.0, 0.0, 1.0, 1.0, 1.0, 0.0, 1.0, 1.0, 0.0, 1.0, 0.0, 0.0, 1.0, 0.0, 0.0, 1.0, 0.0, 0.0, 1.0, 0.0, 0.0, 0.0, 0.0, 1.0, 1.0, 0.0, 0.0, 0.0, 1.0, 0.0, 0.0, 1.0, 1.0, 1.0, 0.0, 1.0, 1.0, 1.0, 1.0, 0.0, 1.0, 0.0, 0.0, 0.0, 1.0, 0.0, 0.0, 1.0, 1.0, 0.0, 0.0, 0.0, 0.0, 0.0, 1.0, 1.0, 1.0, 0.0, 0.0, 0.0, 1.0, 1.0, 1.0, 1.0, 0.0, 1.0, 1.0, 1.0, 1.0, 1.0, 1.0, 0.0, 1.0, 1.0, 0.0, 0.0, 1.0, 0.0, 1.0, 0.0, 1.0, 0.0, 1.0, 1.0, 1.0, 0.0, 1.0, 1.0, 0.0, 0.0, 0.0, 1.0, 0.0, 1.0, 1.0, 1.0, 0.0, 0.0, 0.0, 0.0, 1.0, 1.0, 0.0, 0.0, 1.0, 1.0, 1.0, 1.0, 0.0, 0.0, 1.0, 1.0, 1.0, 1.0, 0.0, 0.0, 0.0, 0.0, 1.0, 0.0, 0.0, 1.0, 0.0, 0.0, 0.0, 0.0, 1.0, 0.0, 0.0, 1.0, 0.0, 0.0, 0.0, 0.0, 0.0, 0.0, 1.0, 1.0, 1.0, 1.0, 0.0, 0.0, 1.0, 1.0, 1.0, 0.0, 0.0, 1.0, 1.0, 1.0, 0.0, 0.0, 1.0, 1.0, 0.0, 0.0, 1.0, 0.0, 1.0, 1.0, 1.0, 1.0, 1.0, 1.0, 0.0, 1.0, 1.0, 0.0, 1.0, 1.0, 1.0, 0.0, 1.0, 0.0, 1.0, 0.0, 0.0, 0.0, 1.0, 1.0, 0.0, 1.0, 1.0, 0.0, 1.0, 1.0, 1.0, 1.0, 1.0, 1.0, 0.0, 1.0, 0.0, 1.0, 0.0, 0.0, 1.0, 1.0, 1.0, 0.0, 0.0, 1.0, 0.0, 1.0, 0.0, 0.0, 0.0, 0.0, 1.0, 0.0, 0.0, 1.0, 1.0, 0.0, 1.0, 0.0, 0.0, 1.0, 0.0, 0.0, 1.0, 0.0, 1.0, 0.0, 0.0, 0.0, 1.0, 0.0, 1.0, 0.0, 1.0, 1.0, 1.0, 0.0, 1.0, 1.0, 1.0, 1.0, 1.0, 0.0, 1.0, 0.0, 1.0, 0.0, 0.0, 1.0, 1.0, 1.0, 0.0, 1.0, 0.0, 1.0, 1.0, 0.0, 1.0, 1.0, 1.0, 1.0, 0.0, 1.0, 0.0, 0.0, 0.0, 0.0, 1.0, 0.0, 0.0, 0.0, 0.0, 1.0, 1.0, 0.0, 1.0, 0.0, 0.0, 0.0, 1.0, 0.0, 0.0, 0.0, 0.0, 1.0, 0.0, 1.0, 0.0, 0.0, 0.0, 1.0, 0.0, 0.0, 1.0, 0.0, 0.0, 0.0, 0.0, 1.0, 0.0, 1.0, 1.0, 1.0, 1.0, 0.0, 1.0, 1.0, 0.0, 1.0, 0.0, 0.0, 0.0, 1.0, 1.0, 1.0, 1.0, 1.0, 1.0, 0.0, 0.0, 1.0, 0.0, 0.0, 0.0, 1.0, 1.0, 1.0, 0.0, 1.0, 1.0, 1.0, 0.0, 0.0, 0.0, 0.0, 0.0, 0.0, 0.0, 1.0, 1.0, 0.0, 1.0, 0.0, 1.0, 0.0, 1.0, 0.0, 1.0, 0.0, 0.0, 0.0, 1.0, 0.0, 1.0, 1.0, 1.0, 1.0, 1.0, 1.0, 1.0, 0.0, 0.0, 1.0, 1.0, 0.0, 0.0, 0.0, 1.0, 0.0, 1.0, 1.0, 1.0, 1.0, 0.0, 0.0, 1.0, 1.0, 0.0, 0.0, 1.0, 0.0, 1.0, 0.0, 1.0, 1.0, 0.0, 0.0, 1.0, 1.0, 0.0, 1.0, 0.0, 1.0, 0.0, 0.0, 0.0, 0.0, 0.0, 0.0, 1.0, 0.0, 0.0, 0.0, 0.0, 1.0, 0.0, 0.0, 1.0, 1.0, 1.0, 1.0, 1.0, 1.0, 1.0, 0.0, 1.0, 1.0, 1.0, 1.0, 1.0, 1.0, 0.0, 0.0, 1.0, 0.0, 1.0, 0.0, 0.0, 0.0, 1.0, 0.0, 1.0, 1.0, 0.0, 0.0, 0.0, 1.0, 0.0, 0.0, 0.0, 1.0, 0.0, 1.0, 0.0, 0.0, 1.0, 0.0, 0.0, 0.0, 1.0, 0.0, 0.0, 0.0, 1.0, 0.0, 0.0, 1.0, 0.0, 1.0, 1.0, 1.0, 1.0, 0.0, 1.0, 1.0, 0.0, 1.0, 0.0, 0.0, 0.0, 0.0, 0.0, 1.0, 1.0, 0.0, 1.0, 0.0, 1.0, 0.0, 1.0, 0.0, 1.0, 0.0, 0.0, 0.0, 0.0, 0.0, 0.0, 1.0, 0.0, 0.0, 1.0, 0.0, 1.0, 0.0, 1.0, 1.0, 0.0, 0.0, 1.0, 1.0, 1.0, 0.0, 0.0, 0.0, 1.0, 1.0, 0.0, 0.0, 1.0, 0.0, 0.0, 1.0, 1.0, 1.0, 0.0, 1.0, 1.0, 1.0, 0.0, 1.0, 0.0, 1.0, 0.0, 0.0, 1.0, 0.0, 0.0, 0.0, 0.0, 1.0, 1.0, 1.0, 0.0, 0.0, 1.0, 1.0, 1.0, 0.0, 0.0, 1.0, 1.0, 1.0, 1.0, 0.0, 1.0, 0.0, 0.0, 1.0, 1.0, 1.0, 1.0, 0.0, 0.0, 1.0, 0.0, 1.0, 1.0, 0.0, 0.0, 1.0, 1.0, 0.0, 0.0, 1.0, 0.0, 1.0, 1.0, 1.0, 1.0, 1.0, 0.0, 1.0, 0.0, 1.0, 1.0, 0.0, 0.0, 0.0, 0.0, 0.0, 0.0, 1.0, 1.0, 0.0, 1.0, 0.0, 0.0, 0.0, 1.0, 1.0, 0.0, 1.0, 1.0, 1.0, 0.0, 1.0, 0.0, 0.0, 1.0, 1.0, 1.0, 1.0, 1.0, 0.0, 0.0, 1.0, 0.0, 1.0, 0.0, 0.0, 0.0, 1.0, 0.0, 1.0, 0.0, 0.0, 1.0, 1.0, 1.0, 1.0, 0.0, 0.0, 1.0, 1.0, 0.0, 1.0, 0.0, 1.0, 0.0, 1.0, 1.0, 0.0, 0.0, 1.0, 0.0, 0.0, 1.0, 0.0, 1.0, 0.0, 0.0, 1.0, 0.0, 0.0, 1.0, 0.0, 1.0, 0.0, 1.0, 0.0, 1.0, 0.0, 1.0, 0.0, 0.0, 1.0, 0.0, 1.0, 0.0, 0.0, 1.0, 1.0, 1.0, 1.0, 1.0, 0.0, 1.0, 0.0, 1.0, 0.0, 0.0, 1.0, 1.0, 1.0, 1.0, 1.0, 0.0, 1.0, 1.0, 0.0, 1.0, 1.0, 0.0, 0.0, 0.0, 0.0, 0.0, 1.0, 1.0, 0.0, 1.0, 0.0, 0.0, 1.0, 1.0, 1.0, 0.0, 1.0, 1.0, 1.0, 1.0, 1.0, 1.0, 1.0, 0.0, 1.0, 1.0, 1.0, 1.0, 0.0, 0.0, 0.0, 0.0, 0.0, 0.0, 0.0, 1.0, 0.0, 0.0, 0.0, 0.0, 1.0, 0.0, 0.0, 1.0, 1.0, 0.0, 1.0, 0.0, 1.0, 1.0, 1.0, 0.0, 0.0, 0.0, 0.0, 1.0, 0.0, 1.0, 0.0, 1.0, 1.0, 1.0, 1.0, 1.0, 1.0, 1.0, 0.0, 1.0, 1.0, 1.0, 1.0, 1.0, 1.0, 0.0, 0.0, 0.0, 1.0, 1.0, 0.0, 1.0, 0.0, 1.0, 1.0, 1.0, 1.0, 0.0, 0.0, 1.0, 0.0, 1.0, 0.0, 1.0, 1.0, 1.0, 1.0, 0.0, 0.0, 1.0, 1.0, 0.0, 1.0, 0.0, 1.0, 1.0, 1.0, 0.0, 0.0, 1.0, 0.0, 1.0, 1.0, 0.0, 1.0, 1.0, 1.0, 1.0, 1.0, 0.0, 1.0, 0.0, 1.0, 0.0, 1.0, 0.0, 0.0, 1.0, 0.0, 1.0, 1.0, 1.0, 1.0, 0.0, 0.0, 1.0, 0.0, 1.0, 1.0, 0.0, 1.0, 1.0, 0.0, 0.0, 1.0, 0.0, 0.0, 1.0, 1.0, 1.0, 1.0, 1.0, 0.0, 0.0, 0.0, 1.0, 1.0, 1.0, 0.0, 1.0, 0.0, 1.0, 1.0, 0.0, 1.0, 0.0, 0.0, 0.0, 1.0, 1.0, 1.0, 0.0, 0.0, 1.0, 0.0, 0.0, 0.0, 1.0, 1.0, 0.0, 1.0, 1.0, 1.0, 0.0, 0.0, 1.0, 1.0, 1.0, 0.0, 1.0, 1.0, 0.0, 0.0, 0.0, 1.0, 0.0, 1.0, 0.0, 1.0, 1.0, 0.0, 1.0, 1.0, 0.0, 1.0, 0.0, 1.0, 0.0, 0.0, 0.0, 0.0, 0.0, 1.0, 0.0, 0.0, 1.0, 0.0, 1.0, 1.0, 0.0, 1.0, 1.0, 1.0, 0.0, 1.0, 1.0, 0.0, 1.0, 1.0, 1.0, 1.0, 1.0, 1.0, 0.0, 0.0, 0.0, 0.0, 0.0, 1.0, 0.0, 0.0, 0.0, 0.0, 1.0, 0.0, 1.0, 1.0, 1.0, 0.0, 1.0, 1.0, 1.0, 0.0, 0.0, 1.0, 0.0, 1.0, 1.0, 1.0, 0.0, 0.0, 1.0, 0.0, 1.0, 0.0, 0.0, 0.0, 1.0, 1.0, 0.0, 0.0, 1.0, 1.0, 1.0, 1.0, 0.0, 0.0, 0.0, 0.0, 0.0, 1.0, 1.0, 0.0, 0.0, 0.0, 0.0, 1.0, 0.0, 1.0, 1.0, 1.0, 1.0, 0.0, 1.0, 0.0, 1.0, 0.0, 0.0, 1.0, 0.0, 1.0, 1.0, 0.0, 0.0, 0.0, 1.0, 0.0, 1.0, 0.0, 1.0, 0.0, 0.0, 1.0, 1.0, 1.0, 0.0, 1.0, 1.0, 1.0, 0.0, 0.0, 0.0, 1.0, 0.0, 1.0, 1.0, 0.0, 1.0, 1.0, 0.0, 0.0, 0.0, 0.0, 1.0, 0.0, 0.0, 1.0, 0.0, 0.0, 1.0, 0.0, 0.0, 0.0, 1.0, 0.0, 0.0, 1.0, 0.0, 0.0, 1.0, 0.0, 1.0, 1.0, 1.0, 0.0, 0.0, 1.0, 1.0, 1.0, 0.0, 0.0, 1.0, 1.0, 0.0, 0.0, 1.0, 1.0, 0.0, 0.0, 0.0, 0.0, 0.0, 0.0, 1.0, 1.0, 0.0, 1.0, 1.0, 1.0, 1.0, 0.0, 0.0, 0.0, 0.0, 0.0, 0.0, 0.0, 1.0, 1.0, 1.0, 1.0, 1.0, 0.0, 1.0, 1.0, 0.0, 1.0, 0.0, 0.0, 1.0, 0.0, 0.0, 1.0, 0.0, 1.0, 1.0, 0.0, 0.0, 0.0, 0.0, 1.0, 0.0, 0.0, 1.0, 0.0, 0.0, 0.0, 0.0, 1.0, 1.0, 1.0, 1.0, 1.0, 0.0, 1.0, 0.0, 0.0, 0.0, 1.0, 1.0, 0.0, 0.0, 1.0, 0.0, 0.0, 1.0, 1.0, 1.0, 0.0, 0.0, 1.0, 1.0, 1.0, 1.0, 1.0, 0.0, 1.0, 1.0, 1.0, 0.0, 0.0, 0.0, 0.0, 1.0, 0.0, 0.0, 0.0, 0.0, 1.0, 0.0, 0.0, 1.0, 0.0, 0.0, 1.0, 0.0, 0.0, 1.0, 1.0, 0.0, 0.0, 0.0, 1.0, 1.0, 1.0, 0.0, 1.0, 1.0, 0.0, 0.0, 1.0, 1.0, 0.0, 0.0, 0.0, 0.0, 0.0, 1.0, 1.0, 1.0, 0.0, 0.0, 0.0, 0.0, 1.0, 0.0, 1.0, 1.0, 1.0, 1.0, 0.0, 1.0, 1.0, 1.0, 0.0, 1.0, 0.0, 1.0, 0.0, 1.0, 1.0, 1.0, 0.0, 0.0, 0.0, 1.0, 0.0, 1.0, 1.0, 1.0, 1.0, 0.0, 0.0, 0.0, 1.0, 0.0, 1.0, 1.0, 1.0, 0.0, 0.0, 1.0, 0.0, 1.0, 1.0, 0.0, 1.0, 0.0, 0.0, 0.0, 0.0, 0.0, 0.0, 0.0, 1.0, 0.0, 1.0, 1.0, 0.0, 1.0, 0.0, 1.0, 0.0, 1.0, 0.0, 0.0, 1.0, 1.0, 1.0, 0.0, 1.0, 1.0, 0.0, 0.0, 0.0, 0.0, 0.0, 0.0, 0.0, 0.0, 1.0, 0.0, 0.0, 1.0, 0.0, 0.0, 1.0, 1.0, 1.0, 1.0, 1.0, 0.0, 0.0, 0.0, 1.0, 1.0, 0.0, 1.0, 1.0, 1.0, 1.0, 0.0, 1.0, 1.0, 1.0, 0.0, 1.0, 1.0, 0.0, 1.0, 0.0, 0.0, 0.0, 1.0, 1.0, 0.0, 0.0, 1.0, 1.0, 0.0, 0.0, 1.0, 0.0, 0.0, 1.0, 1.0, 0.0, 0.0, 1.0, 1.0, 1.0, 1.0, 1.0, 0.0, 0.0, 1.0, 1.0, 1.0, 0.0, 0.0, 0.0, 0.0, 0.0, 1.0, 1.0, 1.0, 1.0, 1.0, 1.0, 1.0, 1.0, 0.0, 0.0, 0.0, 1.0, 1.0, 0.0, 0.0, 0.0, 1.0, 1.0, 0.0, 0.0, 0.0, 1.0, 1.0, 0.0, 1.0, 0.0, 1.0, 0.0, 0.0, 1.0, 0.0, 0.0, 1.0, 0.0, 0.0, 1.0, 0.0, 1.0, 1.0, 1.0, 1.0, 1.0, 1.0, 1.0, 0.0, 0.0, 0.0, 0.0, 0.0, 0.0, 0.0, 1.0, 1.0, 1.0, 1.0, 0.0, 0.0, 1.0, 1.0, 0.0, 1.0, 1.0, 1.0, 1.0, 1.0, 1.0, 0.0, 1.0, 0.0, 1.0, 0.0, 0.0, 1.0, 0.0, 0.0, 1.0, 1.0, 0.0, 0.0, 1.0, 1.0, 0.0, 1.0, 0.0, 1.0, 0.0, 0.0, 0.0, 1.0, 0.0, 1.0, 0.0, 1.0, 0.0, 0.0, 1.0, 1.0, 1.0, 1.0, 0.0, 0.0, 0.0, 1.0, 1.0, 1.0, 1.0, 0.0, 1.0, 1.0, 0.0, 1.0, 0.0, 1.0, 1.0, 1.0, 1.0, 0.0, 0.0, 0.0, 1.0, 1.0, 1.0, 1.0, 1.0, 0.0, 0.0, 1.0, 1.0, 0.0, 1.0, 1.0, 1.0, 0.0, 0.0, 1.0, 1.0, 1.0, 1.0, 1.0, 1.0, 0.0, 0.0, 0.0, 1.0, 0.0, 0.0, 1.0, 0.0, 0.0, 0.0, 0.0, 1.0, 0.0, 0.0, 1.0, 0.0, 0.0, 1.0, 0.0, 1.0, 0.0, 0.0, 0.0, 0.0, 1.0, 1.0, 0.0, 0.0, 0.0, 0.0, 1.0, 0.0, 1.0, 0.0, 0.0, 1.0, 1.0, 1.0, 0.0, 1.0, 1.0, 1.0, 1.0, 1.0, 1.0, 0.0, 1.0, 1.0, 0.0, 1.0, 1.0, 0.0, 0.0, 1.0, 1.0, 1.0, 0.0, 0.0, 0.0, 1.0, 1.0, 0.0, 1.0, 0.0, 0.0, 0.0, 0.0, 1.0, 0.0, 0.0, 1.0, 1.0, 0.0, 1.0, 1.0, 1.0, 1.0, 1.0, 0.0, 0.0, 0.0, 1.0, 1.0, 1.0, 0.0, 0.0, 0.0, 0.0, 1.0, 0.0, 0.0, 0.0, 1.0, 1.0, 1.0, 1.0, 1.0, 0.0, 1.0, 1.0, 0.0, 0.0, 0.0, 0.0, 1.0, 0.0, 1.0, 1.0, 0.0, 0.0, 1.0, 1.0, 0.0, 0.0, 1.0, 1.0, 0.0, 1.0, 0.0, 0.0, 1.0, 1.0, 0.0, 1.0, 0.0, 1.0, 1.0, 0.0, 0.0, 0.0, 0.0, 1.0, 1.0, 1.0, 1.0, 1.0, 1.0, 0.0, 1.0, 0.0, 0.0, 1.0, 0.0, 0.0, 0.0, 1.0, 1.0, 0.0, 0.0, 1.0, 0.0, 0.0, 1.0, 1.0, 0.0, 1.0, 1.0, 0.0, 1.0, 0.0, 0.0, 1.0, 1.0, 0.0, 0.0, 0.0, 0.0, 0.0, 0.0, 1.0, 1.0, 1.0, 1.0, 0.0, 0.0, 0.0, 0.0, 0.0, 1.0, 1.0, 0.0, 0.0, 1.0, 1.0, 1.0, 0.0, 0.0, 0.0, 1.0, 0.0, 1.0, 1.0, 0.0, 0.0, 1.0, 1.0, 0.0, 0.0, 0.0, 0.0, 1.0, 0.0, 0.0, 1.0, 1.0, 1.0, 1.0, 0.0, 1.0, 1.0, 0.0, 0.0, 0.0, 0.0, 1.0, 0.0, 1.0, 1.0, 1.0, 0.0, 1.0, 1.0, 1.0, 0.0, 1.0, 0.0, 0.0, 0.0, 1.0, 0.0, 0.0, 0.0, 1.0, 0.0, 0.0, 0.0, 0.0, 1.0, 1.0, 1.0, 1.0, 1.0, 1.0, 1.0, 1.0, 1.0, 0.0, 0.0, 1.0, 0.0, 0.0, 1.0, 1.0, 1.0, 1.0, 0.0, 1.0, 1.0, 1.0, 0.0, 1.0, 1.0, 1.0, 1.0, 1.0, 0.0, 0.0, 1.0, 1.0, 0.0, 1.0, 0.0, 1.0, 1.0, 1.0, 0.0, 0.0, 0.0, 0.0, 1.0, 1.0, 1.0, 0.0, 0.0, 1.0, 0.0, 1.0, 0.0, 1.0, 1.0, 0.0, 1.0, 1.0, 1.0, 1.0, 0.0, 1.0, 1.0, 1.0, 1.0, 0.0, 1.0, 1.0, 0.0, 1.0, 0.0, 1.0, 0.0, 0.0, 1.0, 1.0, 0.0, 1.0, 1.0, 1.0, 1.0, 1.0, 0.0, 0.0, 1.0, 1.0, 1.0, 0.0, 1.0, 0.0, 1.0, 1.0, 0.0, 0.0, 0.0, 0.0, 1.0, 0.0, 1.0, 0.0, 0.0, 1.0, 1.0, 1.0, 1.0, 1.0, 0.0, 0.0, 0.0, 1.0, 0.0, 1.0, 1.0, 0.0, 0.0, 0.0, 1.0, 0.0, 1.0, 0.0, 1.0, 0.0, 0.0, 0.0, 1.0, 1.0, 0.0, 0.0, 1.0, 1.0, 1.0, 1.0, 0.0, 1.0, 0.0, 1.0, 0.0, 1.0, 0.0, 1.0, 1.0, 0.0, 1.0, 1.0, 0.0, 1.0, 0.0, 1.0, 0.0, 0.0, 0.0, 1.0, 1.0, 0.0, 0.0, 1.0, 0.0, 0.0, 0.0, 0.0, 0.0, 0.0, 0.0, 0.0, 1.0, 0.0, 1.0, 1.0, 1.0, 0.0, 1.0, 0.0, 0.0, 1.0, 0.0, 1.0, 1.0, 1.0, 1.0, 0.0, 0.0, 1.0, 1.0, 0.0, 0.0, 1.0, 1.0, 0.0, 0.0, 0.0, 1.0, 0.0, 0.0, 0.0, 0.0, 1.0, 1.0, 1.0, 1.0, 1.0, 0.0, 0.0, 1.0, 0.0, 1.0, 0.0, 0.0, 0.0, 0.0, 1.0, 1.0, 0.0, 0.0, 0.0, 1.0, 0.0, 1.0, 1.0, 0.0, 0.0, 1.0, 0.0, 0.0, 1.0, 1.0, 1.0, 1.0, 1.0, 0.0, 0.0, 0.0, 0.0, 0.0, 0.0, 1.0, 0.0, 0.0, 0.0, 0.0, 1.0, 1.0, 1.0, 1.0, 0.0, 1.0, 0.0, 0.0, 1.0, 0.0, 0.0, 0.0, 1.0, 0.0, 1.0, 0.0, 0.0, 0.0, 1.0, 0.0, 0.0, 1.0, 1.0, 1.0, 0.0, 0.0, 0.0, 1.0, 1.0, 1.0, 1.0, 1.0, 0.0, 1.0, 0.0, 1.0, 1.0, 0.0, 0.0, 0.0, 1.0, 1.0, 0.0, 1.0, 1.0, 1.0, 0.0, 0.0, 1.0, 0.0, 0.0, 0.0, 0.0, 0.0, 1.0, 0.0, 0.0, 0.0, 0.0, 0.0, 1.0, 1.0, 1.0, 1.0, 0.0, 0.0, 1.0, 0.0, 0.0, 0.0, 0.0, 0.0, 1.0, 1.0, 0.0, 1.0, 1.0, 0.0, 0.0, 1.0, 0.0, 1.0, 1.0, 1.0, 1.0, 1.0, 1.0, 0.0, 1.0, 1.0, 0.0, 1.0, 1.0, 1.0, 1.0, 1.0, 1.0, 1.0, 0.0, 0.0, 0.0, 1.0, 1.0, 0.0, 1.0, 0.0, 1.0, 0.0, 1.0, 1.0, 0.0, 1.0, 0.0, 0.0, 1.0, 0.0, 1.0, 0.0, 0.0, 0.0, 0.0, 1.0, 1.0, 0.0, 0.0, 0.0, 0.0, 1.0, 1.0, 0.0, 0.0, 0.0, 1.0, 0.0, 1.0, 1.0, 1.0, 1.0, 1.0, 1.0, 1.0, 0.0, 0.0, 0.0, 1.0, 1.0, 0.0, 0.0, 1.0, 0.0, 0.0, 1.0, 0.0, 0.0, 1.0, 0.0, 0.0, 0.0, 0.0, 0.0, 0.0, 1.0, 1.0, 0.0, 0.0, 1.0, 1.0, 0.0, 1.0, 1.0, 0.0, 1.0, 1.0, 1.0, 1.0, 0.0, 0.0, 0.0, 0.0, 1.0, 0.0, 0.0, 1.0, 1.0, 0.0, 1.0, 0.0, 0.0, 0.0, 0.0, 0.0, 0.0, 1.0, 0.0, 1.0, 1.0, 1.0, 0.0, 1.0, 0.0, 1.0, 0.0, 0.0, 0.0, 0.0, 0.0, 0.0, 0.0, 0.0, 1.0, 0.0, 1.0, 0.0, 1.0, 1.0, 0.0, 1.0, 0.0, 1.0, 1.0, 0.0, 1.0, 1.0, 1.0, 1.0, 1.0, 1.0, 1.0, 0.0, 1.0, 1.0, 0.0, 0.0, 0.0, 0.0, 0.0, 0.0, 1.0, 1.0, 0.0, 1.0, 0.0, 1.0, 0.0, 0.0, 1.0, 1.0, 1.0, 1.0, 0.0, 0.0, 1.0, 0.0, 0.0, 0.0, 0.0, 0.0, 0.0, 1.0, 0.0, 0.0, 1.0, 1.0, 1.0, 0.0, 0.0, 0.0, 1.0, 1.0, 0.0, 1.0, 1.0, 0.0, 0.0, 0.0, 0.0, 0.0, 1.0, 0.0, 1.0, 1.0, 0.0, 0.0, 1.0, 0.0, 1.0, 1.0, 1.0, 1.0, 0.0, 1.0, 1.0, 1.0, 1.0, 1.0, 0.0, 1.0, 1.0, 0.0, 0.0, 0.0, 0.0, 0.0, 0.0, 1.0, 0.0, 0.0, 0.0, 1.0, 0.0, 1.0, 1.0, 0.0, 1.0, 1.0, 0.0, 1.0, 0.0, 0.0, 1.0, 0.0, 0.0, 1.0, 1.0, 1.0, 0.0, 1.0, 0.0, 0.0, 0.0, 0.0, 1.0, 1.0, 1.0, 1.0, 1.0, 0.0, 1.0, 0.0, 0.0, 1.0, 0.0, 0.0, 1.0, 1.0, 0.0, 0.0, 1.0, 0.0, 0.0, 1.0, 1.0, 0.0, 1.0, 1.0, 0.0, 0.0, 0.0, 0.0, 0.0, 1.0, 1.0, 0.0, 0.0, 0.0, 0.0, 0.0, 0.0, 1.0, 1.0, 0.0, 1.0, 0.0, 0.0, 1.0, 1.0, 1.0, 0.0, 1.0, 0.0, 1.0, 1.0, 0.0, 1.0, 0.0, 1.0, 1.0, 1.0, 0.0, 0.0, 1.0, 0.0, 1.0, 1.0, 1.0, 0.0, 1.0, 1.0, 1.0, 0.0, 0.0, 0.0, 0.0, 1.0, 0.0]","['lNONHSAG000603', 'lNONHSAG002058', 'lNONHSAG002454', 'lNONHSAG003505', 'lNONHSAG003512', 'lNONHSAG004095', 'lNONHSAG005153', 'lNONHSAG005920', 'lNONHSAG006362', 'lNONHSAG006756', 'lNONHSAG007295', 'lNONHSAG008167', 'lNONHSAG008859', 'lNONHSAG010405', 'lNONHSAG010716', 'lNONHSAG011343', 'lNONHSAG012076', 'lNONHSAG012594', 'lNONHSAG013095', 'lNONHSAG013515', 'lNONHSAG013730', 'lNONHSAG013946', 'lNONHSAG015163', 'lNONHSAG015234', 'lNONHSAG015417', 'lNONHSAG015505', 'lNONHSAG015623', 'lNONHSAG015788', 'lNONHSAG016395', 'lNONHSAG017349', 'lNONHSAG018326', 'lNONHSAG018709', 'lNONHSAG018829', 'lNONHSAG019090', 'lNONHSAG019270', 'lNONHSAG019898', 'lNONHSAG020281', 'lNONHSAG020304', 'lNONHSAG020367', 'lNONHSAG020403', 'lNONHSAG020474', 'lNONHSAG020616', 'lNONHSAG021042', 'lNONHSAG021641', 'lNONHSAG022162', 'lNONHSAG022495', 'lNONHSAG023494', 'lNONHSAG023885', 'lNONHSAG024244', 'lNONHSAG024341', 'lNONHSAG024354', 'lNONHSAG024362', 'lNONHSAG024428', 'lNONHSAG024668', 'lNONHSAG024676', 'lNONHSAG024921', 'lNONHSAG025011', 'lNONHSAG025137', 'lNONHSAG025934', 'lNONHSAG025939', 'lNONHSAG026053', 'lNONHSAG026089', 'lNONHSAG026386', 'lNONHSAG026856', 'lNONHSAG027709', 'lNONHSAG028112', 'lNONHSAG028713', 'lNONHSAG029961', 'lNONHSAG030582', 'lNONHSAG031563', 'lNONHSAG031565', 'lNONHSAG031636', 'lNONHSAG031696', 'lNONHSAG031853', 'lNONHSAG032664', 'lNONHSAG033266', 'lNONHSAG033480', 'lNONHSAG033735', 'lNONHSAG033748', 'lNONHSAG033899', 'lNONHSAG034417', 'lNONHSAG034492', 'lNONHSAG036413', 'lNONHSAG037241', 'lNONHSAG037891', 'lNONHSAG038578', 'lNONHSAG039319', 'lNONHSAG040329', 'lNONHSAG040481', 'lNONHSAG041023', 'lNONHSAG041529', 'lNONHSAG042050', 'lNONHSAG042080', 'lNONHSAG042270', 'lNONHSAG042433', 'lNONHSAG042491', 'lNONHSAG042724', 'lNONHSAG044283', 'lNONHSAG045430', 'lNONHSAG046781', 'lNONHSAG047543', 'lNONHSAG047544', 'lNONHSAG047547', 'lNONHSAG047973', 'lNONHSAG048114', 'lNONHSAG048270', 'lNONHSAG048464', 'lNONHSAG048598', 'lNONHSAG049626', 'lNONHSAG050670', 'lNONHSAG051260', 'lNONHSAG051958', 'lNONHSAG052119', 'lNONHSAG052151', 'lNONHSAG052933', 'lNONHSAG053228', 'lNONHSAG053419', 'lNONHSAG053546', 'lNONHSAG053602', 'lNONHSAG054024', 'lNONHSAG054213', 'lNONHSAG054215', 'lNONHSAG054699', 'lNONHSAG054718', 'lNONHSAG054791', 'lNONHSAG055558', 'lNONHSAG056733', 'lNONHSAG056868', 'lNONHSAG061404', 'lNONHSAG069030', 'lNONHSAG070257', 'lNONHSAG081583', 'lNONHSAG083209', 'lNONHSAG083859', 'lNONHSAG085975', 'lNONHSAG099120', 'lNONHSAG099126', 'lNONHSAG103259', 'lNONHSAG110420', 'lENSG00000224614', 'lENSG00000227256', 'lENSG00000229388', 'lENSG00000230313', 'lENSG00000230866', 'lENSG00000231437', 'lENSG00000232265', 'lENSG00000234222', 'lENSG00000234625', 'lENSG00000243479', 'lENSG00000244124', 'lENSG00000245146', 'lENSG00000251003', 'lENSG00000254418', 'lENSG00000255553', 'lENSG00000260969', 'lENSG00000261780', 'lENSG00000267413', 'lENSG00000274372', 'lENSG00000224739', 'lMIR181A1HG', 'lTPTEP1', 'lLINC00461', 'lLINC00514', 'lRP1-283E3.8', 'lRP11-108M9.3', 'lRP11-495P10.8', 'lNONHSAG002726', 'lNONHSAG003227', 'lNONHSAG004227', 'lNONHSAG004475', 'lNONHSAG005797', 'lNONHSAG005936', 'lNONHSAG006290', 'lNONHSAG006376', 'lNONHSAG006382', 'lNONHSAG006388', 'lNONHSAG006395', 'lNONHSAG006412', 'lNONHSAG006493', 'lNONHSAG006536', 'lNONHSAG006551', 'lNONHSAG006557', 'lNONHSAG006832', 'lNONHSAG007414', 'lNONHSAG007488', 'lNONHSAG007533', 'lNONHSAG007543', 'lNONHSAG007599', 'lENSG00000178248', 'lENSG00000205018', 'lENSG00000223537', 'lENSG00000223786', 'lENSG00000224922', 'lENSG00000225325', 'lENSG00000225588', 'lENSG00000225761', 'lENSG00000226193', 'lENSG00000226542', 'lENSG00000226883', 'lENSG00000227125', 'lENSG00000227131', 'lENSG00000227181', 'lENSG00000227496', 'lENSG00000228082', 'lENSG00000228170', 'lENSG00000228351', 'lENSG00000228852', 'lENSG00000229297', 'lENSG00000229379', 'lENSG00000229457', 'lENSG00000229528', 'lENSG00000229999', 'lENSG00000230010', 'lENSG00000230190', 'lENSG00000230735', 'lENSG00000231082', 'lENSG00000231597', 'lENSG00000231678', 'lENSG00000231724', 'lENSG00000232031', 'lENSG00000232310', 'lENSG00000233179', 'lENSG00000233219', 'lENSG00000233472', 'lENSG00000233581', 'lENSG00000233625', 'lENSG00000234961', 'lENSG00000236242', 'lENSG00000237058', 'lENSG00000237331', 'lENSG00000237481', 'lENSG00000237571', 'lENSG00000237734', 'lENSG00000237802', 'lENSG00000238282', 'lENSG00000242012', 'lENSG00000242072', 'lENSG00000242339', 'lENSG00000243273', 'lENSG00000244327', 'lENSG00000248393', 'lENSG00000248416', 'lENSG00000248457', 'lENSG00000248599', 'lENSG00000248984', 'lENSG00000249409', 'lENSG00000249426', 'lENSG00000250877', 'lENSG00000250910', 'lENSG00000250929', 'lENSG00000251688', 'lENSG00000253171', 'lENSG00000253397', 'lENSG00000253530', 'lENSG00000254026', 'lENSG00000254084', 'lENSG00000254177', 'lENSG00000254239', 'lENSG00000254242', 'lENSG00000254347', 'lENSG00000254350', 'lENSG00000255114', 'lENSG00000255167', 'lENSG00000255271', 'lENSG00000255443', 'lENSG00000256482', 'lENSG00000256733', 'lENSG00000257096', 'lENSG00000257514', 'lENSG00000258308', 'lENSG00000258745', 'lENSG00000259188', 'lENSG00000259532', 'lENSG00000259636', 'lENSG00000259757', 'lENSG00000259767', 'lENSG00000260304', 'lENSG00000260476', 'lENSG00000260586', 'lENSG00000260741', 'lENSG00000260934', 'lENSG00000260986', 'lENSG00000261507', 'lENSG00000261671', 'lENSG00000261761', 'lENSG00000263982', 'lENSG00000263986', 'lENSG00000265443', 'lENSG00000265728', 'lENSG00000265845', 'lENSG00000265980', 'lENSG00000267057', 'lENSG00000267274', 'lENSG00000268296', 'lENSG00000268743', 'lENSG00000269504', 'lENSG00000271717', 'lENSG00000272995', 'lENSG00000273449', 'lENSG00000274227', 'lENSG00000275871', 'lENSG00000276533', 'lENSG00000277332', 'lENSG00000278944', 'lENSG00000280580', 'lENSG00000283973', 'lENSG00000284994', 'lENSG00000286076', 'lENSG00000286168', 'lENSG00000286436', 'lENSG00000286461', 'lENSG00000286565', 'lENSG00000286639', 'lENSG00000287687', 'lENSG00000211683', 'lENSG00000249159', 'lENSG00000251506', 'lENSG00000255325', 'lENSG00000272369', 'lENSG00000258631', 'lENSG00000279472', 'lENSG00000253701', 'lMIR24-2']","[1.0, 1.0, 1.0, 1.0, 0.0, 0.0, 0.0, 0.0, 0.0, 1.0, 1.0, 1.0, 1.0, 0.0, 1.0, 0.0, 1.0, 0.0, 1.0, 0.0, 0.0, 1.0, 1.0, 1.0, 1.0, 1.0, 0.0, 0.0, 0.0, 0.0, 0.0, 1.0, 0.0, 0.0, 0.0, 1.0, 1.0, 1.0, 0.0, 0.0, 0.0, 0.0, 1.0, 1.0, 0.0, 1.0, 0.0, 0.0, 1.0, 1.0, 1.0, 1.0, 0.0, 0.0, 0.0, 0.0, 0.0, 1.0, 0.0, 0.0, 1.0, 0.0, 0.0, 0.0, 0.0, 1.0, 0.0, 0.0, 0.0, 0.0, 0.0, 1.0, 1.0, 1.0, 1.0, 0.0, 0.0, 1.0, 1.0, 0.0, 1.0, 0.0, 1.0, 0.0, 0.0, 0.0, 0.0, 1.0, 1.0, 0.0, 0.0, 0.0, 0.0, 1.0, 1.0, 0.0, 1.0, 0.0, 0.0, 0.0, 0.0, 0.0, 0.0, 0.0, 1.0, 1.0, 0.0, 0.0, 0.0, 1.0, 1.0, 1.0, 0.0, 1.0, 1.0, 0.0, 0.0, 1.0, 0.0, 0.0, 0.0, 0.0, 0.0, 1.0, 0.0, 0.0, 0.0, 0.0, 0.0, 1.0, 1.0, 0.0, 0.0, 1.0, 1.0, 0.0, 1.0, 1.0, 0.0, 1.0, 1.0, 1.0, 0.0, 0.0, 0.0, 1.0, 0.0, 0.0, 0.0, 0.0, 0.0, 1.0, 1.0, 1.0, 0.0, 0.0, 1.0, 1.0, 1.0, 0.0, 0.0, 1.0, 1.0, 1.0, 1.0, 0.0, 0.0, 0.0, 1.0, 0.0, 0.0, 0.0, 0.0, 0.0, 1.0, 0.0, 1.0, 1.0, 0.0, 1.0, 0.0, 0.0, 1.0, 1.0, 0.0, 0.0, 1.0, 0.0, 0.0, 1.0, 0.0, 0.0, 0.0, 1.0, 1.0, 1.0, 0.0, 1.0, 1.0, 0.0, 0.0, 1.0, 1.0, 0.0, 0.0, 0.0, 1.0, 1.0, 1.0, 1.0, 0.0, 1.0, 0.0, 0.0, 1.0, 0.0, 0.0, 0.0, 1.0, 1.0, 0.0, 1.0, 0.0, 0.0, 0.0, 1.0, 1.0, 0.0, 0.0, 1.0, 0.0, 0.0, 1.0, 0.0, 0.0, 1.0, 1.0, 1.0, 0.0, 1.0, 1.0, 1.0, 1.0, 0.0, 0.0, 0.0, 1.0, 1.0, 0.0, 0.0, 0.0, 1.0, 0.0, 1.0, 0.0, 1.0, 0.0, 1.0, 1.0, 1.0, 1.0, 0.0, 1.0, 1.0, 1.0, 1.0, 0.0, 1.0, 1.0, 0.0, 0.0, 1.0, 1.0, 1.0, 1.0, 1.0, 0.0, 0.0, 0.0, 1.0, 1.0, 1.0, 0.0, 0.0, 0.0, 1.0, 1.0, 0.0, 0.0, 1.0, 1.0, 1.0, 1.0, 0.0, 1.0, 1.0, 1.0, 0.0, 1.0, 0.0, 1.0, 1.0, 1.0, 0.0, 0.0, 1.0, 0.0, 1.0, 0.0, 0.0, 1.0, 1.0, 1.0, 0.0, 1.0, 1.0, 1.0, 1.0, 0.0, 1.0, 0.0, 0.0, 0.0]","[0.0, 0.0, 0.0, 0.0, 0.0, 0.0, 0.0, 0.0, 0.0, 0.0, 0.0, 0.0, 0.0, 0.0, 0.0, 0.0, 0.0, 0.0, 0.0, 0.0, 0.0, 0.0, 0.0, 0.0, 0.0, 0.0, 0.0, 0.0, 0.0, 0.0, 0.0, 0.0, 0.0, 0.0, 0.0, 0.0, 0.0, 0.0, 0.0, 0.0, 0.0, 0.0, 0.0, 0.0, 0.0, 0.0, 0.0, 0.0, 0.0, 0.0, 0.0, 0.0, 0.0, 0.0, 0.0, 0.0, 0.0, 0.0, 0.0, 0.0, 1.0, 0.0, 0.0, 0.0, 0.0, 0.0, 0.0, 0.0, 0.0, 0.0, 0.0, 0.0, 0.0, 0.0, 0.0, 0.0, 0.0, 0.0, 0.0, 0.0, 0.0, 0.0, 0.0, 0.0, 0.0, 0.0, 0.0, 0.0, 0.0, 0.0, 0.0, 0.0, 0.0, 0.0, 0.0, 0.0, 0.0, 0.0, 0.0, 0.0, 0.0, 0.0, 0.0, 0.0, 0.0, 0.0, 0.0, 0.0, 0.0, 0.0, 0.0, 0.0, 0.0, 0.0, 0.0, 0.0, 0.0, 0.0, 0.0, 0.0, 0.0, 0.0, 0.0, 0.0, 0.0, 0.0, 0.0, 0.0, 0.0, 0.0, 0.0, 0.0, 0.0, 0.0, 0.0, 0.0, 0.0, 0.0, 0.0, 0.0, 0.0, 0.0, 0.0, 0.0, 0.0, 0.0, 0.0, 0.0, 0.0, 0.0, 0.0, 0.0, 0.0, 0.0, 0.0, 0.0, 0.0, 0.0, 1.0, 0.0, 0.0, 0.0, 0.0, 0.0, 1.0, 0.0, 0.0, 0.0, 0.0, 0.0, 0.0, 0.0, 0.0, 0.0, 0.0, 0.0, 0.0, 0.0, 0.0, 0.0, 0.0, 0.0, 0.0, 0.0, 0.0, 0.0, 0.0, 0.0, 0.0, 0.0, 0.0, 0.0, 0.0, 0.0, 0.0, 0.0, 0.0, 0.0, 0.0, 0.0, 0.0, 0.0, 0.0, 0.0, 0.0, 0.0, 0.0, 0.0, 0.0, 0.0, 0.0, 0.0, 0.0, 0.0, 0.0, 0.0, 0.0, 0.0, 0.0, 0.0, 0.0, 0.0, 0.0, 0.0, 0.0, 0.0, 0.0, 0.0, 0.0, 0.0, 0.0, 0.0, 0.0, 0.0, 0.0, 0.0, 0.0, 0.0, 0.0, 0.0, 0.0, 0.0, 0.0, 0.0, 0.0, 0.0, 0.0, 0.0, 0.0, 0.0, 0.0, 0.0, 0.0, 0.0, 0.0, 0.0, 0.0, 0.0, 0.0, 0.0, 0.0, 1.0, 0.0, 0.0, 0.0, 0.0, 0.0, 0.0, 0.0, 0.0, 0.0, 0.0, 0.0, 0.0, 0.0, 0.0, 0.0, 0.0, 0.0, 0.0, 0.0, 0.0, 0.0, 0.0, 0.0, 0.0, 0.0, 0.0, 0.0, 0.0, 0.0, 0.0, 0.0, 0.0, 0.0, 0.0, 0.0, 0.0, 0.0, 0.0, 0.0, 0.0, 0.0, 0.0, 0.0, 0.0, 0.0, 0.0, 0.0, 0.0, 0.0, 0.0, 0.0, 0.0, 0.0, 0.0, 0.0, 0.0, 0.0, 0.0, 0.0, 0.0, 0.0]","[0.4848587685580212, 0.4819496159732325, 0.47673756525626027, 0.4923459325480488, 0.48380823443516363, 0.4964107404191228, 0.4786607740319442, 0.48982576691220675, 0.47656448738098556, 0.4857949131896165, 0.4920820759658937, 0.47550499014346587, 0.49190770510744497, 0.4847257552107355, 0.4856627811706002, 0.49119568148658943, 0.47618872725731326, 0.47085863090860997, 0.4847687079796567, 0.47349789455384805, 0.4759580527042365, 0.4846655021839616, 0.4913072671586895, 0.4910829810767865, 0.47542288928579995, 0.47978838538777546, 0.47797007635138333, 0.47760597459133514, 0.4724761574503834, 0.4982747955282839, 0.4881992909421484, 0.4850904221480968, 0.47865793422344016, 0.48360966547494677, 0.4882949368300332, 0.4908919431373565, 0.4733124256185372, 0.4943168446941091, 0.475838541585082, 0.48341656804609, 0.4863621126885811, 0.4894733826546213, 0.488714449649031, 0.49789404254476705, 0.48717727619329, 0.4846280409731387, 0.48231203977693354, 0.48791441367357874, 0.47823428861918904, 0.49986997337656297, 0.484958043105864, 0.4736907728439207, 0.46751927308885216, 0.4828548353552282, 0.4775371328796272, 0.4793198334832591, 0.4955443991140641, 0.48368664575925857, 0.48881614584665223, 0.4976497010569019, 0.5044323119506867, 0.47651936793677735, 0.48848609507275126, 0.4967689323834718, 0.48539697374880153, 0.4929425591557453, 0.479348081627357, 0.4812712239924977, 0.4843377721781719, 0.48182040128890236, 0.4767226300794325, 0.4847286853173587, 0.4902734628904783, 0.4795654341642304, 0.4800241491241921, 0.4972412206571354, 0.4829361510446887, 0.47680098536905163, 0.47708719268772665, 0.4880313577151121, 0.4873711888098165, 0.4864228372244906, 0.47256693228716307, 0.47723194730859936, 0.4747605536004955, 0.4851420781829933, 0.4806049598158538, 0.48302306486606417, 0.478646226197508, 0.4899253392785746, 0.48948492310595443, 0.4788799513769006, 0.476524895649083, 0.47773206495231224, 0.49448289982400623, 0.48428434388022146, 0.4776758767123435, 0.4989785929959668, 0.4959254618621216, 0.4927067202280679, 0.48109759431923527, 0.4795828993388485, 0.48613299587076114, 0.48918345604013597, 0.4871127009635662, 0.48429252302450776, 0.4884965843804293, 0.4722292387118887, 0.4798577173887652, 0.4815279676542852, 0.4765657687438804, 0.48026401221397186, 0.48853398034495166, 0.49650420117829286, 0.49649568932266647, 0.4781883180744205, 0.48943777268440064, 0.48002577633841065, 0.4763177865088538, 0.48637127033376576, 0.48488364225869035, 0.47270576976266493, 0.482229658914588, 0.4784537138141857, 0.4813996378957022, 0.4979682805602573, 0.49987983169799644, 0.49487696098728495, 0.48530070871125985, 0.48043764279460593, 0.489373890751066, 0.4862659562820321, 0.47842071959629584, 0.4947651994075692, 0.4761137059873587, 0.4939954240244915, 0.4932004947310636, 0.49552423047465, 0.47582858249802634, 0.492998165875433, 0.47837124110969503, 0.4855686225966993, 0.48893564943083667, 0.4842281624391257, 0.47900944396473744, 0.4854207318451548, 0.48628092149287006, 0.4811805448188469, 0.4935885286644185, 0.49577502951781954, 0.4919399258315895, 0.49306290558002924, 0.4763168916703969, 0.4726838739998635, 0.4902013145027915, 0.4883691882223734, 0.49149618412939833, 0.4893595553324418, 0.5003821926869254, 0.4846731258072431, 0.49159837827431163, 0.49760619505308135, 0.4739199171288012, 0.49105444260192727, 0.5017747012110945, 0.48992086956106756, 0.46876160291686686, 0.4760825706790312, 0.47868730594856157, 0.4729887776393954, 0.4696872739529648, 0.4911484610857855, 0.4730853992031266, 0.48840684412694985, 0.47649148174113765, 0.47830071745424957, 0.49712240576852845, 0.4816542842236815, 0.4983085457896509, 0.4975552948339953, 0.4754965278819412, 0.46933737499037126, 0.4706822760131924, 0.4742350541483537, 0.47169203146043065, 0.47475383255763215, 0.4922927190673599, 0.48023357795699995, 0.4814044173942753, 0.4949518899006104, 0.4867135911000343, 0.48485171255957127, 0.4816948640921313, 0.477746630753866, 0.4798106725110767, 0.48302265155528934, 0.4846809664989346, 0.4856084528982944, 0.4904849571505126, 0.4841967015481564, 0.46759323141611087, 0.49184533958621574, 0.49470582602212526, 0.4894974269175272, 0.4949300787453288, 0.4941541651263913, 0.47497732679567617, 0.4891722254153433, 0.4967473249252276, 0.4827022971005212, 0.4881257610624437, 0.47177858428909225, 0.4840337047822484, 0.4918974057194543, 0.4894020977552428, 0.4876023195540239, 0.4842081804526513, 0.4941049995065608, 0.491562414274599, 0.4765349042407762, 0.47327764258331406, 0.49277950704078566, 0.48125566344673404, 0.47951220644112563, 0.48883183360120447, 0.48363456027709456, 0.4909067758327644, 0.48758231108993016, 0.4973268397971398, 0.4588467977339935, 0.48520946571630297, 0.4791816052835558, 0.48223540571575296, 0.4950616278231103, 0.47291793200268994, 0.494603121696469, 0.4868747737288581, 0.48653720077755575, 0.4797521400533805, 0.47806315907083674, 0.48654897940635866, 0.48872467198771896, 0.4723456753055199, 0.4796664470018999, 0.4888337975178401, 0.4774219658503401, 0.4893126446394889, 0.45018048146336687, 0.4800179911415883, 0.4929429081859605, 0.4924453627923767, 0.46887234704379943, 0.48315652719473645, 0.4897105990023791, 0.46100525076436605, 0.4893112070908517, 0.4835570000411394, 0.4844461706073305, 0.4719254603150128, 0.4913985734372178, 0.4875097150829746, 0.5016131405450469, 0.4847113743370903, 0.48978810606370515, 0.4798973703869046, 0.4915415734504996, 0.4792607766439179, 0.49861278189035496, 0.4956851388265303, 0.484425975025026, 0.47245846711997924, 0.48320465014585495, 0.4772981454470908, 0.4684184471888058, 0.4856194242574851, 0.48659831641036605, 0.4856366253931117, 0.4919724002652707, 0.4903175209992535, 0.4813283971694304, 0.4889132034611229, 0.47678051481351535, 0.4921676216795408, 0.4990432336407958, 0.488253098866065, 0.48841260365615785, 0.47747513885994486, 0.4740344596419679, 0.494834948405708, 0.47415580151932224, 0.4787920757396903, 0.48807810750171726, 0.48641396578836293, 0.47081270654102997, 0.4697717673731041, 0.48123126313058057, 0.4893882648848891, 0.4887720240514137, 0.46440861023384217, 0.4959446013913088, 0.49116293845560777, 0.4840900455920645, 0.49442383696931547, 0.497337463085403, 0.48577163658965933, 0.4979944683874027, 0.47776199050573814, 0.4841147669265495, 0.490166419421598, 0.4856796927263675, 0.48976918308813316, 0.48378953028911775, 0.48839102157223524, 0.47360566177230107, 0.4915150439335527, 0.48919607566255824, 0.48767692763120735, 0.4915094317637454, 0.4800562865775677, 0.4813131057061269, 0.4910720982524557, 0.4850614708340028, 0.48635551681690026]"
5,"['lNONHSAG000008', 'lNONHSAG000047', 'lNONHSAG000059', 'lNONHSAG000069', 'lNONHSAG000130', 'lNONHSAG000158', 'lNONHSAG000195', 'lNONHSAG000241', 'lNONHSAG000310', 'lNONHSAG000311', 'lNONHSAG000374', 'lNONHSAG000381', 'lNONHSAG000484', 'lNONHSAG000498', 'lNONHSAG000579', 'lNONHSAG000584', 'lNONHSAG000603', 'lNONHSAG000625', 'lNONHSAG000769', 'lNONHSAG000840', 'lNONHSAG000863', 'lNONHSAG000884', 'lNONHSAG000918', 'lNONHSAG000938', 'lNONHSAG000967', 'lNONHSAG001142', 'lNONHSAG001172', 'lNONHSAG001238', 'lNONHSAG001247', 'lNONHSAG001259', 'lNONHSAG001278', 'lNONHSAG001284', 'lNONHSAG001360', 'lNONHSAG001375', 'lNONHSAG001448', 'lNONHSAG001468', 'lNONHSAG001499', 'lNONHSAG001513', 'lNONHSAG001696', 'lNONHSAG001724', 'lNONHSAG001773', 'lNONHSAG001837', 'lNONHSAG001941', 'lNONHSAG001993', 'lNONHSAG002056', 'lNONHSAG002058', 'lNONHSAG002086', 'lNONHSAG002134', 'lNONHSAG002135', 'lNONHSAG002343', 'lNONHSAG002359', 'lNONHSAG002376', 'lNONHSAG002378', 'lNONHSAG002454', 'lNONHSAG002490', 'lNONHSAG002549', 'lNONHSAG002617', 'lNONHSAG002669', 'lNONHSAG002701', 'lNONHSAG002719', 'lNONHSAG002731', 'lNONHSAG002859', 'lNONHSAG002883', 'lNONHSAG002978', 'lNONHSAG003053', 'lNONHSAG003056', 'lNONHSAG003074', 'lNONHSAG003077', 'lNONHSAG003119', 'lNONHSAG003134', 'lNONHSAG003156', 'lNONHSAG003198', 'lNONHSAG003260', 'lNONHSAG003269', 'lNONHSAG003303', 'lNONHSAG003374', 'lNONHSAG003505', 'lNONHSAG003512', 'lNONHSAG003820', 'lNONHSAG003874', 'lNONHSAG003884', 'lNONHSAG003886', 'lNONHSAG003900', 'lNONHSAG003911', 'lNONHSAG003912', 'lNONHSAG003938', 'lNONHSAG003957', 'lNONHSAG003976', 'lNONHSAG004013', 'lNONHSAG004026', 'lNONHSAG004095', 'lNONHSAG004247', 'lNONHSAG004303', 'lNONHSAG004305', 'lNONHSAG004373', 'lNONHSAG004673', 'lNONHSAG004674', 'lNONHSAG004714', 'lNONHSAG004743', 'lNONHSAG004779', 'lNONHSAG004868', 'lNONHSAG005084', 'lNONHSAG005153', 'lNONHSAG005339', 'lNONHSAG005403', 'lNONHSAG005482', 'lNONHSAG005699', 'lNONHSAG005711', 'lNONHSAG005728', 'lNONHSAG005732', 'lNONHSAG005742', 'lNONHSAG005780', 'lNONHSAG005838', 'lNONHSAG005866', 'lNONHSAG005920', 'lNONHSAG006007', 'lNONHSAG006049', 'lNONHSAG006050', 'lNONHSAG006054', 'lNONHSAG006071', 'lNONHSAG006163', 'lNONHSAG006204', 'lNONHSAG006212', 'lNONHSAG006238', 'lNONHSAG006301', 'lNONHSAG006341', 'lNONHSAG006362', 'lNONHSAG006454', 'lNONHSAG006474', 'lNONHSAG006477', 'lNONHSAG006526', 'lNONHSAG006633', 'lNONHSAG006678', 'lNONHSAG006692', 'lNONHSAG006735', 'lNONHSAG006756', 'lNONHSAG006772', 'lNONHSAG006865', 'lNONHSAG006945', 'lNONHSAG007295', 'lNONHSAG007384', 'lNONHSAG007430', 'lNONHSAG007431', 'lNONHSAG007434', 'lNONHSAG007455', 'lNONHSAG007463', 'lNONHSAG007487', 'lNONHSAG007538', 'lNONHSAG007602', 'lNONHSAG007631', 'lNONHSAG007692', 'lNONHSAG007708', 'lNONHSAG007715', 'lNONHSAG007868', 'lNONHSAG007961', 'lNONHSAG007983', 'lNONHSAG007984', 'lNONHSAG008015', 'lNONHSAG008037', 'lNONHSAG008056', 'lNONHSAG008167', 'lNONHSAG008199', 'lNONHSAG008220', 'lNONHSAG008354', 'lNONHSAG008517', 'lNONHSAG008540', 'lNONHSAG008589', 'lNONHSAG008615', 'lNONHSAG008654', 'lNONHSAG008670', 'lNONHSAG008675', 'lNONHSAG008693', 'lNONHSAG008726', 'lNONHSAG008728', 'lNONHSAG008759', 'lNONHSAG008859', 'lNONHSAG008937', 'lNONHSAG008952', 'lNONHSAG009021', 'lNONHSAG009039', 'lNONHSAG009059', 'lNONHSAG009062', 'lNONHSAG009124', 'lNONHSAG009130', 'lNONHSAG009134', 'lNONHSAG009180', 'lNONHSAG009228', 'lNONHSAG009544', 'lNONHSAG009546', 'lNONHSAG009636', 'lNONHSAG009728', 'lNONHSAG009747', 'lNONHSAG009755', 'lNONHSAG009757', 'lNONHSAG009782', 'lNONHSAG009913', 'lNONHSAG009938', 'lNONHSAG009950', 'lNONHSAG009968', 'lNONHSAG009989', 'lNONHSAG010021', 'lNONHSAG010117', 'lNONHSAG010179', 'lNONHSAG010184', 'lNONHSAG010189', 'lNONHSAG010190', 'lNONHSAG010193', 'lNONHSAG010194', 'lNONHSAG010200', 'lNONHSAG010348', 'lNONHSAG010352', 'lNONHSAG010405', 'lNONHSAG010416', 'lNONHSAG010543', 'lNONHSAG010657', 'lNONHSAG010658', 'lNONHSAG010716', 'lNONHSAG010792', 'lNONHSAG010798', 'lNONHSAG010940', 'lNONHSAG010986', 'lNONHSAG010989', 'lNONHSAG011028', 'lNONHSAG011057', 'lNONHSAG011070', 'lNONHSAG011084', 'lNONHSAG011086', 'lNONHSAG011090', 'lNONHSAG011121', 'lNONHSAG011125', 'lNONHSAG011211', 'lNONHSAG011230', 'lNONHSAG011264', 'lNONHSAG011337', 'lNONHSAG011343', 'lNONHSAG011375', 'lNONHSAG011439', 'lNONHSAG011446', 'lNONHSAG011518', 'lNONHSAG011524', 'lNONHSAG011576', 'lNONHSAG011633', 'lNONHSAG011790', 'lNONHSAG011854', 'lNONHSAG011870', 'lNONHSAG012025', 'lNONHSAG012076', 'lNONHSAG012077', 'lNONHSAG012099', 'lNONHSAG012297', 'lNONHSAG012303', 'lNONHSAG012339', 'lNONHSAG012375', 'lNONHSAG012423', 'lNONHSAG012476', 'lNONHSAG012505', 'lNONHSAG012549', 'lNONHSAG012555', 'lNONHSAG012594', 'lNONHSAG012614', 'lNONHSAG012617', 'lNONHSAG012751', 'lNONHSAG012791', 'lNONHSAG013005', 'lNONHSAG013060', 'lNONHSAG013095', 'lNONHSAG013098', 'lNONHSAG013109', 'lNONHSAG013431', 'lNONHSAG013475', 'lNONHSAG013515', 'lNONHSAG013730', 'lNONHSAG013809', 'lNONHSAG013912', 'lNONHSAG013940', 'lNONHSAG013942', 'lNONHSAG013944', 'lNONHSAG013946', 'lNONHSAG013992', 'lNONHSAG014098', 'lNONHSAG014112', 'lNONHSAG014130', 'lNONHSAG014267', 'lNONHSAG014289', 'lNONHSAG014332', 'lNONHSAG014362', 'lNONHSAG014372', 'lNONHSAG014373', 'lNONHSAG014381', 'lNONHSAG014496', 'lNONHSAG014502', 'lNONHSAG014546', 'lNONHSAG014562', 'lNONHSAG014591', 'lNONHSAG014672', 'lNONHSAG014679', 'lNONHSAG014730', 'lNONHSAG014890', 'lNONHSAG014891', 'lNONHSAG014914', 'lNONHSAG015044', 'lNONHSAG015163', 'lNONHSAG015215', 'lNONHSAG015234', 'lNONHSAG015352', 'lNONHSAG015417', 'lNONHSAG015454', 'lNONHSAG015461', 'lNONHSAG015505', 'lNONHSAG015591', 'lNONHSAG015623', 'lNONHSAG015692', 'lNONHSAG015723', 'lNONHSAG015787', 'lNONHSAG015788', 'lNONHSAG015961', 'lNONHSAG016021', 'lNONHSAG016068', 'lNONHSAG016118', 'lNONHSAG016199', 'lNONHSAG016307', 'lNONHSAG016395', 'lNONHSAG016403', 'lNONHSAG016486', 'lNONHSAG016487', 'lNONHSAG016576', 'lNONHSAG016611', 'lNONHSAG016618', 'lNONHSAG016623', 'lNONHSAG016733', 'lNONHSAG016741', 'lNONHSAG016749', 'lNONHSAG016771', 'lNONHSAG016822', 'lNONHSAG016893', 'lNONHSAG017060', 'lNONHSAG017232', 'lNONHSAG017254', 'lNONHSAG017282', 'lNONHSAG017344', 'lNONHSAG017349', 'lNONHSAG017376', 'lNONHSAG017377', 'lNONHSAG017417', 'lNONHSAG017486', 'lNONHSAG017504', 'lNONHSAG017567', 'lNONHSAG017666', 'lNONHSAG017767', 'lNONHSAG017783', 'lNONHSAG017890', 'lNONHSAG017899', 'lNONHSAG018053', 'lNONHSAG018054', 'lNONHSAG018058', 'lNONHSAG018110', 'lNONHSAG018180', 'lNONHSAG018203', 'lNONHSAG018236', 'lNONHSAG018313', 'lNONHSAG018322', 'lNONHSAG018326', 'lNONHSAG018341', 'lNONHSAG018344', 'lNONHSAG018374', 'lNONHSAG018414', 'lNONHSAG018415', 'lNONHSAG018416', 'lNONHSAG018417', 'lNONHSAG018420', 'lNONHSAG018461', 'lNONHSAG018530', 'lNONHSAG018586', 'lNONHSAG018621', 'lNONHSAG018635', 'lNONHSAG018656', 'lNONHSAG018659', 'lNONHSAG018707', 'lNONHSAG018709', 'lNONHSAG018711', 'lNONHSAG018829', 'lNONHSAG018893', 'lNONHSAG018980', 'lNONHSAG019003', 'lNONHSAG019012', 'lNONHSAG019014', 'lNONHSAG019021', 'lNONHSAG019023', 'lNONHSAG019031', 'lNONHSAG019049', 'lNONHSAG019051', 'lNONHSAG019079', 'lNONHSAG019090', 'lNONHSAG019115', 'lNONHSAG019134', 'lNONHSAG019158', 'lNONHSAG019270', 'lNONHSAG019332', 'lNONHSAG019370', 'lNONHSAG019439', 'lNONHSAG019493', 'lNONHSAG019569', 'lNONHSAG019613', 'lNONHSAG019667', 'lNONHSAG019670', 'lNONHSAG019711', 'lNONHSAG019767', 'lNONHSAG019813', 'lNONHSAG019814', 'lNONHSAG019852', 'lNONHSAG019878', 'lNONHSAG019898', 'lNONHSAG019967', 'lNONHSAG020053', 'lNONHSAG020066', 'lNONHSAG020068', 'lNONHSAG020075', 'lNONHSAG020091', 'lNONHSAG020107', 'lNONHSAG020153', 'lNONHSAG020155', 'lNONHSAG020218', 'lNONHSAG020223', 'lNONHSAG020252', 'lNONHSAG020259', 'lNONHSAG020260', 'lNONHSAG020273', 'lNONHSAG020274', 'lNONHSAG020277', 'lNONHSAG020278', 'lNONHSAG020281', 'lNONHSAG020298', 'lNONHSAG020304', 'lNONHSAG020307', 'lNONHSAG020312', 'lNONHSAG020321', 'lNONHSAG020325', 'lNONHSAG020339', 'lNONHSAG020361', 'lNONHSAG020367', 'lNONHSAG020372', 'lNONHSAG020382', 'lNONHSAG020403', 'lNONHSAG020474', 'lNONHSAG020476', 'lNONHSAG020600', 'lNONHSAG020616', 'lNONHSAG020729', 'lNONHSAG020731', 'lNONHSAG020759', 'lNONHSAG020760', 'lNONHSAG020771', 'lNONHSAG020869', 'lNONHSAG020957', 'lNONHSAG020990', 'lNONHSAG021042', 'lNONHSAG021072', 'lNONHSAG021307', 'lNONHSAG021309', 'lNONHSAG021315', 'lNONHSAG021335', 'lNONHSAG021347', 'lNONHSAG021370', 'lNONHSAG021390', 'lNONHSAG021400', 'lNONHSAG021410', 'lNONHSAG021431', 'lNONHSAG021432', 'lNONHSAG021433', 'lNONHSAG021471', 'lNONHSAG021557', 'lNONHSAG021567', 'lNONHSAG021584', 'lNONHSAG021641', 'lNONHSAG021698', 'lNONHSAG021760', 'lNONHSAG021780', 'lNONHSAG021820', 'lNONHSAG021846', 'lNONHSAG021874', 'lNONHSAG021878', 'lNONHSAG021882', 'lNONHSAG021893', 'lNONHSAG021909', 'lNONHSAG021976', 'lNONHSAG021981', 'lNONHSAG022009', 'lNONHSAG022030', 'lNONHSAG022058', 'lNONHSAG022078', 'lNONHSAG022088', 'lNONHSAG022103', 'lNONHSAG022110', 'lNONHSAG022125', 'lNONHSAG022162', 'lNONHSAG022311', 'lNONHSAG022327', 'lNONHSAG022328', 'lNONHSAG022335', 'lNONHSAG022339', 'lNONHSAG022378', 'lNONHSAG022495', 'lNONHSAG022510', 'lNONHSAG022551', 'lNONHSAG022579', 'lNONHSAG022595', 'lNONHSAG022597', 'lNONHSAG022655', 'lNONHSAG022690', 'lNONHSAG022743', 'lNONHSAG022750', 'lNONHSAG022806', 'lNONHSAG022836', 'lNONHSAG022845', 'lNONHSAG022851', 'lNONHSAG022888', 'lNONHSAG022965', 'lNONHSAG022972', 'lNONHSAG022980', 'lNONHSAG022982', 'lNONHSAG023003', 'lNONHSAG023049', 'lNONHSAG023051', 'lNONHSAG023175', 'lNONHSAG023237', 'lNONHSAG023375', 'lNONHSAG023387', 'lNONHSAG023392', 'lNONHSAG023494', 'lNONHSAG023579', 'lNONHSAG023598', 'lNONHSAG023607', 'lNONHSAG023614', 'lNONHSAG023630', 'lNONHSAG023633', 'lNONHSAG023635', 'lNONHSAG023661', 'lNONHSAG023668', 'lNONHSAG023740', 'lNONHSAG023837', 'lNONHSAG023864', 'lNONHSAG023885', 'lNONHSAG023888', 'lNONHSAG023930', 'lNONHSAG024117', 'lNONHSAG024141', 'lNONHSAG024146', 'lNONHSAG024171', 'lNONHSAG024224', 'lNONHSAG024244', 'lNONHSAG024282', 'lNONHSAG024332', 'lNONHSAG024340', 'lNONHSAG024341', 'lNONHSAG024354', 'lNONHSAG024361', 'lNONHSAG024362', 'lNONHSAG024364', 'lNONHSAG024381', 'lNONHSAG024391', 'lNONHSAG024393', 'lNONHSAG024395', 'lNONHSAG024428', 'lNONHSAG024540', 'lNONHSAG024542', 'lNONHSAG024668', 'lNONHSAG024671', 'lNONHSAG024676', 'lNONHSAG024681', 'lNONHSAG024741', 'lNONHSAG024809', 'lNONHSAG024818', 'lNONHSAG024826', 'lNONHSAG024903', 'lNONHSAG024905', 'lNONHSAG024908', 'lNONHSAG024913', 'lNONHSAG024921', 'lNONHSAG024923', 'lNONHSAG024925', 'lNONHSAG024979', 'lNONHSAG025011', 'lNONHSAG025135', 'lNONHSAG025137', 'lNONHSAG025157', 'lNONHSAG025185', 'lNONHSAG025319', 'lNONHSAG025352', 'lNONHSAG025483', 'lNONHSAG025485', 'lNONHSAG025609', 'lNONHSAG025712', 'lNONHSAG025743', 'lNONHSAG025744', 'lNONHSAG025864', 'lNONHSAG025865', 'lNONHSAG025867', 'lNONHSAG025907', 'lNONHSAG025934', 'lNONHSAG025939', 'lNONHSAG025964', 'lNONHSAG025997', 'lNONHSAG026053', 'lNONHSAG026089', 'lNONHSAG026091', 'lNONHSAG026103', 'lNONHSAG026176', 'lNONHSAG026205', 'lNONHSAG026274', 'lNONHSAG026364', 'lNONHSAG026386', 'lNONHSAG026575', 'lNONHSAG026599', 'lNONHSAG026631', 'lNONHSAG026661', 'lNONHSAG026720', 'lNONHSAG026721', 'lNONHSAG026737', 'lNONHSAG026743', 'lNONHSAG026794', 'lNONHSAG026852', 'lNONHSAG026854', 'lNONHSAG026856', 'lNONHSAG027017', 'lNONHSAG027075', 'lNONHSAG027110', 'lNONHSAG027278', 'lNONHSAG027323', 'lNONHSAG027342', 'lNONHSAG027374', 'lNONHSAG027421', 'lNONHSAG027482', 'lNONHSAG027598', 'lNONHSAG027618', 'lNONHSAG027675', 'lNONHSAG027682', 'lNONHSAG027692', 'lNONHSAG027694', 'lNONHSAG027709', 'lNONHSAG027837', 'lNONHSAG027874', 'lNONHSAG027876', 'lNONHSAG028045', 'lNONHSAG028083', 'lNONHSAG028093', 'lNONHSAG028112', 'lNONHSAG028142', 'lNONHSAG028159', 'lNONHSAG028403', 'lNONHSAG028713', 'lNONHSAG028817', 'lNONHSAG028820', 'lNONHSAG028857', 'lNONHSAG028870', 'lNONHSAG028913', 'lNONHSAG028918', 'lNONHSAG028948', 'lNONHSAG028996', 'lNONHSAG029033', 'lNONHSAG029080', 'lNONHSAG029267', 'lNONHSAG029336', 'lNONHSAG029377', 'lNONHSAG029467', 'lNONHSAG029668', 'lNONHSAG029792', 'lNONHSAG029830', 'lNONHSAG029873', 'lNONHSAG029880', 'lNONHSAG029933', 'lNONHSAG029956', 'lNONHSAG029957', 'lNONHSAG029958', 'lNONHSAG029959', 'lNONHSAG029960', 'lNONHSAG029961', 'lNONHSAG029964', 'lNONHSAG029985', 'lNONHSAG030074', 'lNONHSAG030129', 'lNONHSAG030244', 'lNONHSAG030258', 'lNONHSAG030278', 'lNONHSAG030279', 'lNONHSAG030304', 'lNONHSAG030333', 'lNONHSAG030410', 'lNONHSAG030440', 'lNONHSAG030487', 'lNONHSAG030516', 'lNONHSAG030525', 'lNONHSAG030582', 'lNONHSAG030583', 'lNONHSAG030738', 'lNONHSAG030739', 'lNONHSAG030742', 'lNONHSAG031025', 'lNONHSAG031035', 'lNONHSAG031123', 'lNONHSAG031261', 'lNONHSAG031385', 'lNONHSAG031425', 'lNONHSAG031453', 'lNONHSAG031456', 'lNONHSAG031481', 'lNONHSAG031563', 'lNONHSAG031565', 'lNONHSAG031581', 'lNONHSAG031584', 'lNONHSAG031636', 'lNONHSAG031696', 'lNONHSAG031853', 'lNONHSAG031900', 'lNONHSAG031913', 'lNONHSAG031991', 'lNONHSAG032126', 'lNONHSAG032247', 'lNONHSAG032267', 'lNONHSAG032297', 'lNONHSAG032302', 'lNONHSAG032309', 'lNONHSAG032312', 'lNONHSAG032560', 'lNONHSAG032664', 'lNONHSAG032682', 'lNONHSAG032724', 'lNONHSAG032735', 'lNONHSAG032737', 'lNONHSAG032748', 'lNONHSAG033027', 'lNONHSAG033061', 'lNONHSAG033100', 'lNONHSAG033105', 'lNONHSAG033107', 'lNONHSAG033121', 'lNONHSAG033168', 'lNONHSAG033170', 'lNONHSAG033216', 'lNONHSAG033224', 'lNONHSAG033254', 'lNONHSAG033263', 'lNONHSAG033266', 'lNONHSAG033298', 'lNONHSAG033328', 'lNONHSAG033334', 'lNONHSAG033342', 'lNONHSAG033348', 'lNONHSAG033352', 'lNONHSAG033368', 'lNONHSAG033386', 'lNONHSAG033390', 'lNONHSAG033435', 'lNONHSAG033459', 'lNONHSAG033471', 'lNONHSAG033480', 'lNONHSAG033528', 'lNONHSAG033611', 'lNONHSAG033645', 'lNONHSAG033691', 'lNONHSAG033716', 'lNONHSAG033735', 'lNONHSAG033748', 'lNONHSAG033862', 'lNONHSAG033896', 'lNONHSAG033898', 'lNONHSAG033899', 'lNONHSAG033937', 'lNONHSAG033940', 'lNONHSAG034006', 'lNONHSAG034014', 'lNONHSAG034021', 'lNONHSAG034032', 'lNONHSAG034217', 'lNONHSAG034316', 'lNONHSAG034417', 'lNONHSAG034418', 'lNONHSAG034492', 'lNONHSAG034508', 'lNONHSAG034527', 'lNONHSAG034678', 'lNONHSAG034801', 'lNONHSAG034845', 'lNONHSAG034846', 'lNONHSAG034973', 'lNONHSAG035096', 'lNONHSAG035103', 'lNONHSAG035262', 'lNONHSAG035287', 'lNONHSAG035382', 'lNONHSAG035531', 'lNONHSAG035568', 'lNONHSAG035806', 'lNONHSAG035914', 'lNONHSAG035916', 'lNONHSAG035919', 'lNONHSAG035923', 'lNONHSAG036047', 'lNONHSAG036054', 'lNONHSAG036120', 'lNONHSAG036255', 'lNONHSAG036273', 'lNONHSAG036407', 'lNONHSAG036413', 'lNONHSAG036612', 'lNONHSAG036615', 'lNONHSAG036667', 'lNONHSAG036718', 'lNONHSAG036783', 'lNONHSAG036866', 'lNONHSAG036926', 'lNONHSAG037025', 'lNONHSAG037061', 'lNONHSAG037073', 'lNONHSAG037080', 'lNONHSAG037082', 'lNONHSAG037096', 'lNONHSAG037146', 'lNONHSAG037241', 'lNONHSAG037348', 'lNONHSAG037420', 'lNONHSAG037559', 'lNONHSAG037827', 'lNONHSAG037891', 'lNONHSAG037936', 'lNONHSAG037946', 'lNONHSAG038001', 'lNONHSAG038024', 'lNONHSAG038060', 'lNONHSAG038091', 'lNONHSAG038343', 'lNONHSAG038344', 'lNONHSAG038397', 'lNONHSAG038502', 'lNONHSAG038530', 'lNONHSAG038561', 'lNONHSAG038578', 'lNONHSAG038675', 'lNONHSAG038676', 'lNONHSAG038682', 'lNONHSAG038836', 'lNONHSAG039037', 'lNONHSAG039038', 'lNONHSAG039147', 'lNONHSAG039295', 'lNONHSAG039319', 'lNONHSAG039617', 'lNONHSAG039620', 'lNONHSAG039634', 'lNONHSAG039637', 'lNONHSAG039654', 'lNONHSAG039669', 'lNONHSAG039749', 'lNONHSAG039872', 'lNONHSAG039951', 'lNONHSAG040179', 'lNONHSAG040188', 'lNONHSAG040226', 'lNONHSAG040241', 'lNONHSAG040269', 'lNONHSAG040320', 'lNONHSAG040329', 'lNONHSAG040408', 'lNONHSAG040444', 'lNONHSAG040481', 'lNONHSAG040542', 'lNONHSAG040544', 'lNONHSAG040560', 'lNONHSAG040601', 'lNONHSAG040692', 'lNONHSAG040700', 'lNONHSAG040804', 'lNONHSAG040870', 'lNONHSAG040909', 'lNONHSAG040958', 'lNONHSAG040969', 'lNONHSAG040976', 'lNONHSAG041002', 'lNONHSAG041017', 'lNONHSAG041023', 'lNONHSAG041241', 'lNONHSAG041250', 'lNONHSAG041256', 'lNONHSAG041257', 'lNONHSAG041480', 'lNONHSAG041528', 'lNONHSAG041529', 'lNONHSAG041592', 'lNONHSAG041670', 'lNONHSAG041707', 'lNONHSAG041716', 'lNONHSAG041758', 'lNONHSAG041844', 'lNONHSAG041883', 'lNONHSAG041938', 'lNONHSAG041966', 'lNONHSAG041981', 'lNONHSAG042033', 'lNONHSAG042050', 'lNONHSAG042062', 'lNONHSAG042080', 'lNONHSAG042132', 'lNONHSAG042138', 'lNONHSAG042218', 'lNONHSAG042270', 'lNONHSAG042306', 'lNONHSAG042307', 'lNONHSAG042370', 'lNONHSAG042433', 'lNONHSAG042476', 'lNONHSAG042491', 'lNONHSAG042500', 'lNONHSAG042722', 'lNONHSAG042724', 'lNONHSAG042836', 'lNONHSAG042855', 'lNONHSAG042957', 'lNONHSAG042966', 'lNONHSAG042970', 'lNONHSAG042991', 'lNONHSAG043138', 'lNONHSAG043159', 'lNONHSAG043229', 'lNONHSAG043303', 'lNONHSAG043433', 'lNONHSAG043550', 'lNONHSAG043592', 'lNONHSAG043625', 'lNONHSAG043657', 'lNONHSAG043770', 'lNONHSAG043851', 'lNONHSAG044022', 'lNONHSAG044041', 'lNONHSAG044064', 'lNONHSAG044283', 'lNONHSAG044350', 'lNONHSAG044406', 'lNONHSAG044429', 'lNONHSAG044533', 'lNONHSAG044624', 'lNONHSAG044666', 'lNONHSAG044709', 'lNONHSAG044751', 'lNONHSAG044791', 'lNONHSAG045131', 'lNONHSAG045160', 'lNONHSAG045163', 'lNONHSAG045306', 'lNONHSAG045383', 'lNONHSAG045430', 'lNONHSAG046722', 'lNONHSAG046730', 'lNONHSAG046781', 'lNONHSAG046839', 'lNONHSAG046953', 'lNONHSAG047182', 'lNONHSAG047191', 'lNONHSAG047197', 'lNONHSAG047260', 'lNONHSAG047319', 'lNONHSAG047433', 'lNONHSAG047463', 'lNONHSAG047469', 'lNONHSAG047471', 'lNONHSAG047507', 'lNONHSAG047543', 'lNONHSAG047544', 'lNONHSAG047547', 'lNONHSAG047619', 'lNONHSAG047620', 'lNONHSAG047725', 'lNONHSAG047792', 'lNONHSAG047796', 'lNONHSAG047830', 'lNONHSAG047840', 'lNONHSAG047842', 'lNONHSAG047851', 'lNONHSAG047973', 'lNONHSAG047974', 'lNONHSAG048057', 'lNONHSAG048114', 'lNONHSAG048189', 'lNONHSAG048191', 'lNONHSAG048201', 'lNONHSAG048228', 'lNONHSAG048231', 'lNONHSAG048270', 'lNONHSAG048302', 'lNONHSAG048354', 'lNONHSAG048464', 'lNONHSAG048598', 'lNONHSAG048602', 'lNONHSAG048603', 'lNONHSAG048610', 'lNONHSAG048623', 'lNONHSAG048624', 'lNONHSAG048626', 'lNONHSAG048641', 'lNONHSAG048682', 'lNONHSAG048695', 'lNONHSAG048781', 'lNONHSAG048817', 'lNONHSAG049037', 'lNONHSAG049050', 'lNONHSAG049051', 'lNONHSAG049119', 'lNONHSAG049129', 'lNONHSAG049157', 'lNONHSAG049185', 'lNONHSAG049191', 'lNONHSAG049288', 'lNONHSAG049303', 'lNONHSAG049356', 'lNONHSAG049421', 'lNONHSAG049507', 'lNONHSAG049626', 'lNONHSAG049655', 'lNONHSAG049754', 'lNONHSAG049801', 'lNONHSAG049901', 'lNONHSAG050073', 'lNONHSAG050104', 'lNONHSAG050167', 'lNONHSAG050168', 'lNONHSAG050272', 'lNONHSAG050273', 'lNONHSAG050284', 'lNONHSAG050345', 'lNONHSAG050423', 'lNONHSAG050445', 'lNONHSAG050493', 'lNONHSAG050518', 'lNONHSAG050670', 'lNONHSAG050725', 'lNONHSAG050769', 'lNONHSAG050786', 'lNONHSAG050815', 'lNONHSAG050929', 'lNONHSAG050985', 'lNONHSAG051010', 'lNONHSAG051015', 'lNONHSAG051166', 'lNONHSAG051196', 'lNONHSAG051245', 'lNONHSAG051250', 'lNONHSAG051255', 'lNONHSAG051259', 'lNONHSAG051260', 'lNONHSAG051263', 'lNONHSAG051266', 'lNONHSAG051291', 'lNONHSAG051448', 'lNONHSAG051454', 'lNONHSAG051484', 'lNONHSAG051514', 'lNONHSAG051517', 'lNONHSAG051523', 'lNONHSAG051542', 'lNONHSAG051567', 'lNONHSAG051568', 'lNONHSAG051603', 'lNONHSAG051770', 'lNONHSAG051898', 'lNONHSAG051958', 'lNONHSAG052046', 'lNONHSAG052082', 'lNONHSAG052097', 'lNONHSAG052119', 'lNONHSAG052149', 'lNONHSAG052151', 'lNONHSAG052179', 'lNONHSAG052454', 'lNONHSAG052459', 'lNONHSAG052491', 'lNONHSAG052492', 'lNONHSAG052511', 'lNONHSAG052609', 'lNONHSAG052686', 'lNONHSAG052709', 'lNONHSAG052726', 'lNONHSAG052853', 'lNONHSAG052908', 'lNONHSAG052925', 'lNONHSAG052929', 'lNONHSAG052931', 'lNONHSAG052933', 'lNONHSAG052943', 'lNONHSAG053007', 'lNONHSAG053014', 'lNONHSAG053028', 'lNONHSAG053033', 'lNONHSAG053082', 'lNONHSAG053108', 'lNONHSAG053162', 'lNONHSAG053228', 'lNONHSAG053419', 'lNONHSAG053456', 'lNONHSAG053499', 'lNONHSAG053500', 'lNONHSAG053502', 'lNONHSAG053546', 'lNONHSAG053547', 'lNONHSAG053590', 'lNONHSAG053602', 'lNONHSAG053626', 'lNONHSAG053631', 'lNONHSAG053651', 'lNONHSAG053716', 'lNONHSAG053719', 'lNONHSAG053748', 'lNONHSAG053796', 'lNONHSAG053802', 'lNONHSAG053842', 'lNONHSAG054024', 'lNONHSAG054038', 'lNONHSAG054212', 'lNONHSAG054213', 'lNONHSAG054215', 'lNONHSAG054216', 'lNONHSAG054301', 'lNONHSAG054360', 'lNONHSAG054432', 'lNONHSAG054699', 'lNONHSAG054716', 'lNONHSAG054717', 'lNONHSAG054718', 'lNONHSAG054780', 'lNONHSAG054791', 'lNONHSAG054807', 'lNONHSAG054832', 'lNONHSAG055008', 'lNONHSAG055088', 'lNONHSAG055092', 'lNONHSAG055151', 'lNONHSAG055258', 'lNONHSAG055350', 'lNONHSAG055418', 'lNONHSAG055450', 'lNONHSAG055546', 'lNONHSAG055558', 'lNONHSAG055565', 'lNONHSAG055577', 'lNONHSAG055582', 'lNONHSAG056025', 'lNONHSAG056029', 'lNONHSAG056733', 'lNONHSAG056746', 'lNONHSAG056868', 'lNONHSAG056875', 'lNONHSAG057043', 'lNONHSAG057222', 'lNONHSAG057260', 'lNONHSAG058006', 'lNONHSAG058112', 'lNONHSAG058118', 'lNONHSAG058128', 'lNONHSAG058967', 'lNONHSAG059768', 'lNONHSAG060586', 'lNONHSAG061096', 'lNONHSAG061404', 'lNONHSAG061492', 'lNONHSAG063700', 'lNONHSAG064784', 'lNONHSAG064962', 'lNONHSAG065252', 'lNONHSAG065364', 'lNONHSAG066253', 'lNONHSAG068402', 'lNONHSAG068639', 'lNONHSAG069030', 'lNONHSAG069147', 'lNONHSAG069277', 'lNONHSAG069876', 'lNONHSAG070257', 'lNONHSAG072176', 'lNONHSAG072945', 'lNONHSAG073025', 'lNONHSAG073380', 'lNONHSAG073406', 'lNONHSAG073786', 'lNONHSAG074052', 'lNONHSAG074661', 'lNONHSAG075363', 'lNONHSAG077475', 'lNONHSAG077527', 'lNONHSAG077551', 'lNONHSAG080772', 'lNONHSAG081227', 'lNONHSAG081583', 'lNONHSAG081993', 'lNONHSAG082891', 'lNONHSAG083209', 'lNONHSAG083289', 'lNONHSAG083615', 'lNONHSAG083859', 'lNONHSAG083883', 'lNONHSAG083894', 'lNONHSAG084701', 'lNONHSAG084832', 'lNONHSAG085975', 'lNONHSAG088562', 'lNONHSAG089857', 'lNONHSAG091116', 'lNONHSAG091452', 'lNONHSAG092907', 'lNONHSAG093064', 'lNONHSAG093078', 'lNONHSAG093517', 'lNONHSAG094075', 'lNONHSAG094129', 'lNONHSAG094269', 'lNONHSAG096130', 'lNONHSAG096230', 'lNONHSAG096627', 'lNONHSAG097344', 'lNONHSAG097347', 'lNONHSAG098653', 'lNONHSAG099120', 'lNONHSAG099126', 'lNONHSAG099742', 'lNONHSAG099774', 'lNONHSAG101229', 'lNONHSAG101725', 'lNONHSAG102572', 'lNONHSAG102979', 'lNONHSAG103259', 'lNONHSAG103457', 'lNONHSAG103817', 'lNONHSAG104186', 'lNONHSAG110420', 'lNONHSAG111667', 'lNONHSAG112396', 'lNONHSAG113761', 'lNONHSAG114445', 'lENSG00000103472', 'lENSG00000163364', 'lENSG00000171889', 'lENSG00000175061', 'lENSG00000177410', 'lENSG00000179406', 'lENSG00000179523', 'lENSG00000189295', 'lENSG00000198221', 'lENSG00000198468', 'lENSG00000203497', 'lENSG00000205611', 'lENSG00000223764', 'lENSG00000224057', 'lENSG00000224078', 'lENSG00000224614', 'lENSG00000225470', 'lENSG00000225506', 'lENSG00000225855', 'lENSG00000226115', 'lENSG00000226137', 'lENSG00000227082', 'lENSG00000227256', 'lENSG00000227963', 'lENSG00000228022', 'lENSG00000228526', 'lENSG00000229267', 'lENSG00000229335', 'lENSG00000229388', 'lENSG00000230046', 'lENSG00000230257', 'lENSG00000230313', 'lENSG00000230400', 'lENSG00000230866', 'lENSG00000231019', 'lENSG00000231437', 'lENSG00000231473', 'lENSG00000231663', 'lENSG00000232265', 'lENSG00000232415', 'lENSG00000233387', 'lENSG00000233532', 'lENSG00000233590', 'lENSG00000234222', 'lENSG00000234455', 'lENSG00000234625', 'lENSG00000235385', 'lENSG00000235535', 'lENSG00000235724', 'lENSG00000236240', 'lENSG00000236535', 'lENSG00000236671', 'lENSG00000237167', 'lENSG00000237396', 'lENSG00000237880', 'lENSG00000241388', 'lENSG00000242207', 'lENSG00000243479', 'lENSG00000244124', 'lENSG00000245067', 'lENSG00000245146', 'lENSG00000245614', 'lENSG00000246560', 'lENSG00000247095', 'lENSG00000247373', 'lENSG00000247400', 'lENSG00000247498', 'lENSG00000249532', 'lENSG00000249786', 'lENSG00000249835', 'lENSG00000249993', 'lENSG00000250635', 'lENSG00000251003', 'lENSG00000253315', 'lENSG00000254418', 'lENSG00000254480', 'lENSG00000254508', 'lENSG00000254635', 'lENSG00000255363', 'lENSG00000255553', 'lENSG00000255850', 'lENSG00000257084', 'lENSG00000257557', 'lENSG00000258197', 'lENSG00000258912', 'lENSG00000259289', 'lENSG00000259424', 'lENSG00000260219', 'lENSG00000260280', 'lENSG00000260455', 'lENSG00000260924', 'lENSG00000260969', 'lENSG00000261183', 'lENSG00000261423', 'lENSG00000261780', 'lENSG00000263718', 'lENSG00000264672', 'lENSG00000265374', 'lENSG00000266402', 'lENSG00000266970', 'lENSG00000267296', 'lENSG00000267321', 'lENSG00000267413', 'lENSG00000267440', 'lENSG00000267858', 'lENSG00000269911', 'lENSG00000269939', 'lENSG00000270084', 'lENSG00000270344', 'lENSG00000270959', 'lENSG00000272769', 'lENSG00000274372', 'lENSG00000278970', 'lENSG00000279296', 'lENSG00000281189', 'lENSG00000284070', 'lENSG00000285644', 'lENSG00000286004', 'lENSG00000286737', 'lENSG00000288080', 'lENSG00000224167', 'lENSG00000224739', 'lA1BG-AS1', 'lADAMTS9-AS2', 'lANKRD62P1-PARP4P3', 'lASMTL-AS1', 'lBANCR', 'lCDKN2B-AS1', 'lCRNDE', 'lDGKK', 'lDLX6-AS1', 'lEGOT', 'lFEZF1-AS1', 'lGATA6-AS1', 'lGHET1', 'lHEIH', 'lHOTAIRM1', 'lHOXA-AS3', 'lINHBA-AS1', 'lJPX', 'lJRK', 'lKCTD21-AS1', 'lKTN1-AS1', 'lLAMTOR5-AS1', 'lLBX2-AS1', 'lLINC00173', 'lLINC00174', 'lLINC00240', 'lLINC00333', 'lLINC00472', 'lLPP-AS2', 'lMCM3AP-AS1', 'lMEG3', 'lMIR181A1HG', 'lMIR31HG', 'lMYLK-AS1', 'lPANDAR', 'lPCGEM1', 'lPVT1', 'lRHPN1-AS1', 'lRMST', 'lSNHG15', 'lSNHG16', 'lSNX29P2', 'lTEN1-CDK3', 'lTPTEP1', 'lVCAN-AS1', 'lZFAS1', 'lZNF286B', 'lZNF503-AS2', 'lLINC00461', 'lLINC00514', 'lSRP14-AS1', 'lAC007009.1', 'lPWAR6', 'lAC004840.8', 'lAC103564.7', 'lAC135048.13', 'lAC137723.5', 'lAL928742.12', 'lAP001058.3', 'lCTB-91J4.1', 'lCTC-338M12.2', 'lCTD-2165H16.4', 'lCTD-2195B23.3', 'lCTD-2540L5.5', 'lKB-7G2.8', 'lLA16c-321D4.2', 'lLA16c-380H5.3', 'lLL22NC03-23C6.13', 'lRP1-283E3.8', 'lRP11-100F15.1', 'lRP11-104E19.1', 'lRP11-108M9.3', 'lRP11-123O10.4', 'lRP11-197N18.2', 'lRP11-227H15.4', 'lRP11-243J18.2', 'lRP11-24P14.1', 'lRP11-264B17.3', 'lRP11-2C24.4', 'lRP11-305P14.1', 'lRP11-439K3.1', 'lRP11-467J12.4', 'lRP11-49K24.4', 'lRP11-54O7.3', 'lRP11-550C4.6', 'lRP11-680A11.5', 'lRP4-756H11.3', 'lRP4-790G17.7', 'lRP5-1061H20.4', 'lRP5-1074L1.1', 'lRP5-1160K1.8', 'lXXbac-BPG300A18.13', 'lAC018766.4', 'lCTD-2231H16.1', 'lHNRNPU-AS1', 'lRP11-429J17.8', 'lRP11-672A2.1', 'lRP11-495P10.8', 'lCTA-250D10.23', 'lRP4-610C12.4', 'lLINC00035', 'lRP11-408H20.2', 'lNONHSAG000157', 'lNONHSAG000297', 'lNONHSAG000623', 'lNONHSAG000677', 'lNONHSAG000896', 'lNONHSAG000969', 'lNONHSAG000994', 'lNONHSAG001008', 'lNONHSAG001014', 'lNONHSAG001028', 'lNONHSAG001033', 'lNONHSAG001147', 'lNONHSAG001171', 'lNONHSAG001207', 'lNONHSAG001240', 'lNONHSAG001258', 'lNONHSAG001419', 'lNONHSAG001435', 'lNONHSAG002403', 'lNONHSAG002487', 'lNONHSAG002619', 'lNONHSAG002726', 'lNONHSAG002790', 'lNONHSAG002816', 'lNONHSAG003227', 'lNONHSAG003308', 'lNONHSAG003418', 'lNONHSAG003459', 'lNONHSAG003810', 'lNONHSAG003881', 'lNONHSAG004227', 'lNONHSAG004475', 'lNONHSAG004507', 'lNONHSAG004638', 'lNONHSAG004893', 'lNONHSAG005249', 'lNONHSAG005473', 'lNONHSAG005522', 'lNONHSAG005679', 'lNONHSAG005717', 'lNONHSAG005725', 'lNONHSAG005727', 'lNONHSAG005740', 'lNONHSAG005746', 'lNONHSAG005747', 'lNONHSAG005760', 'lNONHSAG005761', 'lNONHSAG005769', 'lNONHSAG005789', 'lNONHSAG005797', 'lNONHSAG005809', 'lNONHSAG005821', 'lNONHSAG005842', 'lNONHSAG005847', 'lNONHSAG005851', 'lNONHSAG005852', 'lNONHSAG005853', 'lNONHSAG005855', 'lNONHSAG005856', 'lNONHSAG005857', 'lNONHSAG005859', 'lNONHSAG005862', 'lNONHSAG005867', 'lNONHSAG005885', 'lNONHSAG005915', 'lNONHSAG005935', 'lNONHSAG005936', 'lNONHSAG005939', 'lNONHSAG005985', 'lNONHSAG005986', 'lNONHSAG006012', 'lNONHSAG006022', 'lNONHSAG006078', 'lNONHSAG006086', 'lNONHSAG006091', 'lNONHSAG006097', 'lNONHSAG006103', 'lNONHSAG006160', 'lNONHSAG006183', 'lNONHSAG006186', 'lNONHSAG006187', 'lNONHSAG006188', 'lNONHSAG006206', 'lNONHSAG006220', 'lNONHSAG006221', 'lNONHSAG006235', 'lNONHSAG006240', 'lNONHSAG006274', 'lNONHSAG006279', 'lNONHSAG006290', 'lNONHSAG006293', 'lNONHSAG006300', 'lNONHSAG006314', 'lNONHSAG006324', 'lNONHSAG006376', 'lNONHSAG006377', 'lNONHSAG006382', 'lNONHSAG006388', 'lNONHSAG006395', 'lNONHSAG006399', 'lNONHSAG006405', 'lNONHSAG006407', 'lNONHSAG006412', 'lNONHSAG006415', 'lNONHSAG006434', 'lNONHSAG006440', 'lNONHSAG006459', 'lNONHSAG006493', 'lNONHSAG006507', 'lNONHSAG006527', 'lNONHSAG006536', 'lNONHSAG006551', 'lNONHSAG006555', 'lNONHSAG006557', 'lNONHSAG006573', 'lNONHSAG006576', 'lNONHSAG006579', 'lNONHSAG006581', 'lNONHSAG006586', 'lNONHSAG006591', 'lNONHSAG006602', 'lNONHSAG006646', 'lNONHSAG006653', 'lNONHSAG006669', 'lNONHSAG006716', 'lNONHSAG006748', 'lNONHSAG006750', 'lNONHSAG006779', 'lNONHSAG006808', 'lNONHSAG006830', 'lNONHSAG006832', 'lNONHSAG006837', 'lNONHSAG006855', 'lNONHSAG006883', 'lNONHSAG006889', 'lNONHSAG006894', 'lNONHSAG006897', 'lNONHSAG006909', 'lNONHSAG006915', 'lNONHSAG006922', 'lNONHSAG006967', 'lNONHSAG006970', 'lNONHSAG006976', 'lNONHSAG007000', 'lNONHSAG007008', 'lNONHSAG007020', 'lNONHSAG007023', 'lNONHSAG007029', 'lNONHSAG007063', 'lNONHSAG007087', 'lNONHSAG007103', 'lNONHSAG007118', 'lNONHSAG007129', 'lNONHSAG007139', 'lNONHSAG007155', 'lNONHSAG007172', 'lNONHSAG007203', 'lNONHSAG007222', 'lNONHSAG007224', 'lNONHSAG007242', 'lNONHSAG007259', 'lNONHSAG007278', 'lNONHSAG007286', 'lNONHSAG007298', 'lNONHSAG007414', 'lNONHSAG007419', 'lNONHSAG007429', 'lNONHSAG007458', 'lNONHSAG007488', 'lNONHSAG007507', 'lNONHSAG007531', 'lNONHSAG007533', 'lNONHSAG007543', 'lNONHSAG007544', 'lNONHSAG007554', 'lNONHSAG007563', 'lNONHSAG007574', 'lNONHSAG007587', 'lNONHSAG007599', 'lNONHSAG007621', 'lNONHSAG007632', 'lNONHSAG007638', 'lNONHSAG007730', 'lNONHSAG007932', 'lENSG00000083622', 'lENSG00000105501', 'lENSG00000122043', 'lENSG00000149443', 'lENSG00000175746', 'lENSG00000177596', 'lENSG00000178248', 'lENSG00000197644', 'lENSG00000197880', 'lENSG00000198054', 'lENSG00000198671', 'lENSG00000203307', 'lENSG00000203434', 'lENSG00000203472', 'lENSG00000203565', 'lENSG00000203605', 'lENSG00000203864', 'lENSG00000204464', 'lENSG00000205018', 'lENSG00000205452', 'lENSG00000205500', 'lENSG00000212856', 'lENSG00000219410', 'lENSG00000221845', 'lENSG00000222000', 'lENSG00000222032', 'lENSG00000222044', 'lENSG00000223374', 'lENSG00000223381', 'lENSG00000223387', 'lENSG00000223400', 'lENSG00000223537', 'lENSG00000223563', 'lENSG00000223598', 'lENSG00000223634', 'lENSG00000223643', 'lENSG00000223647', 'lENSG00000223727', 'lENSG00000223786', 'lENSG00000223809', 'lENSG00000223831', 'lENSG00000223870', 'lENSG00000223881', 'lENSG00000223966', 'lENSG00000224075', 'lENSG00000224087', 'lENSG00000224095', 'lENSG00000224220', 'lENSG00000224330', 'lENSG00000224500', 'lENSG00000224535', 'lENSG00000224541', 'lENSG00000224549', 'lENSG00000224595', 'lENSG00000224645', 'lENSG00000224655', 'lENSG00000224794', 'lENSG00000224821', 'lENSG00000224844', 'lENSG00000224857', 'lENSG00000224885', 'lENSG00000224922', 'lENSG00000224972', 'lENSG00000225012', 'lENSG00000225050', 'lENSG00000225129', 'lENSG00000225146', 'lENSG00000225218', 'lENSG00000225325', 'lENSG00000225334', 'lENSG00000225378', 'lENSG00000225457', 'lENSG00000225570', 'lENSG00000225588', 'lENSG00000225647', 'lENSG00000225750', 'lENSG00000225751', 'lENSG00000225761', 'lENSG00000225798', 'lENSG00000225886', 'lENSG00000225919', 'lENSG00000225929', 'lENSG00000226047', 'lENSG00000226089', 'lENSG00000226133', 'lENSG00000226143', 'lENSG00000226193', 'lENSG00000226194', 'lENSG00000226238', 'lENSG00000226323', 'lENSG00000226337', 'lENSG00000226398', 'lENSG00000226442', 'lENSG00000226454', 'lENSG00000226508', 'lENSG00000226522', 'lENSG00000226542', 'lENSG00000226562', 'lENSG00000226566', 'lENSG00000226576', 'lENSG00000226601', 'lENSG00000226647', 'lENSG00000226699', 'lENSG00000226770', 'lENSG00000226813', 'lENSG00000226883', 'lENSG00000226925', 'lENSG00000226956', 'lENSG00000226957', 'lENSG00000227075', 'lENSG00000227125', 'lENSG00000227131', 'lENSG00000227181', 'lENSG00000227197', 'lENSG00000227330', 'lENSG00000227360', 'lENSG00000227409', 'lENSG00000227459', 'lENSG00000227482', 'lENSG00000227496', 'lENSG00000227509', 'lENSG00000227512', 'lENSG00000227549', 'lENSG00000227579', 'lENSG00000227611', 'lENSG00000227680', 'lENSG00000227716', 'lENSG00000227718', 'lENSG00000227769', 'lENSG00000227863', 'lENSG00000227893', 'lENSG00000227930', 'lENSG00000227958', 'lENSG00000227960', 'lENSG00000228028', 'lENSG00000228082', 'lENSG00000228108', 'lENSG00000228136', 'lENSG00000228170', 'lENSG00000228215', 'lENSG00000228231', 'lENSG00000228261', 'lENSG00000228272', 'lENSG00000228351', 'lENSG00000228372', 'lENSG00000228383', 'lENSG00000228470', 'lENSG00000228485', 'lENSG00000228548', 'lENSG00000228596', 'lENSG00000228804', 'lENSG00000228826', 'lENSG00000228852', 'lENSG00000228939', 'lENSG00000228950', 'lENSG00000229152', 'lENSG00000229162', 'lENSG00000229167', 'lENSG00000229190', 'lENSG00000229224', 'lENSG00000229283', 'lENSG00000229297', 'lENSG00000229331', 'lENSG00000229345', 'lENSG00000229370', 'lENSG00000229379', 'lENSG00000229444', 'lENSG00000229457', 'lENSG00000229487', 'lENSG00000229498', 'lENSG00000229528', 'lENSG00000229531', 'lENSG00000229673', 'lENSG00000229679', 'lENSG00000229688', 'lENSG00000229848', 'lENSG00000229851', 'lENSG00000229953', 'lENSG00000229999', 'lENSG00000230010', 'lENSG00000230065', 'lENSG00000230109', 'lENSG00000230121', 'lENSG00000230153', 'lENSG00000230155', 'lENSG00000230190', 'lENSG00000230197', 'lENSG00000230212', 'lENSG00000230234', 'lENSG00000230323', 'lENSG00000230432', 'lENSG00000230483', 'lENSG00000230499', 'lENSG00000230599', 'lENSG00000230668', 'lENSG00000230735', 'lENSG00000230759', 'lENSG00000230794', 'lENSG00000230826', 'lENSG00000230830', 'lENSG00000230912', 'lENSG00000230918', 'lENSG00000230972', 'lENSG00000231081', 'lENSG00000231082', 'lENSG00000231092', 'lENSG00000231102', 'lENSG00000231114', 'lENSG00000231143', 'lENSG00000231253', 'lENSG00000231407', 'lENSG00000231413', 'lENSG00000231440', 'lENSG00000231492', 'lENSG00000231496', 'lENSG00000231539', 'lENSG00000231597', 'lENSG00000231678', 'lENSG00000231681', 'lENSG00000231724', 'lENSG00000231760', 'lENSG00000231772', 'lENSG00000231781', 'lENSG00000231914', 'lENSG00000231937', 'lENSG00000231953', 'lENSG00000231964', 'lENSG00000232031', 'lENSG00000232058', 'lENSG00000232086', 'lENSG00000232120', 'lENSG00000232192', 'lENSG00000232197', 'lENSG00000232252', 'lENSG00000232286', 'lENSG00000232310', 'lENSG00000232328', 'lENSG00000232359', 'lENSG00000232363', 'lENSG00000232451', 'lENSG00000232464', 'lENSG00000232465', 'lENSG00000232564', 'lENSG00000232596', 'lENSG00000232604', 'lENSG00000232710', 'lENSG00000232719', 'lENSG00000232746', 'lENSG00000232806', 'lENSG00000232893', 'lENSG00000232930', 'lENSG00000232939', 'lENSG00000232964', 'lENSG00000233079', 'lENSG00000233178', 'lENSG00000233179', 'lENSG00000233219', 'lENSG00000233222', 'lENSG00000233330', 'lENSG00000233407', 'lENSG00000233472', 'lENSG00000233479', 'lENSG00000233534', 'lENSG00000233574', 'lENSG00000233581', 'lENSG00000233613', 'lENSG00000233625', 'lENSG00000233656', 'lENSG00000233665', 'lENSG00000233689', 'lENSG00000233851', 'lENSG00000233891', 'lENSG00000233953', 'lENSG00000233969', 'lENSG00000233985', 'lENSG00000234021', 'lENSG00000234055', 'lENSG00000234117', 'lENSG00000234149', 'lENSG00000234160', 'lENSG00000234172', 'lENSG00000234191', 'lENSG00000234318', 'lENSG00000234504', 'lENSG00000234567', 'lENSG00000234622', 'lENSG00000234626', 'lENSG00000234653', 'lENSG00000234690', 'lENSG00000234693', 'lENSG00000234714', 'lENSG00000234756', 'lENSG00000234860', 'lENSG00000234900', 'lENSG00000234953', 'lENSG00000234961', 'lENSG00000235011', 'lENSG00000235035', 'lENSG00000235050', 'lENSG00000235059', 'lENSG00000235086', 'lENSG00000235122', 'lENSG00000235168', 'lENSG00000235262', 'lENSG00000235435', 'lENSG00000235494', 'lENSG00000235503', 'lENSG00000235533', 'lENSG00000235635', 'lENSG00000235637', 'lENSG00000235669', 'lENSG00000235786', 'lENSG00000235813', 'lENSG00000236031', 'lENSG00000236065', 'lENSG00000236109', 'lENSG00000236242', 'lENSG00000236267', 'lENSG00000236272', 'lENSG00000236324', 'lENSG00000236326', 'lENSG00000236366', 'lENSG00000236414', 'lENSG00000236452', 'lENSG00000236463', 'lENSG00000236498', 'lENSG00000236559', 'lENSG00000236648', 'lENSG00000236662', 'lENSG00000236723', 'lENSG00000236744', 'lENSG00000236758', 'lENSG00000236800', 'lENSG00000236828', 'lENSG00000236854', 'lENSG00000236921', 'lENSG00000236951', 'lENSG00000236953', 'lENSG00000236975', 'lENSG00000237058', 'lENSG00000237073', 'lENSG00000237200', 'lENSG00000237293', 'lENSG00000237312', 'lENSG00000237324', 'lENSG00000237331', 'lENSG00000237337', 'lENSG00000237373', 'lENSG00000237435', 'lENSG00000237463', 'lENSG00000237477', 'lENSG00000237481', 'lENSG00000237494', 'lENSG00000237520', 'lENSG00000237571', 'lENSG00000237576', 'lENSG00000237581', 'lENSG00000237670', 'lENSG00000237687', 'lENSG00000237734', 'lENSG00000237756', 'lENSG00000237768', 'lENSG00000237802', 'lENSG00000237921', 'lENSG00000237937', 'lENSG00000237993', 'lENSG00000238131', 'lENSG00000238185', 'lENSG00000238282', 'lENSG00000238291', 'lENSG00000239314', 'lENSG00000239415', 'lENSG00000239593', 'lENSG00000240354', 'lENSG00000240573', 'lENSG00000240868', 'lENSG00000241593', 'lENSG00000241666', 'lENSG00000241985', 'lENSG00000242012', 'lENSG00000242072', 'lENSG00000242339', 'lENSG00000242391', 'lENSG00000242545', 'lENSG00000242568', 'lENSG00000242618', 'lENSG00000242795', 'lENSG00000242861', 'lENSG00000243149', 'lENSG00000243230', 'lENSG00000243273', 'lENSG00000243368', 'lENSG00000243797', 'lENSG00000243903', 'lENSG00000243961', 'lENSG00000244278', 'lENSG00000244327', 'lENSG00000244461', 'lENSG00000245148', 'lENSG00000246541', 'lENSG00000247867', 'lENSG00000247925', 'lENSG00000248125', 'lENSG00000248145', 'lENSG00000248148', 'lENSG00000248172', 'lENSG00000248245', 'lENSG00000248358', 'lENSG00000248373', 'lENSG00000248393', 'lENSG00000248397', 'lENSG00000248416', 'lENSG00000248457', 'lENSG00000248482', 'lENSG00000248490', 'lENSG00000248576', 'lENSG00000248599', 'lENSG00000248758', 'lENSG00000248789', 'lENSG00000248802', 'lENSG00000248925', 'lENSG00000248935', 'lENSG00000248975', 'lENSG00000248984', 'lENSG00000248995', 'lENSG00000249066', 'lENSG00000249071', 'lENSG00000249099', 'lENSG00000249111', 'lENSG00000249114', 'lENSG00000249297', 'lENSG00000249334', 'lENSG00000249382', 'lENSG00000249409', 'lENSG00000249419', 'lENSG00000249426', 'lENSG00000249441', 'lENSG00000249451', 'lENSG00000249605', 'lENSG00000249613', 'lENSG00000249697', 'lENSG00000249706', 'lENSG00000249742', 'lENSG00000249753', 'lENSG00000249782', 'lENSG00000249830', 'lENSG00000249865', 'lENSG00000249892', 'lENSG00000250062', 'lENSG00000250092', 'lENSG00000250186', 'lENSG00000250195', 'lENSG00000250242', 'lENSG00000250524', 'lENSG00000250541', 'lENSG00000250626', 'lENSG00000250646', 'lENSG00000250657', 'lENSG00000250665', 'lENSG00000250698', 'lENSG00000250761', 'lENSG00000250791', 'lENSG00000250820', 'lENSG00000250855', 'lENSG00000250865', 'lENSG00000250866', 'lENSG00000250877', 'lENSG00000250910', 'lENSG00000250917', 'lENSG00000250929', 'lENSG00000250945', 'lENSG00000250949', 'lENSG00000250950', 'lENSG00000250955', 'lENSG00000250993', 'lENSG00000251059', 'lENSG00000251072', 'lENSG00000251088', 'lENSG00000251185', 'lENSG00000251194', 'lENSG00000251256', 'lENSG00000251281', 'lENSG00000251283', 'lENSG00000251412', 'lENSG00000251414', 'lENSG00000251438', 'lENSG00000251688', 'lENSG00000253142', 'lENSG00000253147', 'lENSG00000253167', 'lENSG00000253171', 'lENSG00000253189', 'lENSG00000253282', 'lENSG00000253356', 'lENSG00000253397', 'lENSG00000253449', 'lENSG00000253526', 'lENSG00000253530', 'lENSG00000253577', 'lENSG00000253616', 'lENSG00000253627', 'lENSG00000253643', 'lENSG00000253660', 'lENSG00000253665', 'lENSG00000253722', 'lENSG00000253754', 'lENSG00000253782', 'lENSG00000253834', 'lENSG00000253851', 'lENSG00000253865', 'lENSG00000253871', 'lENSG00000253880', 'lENSG00000253927', 'lENSG00000253947', 'lENSG00000253976', 'lENSG00000254026', 'lENSG00000254031', 'lENSG00000254033', 'lENSG00000254035', 'lENSG00000254043', 'lENSG00000254084', 'lENSG00000254094', 'lENSG00000254123', 'lENSG00000254171', 'lENSG00000254177', 'lENSG00000254207', 'lENSG00000254239', 'lENSG00000254242', 'lENSG00000254263', 'lENSG00000254325', 'lENSG00000254330', 'lENSG00000254347', 'lENSG00000254350', 'lENSG00000254380', 'lENSG00000254428', 'lENSG00000254429', 'lENSG00000254456', 'lENSG00000254516', 'lENSG00000254526', 'lENSG00000254559', 'lENSG00000254563', 'lENSG00000254574', 'lENSG00000254592', 'lENSG00000254620', 'lENSG00000254627', 'lENSG00000254689', 'lENSG00000254739', 'lENSG00000254775', 'lENSG00000254787', 'lENSG00000254829', 'lENSG00000254842', 'lENSG00000254846', 'lENSG00000254847', 'lENSG00000254864', 'lENSG00000254879', 'lENSG00000254913', 'lENSG00000254921', 'lENSG00000254928', 'lENSG00000254930', 'lENSG00000254972', 'lENSG00000254983', 'lENSG00000255027', 'lENSG00000255039', 'lENSG00000255041', 'lENSG00000255084', 'lENSG00000255114', 'lENSG00000255159', 'lENSG00000255167', 'lENSG00000255227', 'lENSG00000255241', 'lENSG00000255247', 'lENSG00000255252', 'lENSG00000255271', 'lENSG00000255300', 'lENSG00000255327', 'lENSG00000255343', 'lENSG00000255357', 'lENSG00000255375', 'lENSG00000255388', 'lENSG00000255390', 'lENSG00000255443', 'lENSG00000255462', 'lENSG00000255478', 'lENSG00000255482', 'lENSG00000255487', 'lENSG00000255496', 'lENSG00000255498', 'lENSG00000255506', 'lENSG00000255523', 'lENSG00000255528', 'lENSG00000255539', 'lENSG00000255555', 'lENSG00000255565', 'lENSG00000255572', 'lENSG00000255580', 'lENSG00000255808', 'lENSG00000255839', 'lENSG00000255893', 'lENSG00000255949', 'lENSG00000256007', 'lENSG00000256072', 'lENSG00000256209', 'lENSG00000256226', 'lENSG00000256234', 'lENSG00000256292', 'lENSG00000256314', 'lENSG00000256364', 'lENSG00000256448', 'lENSG00000256452', 'lENSG00000256482', 'lENSG00000256484', 'lENSG00000256568', 'lENSG00000256582', 'lENSG00000256670', 'lENSG00000256733', 'lENSG00000256897', 'lENSG00000257022', 'lENSG00000257096', 'lENSG00000257105', 'lENSG00000257137', 'lENSG00000257165', 'lENSG00000257235', 'lENSG00000257261', 'lENSG00000257264', 'lENSG00000257265', 'lENSG00000257271', 'lENSG00000257342', 'lENSG00000257381', 'lENSG00000257407', 'lENSG00000257470', 'lENSG00000257488', 'lENSG00000257494', 'lENSG00000257500', 'lENSG00000257514', 'lENSG00000257527', 'lENSG00000257541', 'lENSG00000257587', 'lENSG00000257634', 'lENSG00000257653', 'lENSG00000257682', 'lENSG00000257732', 'lENSG00000257750', 'lENSG00000257764', 'lENSG00000257787', 'lENSG00000257860', 'lENSG00000257904', 'lENSG00000257925', 'lENSG00000258007', 'lENSG00000258044', 'lENSG00000258108', 'lENSG00000258185', 'lENSG00000258210', 'lENSG00000258220', 'lENSG00000258234', 'lENSG00000258272', 'lENSG00000258292', 'lENSG00000258308', 'lENSG00000258312', 'lENSG00000258323', 'lENSG00000258378', 'lENSG00000258379', 'lENSG00000258390', 'lENSG00000258394', 'lENSG00000258425', 'lENSG00000258451', 'lENSG00000258460', 'lENSG00000258515', 'lENSG00000258516', 'lENSG00000258520', 'lENSG00000258610', 'lENSG00000258657', 'lENSG00000258670', 'lENSG00000258695', 'lENSG00000258698', 'lENSG00000258742', 'lENSG00000258745', 'lENSG00000258800', 'lENSG00000258824', 'lENSG00000258826', 'lENSG00000258829', 'lENSG00000258850', 'lENSG00000258869', 'lENSG00000258892', 'lENSG00000258904', 'lENSG00000258908', 'lENSG00000258944', 'lENSG00000259007', 'lENSG00000259026', 'lENSG00000259187', 'lENSG00000259188', 'lENSG00000259194', 'lENSG00000259202', 'lENSG00000259211', 'lENSG00000259223', 'lENSG00000259250', 'lENSG00000259256', 'lENSG00000259265', 'lENSG00000259268', 'lENSG00000259290', 'lENSG00000259294', 'lENSG00000259307', 'lENSG00000259342', 'lENSG00000259351', 'lENSG00000259352', 'lENSG00000259360', 'lENSG00000259385', 'lENSG00000259432', 'lENSG00000259503', 'lENSG00000259532', 'lENSG00000259544', 'lENSG00000259595', 'lENSG00000259631', 'lENSG00000259636', 'lENSG00000259649', 'lENSG00000259659', 'lENSG00000259757', 'lENSG00000259759', 'lENSG00000259767', 'lENSG00000259798', 'lENSG00000259805', 'lENSG00000259935', 'lENSG00000259945', 'lENSG00000259955', 'lENSG00000259967', 'lENSG00000260003', 'lENSG00000260017', 'lENSG00000260022', 'lENSG00000260058', 'lENSG00000260158', 'lENSG00000260186', 'lENSG00000260190', 'lENSG00000260237', 'lENSG00000260246', 'lENSG00000260304', 'lENSG00000260454', 'lENSG00000260476', 'lENSG00000260586', 'lENSG00000260605', 'lENSG00000260626', 'lENSG00000260659', 'lENSG00000260720', 'lENSG00000260741', 'lENSG00000260773', 'lENSG00000260798', 'lENSG00000260814', 'lENSG00000260884', 'lENSG00000260911', 'lENSG00000260934', 'lENSG00000260970', 'lENSG00000260986', 'lENSG00000260999', 'lENSG00000261014', 'lENSG00000261036', 'lENSG00000261065', 'lENSG00000261066', 'lENSG00000261070', 'lENSG00000261243', 'lENSG00000261248', 'lENSG00000261266', 'lENSG00000261332', 'lENSG00000261379', 'lENSG00000261432', 'lENSG00000261475', 'lENSG00000261507', 'lENSG00000261523', 'lENSG00000261552', 'lENSG00000261569', 'lENSG00000261633', 'lENSG00000261663', 'lENSG00000261671', 'lENSG00000261695', 'lENSG00000261729', 'lENSG00000261731', 'lENSG00000261761', 'lENSG00000261838', 'lENSG00000261864', 'lENSG00000262151', 'lENSG00000262298', 'lENSG00000262434', 'lENSG00000262533', 'lENSG00000262652', 'lENSG00000262692', 'lENSG00000262777', 'lENSG00000262810', 'lENSG00000262815', 'lENSG00000263080', 'lENSG00000263237', 'lENSG00000263257', 'lENSG00000263300', 'lENSG00000263321', 'lENSG00000263335', 'lENSG00000263466', 'lENSG00000263585', 'lENSG00000263594', 'lENSG00000263618', 'lENSG00000263684', 'lENSG00000263709', 'lENSG00000263765', 'lENSG00000263797', 'lENSG00000263847', 'lENSG00000263873', 'lENSG00000263952', 'lENSG00000263982', 'lENSG00000263986', 'lENSG00000264016', 'lENSG00000264023', 'lENSG00000264066', 'lENSG00000264107', 'lENSG00000264116', 'lENSG00000264151', 'lENSG00000264269', 'lENSG00000264486', 'lENSG00000264513', 'lENSG00000264520', 'lENSG00000264546', 'lENSG00000264558', 'lENSG00000264577', 'lENSG00000264595', 'lENSG00000264622', 'lENSG00000264734', 'lENSG00000264769', 'lENSG00000264825', 'lENSG00000264924', 'lENSG00000265125', 'lENSG00000265168', 'lENSG00000265205', 'lENSG00000265265', 'lENSG00000265334', 'lENSG00000265359', 'lENSG00000265400', 'lENSG00000265443', 'lENSG00000265474', 'lENSG00000265554', 'lENSG00000265625', 'lENSG00000265643', 'lENSG00000265728', 'lENSG00000265739', 'lENSG00000265743', 'lENSG00000265791', 'lENSG00000265800', 'lENSG00000265840', 'lENSG00000265844', 'lENSG00000265845', 'lENSG00000265980', 'lENSG00000265994', 'lENSG00000266102', 'lENSG00000266153', 'lENSG00000266311', 'lENSG00000266341', 'lENSG00000266368', 'lENSG00000266535', 'lENSG00000266538', 'lENSG00000266541', 'lENSG00000266651', 'lENSG00000266696', 'lENSG00000266839', 'lENSG00000266844', 'lENSG00000266877', 'lENSG00000266936', 'lENSG00000266981', 'lENSG00000266985', 'lENSG00000266993', 'lENSG00000267000', 'lENSG00000267028', 'lENSG00000267057', 'lENSG00000267063', 'lENSG00000267177', 'lENSG00000267225', 'lENSG00000267234', 'lENSG00000267255', 'lENSG00000267263', 'lENSG00000267274', 'lENSG00000267286', 'lENSG00000267320', 'lENSG00000267341', 'lENSG00000267354', 'lENSG00000267364', 'lENSG00000267387', 'lENSG00000267437', 'lENSG00000267501', 'lENSG00000267510', 'lENSG00000267543', 'lENSG00000267593', 'lENSG00000267615', 'lENSG00000267617', 'lENSG00000267633', 'lENSG00000267665', 'lENSG00000267711', 'lENSG00000267791', 'lENSG00000267838', 'lENSG00000267922', 'lENSG00000267980', 'lENSG00000268015', 'lENSG00000268049', 'lENSG00000268051', 'lENSG00000268069', 'lENSG00000268078', 'lENSG00000268191', 'lENSG00000268203', 'lENSG00000268240', 'lENSG00000268289', 'lENSG00000268292', 'lENSG00000268296', 'lENSG00000268520', 'lENSG00000268605', 'lENSG00000268734', 'lENSG00000268743', 'lENSG00000268798', 'lENSG00000268833', 'lENSG00000268912', 'lENSG00000268981', 'lENSG00000269044', 'lENSG00000269085', 'lENSG00000269145', 'lENSG00000269292', 'lENSG00000269321', 'lENSG00000269350', 'lENSG00000269495', 'lENSG00000269504', 'lENSG00000269578', 'lENSG00000269621', 'lENSG00000269656', 'lENSG00000269729', 'lENSG00000269826', 'lENSG00000269867', 'lENSG00000269901', 'lENSG00000269950', 'lENSG00000269987', 'lENSG00000270082', 'lENSG00000270094', 'lENSG00000270108', 'lENSG00000270380', 'lENSG00000270871', 'lENSG00000270996', 'lENSG00000271032', 'lENSG00000271218', 'lENSG00000271579', 'lENSG00000271717', 'lENSG00000271763', 'lENSG00000271787', 'lENSG00000271833', 'lENSG00000271936', 'lENSG00000271945', 'lENSG00000271983', 'lENSG00000272027', 'lENSG00000272072', 'lENSG00000272149', 'lENSG00000272159', 'lENSG00000272338', 'lENSG00000272510', 'lENSG00000272540', 'lENSG00000272575', 'lENSG00000272642', 'lENSG00000272661', 'lENSG00000272810', 'lENSG00000272814', 'lENSG00000272866', 'lENSG00000272995', 'lENSG00000273035', 'lENSG00000273110', 'lENSG00000273198', 'lENSG00000273226', 'lENSG00000273257', 'lENSG00000273271', 'lENSG00000273275', 'lENSG00000273449', 'lENSG00000273461', 'lENSG00000273493', 'lENSG00000273550', 'lENSG00000273568', 'lENSG00000273838', 'lENSG00000273877', 'lENSG00000273919', 'lENSG00000274177', 'lENSG00000274227', 'lENSG00000274561', 'lENSG00000274624', 'lENSG00000274678', 'lENSG00000274737', 'lENSG00000274863', 'lENSG00000274893', 'lENSG00000275173', 'lENSG00000275345', 'lENSG00000275356', 'lENSG00000275401', 'lENSG00000275484', 'lENSG00000275576', 'lENSG00000275638', 'lENSG00000275871', 'lENSG00000275963', 'lENSG00000276054', 'lENSG00000276107', 'lENSG00000276266', 'lENSG00000276488', 'lENSG00000276527', 'lENSG00000276533', 'lENSG00000276668', 'lENSG00000276997', 'lENSG00000277173', 'lENSG00000277332', 'lENSG00000277639', 'lENSG00000277675', 'lENSG00000278013', 'lENSG00000278202', 'lENSG00000278351', 'lENSG00000278630', 'lENSG00000278766', 'lENSG00000278944', 'lENSG00000279088', 'lENSG00000279240', 'lENSG00000279484', 'lENSG00000279501', 'lENSG00000279623', 'lENSG00000279687', 'lENSG00000279920', 'lENSG00000280206', 'lENSG00000280455', 'lENSG00000280580', 'lENSG00000280870', 'lENSG00000280881', 'lENSG00000281021', 'lENSG00000281831', 'lENSG00000282478', 'lENSG00000282828', 'lENSG00000283083', 'lENSG00000283347', 'lENSG00000283375', 'lENSG00000283436', 'lENSG00000283457', 'lENSG00000283573', 'lENSG00000283631', 'lENSG00000283766', 'lENSG00000283973', 'lENSG00000284376', 'lENSG00000284418', 'lENSG00000284500', 'lENSG00000284513', 'lENSG00000284608', 'lENSG00000284699', 'lENSG00000284846', 'lENSG00000284994', 'lENSG00000285012', 'lENSG00000285040', 'lENSG00000285117', 'lENSG00000285325', 'lENSG00000285354', 'lENSG00000285409', 'lENSG00000285473', 'lENSG00000285518', 'lENSG00000285524', 'lENSG00000285550', 'lENSG00000285551', 'lENSG00000285619', 'lENSG00000285621', 'lENSG00000285654', 'lENSG00000285699', 'lENSG00000285709', 'lENSG00000285780', 'lENSG00000285857', 'lENSG00000285889', 'lENSG00000285954', 'lENSG00000285998', 'lENSG00000286010', 'lENSG00000286020', 'lENSG00000286050', 'lENSG00000286076', 'lENSG00000286089', 'lENSG00000286093', 'lENSG00000286168', 'lENSG00000286188', 'lENSG00000286194', 'lENSG00000286197', 'lENSG00000286206', 'lENSG00000286242', 'lENSG00000286244', 'lENSG00000286276', 'lENSG00000286303', 'lENSG00000286331', 'lENSG00000286333', 'lENSG00000286338', 'lENSG00000286357', 'lENSG00000286419', 'lENSG00000286430', 'lENSG00000286436', 'lENSG00000286441', 'lENSG00000286453', 'lENSG00000286461', 'lENSG00000286474', 'lENSG00000286515', 'lENSG00000286565', 'lENSG00000286578', 'lENSG00000286581', 'lENSG00000286588', 'lENSG00000286598', 'lENSG00000286617', 'lENSG00000286639', 'lENSG00000286645', 'lENSG00000286670', 'lENSG00000286689', 'lENSG00000286690', 'lENSG00000286698', 'lENSG00000286715', 'lENSG00000286716', 'lENSG00000286722', 'lENSG00000286735', 'lENSG00000286738', 'lENSG00000286740', 'lENSG00000286751', 'lENSG00000286759', 'lENSG00000286767', 'lENSG00000286776', 'lENSG00000286781', 'lENSG00000286803', 'lENSG00000286820', 'lENSG00000286822', 'lENSG00000286838', 'lENSG00000286843', 'lENSG00000286850', 'lENSG00000286908', 'lENSG00000286963', 'lENSG00000287005', 'lENSG00000287006', 'lENSG00000287020', 'lENSG00000287028', 'lENSG00000287030', 'lENSG00000287066', 'lENSG00000287094', 'lENSG00000287107', 'lENSG00000287108', 'lENSG00000287128', 'lENSG00000287155', 'lENSG00000287159', 'lENSG00000287191', 'lENSG00000287202', 'lENSG00000287213', 'lENSG00000287236', 'lENSG00000287270', 'lENSG00000287285', 'lENSG00000287321', 'lENSG00000287335', 'lENSG00000287358', 'lENSG00000287359', 'lENSG00000287366', 'lENSG00000287367', 'lENSG00000287381', 'lENSG00000287423', 'lENSG00000287441', 'lENSG00000287451', 'lENSG00000287456', 'lENSG00000287462', 'lENSG00000287501', 'lENSG00000287511', 'lENSG00000287517', 'lENSG00000287518', 'lENSG00000287550', 'lENSG00000287551', 'lENSG00000287587', 'lENSG00000287660', 'lENSG00000287664', 'lENSG00000287684', 'lENSG00000287687', 'lENSG00000287691', 'lENSG00000287704', 'lENSG00000211683', 'lENSG00000214955', 'lENSG00000223379', 'lENSG00000223795', 'lENSG00000224884', 'lENSG00000225393', 'lENSG00000225836', 'lENSG00000228255', 'lENSG00000228538', 'lENSG00000229454', 'lENSG00000229458', 'lENSG00000229628', 'lENSG00000229964', 'lENSG00000230600', 'lENSG00000231212', 'lENSG00000231616', 'lENSG00000232636', 'lENSG00000233987', 'lENSG00000234083', 'lENSG00000234810', 'lENSG00000234998', 'lENSG00000235337', 'lENSG00000235795', 'lENSG00000236453', 'lENSG00000239801', 'lENSG00000241792', 'lENSG00000242375', 'lENSG00000244620', 'lENSG00000247810', 'lENSG00000248359', 'lENSG00000248991', 'lENSG00000249159', 'lENSG00000250481', 'lENSG00000250567', 'lENSG00000250670', 'lENSG00000250686', 'lENSG00000250777', 'lENSG00000250948', 'lENSG00000251506', 'lENSG00000251654', 'lENSG00000253766', 'lENSG00000254306', 'lENSG00000255279', 'lENSG00000255325', 'lENSG00000255644', 'lENSG00000256686', 'lENSG00000257603', 'lENSG00000257715', 'lENSG00000257962', 'lENSG00000258088', 'lENSG00000258196', 'lENSG00000258386', 'lENSG00000258949', 'lENSG00000259209', 'lENSG00000259222', 'lENSG00000259244', 'lENSG00000259255', 'lENSG00000259274', 'lENSG00000259306', 'lENSG00000259407', 'lENSG00000260511', 'lENSG00000260983', 'lENSG00000261193', 'lENSG00000261445', 'lENSG00000261470', 'lENSG00000261775', 'lENSG00000264660', 'lENSG00000266893', 'lENSG00000267081', 'lENSG00000267521', 'lENSG00000267581', 'lENSG00000269391', 'lENSG00000272304', 'lENSG00000272369', 'lENSG00000273403', 'lENSG00000273486', 'lENSG00000274902', 'lENSG00000275232', 'lENSG00000278514', 'lENSG00000279672', 'lENSG00000282887', 'lENSG00000286164', 'lENSG00000235736', 'lENSG00000251613', 'lENSG00000263316', 'lENSG00000258631', 'lENSG00000260141', 'lENSG00000279472', 'lENSG00000271870', 'lENSG00000272934', 'lENSG00000265556', 'lENSG00000253701', 'lENSG00000268166', 'lALG13-AS1', 'lDGUOK-AS1', 'lDSCR8', 'lMIR145', 'lMIR24-2', 'lMIR3179-2', 'lMIR3654', 'lCDKN2B-AS', 'lC3orf65']","[1.0, 0.0, 0.0, 0.0, 1.0, 1.0, 0.0, 0.0, 0.0, 1.0, 1.0, 0.0, 1.0, 0.0, 1.0, 0.0, 1.0, 1.0, 1.0, 1.0, 1.0, 0.0, 1.0, 1.0, 0.0, 0.0, 0.0, 1.0, 1.0, 0.0, 1.0, 0.0, 0.0, 0.0, 1.0, 1.0, 1.0, 1.0, 1.0, 1.0, 0.0, 0.0, 0.0, 1.0, 1.0, 1.0, 0.0, 1.0, 1.0, 1.0, 1.0, 0.0, 1.0, 1.0, 1.0, 1.0, 1.0, 1.0, 0.0, 0.0, 1.0, 1.0, 1.0, 0.0, 0.0, 0.0, 1.0, 0.0, 1.0, 0.0, 1.0, 1.0, 1.0, 0.0, 1.0, 0.0, 1.0, 0.0, 0.0, 0.0, 1.0, 0.0, 1.0, 0.0, 1.0, 0.0, 0.0, 0.0, 1.0, 0.0, 0.0, 0.0, 0.0, 0.0, 0.0, 1.0, 1.0, 0.0, 1.0, 1.0, 1.0, 0.0, 0.0, 1.0, 0.0, 0.0, 1.0, 0.0, 0.0, 1.0, 0.0, 1.0, 1.0, 1.0, 0.0, 0.0, 1.0, 1.0, 0.0, 1.0, 0.0, 0.0, 0.0, 1.0, 1.0, 1.0, 0.0, 0.0, 1.0, 0.0, 1.0, 0.0, 1.0, 1.0, 1.0, 1.0, 1.0, 0.0, 1.0, 1.0, 0.0, 1.0, 0.0, 1.0, 0.0, 0.0, 1.0, 0.0, 1.0, 1.0, 0.0, 0.0, 0.0, 1.0, 0.0, 0.0, 1.0, 0.0, 0.0, 1.0, 1.0, 0.0, 0.0, 1.0, 1.0, 0.0, 1.0, 1.0, 1.0, 0.0, 1.0, 0.0, 1.0, 0.0, 0.0, 1.0, 1.0, 1.0, 1.0, 1.0, 0.0, 0.0, 1.0, 1.0, 1.0, 1.0, 0.0, 0.0, 0.0, 0.0, 0.0, 1.0, 1.0, 1.0, 0.0, 1.0, 0.0, 1.0, 0.0, 0.0, 1.0, 1.0, 0.0, 1.0, 0.0, 0.0, 0.0, 1.0, 1.0, 0.0, 0.0, 0.0, 1.0, 1.0, 1.0, 1.0, 1.0, 0.0, 0.0, 1.0, 1.0, 0.0, 1.0, 1.0, 0.0, 1.0, 1.0, 0.0, 1.0, 1.0, 1.0, 0.0, 0.0, 1.0, 0.0, 0.0, 1.0, 1.0, 1.0, 1.0, 0.0, 0.0, 1.0, 1.0, 0.0, 1.0, 1.0, 1.0, 1.0, 0.0, 0.0, 1.0, 1.0, 0.0, 1.0, 0.0, 1.0, 1.0, 0.0, 0.0, 1.0, 1.0, 1.0, 1.0, 0.0, 1.0, 1.0, 0.0, 0.0, 1.0, 0.0, 0.0, 0.0, 0.0, 0.0, 0.0, 0.0, 1.0, 0.0, 0.0, 0.0, 0.0, 1.0, 1.0, 1.0, 0.0, 0.0, 1.0, 1.0, 0.0, 1.0, 0.0, 1.0, 0.0, 0.0, 0.0, 1.0, 0.0, 0.0, 0.0, 0.0, 1.0, 1.0, 1.0, 0.0, 1.0, 0.0, 0.0, 1.0, 0.0, 0.0, 0.0, 1.0, 1.0, 0.0, 1.0, 0.0, 1.0, 1.0, 1.0, 1.0, 0.0, 1.0, 0.0, 1.0, 0.0, 1.0, 1.0, 0.0, 0.0, 0.0, 0.0, 1.0, 0.0, 1.0, 1.0, 0.0, 1.0, 0.0, 0.0, 0.0, 1.0, 1.0, 0.0, 0.0, 0.0, 0.0, 1.0, 0.0, 1.0, 1.0, 1.0, 1.0, 1.0, 1.0, 0.0, 1.0, 0.0, 0.0, 0.0, 0.0, 0.0, 1.0, 1.0, 1.0, 0.0, 0.0, 0.0, 0.0, 1.0, 1.0, 0.0, 0.0, 1.0, 1.0, 0.0, 0.0, 1.0, 1.0, 1.0, 0.0, 1.0, 1.0, 1.0, 0.0, 0.0, 1.0, 0.0, 0.0, 0.0, 1.0, 1.0, 0.0, 0.0, 1.0, 0.0, 0.0, 0.0, 0.0, 1.0, 0.0, 0.0, 1.0, 0.0, 1.0, 1.0, 0.0, 1.0, 0.0, 1.0, 0.0, 1.0, 1.0, 0.0, 1.0, 0.0, 0.0, 0.0, 0.0, 1.0, 1.0, 1.0, 1.0, 0.0, 0.0, 0.0, 1.0, 0.0, 1.0, 1.0, 1.0, 0.0, 1.0, 0.0, 0.0, 0.0, 0.0, 1.0, 1.0, 0.0, 1.0, 1.0, 0.0, 0.0, 1.0, 0.0, 0.0, 1.0, 1.0, 1.0, 0.0, 1.0, 0.0, 0.0, 0.0, 1.0, 0.0, 1.0, 1.0, 1.0, 1.0, 0.0, 0.0, 1.0, 1.0, 0.0, 0.0, 1.0, 0.0, 1.0, 0.0, 1.0, 1.0, 1.0, 0.0, 1.0, 1.0, 1.0, 0.0, 1.0, 1.0, 0.0, 0.0, 0.0, 1.0, 0.0, 1.0, 1.0, 0.0, 1.0, 1.0, 0.0, 0.0, 1.0, 0.0, 0.0, 1.0, 0.0, 0.0, 0.0, 0.0, 1.0, 0.0, 1.0, 0.0, 0.0, 0.0, 0.0, 0.0, 1.0, 0.0, 1.0, 0.0, 1.0, 1.0, 0.0, 1.0, 0.0, 0.0, 0.0, 1.0, 0.0, 1.0, 0.0, 1.0, 0.0, 0.0, 1.0, 0.0, 1.0, 1.0, 1.0, 0.0, 0.0, 1.0, 1.0, 1.0, 1.0, 0.0, 1.0, 1.0, 0.0, 0.0, 0.0, 0.0, 0.0, 0.0, 0.0, 0.0, 1.0, 0.0, 0.0, 0.0, 1.0, 1.0, 0.0, 1.0, 0.0, 0.0, 1.0, 0.0, 1.0, 0.0, 0.0, 0.0, 0.0, 1.0, 0.0, 0.0, 0.0, 1.0, 1.0, 0.0, 1.0, 1.0, 0.0, 1.0, 0.0, 0.0, 0.0, 1.0, 0.0, 0.0, 1.0, 0.0, 1.0, 0.0, 0.0, 1.0, 0.0, 0.0, 0.0, 0.0, 1.0, 1.0, 0.0, 0.0, 0.0, 0.0, 0.0, 1.0, 0.0, 1.0, 0.0, 0.0, 1.0, 1.0, 0.0, 1.0, 1.0, 0.0, 1.0, 1.0, 0.0, 1.0, 0.0, 0.0, 0.0, 1.0, 0.0, 1.0, 1.0, 0.0, 0.0, 0.0, 0.0, 0.0, 1.0, 1.0, 1.0, 0.0, 0.0, 0.0, 1.0, 1.0, 1.0, 1.0, 0.0, 0.0, 1.0, 1.0, 1.0, 1.0, 1.0, 1.0, 1.0, 1.0, 1.0, 0.0, 0.0, 1.0, 0.0, 1.0, 0.0, 1.0, 0.0, 1.0, 1.0, 1.0, 0.0, 1.0, 0.0, 0.0, 1.0, 0.0, 1.0, 1.0, 1.0, 0.0, 0.0, 0.0, 0.0, 1.0, 1.0, 0.0, 0.0, 1.0, 1.0, 1.0, 0.0, 1.0, 1.0, 1.0, 1.0, 0.0, 0.0, 0.0, 0.0, 1.0, 0.0, 0.0, 0.0, 1.0, 0.0, 0.0, 0.0, 0.0, 1.0, 0.0, 0.0, 1.0, 0.0, 0.0, 0.0, 0.0, 0.0, 0.0, 0.0, 1.0, 1.0, 1.0, 1.0, 1.0, 1.0, 1.0, 0.0, 1.0, 1.0, 1.0, 0.0, 0.0, 1.0, 1.0, 1.0, 0.0, 0.0, 1.0, 1.0, 0.0, 1.0, 0.0, 1.0, 1.0, 1.0, 1.0, 1.0, 1.0, 0.0, 1.0, 1.0, 0.0, 0.0, 1.0, 1.0, 1.0, 0.0, 1.0, 0.0, 1.0, 0.0, 0.0, 0.0, 1.0, 1.0, 0.0, 0.0, 1.0, 0.0, 1.0, 1.0, 1.0, 1.0, 1.0, 1.0, 1.0, 0.0, 0.0, 1.0, 0.0, 1.0, 0.0, 0.0, 1.0, 1.0, 1.0, 1.0, 0.0, 0.0, 0.0, 0.0, 1.0, 0.0, 0.0, 0.0, 1.0, 0.0, 0.0, 1.0, 1.0, 1.0, 0.0, 0.0, 1.0, 0.0, 0.0, 1.0, 0.0, 1.0, 0.0, 0.0, 0.0, 0.0, 1.0, 1.0, 1.0, 0.0, 1.0, 1.0, 1.0, 1.0, 0.0, 1.0, 1.0, 0.0, 0.0, 1.0, 0.0, 0.0, 0.0, 1.0, 1.0, 0.0, 0.0, 1.0, 1.0, 1.0, 1.0, 0.0, 1.0, 0.0, 0.0, 0.0, 1.0, 0.0, 0.0, 0.0, 0.0, 1.0, 1.0, 0.0, 1.0, 0.0, 0.0, 1.0, 0.0, 0.0, 0.0, 0.0, 0.0, 1.0, 1.0, 0.0, 0.0, 0.0, 1.0, 0.0, 0.0, 1.0, 0.0, 0.0, 1.0, 0.0, 0.0, 1.0, 1.0, 0.0, 1.0, 1.0, 1.0, 1.0, 1.0, 0.0, 1.0, 0.0, 0.0, 1.0, 1.0, 1.0, 0.0, 1.0, 1.0, 1.0, 0.0, 0.0, 1.0, 0.0, 0.0, 0.0, 0.0, 1.0, 1.0, 1.0, 0.0, 1.0, 1.0, 1.0, 0.0, 0.0, 0.0, 0.0, 0.0, 0.0, 0.0, 1.0, 0.0, 1.0, 1.0, 1.0, 0.0, 0.0, 1.0, 0.0, 1.0, 1.0, 0.0, 1.0, 0.0, 1.0, 0.0, 0.0, 0.0, 1.0, 1.0, 1.0, 1.0, 1.0, 1.0, 1.0, 1.0, 0.0, 1.0, 1.0, 0.0, 0.0, 0.0, 0.0, 1.0, 0.0, 1.0, 1.0, 1.0, 1.0, 0.0, 0.0, 1.0, 1.0, 0.0, 1.0, 0.0, 0.0, 1.0, 0.0, 1.0, 0.0, 0.0, 1.0, 1.0, 0.0, 1.0, 0.0, 1.0, 0.0, 0.0, 0.0, 0.0, 0.0, 0.0, 0.0, 0.0, 0.0, 1.0, 0.0, 0.0, 0.0, 0.0, 1.0, 0.0, 0.0, 1.0, 1.0, 1.0, 1.0, 1.0, 1.0, 1.0, 1.0, 0.0, 1.0, 0.0, 0.0, 1.0, 1.0, 1.0, 0.0, 0.0, 1.0, 0.0, 1.0, 0.0, 0.0, 0.0, 1.0, 0.0, 1.0, 1.0, 0.0, 0.0, 0.0, 1.0, 0.0, 0.0, 0.0, 1.0, 0.0, 0.0, 1.0, 0.0, 0.0, 1.0, 0.0, 0.0, 0.0, 1.0, 0.0, 0.0, 0.0, 1.0, 0.0, 0.0, 1.0, 0.0, 1.0, 1.0, 1.0, 1.0, 1.0, 0.0, 1.0, 1.0, 0.0, 1.0, 0.0, 0.0, 0.0, 0.0, 0.0, 1.0, 1.0, 1.0, 0.0, 1.0, 0.0, 1.0, 0.0, 1.0, 0.0, 1.0, 0.0, 0.0, 0.0, 0.0, 0.0, 1.0, 0.0, 1.0, 0.0, 0.0, 0.0, 1.0, 1.0, 0.0, 1.0, 0.0, 1.0, 0.0, 1.0, 1.0, 0.0, 0.0, 0.0, 1.0, 1.0, 0.0, 0.0, 1.0, 1.0, 0.0, 0.0, 1.0, 1.0, 1.0, 0.0, 1.0, 0.0, 0.0, 1.0, 1.0, 0.0, 1.0, 1.0, 0.0, 1.0, 0.0, 0.0, 0.0, 1.0, 0.0, 0.0, 0.0, 0.0, 1.0, 1.0, 0.0, 1.0, 0.0, 0.0, 0.0, 1.0, 1.0, 1.0, 0.0, 0.0, 0.0, 1.0, 1.0, 1.0, 0.0, 1.0, 1.0, 0.0, 1.0, 0.0, 0.0, 1.0, 1.0, 1.0, 1.0, 0.0, 0.0, 0.0, 1.0, 0.0, 1.0, 1.0, 0.0, 1.0, 0.0, 1.0, 0.0, 0.0, 1.0, 0.0, 1.0, 1.0, 1.0, 0.0, 1.0, 0.0, 1.0, 0.0, 1.0, 0.0, 0.0, 0.0, 0.0, 0.0, 0.0, 1.0, 1.0, 1.0, 0.0, 1.0, 0.0, 1.0, 0.0, 1.0, 1.0, 0.0, 1.0, 1.0, 0.0, 1.0, 0.0, 0.0, 1.0, 1.0, 1.0, 1.0, 0.0, 0.0, 0.0, 0.0, 1.0, 0.0, 1.0, 1.0, 0.0, 0.0, 0.0, 1.0, 0.0, 1.0, 0.0, 1.0, 1.0, 1.0, 0.0, 0.0, 1.0, 1.0, 0.0, 1.0, 1.0, 0.0, 1.0, 1.0, 0.0, 0.0, 1.0, 1.0, 0.0, 0.0, 1.0, 0.0, 1.0, 1.0, 0.0, 0.0, 1.0, 0.0, 0.0, 1.0, 0.0, 1.0, 0.0, 1.0, 0.0, 1.0, 0.0, 1.0, 0.0, 0.0, 1.0, 0.0, 1.0, 0.0, 0.0, 1.0, 1.0, 1.0, 1.0, 1.0, 0.0, 1.0, 0.0, 1.0, 1.0, 0.0, 0.0, 1.0, 1.0, 1.0, 1.0, 1.0, 0.0, 0.0, 1.0, 0.0, 1.0, 0.0, 0.0, 1.0, 1.0, 1.0, 0.0, 0.0, 1.0, 0.0, 0.0, 0.0, 0.0, 0.0, 1.0, 1.0, 1.0, 0.0, 1.0, 1.0, 1.0, 1.0, 1.0, 0.0, 0.0, 1.0, 0.0, 1.0, 0.0, 1.0, 1.0, 1.0, 1.0, 0.0, 0.0, 0.0, 0.0, 0.0, 1.0, 0.0, 1.0, 1.0, 0.0, 0.0, 0.0, 1.0, 0.0, 1.0, 0.0, 1.0, 0.0, 1.0, 1.0, 1.0, 0.0, 0.0, 0.0, 0.0, 0.0, 1.0, 0.0, 0.0, 1.0, 0.0, 1.0, 1.0, 1.0, 1.0, 1.0, 1.0, 1.0, 1.0, 1.0, 1.0, 1.0, 1.0, 1.0, 1.0, 0.0, 0.0, 1.0, 1.0, 0.0, 1.0, 0.0, 1.0, 1.0, 1.0, 1.0, 1.0, 0.0, 1.0, 0.0, 0.0, 1.0, 1.0, 1.0, 1.0, 0.0, 1.0, 1.0, 0.0, 1.0, 0.0, 1.0, 1.0, 1.0, 0.0, 0.0, 1.0, 0.0, 1.0, 1.0, 0.0, 1.0, 1.0, 1.0, 1.0, 1.0, 0.0, 0.0, 1.0, 0.0, 1.0, 0.0, 1.0, 0.0, 0.0, 1.0, 0.0, 1.0, 0.0, 1.0, 1.0, 0.0, 0.0, 1.0, 1.0, 0.0, 1.0, 1.0, 0.0, 1.0, 0.0, 0.0, 0.0, 0.0, 1.0, 1.0, 1.0, 1.0, 0.0, 0.0, 0.0, 1.0, 1.0, 1.0, 1.0, 0.0, 1.0, 1.0, 1.0, 0.0, 1.0, 0.0, 0.0, 1.0, 1.0, 1.0, 0.0, 0.0, 0.0, 0.0, 0.0, 1.0, 1.0, 0.0, 1.0, 1.0, 0.0, 0.0, 1.0, 1.0, 1.0, 0.0, 0.0, 1.0, 0.0, 0.0, 0.0, 1.0, 1.0, 1.0, 0.0, 1.0, 1.0, 0.0, 1.0, 0.0, 1.0, 0.0, 0.0, 0.0, 0.0, 1.0, 0.0, 0.0, 1.0, 1.0, 1.0, 0.0, 0.0, 1.0, 1.0, 0.0, 1.0, 0.0, 1.0, 1.0, 0.0, 1.0, 0.0, 1.0, 1.0, 1.0, 1.0, 0.0, 0.0, 0.0, 1.0, 0.0, 0.0, 0.0, 1.0, 0.0, 1.0, 1.0, 1.0, 0.0, 0.0, 1.0, 1.0, 0.0, 0.0, 1.0, 0.0, 1.0, 1.0, 1.0, 0.0, 0.0, 1.0, 0.0, 0.0, 0.0, 1.0, 0.0, 1.0, 0.0, 0.0, 1.0, 1.0, 1.0, 1.0, 0.0, 0.0, 0.0, 0.0, 1.0, 1.0, 0.0, 0.0, 0.0, 0.0, 1.0, 0.0, 1.0, 1.0, 1.0, 0.0, 1.0, 0.0, 1.0, 0.0, 0.0, 1.0, 1.0, 0.0, 1.0, 0.0, 0.0, 1.0, 1.0, 0.0, 1.0, 1.0, 0.0, 0.0, 0.0, 1.0, 1.0, 0.0, 1.0, 0.0, 0.0, 0.0, 1.0, 1.0, 1.0, 0.0, 1.0, 1.0, 1.0, 0.0, 0.0, 0.0, 1.0, 1.0, 1.0, 0.0, 1.0, 1.0, 1.0, 0.0, 0.0, 0.0, 1.0, 0.0, 0.0, 1.0, 0.0, 0.0, 1.0, 0.0, 0.0, 0.0, 1.0, 0.0, 0.0, 1.0, 1.0, 1.0, 0.0, 0.0, 1.0, 1.0, 0.0, 0.0, 1.0, 0.0, 0.0, 1.0, 0.0, 0.0, 1.0, 0.0, 0.0, 0.0, 0.0, 0.0, 1.0, 0.0, 1.0, 1.0, 0.0, 1.0, 1.0, 1.0, 0.0, 0.0, 0.0, 0.0, 0.0, 0.0, 0.0, 0.0, 1.0, 1.0, 1.0, 1.0, 0.0, 0.0, 1.0, 1.0, 0.0, 1.0, 0.0, 1.0, 0.0, 0.0, 1.0, 1.0, 1.0, 1.0, 0.0, 0.0, 0.0, 0.0, 1.0, 0.0, 0.0, 1.0, 0.0, 0.0, 0.0, 0.0, 0.0, 1.0, 1.0, 1.0, 1.0, 1.0, 0.0, 0.0, 0.0, 0.0, 1.0, 1.0, 1.0, 0.0, 0.0, 1.0, 1.0, 0.0, 1.0, 1.0, 1.0, 1.0, 1.0, 0.0, 1.0, 1.0, 1.0, 0.0, 0.0, 0.0, 0.0, 0.0, 1.0, 0.0, 0.0, 0.0, 1.0, 0.0, 1.0, 0.0, 1.0, 1.0, 0.0, 0.0, 1.0, 1.0, 0.0, 0.0, 1.0, 1.0, 0.0, 0.0, 0.0, 1.0, 0.0, 1.0, 1.0, 0.0, 1.0, 0.0, 0.0, 1.0, 0.0, 0.0, 1.0, 0.0, 0.0, 0.0, 1.0, 1.0, 1.0, 0.0, 0.0, 1.0, 0.0, 0.0, 1.0, 0.0, 0.0, 0.0, 1.0, 1.0, 1.0, 1.0, 0.0, 1.0, 1.0, 1.0, 1.0, 0.0, 1.0, 0.0, 0.0, 1.0, 1.0, 1.0, 0.0, 0.0, 0.0, 1.0, 0.0, 1.0, 1.0, 0.0, 1.0, 1.0, 0.0, 0.0, 0.0, 0.0, 1.0, 0.0, 0.0, 1.0, 1.0, 1.0, 0.0, 0.0, 0.0, 1.0, 1.0, 1.0, 0.0, 1.0, 0.0, 0.0, 0.0, 0.0, 0.0, 1.0, 0.0, 0.0, 1.0, 1.0, 0.0, 1.0, 1.0, 1.0, 0.0, 1.0, 0.0, 1.0, 0.0, 1.0, 0.0, 0.0, 1.0, 0.0, 1.0, 1.0, 0.0, 1.0, 0.0, 0.0, 0.0, 0.0, 0.0, 0.0, 0.0, 0.0, 1.0, 0.0, 0.0, 1.0, 0.0, 1.0, 1.0, 1.0, 1.0, 1.0, 0.0, 0.0, 0.0, 0.0, 1.0, 1.0, 0.0, 1.0, 1.0, 1.0, 0.0, 1.0, 1.0, 1.0, 0.0, 0.0, 0.0, 1.0, 1.0, 1.0, 0.0, 0.0, 0.0, 0.0, 1.0, 1.0, 1.0, 0.0, 1.0, 1.0, 0.0, 0.0, 1.0, 0.0, 0.0, 1.0, 1.0, 0.0, 1.0, 1.0, 1.0, 1.0, 1.0, 0.0, 0.0, 1.0, 1.0, 1.0, 0.0, 0.0, 0.0, 1.0, 1.0, 1.0, 0.0, 1.0, 1.0, 1.0, 0.0, 1.0, 1.0, 0.0, 0.0, 0.0, 1.0, 0.0, 1.0, 1.0, 0.0, 0.0, 1.0, 0.0, 0.0, 0.0, 1.0, 1.0, 0.0, 1.0, 0.0, 1.0, 0.0, 0.0, 1.0, 0.0, 0.0, 1.0, 0.0, 0.0, 1.0, 0.0, 1.0, 1.0, 1.0, 1.0, 1.0, 1.0, 1.0, 0.0, 0.0, 0.0, 0.0, 0.0, 0.0, 0.0, 1.0, 1.0, 1.0, 0.0, 0.0, 1.0, 1.0, 1.0, 1.0, 1.0, 0.0, 1.0, 1.0, 1.0, 0.0, 0.0, 1.0, 0.0, 0.0, 1.0, 0.0, 0.0, 1.0, 1.0, 0.0, 0.0, 1.0, 1.0, 0.0, 1.0, 0.0, 1.0, 0.0, 0.0, 0.0, 1.0, 0.0, 1.0, 0.0, 1.0, 1.0, 0.0, 0.0, 1.0, 1.0, 0.0, 1.0, 1.0, 0.0, 0.0, 0.0, 0.0, 1.0, 1.0, 1.0, 1.0, 0.0, 0.0, 1.0, 1.0, 0.0, 0.0, 0.0, 1.0, 1.0, 1.0, 0.0, 0.0, 0.0, 1.0, 1.0, 0.0, 0.0, 1.0, 1.0, 1.0, 1.0, 1.0, 0.0, 1.0, 1.0, 1.0, 0.0, 0.0, 0.0, 1.0, 1.0, 1.0, 1.0, 1.0, 1.0, 1.0, 0.0, 1.0, 0.0, 0.0, 1.0, 0.0, 0.0, 0.0, 0.0, 1.0, 0.0, 1.0, 0.0, 1.0, 1.0, 1.0, 0.0, 0.0, 0.0, 0.0, 1.0, 0.0, 0.0, 0.0, 1.0, 0.0, 1.0, 0.0, 0.0, 0.0, 0.0, 1.0, 0.0, 1.0, 0.0, 0.0, 0.0, 1.0, 1.0, 1.0, 1.0, 1.0, 1.0, 1.0, 1.0, 1.0, 0.0, 1.0, 0.0, 1.0, 1.0, 0.0, 0.0, 1.0, 1.0, 1.0, 0.0, 0.0, 1.0, 1.0, 0.0, 1.0, 0.0, 0.0, 0.0, 0.0, 1.0, 0.0, 1.0, 0.0, 0.0, 0.0, 1.0, 1.0, 0.0, 1.0, 1.0, 1.0, 1.0, 1.0, 0.0, 0.0, 0.0, 1.0, 1.0, 0.0, 0.0, 0.0, 0.0, 1.0, 0.0, 0.0, 1.0, 0.0, 1.0, 1.0, 0.0, 1.0, 1.0, 1.0, 0.0, 0.0, 0.0, 1.0, 1.0, 1.0, 0.0, 1.0, 1.0, 0.0, 0.0, 1.0, 0.0, 0.0, 0.0, 1.0, 1.0, 0.0, 0.0, 1.0, 1.0, 0.0, 1.0, 0.0, 0.0, 1.0, 0.0, 1.0, 1.0, 1.0, 1.0, 1.0, 1.0, 1.0, 1.0, 0.0, 1.0, 0.0, 0.0, 1.0, 0.0, 0.0, 0.0, 1.0, 1.0, 0.0, 0.0, 0.0, 1.0, 1.0, 0.0, 1.0, 1.0, 0.0, 1.0, 0.0, 0.0, 1.0, 1.0, 0.0, 0.0, 0.0, 0.0, 0.0, 1.0, 1.0, 1.0, 0.0, 0.0, 1.0, 0.0, 0.0, 0.0, 0.0, 1.0, 1.0, 1.0, 0.0, 0.0, 1.0, 1.0, 0.0, 1.0, 0.0, 0.0, 1.0, 0.0, 1.0, 1.0, 0.0, 0.0, 1.0, 1.0, 0.0, 0.0, 0.0, 0.0, 1.0, 0.0, 0.0, 1.0, 1.0, 1.0, 1.0, 1.0, 0.0, 0.0, 0.0, 0.0, 1.0, 0.0, 1.0, 1.0, 1.0, 1.0, 0.0, 0.0, 1.0, 0.0, 1.0, 1.0, 0.0, 0.0, 0.0, 1.0, 0.0, 0.0, 0.0, 0.0, 0.0, 0.0, 0.0, 1.0, 1.0, 1.0, 1.0, 1.0, 1.0, 1.0, 1.0, 1.0, 1.0, 0.0, 0.0, 1.0, 0.0, 0.0, 1.0, 1.0, 1.0, 0.0, 1.0, 0.0, 1.0, 1.0, 1.0, 1.0, 1.0, 0.0, 0.0, 1.0, 0.0, 1.0, 0.0, 1.0, 1.0, 1.0, 0.0, 0.0, 0.0, 0.0, 1.0, 1.0, 1.0, 0.0, 1.0, 0.0, 0.0, 0.0, 1.0, 1.0, 0.0, 1.0, 1.0, 1.0, 1.0, 0.0, 1.0, 1.0, 1.0, 0.0, 1.0, 1.0, 1.0, 0.0, 1.0, 0.0, 1.0, 0.0, 0.0, 1.0, 1.0, 0.0, 1.0, 1.0, 1.0, 1.0, 1.0, 0.0, 0.0, 1.0, 1.0, 1.0, 1.0, 1.0, 0.0, 1.0, 1.0, 1.0, 1.0, 1.0, 0.0, 0.0, 0.0, 0.0, 1.0, 0.0, 1.0, 0.0, 0.0, 1.0, 1.0, 1.0, 1.0, 1.0, 0.0, 0.0, 0.0, 0.0, 0.0, 0.0, 1.0, 0.0, 1.0, 1.0, 1.0, 0.0, 0.0, 0.0, 1.0, 1.0, 1.0, 0.0, 1.0, 0.0, 1.0, 0.0, 0.0, 0.0, 1.0, 0.0, 1.0, 1.0, 1.0, 1.0, 0.0, 0.0, 1.0, 0.0, 1.0, 0.0, 0.0, 1.0, 1.0, 0.0, 0.0, 1.0, 1.0, 0.0, 1.0, 0.0, 1.0, 0.0, 0.0, 0.0, 1.0, 1.0, 0.0, 0.0, 1.0, 0.0, 0.0, 0.0, 0.0, 0.0, 0.0, 0.0, 1.0, 0.0, 1.0, 1.0, 1.0, 0.0, 1.0, 1.0, 1.0, 0.0, 0.0, 1.0, 0.0, 1.0, 1.0, 1.0, 0.0, 0.0, 1.0, 1.0, 0.0, 0.0, 1.0, 1.0, 0.0, 0.0, 0.0, 1.0, 0.0, 0.0, 0.0, 0.0, 1.0, 1.0, 1.0, 0.0, 1.0, 1.0, 0.0, 0.0, 0.0, 1.0, 0.0, 1.0, 0.0, 0.0, 0.0, 1.0, 1.0, 1.0, 1.0, 0.0, 0.0, 0.0, 1.0, 1.0, 1.0, 0.0, 0.0, 1.0, 0.0, 1.0, 1.0, 1.0, 1.0, 1.0, 0.0, 0.0, 0.0, 1.0, 0.0, 0.0, 0.0, 1.0, 0.0, 0.0, 1.0, 0.0, 0.0, 1.0, 1.0, 1.0, 0.0, 0.0, 0.0, 1.0, 0.0, 0.0, 1.0, 0.0, 1.0, 0.0, 0.0, 1.0, 0.0, 0.0, 1.0, 1.0, 1.0, 0.0, 0.0, 0.0, 1.0, 1.0, 1.0, 1.0, 1.0, 0.0, 0.0, 1.0, 0.0, 1.0, 1.0, 1.0, 0.0, 0.0, 1.0, 1.0, 0.0, 1.0, 1.0, 0.0, 0.0, 1.0, 1.0, 0.0, 0.0, 0.0, 0.0, 0.0, 0.0, 0.0, 0.0, 0.0, 1.0, 1.0, 1.0, 0.0, 0.0, 1.0, 0.0, 0.0, 1.0, 0.0, 0.0, 1.0, 0.0, 1.0, 1.0, 0.0, 0.0, 1.0, 0.0, 1.0, 1.0, 1.0, 1.0, 1.0, 1.0, 1.0, 1.0, 0.0, 0.0, 1.0, 1.0, 1.0, 1.0, 1.0, 1.0, 1.0, 1.0, 0.0, 1.0, 1.0, 0.0, 1.0, 0.0, 1.0, 0.0, 0.0, 1.0, 1.0, 0.0, 1.0, 0.0, 0.0, 1.0, 0.0, 1.0, 0.0, 0.0, 0.0, 0.0, 1.0, 1.0, 1.0, 0.0, 0.0, 0.0, 0.0, 1.0, 1.0, 1.0, 0.0, 1.0, 0.0, 0.0, 0.0, 1.0, 1.0, 1.0, 1.0, 0.0, 1.0, 1.0, 1.0, 0.0, 0.0, 0.0, 1.0, 0.0, 1.0, 0.0, 0.0, 1.0, 0.0, 0.0, 1.0, 0.0, 0.0, 0.0, 0.0, 1.0, 1.0, 0.0, 0.0, 1.0, 1.0, 1.0, 0.0, 1.0, 1.0, 0.0, 1.0, 1.0, 0.0, 1.0, 1.0, 0.0, 0.0, 0.0, 0.0, 1.0, 0.0, 0.0, 1.0, 1.0, 0.0, 1.0, 0.0, 0.0, 0.0, 0.0, 0.0, 1.0, 0.0, 1.0, 1.0, 1.0, 0.0, 1.0, 1.0, 0.0, 0.0, 0.0, 0.0, 0.0, 0.0, 0.0, 0.0, 1.0, 0.0, 1.0, 0.0, 1.0, 1.0, 0.0, 1.0, 0.0, 0.0, 1.0, 1.0, 1.0, 0.0, 1.0, 1.0, 1.0, 1.0, 1.0, 1.0, 1.0, 1.0, 0.0, 1.0, 1.0, 0.0, 0.0, 0.0, 0.0, 0.0, 0.0, 1.0, 1.0, 0.0, 1.0, 1.0, 0.0, 1.0, 1.0, 1.0, 1.0, 0.0, 0.0, 0.0, 0.0, 0.0, 0.0, 0.0, 0.0, 1.0, 0.0, 0.0, 1.0, 1.0, 1.0, 0.0, 0.0, 0.0, 1.0, 0.0, 1.0, 1.0, 0.0, 0.0, 0.0, 0.0, 0.0, 1.0, 0.0, 1.0, 1.0, 0.0, 0.0, 1.0, 0.0, 1.0, 1.0, 1.0, 1.0, 1.0, 1.0, 1.0, 0.0, 1.0, 1.0, 0.0, 0.0, 0.0, 1.0, 0.0, 0.0, 0.0, 0.0, 1.0, 0.0, 0.0, 0.0, 1.0, 0.0, 1.0, 1.0, 0.0, 1.0, 0.0, 0.0, 1.0, 0.0, 0.0, 1.0, 1.0, 1.0, 0.0, 1.0, 0.0, 0.0, 0.0, 0.0, 1.0, 1.0, 1.0, 1.0, 1.0, 1.0, 0.0, 1.0, 0.0, 1.0, 0.0, 1.0, 0.0, 1.0, 1.0, 1.0, 0.0, 0.0, 1.0, 0.0, 0.0, 1.0, 1.0, 0.0, 1.0, 0.0, 0.0, 0.0, 0.0, 0.0, 1.0, 1.0, 0.0, 0.0, 0.0, 0.0, 0.0, 0.0, 1.0, 0.0, 1.0, 0.0, 0.0, 1.0, 0.0, 0.0, 1.0, 0.0, 1.0, 1.0, 0.0, 1.0, 0.0, 1.0, 1.0, 0.0, 1.0, 0.0, 0.0, 1.0, 0.0, 1.0, 0.0, 0.0, 1.0, 1.0, 1.0, 0.0, 0.0, 0.0, 0.0, 1.0, 0.0]","['lNONHSAG000253', 'lNONHSAG000464', 'lNONHSAG000742', 'lNONHSAG000843', 'lNONHSAG002752', 'lNONHSAG003068', 'lNONHSAG003244', 'lNONHSAG003504', 'lNONHSAG003645', 'lNONHSAG004054', 'lNONHSAG004619', 'lNONHSAG005377', 'lNONHSAG005669', 'lNONHSAG005721', 'lNONHSAG006457', 'lNONHSAG006763', 'lNONHSAG006966', 'lNONHSAG007109', 'lNONHSAG007324', 'lNONHSAG008552', 'lNONHSAG008966', 'lNONHSAG009133', 'lNONHSAG009174', 'lNONHSAG009193', 'lNONHSAG009613', 'lNONHSAG009945', 'lNONHSAG010186', 'lNONHSAG011658', 'lNONHSAG011935', 'lNONHSAG012367', 'lNONHSAG012534', 'lNONHSAG012540', 'lNONHSAG013388', 'lNONHSAG013534', 'lNONHSAG013568', 'lNONHSAG013708', 'lNONHSAG013790', 'lNONHSAG013917', 'lNONHSAG013954', 'lNONHSAG017020', 'lNONHSAG017238', 'lNONHSAG017288', 'lNONHSAG017347', 'lNONHSAG017379', 'lNONHSAG017882', 'lNONHSAG018372', 'lNONHSAG018889', 'lNONHSAG018903', 'lNONHSAG019221', 'lNONHSAG019848', 'lNONHSAG020374', 'lNONHSAG020755', 'lNONHSAG020762', 'lNONHSAG021342', 'lNONHSAG021408', 'lNONHSAG021566', 'lNONHSAG021638', 'lNONHSAG022094', 'lNONHSAG022127', 'lNONHSAG022893', 'lNONHSAG023073', 'lNONHSAG023512', 'lNONHSAG023553', 'lNONHSAG023964', 'lNONHSAG024637', 'lNONHSAG024810', 'lNONHSAG026153', 'lNONHSAG026781', 'lNONHSAG027276', 'lNONHSAG028141', 'lNONHSAG028720', 'lNONHSAG029124', 'lNONHSAG029312', 'lNONHSAG029962', 'lNONHSAG029965', 'lNONHSAG030113', 'lNONHSAG031452', 'lNONHSAG032063', 'lNONHSAG032537', 'lNONHSAG032750', 'lNONHSAG033589', 'lNONHSAG033810', 'lNONHSAG034676', 'lNONHSAG034935', 'lNONHSAG035456', 'lNONHSAG036115', 'lNONHSAG036263', 'lNONHSAG036403', 'lNONHSAG036412', 'lNONHSAG036922', 'lNONHSAG037072', 'lNONHSAG037083', 'lNONHSAG037137', 'lNONHSAG037164', 'lNONHSAG038162', 'lNONHSAG038663', 'lNONHSAG039293', 'lNONHSAG039664', 'lNONHSAG040729', 'lNONHSAG040859', 'lNONHSAG040945', 'lNONHSAG042257', 'lNONHSAG043250', 'lNONHSAG043934', 'lNONHSAG045166', 'lNONHSAG046765', 'lNONHSAG046811', 'lNONHSAG047951', 'lNONHSAG048101', 'lNONHSAG048323', 'lNONHSAG048439', 'lNONHSAG052495', 'lNONHSAG052510', 'lNONHSAG052680', 'lNONHSAG054214', 'lNONHSAG056053', 'lNONHSAG056451', 'lNONHSAG058109', 'lNONHSAG058533', 'lNONHSAG071444', 'lNONHSAG073419', 'lNONHSAG079231', 'lNONHSAG084937', 'lNONHSAG091284', 'lNONHSAG091943', 'lNONHSAG096227', 'lNONHSAG099082', 'lNONHSAG110858', 'lENSG00000223783', 'lENSG00000230061', 'lENSG00000232442', 'lENSG00000232500', 'lENSG00000233047', 'lENSG00000234169', 'lENSG00000234546', 'lENSG00000251061', 'lENSG00000254791', 'lENSG00000255427', 'lENSG00000256742', 'lENSG00000256769', 'lENSG00000267395', 'lENSG00000269019', 'lENSG00000278709', 'lAQP4-AS1', 'lCCAT2', 'lGATA3-AS1', 'lTRAM2-AS1', 'lSLC2A1-AS1', 'lAC061992.2', 'lAC137932.5', 'lCTB-60B18.10', 'lRP11-137H2.4', 'lRP11-21J18.1', 'lRP11-276H7.2', 'lRP11-514P8.8', 'lXXbac-B444P24.8', 'lRP5-1063M23.1', 'lNONHSAG000265', 'lNONHSAG000298', 'lNONHSAG000636', 'lNONHSAG001030', 'lNONHSAG001613', 'lNONHSAG004351', 'lNONHSAG005363', 'lNONHSAG005652', 'lNONHSAG005690', 'lNONHSAG005739', 'lNONHSAG005830', 'lNONHSAG005870', 'lNONHSAG005901', 'lNONHSAG006166', 'lNONHSAG006450', 'lNONHSAG006479', 'lNONHSAG006487', 'lNONHSAG006554', 'lNONHSAG006765', 'lNONHSAG006863', 'lNONHSAG007031', 'lNONHSAG007035', 'lNONHSAG007065', 'lNONHSAG007093', 'lNONHSAG007123', 'lNONHSAG007166', 'lNONHSAG007225', 'lNONHSAG007268', 'lNONHSAG007578', 'lENSG00000167920', 'lENSG00000203469', 'lENSG00000204393', 'lENSG00000223641', 'lENSG00000223720', 'lENSG00000223993', 'lENSG00000224031', 'lENSG00000224277', 'lENSG00000224384', 'lENSG00000225537', 'lENSG00000226352', 'lENSG00000226486', 'lENSG00000227076', 'lENSG00000227606', 'lENSG00000228627', 'lENSG00000229502', 'lENSG00000230105', 'lENSG00000230131', 'lENSG00000230233', 'lENSG00000230741', 'lENSG00000230790', 'lENSG00000231272', 'lENSG00000231912', 'lENSG00000232072', 'lENSG00000232335', 'lENSG00000232396', 'lENSG00000232895', 'lENSG00000233070', 'lENSG00000233339', 'lENSG00000233706', 'lENSG00000233960', 'lENSG00000234979', 'lENSG00000235628', 'lENSG00000236022', 'lENSG00000236358', 'lENSG00000237015', 'lENSG00000237919', 'lENSG00000238140', 'lENSG00000239482', 'lENSG00000241383', 'lENSG00000241397', 'lENSG00000241577', 'lENSG00000244701', 'lENSG00000245385', 'lENSG00000248627', 'lENSG00000248969', 'lENSG00000249474', 'lENSG00000249547', 'lENSG00000249806', 'lENSG00000250629', 'lENSG00000251266', 'lENSG00000253134', 'lENSG00000253456', 'lENSG00000253503', 'lENSG00000253507', 'lENSG00000253539', 'lENSG00000253619', 'lENSG00000253645', 'lENSG00000253717', 'lENSG00000253858', 'lENSG00000253875', 'lENSG00000254011', 'lENSG00000254021', 'lENSG00000254141', 'lENSG00000254314', 'lENSG00000254604', 'lENSG00000254626', 'lENSG00000254990', 'lENSG00000255121', 'lENSG00000255366', 'lENSG00000256071', 'lENSG00000256083', 'lENSG00000256972', 'lENSG00000257004', 'lENSG00000257275', 'lENSG00000257997', 'lENSG00000258084', 'lENSG00000258167', 'lENSG00000258313', 'lENSG00000258331', 'lENSG00000258690', 'lENSG00000258784', 'lENSG00000258958', 'lENSG00000259678', 'lENSG00000261261', 'lENSG00000261307', 'lENSG00000261697', 'lENSG00000261723', 'lENSG00000263417', 'lENSG00000264254', 'lENSG00000265987', 'lENSG00000266397', 'lENSG00000266801', 'lENSG00000267378', 'lENSG00000267436', 'lENSG00000267583', 'lENSG00000267638', 'lENSG00000268906', 'lENSG00000269191', 'lENSG00000269802', 'lENSG00000269843', 'lENSG00000270726', 'lENSG00000271314', 'lENSG00000271901', 'lENSG00000272742', 'lENSG00000273360', 'lENSG00000273485', 'lENSG00000278000', 'lENSG00000279751', 'lENSG00000280224', 'lENSG00000280703', 'lENSG00000282950', 'lENSG00000283286', 'lENSG00000285861', 'lENSG00000286002', 'lENSG00000286018', 'lENSG00000286101', 'lENSG00000286584', 'lENSG00000286770', 'lENSG00000286795', 'lENSG00000286887', 'lENSG00000287198', 'lENSG00000287545', 'lENSG00000287556', 'lENSG00000287618', 'lENSG00000230649', 'lENSG00000232056', 'lENSG00000233200', 'lENSG00000254927', 'lENSG00000259123', 'lENSG00000265174', 'lENSG00000269460', 'lENSG00000273138', 'lENSG00000226032', 'lENSG00000271840', 'lENSG00000281408', 'lACA64']","[1.0, 1.0, 0.0, 0.0, 0.0, 1.0, 1.0, 0.0, 1.0, 1.0, 1.0, 0.0, 1.0, 0.0, 1.0, 0.0, 1.0, 1.0, 1.0, 0.0, 0.0, 0.0, 1.0, 1.0, 0.0, 1.0, 1.0, 0.0, 0.0, 1.0, 0.0, 1.0, 0.0, 0.0, 1.0, 1.0, 1.0, 1.0, 0.0, 1.0, 0.0, 0.0, 1.0, 0.0, 0.0, 0.0, 0.0, 1.0, 1.0, 1.0, 0.0, 0.0, 1.0, 1.0, 0.0, 0.0, 0.0, 1.0, 1.0, 1.0, 1.0, 1.0, 0.0, 0.0, 0.0, 1.0, 1.0, 0.0, 0.0, 0.0, 0.0, 1.0, 0.0, 0.0, 1.0, 0.0, 0.0, 0.0, 1.0, 0.0, 1.0, 1.0, 1.0, 0.0, 0.0, 0.0, 1.0, 1.0, 1.0, 1.0, 0.0, 1.0, 1.0, 1.0, 0.0, 0.0, 0.0, 0.0, 0.0, 1.0, 0.0, 0.0, 0.0, 0.0, 0.0, 0.0, 1.0, 0.0, 1.0, 1.0, 1.0, 1.0, 0.0, 1.0, 0.0, 0.0, 0.0, 1.0, 1.0, 0.0, 1.0, 1.0, 1.0, 0.0, 1.0, 0.0, 0.0, 0.0, 1.0, 1.0, 0.0, 0.0, 0.0, 1.0, 1.0, 0.0, 0.0, 1.0, 0.0, 1.0, 1.0, 0.0, 0.0, 0.0, 1.0, 0.0, 1.0, 1.0, 1.0, 1.0, 1.0, 0.0, 1.0, 0.0, 1.0, 1.0, 1.0, 0.0, 0.0, 1.0, 0.0, 0.0, 1.0, 1.0, 0.0, 0.0, 0.0, 1.0, 1.0, 0.0, 0.0, 0.0, 0.0, 1.0, 0.0, 0.0, 0.0, 0.0, 1.0, 0.0, 0.0, 1.0, 1.0, 1.0, 1.0, 1.0, 1.0, 0.0, 0.0, 1.0, 0.0, 0.0, 0.0, 1.0, 0.0, 0.0, 1.0, 1.0, 1.0, 1.0, 1.0, 0.0, 1.0, 1.0, 0.0, 1.0, 0.0, 1.0, 1.0, 0.0, 0.0, 0.0, 0.0, 0.0, 1.0, 0.0, 1.0, 1.0, 1.0, 0.0, 1.0, 0.0, 1.0, 1.0, 1.0, 1.0, 1.0, 1.0, 0.0, 0.0, 1.0, 0.0, 1.0, 0.0, 1.0, 0.0, 1.0, 0.0, 1.0, 1.0, 0.0, 1.0, 0.0, 0.0, 0.0, 1.0, 1.0, 0.0, 1.0, 0.0, 1.0, 0.0, 1.0, 0.0, 1.0, 1.0, 1.0, 0.0, 1.0, 1.0, 1.0, 1.0, 1.0, 1.0, 0.0, 1.0, 0.0, 1.0, 1.0, 0.0, 1.0, 0.0, 0.0, 1.0, 0.0, 1.0, 0.0, 0.0, 0.0, 1.0, 1.0, 0.0, 0.0, 0.0, 1.0, 0.0, 1.0, 1.0, 0.0, 1.0, 0.0, 0.0, 0.0, 1.0, 1.0, 0.0, 0.0, 0.0, 0.0, 0.0, 1.0, 0.0, 0.0, 1.0, 0.0, 0.0, 1.0, 1.0, 0.0, 1.0, 1.0, 1.0, 1.0, 0.0, 0.0, 1.0, 1.0, 1.0, 1.0, 1.0, 1.0, 1.0, 0.0]","[0.0, 1.0, 1.0, 0.0, 1.0, 1.0, 1.0, 1.0, 1.0, 0.0, 1.0, 1.0, 1.0, 1.0, 1.0, 1.0, 1.0, 0.0, 1.0, 1.0, 1.0, 1.0, 1.0, 0.0, 0.0, 0.0, 1.0, 1.0, 1.0, 1.0, 1.0, 1.0, 1.0, 1.0, 1.0, 1.0, 0.0, 0.0, 0.0, 1.0, 1.0, 0.0, 1.0, 1.0, 1.0, 1.0, 0.0, 1.0, 1.0, 1.0, 0.0, 0.0, 0.0, 1.0, 1.0, 0.0, 1.0, 1.0, 1.0, 1.0, 1.0, 1.0, 0.0, 1.0, 0.0, 1.0, 1.0, 1.0, 1.0, 0.0, 1.0, 1.0, 1.0, 1.0, 0.0, 1.0, 1.0, 0.0, 0.0, 0.0, 1.0, 1.0, 0.0, 1.0, 0.0, 1.0, 1.0, 1.0, 1.0, 1.0, 1.0, 0.0, 1.0, 1.0, 0.0, 1.0, 1.0, 1.0, 1.0, 1.0, 1.0, 1.0, 1.0, 1.0, 1.0, 1.0, 1.0, 1.0, 1.0, 1.0, 1.0, 0.0, 1.0, 1.0, 0.0, 1.0, 1.0, 1.0, 1.0, 1.0, 1.0, 1.0, 1.0, 0.0, 1.0, 1.0, 1.0, 0.0, 1.0, 1.0, 1.0, 1.0, 1.0, 1.0, 1.0, 1.0, 0.0, 1.0, 1.0, 1.0, 1.0, 0.0, 0.0, 0.0, 1.0, 1.0, 1.0, 0.0, 1.0, 0.0, 1.0, 0.0, 1.0, 1.0, 1.0, 1.0, 0.0, 0.0, 1.0, 1.0, 0.0, 1.0, 0.0, 0.0, 0.0, 0.0, 1.0, 1.0, 1.0, 0.0, 0.0, 0.0, 0.0, 0.0, 1.0, 1.0, 1.0, 0.0, 1.0, 0.0, 1.0, 1.0, 1.0, 0.0, 1.0, 0.0, 1.0, 1.0, 1.0, 1.0, 1.0, 0.0, 0.0, 1.0, 1.0, 1.0, 1.0, 1.0, 1.0, 0.0, 1.0, 1.0, 1.0, 1.0, 1.0, 1.0, 1.0, 1.0, 1.0, 1.0, 1.0, 1.0, 1.0, 1.0, 1.0, 1.0, 0.0, 1.0, 0.0, 1.0, 1.0, 1.0, 1.0, 1.0, 1.0, 1.0, 1.0, 1.0, 0.0, 1.0, 1.0, 0.0, 0.0, 1.0, 1.0, 1.0, 1.0, 1.0, 1.0, 1.0, 1.0, 1.0, 1.0, 1.0, 1.0, 1.0, 1.0, 1.0, 1.0, 0.0, 1.0, 0.0, 1.0, 1.0, 1.0, 1.0, 1.0, 1.0, 0.0, 1.0, 1.0, 1.0, 1.0, 1.0, 1.0, 1.0, 1.0, 1.0, 1.0, 1.0, 0.0, 1.0, 1.0, 1.0, 1.0, 1.0, 1.0, 1.0, 1.0, 1.0, 1.0, 1.0, 1.0, 1.0, 1.0, 1.0, 0.0, 1.0, 1.0, 1.0, 1.0, 1.0, 1.0, 1.0, 1.0, 1.0, 1.0, 1.0, 0.0, 1.0, 1.0, 0.0, 1.0, 1.0, 1.0, 1.0, 1.0, 1.0, 1.0, 1.0, 1.0, 1.0, 1.0, 0.0, 1.0, 1.0, 1.0, 1.0, 1.0, 1.0, 1.0, 1.0, 1.0]","[0.49769115126992414, 0.5209065110057056, 0.5180704807220811, 0.4965684280640371, 0.5050479126802695, 0.5287271446691666, 0.5240544733287376, 0.5195961752708188, 0.5120302349083515, 0.4909157882651069, 0.5292175524247406, 0.5137085219687776, 0.5059783660895746, 0.5228447455200211, 0.5046070415478079, 0.5267976103552237, 0.5205756940939598, 0.4879826586327426, 0.5240266887691523, 0.5237648478033611, 0.5235866765779785, 0.5176250036124145, 0.5311769588958087, 0.49571434636905815, 0.4987820360279857, 0.49854343774672616, 0.5131412383973615, 0.5361545261215298, 0.5189936750127787, 0.5238364537719971, 0.5233733316787204, 0.5162889203933593, 0.5466534619773037, 0.5195973476912953, 0.5013740294962848, 0.5173643391596126, 0.48911647731086116, 0.4836056856577348, 0.49216854270326504, 0.5108154860089342, 0.5009675055377408, 0.48407926889884895, 0.5283851610165686, 0.5062698481287561, 0.5227284389248006, 0.5205803918128705, 0.48370829552660405, 0.5104417689591992, 0.512625141471992, 0.5097686835164437, 0.49431641382918834, 0.49789992628835866, 0.46370660059936686, 0.5147050252355221, 0.5198608043977697, 0.4983214451746758, 0.500371530454655, 0.5145836567292785, 0.5349711661101225, 0.5250363491409678, 0.5148419330166895, 0.5206167902963034, 0.4902439228611855, 0.5184116570579917, 0.49893370186501124, 0.5271021269662439, 0.513207877134365, 0.5174194114818662, 0.5098333418703689, 0.48767843745976297, 0.5276258986254095, 0.5109299670779264, 0.5086086161350162, 0.5041898938309588, 0.49583764205926306, 0.5368504868853512, 0.5359756868485265, 0.4986575707162343, 0.49714350637980453, 0.47220691192076736, 0.5083028313643563, 0.5006685583574177, 0.4928544190982596, 0.523055554390217, 0.49693163360268633, 0.5308386274540108, 0.5326778608199161, 0.51300246069457, 0.511128830942903, 0.527062228271389, 0.517451013695757, 0.4896916131683867, 0.5291096992909298, 0.5171602132261042, 0.4981075135067244, 0.5236888086835292, 0.5001033294764715, 0.5190873962545124, 0.5165855273342633, 0.5455272242612622, 0.504996814587302, 0.5285794449485061, 0.5126268372723537, 0.5177515633595094, 0.5041542220759676, 0.5220637829504264, 0.527354613647595, 0.5017127606931042, 0.5103293393737973, 0.512073766284894, 0.5035480973303673, 0.499281861790355, 0.5016222568346117, 0.5052240612336367, 0.4828610511509954, 0.5157554303976166, 0.5215527471497549, 0.5310123637009119, 0.5217316688806901, 0.5176544926403127, 0.5086140520359137, 0.5199129419423058, 0.5272011163938913, 0.49548103775002483, 0.5248393047388262, 0.5192070928975382, 0.527493415401507, 0.48872352261275565, 0.5280526878904849, 0.5299451097710103, 0.5141591620804541, 0.5279299934090942, 0.5233278268289157, 0.5224932092204098, 0.5233920995301139, 0.5000053870581099, 0.49696397346919785, 0.508368541234766, 0.5208487869776398, 0.5455001971793312, 0.5051950100509996, 0.4911368780280331, 0.44525119741537794, 0.496910767541679, 0.521581683547113, 0.5043010606334527, 0.5191665175701949, 0.499457538600302, 0.5008081188585485, 0.49910473423368235, 0.5070727559144901, 0.493787729301725, 0.5201518552657296, 0.5032462387070625, 0.5132348212530897, 0.5034123833801977, 0.4949547920808562, 0.4681975997868064, 0.5205916610971978, 0.5107928521827115, 0.4856472532483468, 0.5406538371733254, 0.4966936028846803, 0.4874441990553299, 0.49092617728122995, 0.49849082631063, 0.5009735122161074, 0.5339835826489137, 0.5097597093416241, 0.4964246320734544, 0.47912484236387654, 0.47712023745002846, 0.47812916248575454, 0.4931201176764719, 0.5145769930350852, 0.5055182403396085, 0.5533766876728622, 0.494149679828749, 0.500365011140834, 0.49856433619926593, 0.5108291251193192, 0.526288635570059, 0.5028132989439068, 0.4886294062387662, 0.5114540889161914, 0.4854752871567709, 0.525750507245944, 0.5352228235490487, 0.5308373373383155, 0.5007287489295936, 0.5083962663068377, 0.49661968873201884, 0.4615159866157241, 0.5039131825043696, 0.5003432352523615, 0.5144498369255206, 0.5194820414439589, 0.5102322997564095, 0.5415317803967109, 0.4373040486024421, 0.5200783892229685, 0.5083952864663446, 0.521096657578022, 0.5262923405268536, 0.5165939058683171, 0.5242196485809221, 0.5268552915642789, 0.5195428476565138, 0.5219617423827371, 0.5111751103557242, 0.5200275562760852, 0.5292000819276733, 0.518129066361371, 0.510499795425959, 0.511349894446488, 0.5177590316910409, 0.4757366887157091, 0.517924758799218, 0.4984788372975622, 0.5283067602244127, 0.5150561261025289, 0.5065926837068129, 0.5251982337224794, 0.5135724405812191, 0.5017607234171018, 0.5158931114499424, 0.5298612302779863, 0.5209269325956299, 0.4996483531523974, 0.5320197577566121, 0.5195383847209872, 0.49956963772926277, 0.4748194120218134, 0.5005207541450105, 0.5010655239260505, 0.5267123461377673, 0.5321244402011323, 0.5176258172474942, 0.5157806040210295, 0.5053189829179451, 0.5277187302481252, 0.5191278050093134, 0.5052572810971457, 0.5278248982534997, 0.5262289534454437, 0.5106049890540197, 0.5193679365553114, 0.5119036852342587, 0.5208435692726874, 0.45574716667420556, 0.5290913995791255, 0.49359506460870184, 0.5068825997906605, 0.5252216457850534, 0.5172034428323597, 0.5158179190804022, 0.5161308607282115, 0.5270486711504332, 0.4792090688785806, 0.5156425997869002, 0.5192697592464083, 0.512405612185088, 0.5083586543850503, 0.5156263453114571, 0.5147003993939439, 0.5237076679730537, 0.5130879997624692, 0.5305348966491137, 0.5358774784868194, 0.5010744303377923, 0.49714506169131295, 0.5230163016416036, 0.5087769902921753, 0.5151450664514364, 0.5016666326545653, 0.5077534264319506, 0.5089572479085767, 0.530866712662698, 0.5165427441395536, 0.5257217075118737, 0.5152627810890353, 0.5383402180514735, 0.5526383727337443, 0.5159770101843759, 0.5651759690917928, 0.5215375428779015, 0.4932861989982481, 0.5265258253214877, 0.5341950245767703, 0.5293360950100178, 0.5185798315463581, 0.5196821462156053, 0.5034620115886914, 0.5241777453059233, 0.5204263875679295, 0.5332148860798156, 0.520843260174319, 0.5148445340966789, 0.49813714049818814, 0.504982917792531, 0.5143270669105207, 0.4799769644193931, 0.5290759432428265, 0.5043426781404154, 0.5182254437367088, 0.5078048196559269, 0.507340163023213, 0.5268419252864232, 0.5195477072433528, 0.5255158881597115, 0.500688724408725, 0.5036794249846732, 0.5314992666002707, 0.45686408768867254, 0.5121176142735506, 0.5364629620323274, 0.5199806229792335, 0.539210290379338, 0.5418595886836102, 0.5031530536649603, 0.5399035211729785, 0.5316313065924121, 0.5063720697510309]"
6,"['lNONHSAG000008', 'lNONHSAG000047', 'lNONHSAG000069', 'lNONHSAG000130', 'lNONHSAG000158', 'lNONHSAG000241', 'lNONHSAG000253', 'lNONHSAG000310', 'lNONHSAG000311', 'lNONHSAG000374', 'lNONHSAG000381', 'lNONHSAG000464', 'lNONHSAG000484', 'lNONHSAG000579', 'lNONHSAG000584', 'lNONHSAG000603', 'lNONHSAG000625', 'lNONHSAG000742', 'lNONHSAG000769', 'lNONHSAG000840', 'lNONHSAG000843', 'lNONHSAG000863', 'lNONHSAG000884', 'lNONHSAG000918', 'lNONHSAG000938', 'lNONHSAG000967', 'lNONHSAG001142', 'lNONHSAG001172', 'lNONHSAG001238', 'lNONHSAG001247', 'lNONHSAG001259', 'lNONHSAG001278', 'lNONHSAG001284', 'lNONHSAG001360', 'lNONHSAG001448', 'lNONHSAG001499', 'lNONHSAG001513', 'lNONHSAG001696', 'lNONHSAG001724', 'lNONHSAG001773', 'lNONHSAG001837', 'lNONHSAG001941', 'lNONHSAG001993', 'lNONHSAG002056', 'lNONHSAG002058', 'lNONHSAG002086', 'lNONHSAG002134', 'lNONHSAG002135', 'lNONHSAG002359', 'lNONHSAG002376', 'lNONHSAG002378', 'lNONHSAG002454', 'lNONHSAG002490', 'lNONHSAG002549', 'lNONHSAG002617', 'lNONHSAG002701', 'lNONHSAG002719', 'lNONHSAG002731', 'lNONHSAG002752', 'lNONHSAG002859', 'lNONHSAG002883', 'lNONHSAG002978', 'lNONHSAG003053', 'lNONHSAG003056', 'lNONHSAG003068', 'lNONHSAG003074', 'lNONHSAG003077', 'lNONHSAG003119', 'lNONHSAG003134', 'lNONHSAG003156', 'lNONHSAG003198', 'lNONHSAG003244', 'lNONHSAG003260', 'lNONHSAG003269', 'lNONHSAG003303', 'lNONHSAG003374', 'lNONHSAG003504', 'lNONHSAG003505', 'lNONHSAG003512', 'lNONHSAG003645', 'lNONHSAG003820', 'lNONHSAG003874', 'lNONHSAG003884', 'lNONHSAG003886', 'lNONHSAG003911', 'lNONHSAG003912', 'lNONHSAG003938', 'lNONHSAG003957', 'lNONHSAG003976', 'lNONHSAG004013', 'lNONHSAG004026', 'lNONHSAG004054', 'lNONHSAG004095', 'lNONHSAG004247', 'lNONHSAG004303', 'lNONHSAG004305', 'lNONHSAG004373', 'lNONHSAG004619', 'lNONHSAG004673', 'lNONHSAG004674', 'lNONHSAG004714', 'lNONHSAG004743', 'lNONHSAG004779', 'lNONHSAG004868', 'lNONHSAG005084', 'lNONHSAG005153', 'lNONHSAG005339', 'lNONHSAG005377', 'lNONHSAG005403', 'lNONHSAG005482', 'lNONHSAG005669', 'lNONHSAG005699', 'lNONHSAG005711', 'lNONHSAG005721', 'lNONHSAG005728', 'lNONHSAG005732', 'lNONHSAG005742', 'lNONHSAG005780', 'lNONHSAG005838', 'lNONHSAG005866', 'lNONHSAG005920', 'lNONHSAG006007', 'lNONHSAG006049', 'lNONHSAG006050', 'lNONHSAG006071', 'lNONHSAG006163', 'lNONHSAG006204', 'lNONHSAG006238', 'lNONHSAG006301', 'lNONHSAG006341', 'lNONHSAG006362', 'lNONHSAG006454', 'lNONHSAG006457', 'lNONHSAG006474', 'lNONHSAG006477', 'lNONHSAG006633', 'lNONHSAG006678', 'lNONHSAG006692', 'lNONHSAG006735', 'lNONHSAG006756', 'lNONHSAG006763', 'lNONHSAG006772', 'lNONHSAG006865', 'lNONHSAG006945', 'lNONHSAG006966', 'lNONHSAG007109', 'lNONHSAG007295', 'lNONHSAG007324', 'lNONHSAG007430', 'lNONHSAG007431', 'lNONHSAG007434', 'lNONHSAG007455', 'lNONHSAG007463', 'lNONHSAG007487', 'lNONHSAG007538', 'lNONHSAG007602', 'lNONHSAG007631', 'lNONHSAG007708', 'lNONHSAG007715', 'lNONHSAG007868', 'lNONHSAG007961', 'lNONHSAG007983', 'lNONHSAG007984', 'lNONHSAG008015', 'lNONHSAG008037', 'lNONHSAG008056', 'lNONHSAG008167', 'lNONHSAG008199', 'lNONHSAG008220', 'lNONHSAG008517', 'lNONHSAG008540', 'lNONHSAG008552', 'lNONHSAG008589', 'lNONHSAG008654', 'lNONHSAG008670', 'lNONHSAG008675', 'lNONHSAG008726', 'lNONHSAG008728', 'lNONHSAG008759', 'lNONHSAG008859', 'lNONHSAG008937', 'lNONHSAG008952', 'lNONHSAG008966', 'lNONHSAG009021', 'lNONHSAG009039', 'lNONHSAG009059', 'lNONHSAG009062', 'lNONHSAG009124', 'lNONHSAG009130', 'lNONHSAG009133', 'lNONHSAG009134', 'lNONHSAG009174', 'lNONHSAG009180', 'lNONHSAG009193', 'lNONHSAG009228', 'lNONHSAG009544', 'lNONHSAG009546', 'lNONHSAG009613', 'lNONHSAG009636', 'lNONHSAG009728', 'lNONHSAG009747', 'lNONHSAG009757', 'lNONHSAG009782', 'lNONHSAG009913', 'lNONHSAG009938', 'lNONHSAG009945', 'lNONHSAG009950', 'lNONHSAG009968', 'lNONHSAG009989', 'lNONHSAG010021', 'lNONHSAG010117', 'lNONHSAG010179', 'lNONHSAG010184', 'lNONHSAG010186', 'lNONHSAG010189', 'lNONHSAG010190', 'lNONHSAG010193', 'lNONHSAG010194', 'lNONHSAG010200', 'lNONHSAG010348', 'lNONHSAG010352', 'lNONHSAG010405', 'lNONHSAG010416', 'lNONHSAG010543', 'lNONHSAG010657', 'lNONHSAG010658', 'lNONHSAG010716', 'lNONHSAG010798', 'lNONHSAG010940', 'lNONHSAG010986', 'lNONHSAG010989', 'lNONHSAG011028', 'lNONHSAG011070', 'lNONHSAG011084', 'lNONHSAG011086', 'lNONHSAG011090', 'lNONHSAG011121', 'lNONHSAG011125', 'lNONHSAG011211', 'lNONHSAG011264', 'lNONHSAG011337', 'lNONHSAG011343', 'lNONHSAG011375', 'lNONHSAG011439', 'lNONHSAG011446', 'lNONHSAG011524', 'lNONHSAG011576', 'lNONHSAG011633', 'lNONHSAG011658', 'lNONHSAG011790', 'lNONHSAG011870', 'lNONHSAG011935', 'lNONHSAG012025', 'lNONHSAG012076', 'lNONHSAG012077', 'lNONHSAG012297', 'lNONHSAG012303', 'lNONHSAG012339', 'lNONHSAG012367', 'lNONHSAG012375', 'lNONHSAG012423', 'lNONHSAG012476', 'lNONHSAG012505', 'lNONHSAG012534', 'lNONHSAG012540', 'lNONHSAG012549', 'lNONHSAG012555', 'lNONHSAG012594', 'lNONHSAG012614', 'lNONHSAG012751', 'lNONHSAG013005', 'lNONHSAG013060', 'lNONHSAG013095', 'lNONHSAG013098', 'lNONHSAG013109', 'lNONHSAG013388', 'lNONHSAG013431', 'lNONHSAG013475', 'lNONHSAG013515', 'lNONHSAG013534', 'lNONHSAG013568', 'lNONHSAG013708', 'lNONHSAG013730', 'lNONHSAG013790', 'lNONHSAG013809', 'lNONHSAG013917', 'lNONHSAG013940', 'lNONHSAG013942', 'lNONHSAG013944', 'lNONHSAG013946', 'lNONHSAG013954', 'lNONHSAG013992', 'lNONHSAG014098', 'lNONHSAG014112', 'lNONHSAG014130', 'lNONHSAG014267', 'lNONHSAG014289', 'lNONHSAG014362', 'lNONHSAG014372', 'lNONHSAG014373', 'lNONHSAG014381', 'lNONHSAG014502', 'lNONHSAG014546', 'lNONHSAG014562', 'lNONHSAG014591', 'lNONHSAG014672', 'lNONHSAG014730', 'lNONHSAG014890', 'lNONHSAG014891', 'lNONHSAG014914', 'lNONHSAG015163', 'lNONHSAG015215', 'lNONHSAG015234', 'lNONHSAG015352', 'lNONHSAG015417', 'lNONHSAG015454', 'lNONHSAG015461', 'lNONHSAG015505', 'lNONHSAG015623', 'lNONHSAG015692', 'lNONHSAG015723', 'lNONHSAG015788', 'lNONHSAG015961', 'lNONHSAG016021', 'lNONHSAG016068', 'lNONHSAG016118', 'lNONHSAG016199', 'lNONHSAG016307', 'lNONHSAG016395', 'lNONHSAG016403', 'lNONHSAG016486', 'lNONHSAG016576', 'lNONHSAG016611', 'lNONHSAG016618', 'lNONHSAG016623', 'lNONHSAG016733', 'lNONHSAG016741', 'lNONHSAG016749', 'lNONHSAG016822', 'lNONHSAG016893', 'lNONHSAG017020', 'lNONHSAG017060', 'lNONHSAG017238', 'lNONHSAG017254', 'lNONHSAG017282', 'lNONHSAG017288', 'lNONHSAG017344', 'lNONHSAG017347', 'lNONHSAG017349', 'lNONHSAG017376', 'lNONHSAG017377', 'lNONHSAG017379', 'lNONHSAG017417', 'lNONHSAG017486', 'lNONHSAG017504', 'lNONHSAG017666', 'lNONHSAG017767', 'lNONHSAG017783', 'lNONHSAG017882', 'lNONHSAG017890', 'lNONHSAG017899', 'lNONHSAG018053', 'lNONHSAG018058', 'lNONHSAG018110', 'lNONHSAG018203', 'lNONHSAG018236', 'lNONHSAG018313', 'lNONHSAG018322', 'lNONHSAG018326', 'lNONHSAG018341', 'lNONHSAG018344', 'lNONHSAG018372', 'lNONHSAG018374', 'lNONHSAG018414', 'lNONHSAG018415', 'lNONHSAG018417', 'lNONHSAG018420', 'lNONHSAG018461', 'lNONHSAG018530', 'lNONHSAG018586', 'lNONHSAG018621', 'lNONHSAG018635', 'lNONHSAG018659', 'lNONHSAG018707', 'lNONHSAG018709', 'lNONHSAG018829', 'lNONHSAG018889', 'lNONHSAG018893', 'lNONHSAG018903', 'lNONHSAG018980', 'lNONHSAG019012', 'lNONHSAG019014', 'lNONHSAG019021', 'lNONHSAG019023', 'lNONHSAG019031', 'lNONHSAG019049', 'lNONHSAG019051', 'lNONHSAG019079', 'lNONHSAG019090', 'lNONHSAG019115', 'lNONHSAG019134', 'lNONHSAG019158', 'lNONHSAG019221', 'lNONHSAG019270', 'lNONHSAG019332', 'lNONHSAG019439', 'lNONHSAG019493', 'lNONHSAG019569', 'lNONHSAG019613', 'lNONHSAG019667', 'lNONHSAG019711', 'lNONHSAG019767', 'lNONHSAG019813', 'lNONHSAG019814', 'lNONHSAG019848', 'lNONHSAG019852', 'lNONHSAG019878', 'lNONHSAG019898', 'lNONHSAG019967', 'lNONHSAG020053', 'lNONHSAG020066', 'lNONHSAG020075', 'lNONHSAG020091', 'lNONHSAG020107', 'lNONHSAG020153', 'lNONHSAG020155', 'lNONHSAG020218', 'lNONHSAG020223', 'lNONHSAG020252', 'lNONHSAG020259', 'lNONHSAG020260', 'lNONHSAG020274', 'lNONHSAG020277', 'lNONHSAG020278', 'lNONHSAG020281', 'lNONHSAG020298', 'lNONHSAG020304', 'lNONHSAG020312', 'lNONHSAG020321', 'lNONHSAG020325', 'lNONHSAG020339', 'lNONHSAG020361', 'lNONHSAG020367', 'lNONHSAG020372', 'lNONHSAG020374', 'lNONHSAG020382', 'lNONHSAG020403', 'lNONHSAG020474', 'lNONHSAG020476', 'lNONHSAG020600', 'lNONHSAG020616', 'lNONHSAG020729', 'lNONHSAG020731', 'lNONHSAG020755', 'lNONHSAG020759', 'lNONHSAG020760', 'lNONHSAG020762', 'lNONHSAG020771', 'lNONHSAG020957', 'lNONHSAG020990', 'lNONHSAG021042', 'lNONHSAG021072', 'lNONHSAG021307', 'lNONHSAG021309', 'lNONHSAG021315', 'lNONHSAG021335', 'lNONHSAG021342', 'lNONHSAG021347', 'lNONHSAG021370', 'lNONHSAG021390', 'lNONHSAG021400', 'lNONHSAG021408', 'lNONHSAG021410', 'lNONHSAG021431', 'lNONHSAG021432', 'lNONHSAG021433', 'lNONHSAG021471', 'lNONHSAG021557', 'lNONHSAG021566', 'lNONHSAG021567', 'lNONHSAG021584', 'lNONHSAG021638', 'lNONHSAG021641', 'lNONHSAG021698', 'lNONHSAG021760', 'lNONHSAG021780', 'lNONHSAG021846', 'lNONHSAG021874', 'lNONHSAG021878', 'lNONHSAG021882', 'lNONHSAG021893', 'lNONHSAG021909', 'lNONHSAG021976', 'lNONHSAG021981', 'lNONHSAG022009', 'lNONHSAG022030', 'lNONHSAG022078', 'lNONHSAG022088', 'lNONHSAG022094', 'lNONHSAG022103', 'lNONHSAG022110', 'lNONHSAG022125', 'lNONHSAG022127', 'lNONHSAG022162', 'lNONHSAG022311', 'lNONHSAG022327', 'lNONHSAG022335', 'lNONHSAG022339', 'lNONHSAG022378', 'lNONHSAG022495', 'lNONHSAG022510', 'lNONHSAG022551', 'lNONHSAG022579', 'lNONHSAG022595', 'lNONHSAG022597', 'lNONHSAG022655', 'lNONHSAG022690', 'lNONHSAG022743', 'lNONHSAG022750', 'lNONHSAG022845', 'lNONHSAG022851', 'lNONHSAG022888', 'lNONHSAG022893', 'lNONHSAG022972', 'lNONHSAG022980', 'lNONHSAG023003', 'lNONHSAG023049', 'lNONHSAG023051', 'lNONHSAG023073', 'lNONHSAG023375', 'lNONHSAG023387', 'lNONHSAG023494', 'lNONHSAG023512', 'lNONHSAG023553', 'lNONHSAG023579', 'lNONHSAG023607', 'lNONHSAG023614', 'lNONHSAG023630', 'lNONHSAG023633', 'lNONHSAG023635', 'lNONHSAG023661', 'lNONHSAG023668', 'lNONHSAG023740', 'lNONHSAG023837', 'lNONHSAG023864', 'lNONHSAG023885', 'lNONHSAG023888', 'lNONHSAG023930', 'lNONHSAG023964', 'lNONHSAG024117', 'lNONHSAG024141', 'lNONHSAG024146', 'lNONHSAG024171', 'lNONHSAG024224', 'lNONHSAG024244', 'lNONHSAG024332', 'lNONHSAG024340', 'lNONHSAG024341', 'lNONHSAG024354', 'lNONHSAG024362', 'lNONHSAG024364', 'lNONHSAG024381', 'lNONHSAG024391', 'lNONHSAG024393', 'lNONHSAG024395', 'lNONHSAG024428', 'lNONHSAG024540', 'lNONHSAG024637', 'lNONHSAG024668', 'lNONHSAG024671', 'lNONHSAG024676', 'lNONHSAG024681', 'lNONHSAG024809', 'lNONHSAG024810', 'lNONHSAG024818', 'lNONHSAG024826', 'lNONHSAG024903', 'lNONHSAG024905', 'lNONHSAG024908', 'lNONHSAG024913', 'lNONHSAG024921', 'lNONHSAG024923', 'lNONHSAG024925', 'lNONHSAG024979', 'lNONHSAG025011', 'lNONHSAG025135', 'lNONHSAG025137', 'lNONHSAG025157', 'lNONHSAG025185', 'lNONHSAG025319', 'lNONHSAG025352', 'lNONHSAG025483', 'lNONHSAG025485', 'lNONHSAG025609', 'lNONHSAG025712', 'lNONHSAG025743', 'lNONHSAG025744', 'lNONHSAG025864', 'lNONHSAG025865', 'lNONHSAG025867', 'lNONHSAG025907', 'lNONHSAG025934', 'lNONHSAG025939', 'lNONHSAG025964', 'lNONHSAG025997', 'lNONHSAG026053', 'lNONHSAG026089', 'lNONHSAG026091', 'lNONHSAG026103', 'lNONHSAG026153', 'lNONHSAG026176', 'lNONHSAG026274', 'lNONHSAG026364', 'lNONHSAG026386', 'lNONHSAG026575', 'lNONHSAG026599', 'lNONHSAG026631', 'lNONHSAG026661', 'lNONHSAG026720', 'lNONHSAG026721', 'lNONHSAG026737', 'lNONHSAG026743', 'lNONHSAG026781', 'lNONHSAG026852', 'lNONHSAG026854', 'lNONHSAG026856', 'lNONHSAG027017', 'lNONHSAG027075', 'lNONHSAG027110', 'lNONHSAG027276', 'lNONHSAG027278', 'lNONHSAG027374', 'lNONHSAG027421', 'lNONHSAG027482', 'lNONHSAG027598', 'lNONHSAG027618', 'lNONHSAG027675', 'lNONHSAG027692', 'lNONHSAG027694', 'lNONHSAG027709', 'lNONHSAG027837', 'lNONHSAG027874', 'lNONHSAG028045', 'lNONHSAG028083', 'lNONHSAG028093', 'lNONHSAG028112', 'lNONHSAG028141', 'lNONHSAG028142', 'lNONHSAG028159', 'lNONHSAG028403', 'lNONHSAG028713', 'lNONHSAG028720', 'lNONHSAG028820', 'lNONHSAG028857', 'lNONHSAG028870', 'lNONHSAG028913', 'lNONHSAG028948', 'lNONHSAG028996', 'lNONHSAG029033', 'lNONHSAG029080', 'lNONHSAG029124', 'lNONHSAG029267', 'lNONHSAG029312', 'lNONHSAG029336', 'lNONHSAG029377', 'lNONHSAG029467', 'lNONHSAG029830', 'lNONHSAG029873', 'lNONHSAG029880', 'lNONHSAG029933', 'lNONHSAG029956', 'lNONHSAG029957', 'lNONHSAG029958', 'lNONHSAG029959', 'lNONHSAG029960', 'lNONHSAG029961', 'lNONHSAG029962', 'lNONHSAG029964', 'lNONHSAG029965', 'lNONHSAG030074', 'lNONHSAG030113', 'lNONHSAG030129', 'lNONHSAG030244', 'lNONHSAG030258', 'lNONHSAG030278', 'lNONHSAG030279', 'lNONHSAG030304', 'lNONHSAG030333', 'lNONHSAG030410', 'lNONHSAG030440', 'lNONHSAG030487', 'lNONHSAG030516', 'lNONHSAG030525', 'lNONHSAG030582', 'lNONHSAG030583', 'lNONHSAG030738', 'lNONHSAG030739', 'lNONHSAG031025', 'lNONHSAG031035', 'lNONHSAG031123', 'lNONHSAG031261', 'lNONHSAG031385', 'lNONHSAG031425', 'lNONHSAG031452', 'lNONHSAG031453', 'lNONHSAG031481', 'lNONHSAG031563', 'lNONHSAG031565', 'lNONHSAG031581', 'lNONHSAG031584', 'lNONHSAG031636', 'lNONHSAG031696', 'lNONHSAG031853', 'lNONHSAG031900', 'lNONHSAG031913', 'lNONHSAG031991', 'lNONHSAG032063', 'lNONHSAG032126', 'lNONHSAG032247', 'lNONHSAG032267', 'lNONHSAG032297', 'lNONHSAG032302', 'lNONHSAG032309', 'lNONHSAG032312', 'lNONHSAG032537', 'lNONHSAG032560', 'lNONHSAG032664', 'lNONHSAG032682', 'lNONHSAG032724', 'lNONHSAG032735', 'lNONHSAG032737', 'lNONHSAG032748', 'lNONHSAG032750', 'lNONHSAG033027', 'lNONHSAG033061', 'lNONHSAG033100', 'lNONHSAG033105', 'lNONHSAG033121', 'lNONHSAG033168', 'lNONHSAG033170', 'lNONHSAG033216', 'lNONHSAG033224', 'lNONHSAG033254', 'lNONHSAG033263', 'lNONHSAG033266', 'lNONHSAG033298', 'lNONHSAG033328', 'lNONHSAG033342', 'lNONHSAG033352', 'lNONHSAG033368', 'lNONHSAG033386', 'lNONHSAG033390', 'lNONHSAG033435', 'lNONHSAG033459', 'lNONHSAG033471', 'lNONHSAG033480', 'lNONHSAG033528', 'lNONHSAG033589', 'lNONHSAG033611', 'lNONHSAG033645', 'lNONHSAG033691', 'lNONHSAG033716', 'lNONHSAG033735', 'lNONHSAG033748', 'lNONHSAG033810', 'lNONHSAG033862', 'lNONHSAG033896', 'lNONHSAG033898', 'lNONHSAG033899', 'lNONHSAG033937', 'lNONHSAG034006', 'lNONHSAG034014', 'lNONHSAG034021', 'lNONHSAG034032', 'lNONHSAG034217', 'lNONHSAG034417', 'lNONHSAG034418', 'lNONHSAG034492', 'lNONHSAG034508', 'lNONHSAG034527', 'lNONHSAG034676', 'lNONHSAG034678', 'lNONHSAG034801', 'lNONHSAG034845', 'lNONHSAG034846', 'lNONHSAG034935', 'lNONHSAG034973', 'lNONHSAG035096', 'lNONHSAG035103', 'lNONHSAG035262', 'lNONHSAG035287', 'lNONHSAG035382', 'lNONHSAG035456', 'lNONHSAG035531', 'lNONHSAG035568', 'lNONHSAG035806', 'lNONHSAG035914', 'lNONHSAG035916', 'lNONHSAG035919', 'lNONHSAG035923', 'lNONHSAG036047', 'lNONHSAG036054', 'lNONHSAG036115', 'lNONHSAG036120', 'lNONHSAG036263', 'lNONHSAG036273', 'lNONHSAG036403', 'lNONHSAG036407', 'lNONHSAG036412', 'lNONHSAG036413', 'lNONHSAG036667', 'lNONHSAG036718', 'lNONHSAG036783', 'lNONHSAG036866', 'lNONHSAG036922', 'lNONHSAG036926', 'lNONHSAG037025', 'lNONHSAG037061', 'lNONHSAG037072', 'lNONHSAG037073', 'lNONHSAG037080', 'lNONHSAG037082', 'lNONHSAG037083', 'lNONHSAG037096', 'lNONHSAG037137', 'lNONHSAG037146', 'lNONHSAG037164', 'lNONHSAG037241', 'lNONHSAG037348', 'lNONHSAG037559', 'lNONHSAG037891', 'lNONHSAG037946', 'lNONHSAG038001', 'lNONHSAG038024', 'lNONHSAG038060', 'lNONHSAG038091', 'lNONHSAG038162', 'lNONHSAG038343', 'lNONHSAG038397', 'lNONHSAG038502', 'lNONHSAG038530', 'lNONHSAG038561', 'lNONHSAG038578', 'lNONHSAG038663', 'lNONHSAG038675', 'lNONHSAG038676', 'lNONHSAG038836', 'lNONHSAG039037', 'lNONHSAG039038', 'lNONHSAG039147', 'lNONHSAG039293', 'lNONHSAG039295', 'lNONHSAG039319', 'lNONHSAG039617', 'lNONHSAG039620', 'lNONHSAG039634', 'lNONHSAG039637', 'lNONHSAG039654', 'lNONHSAG039664', 'lNONHSAG039749', 'lNONHSAG039872', 'lNONHSAG039951', 'lNONHSAG040179', 'lNONHSAG040188', 'lNONHSAG040226', 'lNONHSAG040241', 'lNONHSAG040269', 'lNONHSAG040320', 'lNONHSAG040329', 'lNONHSAG040408', 'lNONHSAG040444', 'lNONHSAG040481', 'lNONHSAG040542', 'lNONHSAG040560', 'lNONHSAG040601', 'lNONHSAG040692', 'lNONHSAG040700', 'lNONHSAG040729', 'lNONHSAG040804', 'lNONHSAG040859', 'lNONHSAG040870', 'lNONHSAG040909', 'lNONHSAG040945', 'lNONHSAG040969', 'lNONHSAG040976', 'lNONHSAG041002', 'lNONHSAG041017', 'lNONHSAG041023', 'lNONHSAG041241', 'lNONHSAG041480', 'lNONHSAG041529', 'lNONHSAG041592', 'lNONHSAG041707', 'lNONHSAG041716', 'lNONHSAG041758', 'lNONHSAG041844', 'lNONHSAG041966', 'lNONHSAG041981', 'lNONHSAG042033', 'lNONHSAG042050', 'lNONHSAG042062', 'lNONHSAG042080', 'lNONHSAG042132', 'lNONHSAG042138', 'lNONHSAG042218', 'lNONHSAG042257', 'lNONHSAG042270', 'lNONHSAG042306', 'lNONHSAG042370', 'lNONHSAG042433', 'lNONHSAG042476', 'lNONHSAG042491', 'lNONHSAG042500', 'lNONHSAG042722', 'lNONHSAG042724', 'lNONHSAG042836', 'lNONHSAG042855', 'lNONHSAG042957', 'lNONHSAG042966', 'lNONHSAG042970', 'lNONHSAG042991', 'lNONHSAG043138', 'lNONHSAG043159', 'lNONHSAG043229', 'lNONHSAG043250', 'lNONHSAG043303', 'lNONHSAG043433', 'lNONHSAG043550', 'lNONHSAG043592', 'lNONHSAG043625', 'lNONHSAG043657', 'lNONHSAG043770', 'lNONHSAG043851', 'lNONHSAG043934', 'lNONHSAG044022', 'lNONHSAG044041', 'lNONHSAG044064', 'lNONHSAG044283', 'lNONHSAG044350', 'lNONHSAG044429', 'lNONHSAG044533', 'lNONHSAG044624', 'lNONHSAG044709', 'lNONHSAG044751', 'lNONHSAG044791', 'lNONHSAG045131', 'lNONHSAG045160', 'lNONHSAG045163', 'lNONHSAG045166', 'lNONHSAG045306', 'lNONHSAG045383', 'lNONHSAG045430', 'lNONHSAG046730', 'lNONHSAG046765', 'lNONHSAG046781', 'lNONHSAG046811', 'lNONHSAG046839', 'lNONHSAG046953', 'lNONHSAG047182', 'lNONHSAG047191', 'lNONHSAG047197', 'lNONHSAG047260', 'lNONHSAG047319', 'lNONHSAG047433', 'lNONHSAG047463', 'lNONHSAG047469', 'lNONHSAG047471', 'lNONHSAG047543', 'lNONHSAG047544', 'lNONHSAG047547', 'lNONHSAG047619', 'lNONHSAG047620', 'lNONHSAG047725', 'lNONHSAG047792', 'lNONHSAG047796', 'lNONHSAG047830', 'lNONHSAG047840', 'lNONHSAG047842', 'lNONHSAG047851', 'lNONHSAG047951', 'lNONHSAG047973', 'lNONHSAG048057', 'lNONHSAG048101', 'lNONHSAG048114', 'lNONHSAG048189', 'lNONHSAG048191', 'lNONHSAG048201', 'lNONHSAG048228', 'lNONHSAG048231', 'lNONHSAG048270', 'lNONHSAG048302', 'lNONHSAG048323', 'lNONHSAG048354', 'lNONHSAG048439', 'lNONHSAG048464', 'lNONHSAG048598', 'lNONHSAG048602', 'lNONHSAG048603', 'lNONHSAG048610', 'lNONHSAG048623', 'lNONHSAG048624', 'lNONHSAG048626', 'lNONHSAG048641', 'lNONHSAG048682', 'lNONHSAG048781', 'lNONHSAG048817', 'lNONHSAG049050', 'lNONHSAG049051', 'lNONHSAG049119', 'lNONHSAG049129', 'lNONHSAG049157', 'lNONHSAG049185', 'lNONHSAG049191', 'lNONHSAG049288', 'lNONHSAG049356', 'lNONHSAG049421', 'lNONHSAG049507', 'lNONHSAG049626', 'lNONHSAG049655', 'lNONHSAG049754', 'lNONHSAG049801', 'lNONHSAG049901', 'lNONHSAG050073', 'lNONHSAG050167', 'lNONHSAG050168', 'lNONHSAG050272', 'lNONHSAG050273', 'lNONHSAG050284', 'lNONHSAG050423', 'lNONHSAG050445', 'lNONHSAG050493', 'lNONHSAG050518', 'lNONHSAG050670', 'lNONHSAG050769', 'lNONHSAG050786', 'lNONHSAG050815', 'lNONHSAG050929', 'lNONHSAG050985', 'lNONHSAG051010', 'lNONHSAG051015', 'lNONHSAG051166', 'lNONHSAG051196', 'lNONHSAG051245', 'lNONHSAG051250', 'lNONHSAG051255', 'lNONHSAG051259', 'lNONHSAG051260', 'lNONHSAG051263', 'lNONHSAG051266', 'lNONHSAG051291', 'lNONHSAG051448', 'lNONHSAG051454', 'lNONHSAG051523', 'lNONHSAG051542', 'lNONHSAG051567', 'lNONHSAG051568', 'lNONHSAG051770', 'lNONHSAG051898', 'lNONHSAG051958', 'lNONHSAG052046', 'lNONHSAG052119', 'lNONHSAG052149', 'lNONHSAG052151', 'lNONHSAG052179', 'lNONHSAG052454', 'lNONHSAG052491', 'lNONHSAG052492', 'lNONHSAG052495', 'lNONHSAG052510', 'lNONHSAG052511', 'lNONHSAG052609', 'lNONHSAG052680', 'lNONHSAG052686', 'lNONHSAG052709', 'lNONHSAG052726', 'lNONHSAG052925', 'lNONHSAG052929', 'lNONHSAG052931', 'lNONHSAG052933', 'lNONHSAG053007', 'lNONHSAG053014', 'lNONHSAG053028', 'lNONHSAG053033', 'lNONHSAG053082', 'lNONHSAG053108', 'lNONHSAG053162', 'lNONHSAG053228', 'lNONHSAG053419', 'lNONHSAG053456', 'lNONHSAG053499', 'lNONHSAG053500', 'lNONHSAG053502', 'lNONHSAG053546', 'lNONHSAG053547', 'lNONHSAG053590', 'lNONHSAG053602', 'lNONHSAG053626', 'lNONHSAG053631', 'lNONHSAG053651', 'lNONHSAG053716', 'lNONHSAG053719', 'lNONHSAG053748', 'lNONHSAG053796', 'lNONHSAG053802', 'lNONHSAG053842', 'lNONHSAG054024', 'lNONHSAG054038', 'lNONHSAG054212', 'lNONHSAG054213', 'lNONHSAG054214', 'lNONHSAG054215', 'lNONHSAG054216', 'lNONHSAG054301', 'lNONHSAG054360', 'lNONHSAG054432', 'lNONHSAG054699', 'lNONHSAG054716', 'lNONHSAG054717', 'lNONHSAG054718', 'lNONHSAG054780', 'lNONHSAG054791', 'lNONHSAG054807', 'lNONHSAG054832', 'lNONHSAG055008', 'lNONHSAG055092', 'lNONHSAG055258', 'lNONHSAG055418', 'lNONHSAG055450', 'lNONHSAG055546', 'lNONHSAG055558', 'lNONHSAG055565', 'lNONHSAG055577', 'lNONHSAG055582', 'lNONHSAG056025', 'lNONHSAG056029', 'lNONHSAG056053', 'lNONHSAG056451', 'lNONHSAG056733', 'lNONHSAG056746', 'lNONHSAG056868', 'lNONHSAG056875', 'lNONHSAG057260', 'lNONHSAG058006', 'lNONHSAG058109', 'lNONHSAG058112', 'lNONHSAG058118', 'lNONHSAG058128', 'lNONHSAG058533', 'lNONHSAG059768', 'lNONHSAG060586', 'lNONHSAG061096', 'lNONHSAG061404', 'lNONHSAG061492', 'lNONHSAG063700', 'lNONHSAG064962', 'lNONHSAG065252', 'lNONHSAG068402', 'lNONHSAG068639', 'lNONHSAG069030', 'lNONHSAG069147', 'lNONHSAG069876', 'lNONHSAG070257', 'lNONHSAG071444', 'lNONHSAG072176', 'lNONHSAG072945', 'lNONHSAG073025', 'lNONHSAG073380', 'lNONHSAG073406', 'lNONHSAG073419', 'lNONHSAG073786', 'lNONHSAG074052', 'lNONHSAG074661', 'lNONHSAG075363', 'lNONHSAG077475', 'lNONHSAG077527', 'lNONHSAG077551', 'lNONHSAG079231', 'lNONHSAG080772', 'lNONHSAG081227', 'lNONHSAG081583', 'lNONHSAG081993', 'lNONHSAG082891', 'lNONHSAG083209', 'lNONHSAG083289', 'lNONHSAG083615', 'lNONHSAG083859', 'lNONHSAG083883', 'lNONHSAG083894', 'lNONHSAG084701', 'lNONHSAG084832', 'lNONHSAG084937', 'lNONHSAG085975', 'lNONHSAG088562', 'lNONHSAG089857', 'lNONHSAG091284', 'lNONHSAG091452', 'lNONHSAG091943', 'lNONHSAG092907', 'lNONHSAG093064', 'lNONHSAG093078', 'lNONHSAG093517', 'lNONHSAG094075', 'lNONHSAG094129', 'lNONHSAG094269', 'lNONHSAG096130', 'lNONHSAG096227', 'lNONHSAG096230', 'lNONHSAG097344', 'lNONHSAG097347', 'lNONHSAG098653', 'lNONHSAG099082', 'lNONHSAG099120', 'lNONHSAG099126', 'lNONHSAG099742', 'lNONHSAG099774', 'lNONHSAG101229', 'lNONHSAG102572', 'lNONHSAG102979', 'lNONHSAG103259', 'lNONHSAG103457', 'lNONHSAG103817', 'lNONHSAG110420', 'lNONHSAG110858', 'lNONHSAG111667', 'lNONHSAG112396', 'lNONHSAG113761', 'lNONHSAG114445', 'lENSG00000103472', 'lENSG00000163364', 'lENSG00000171889', 'lENSG00000175061', 'lENSG00000177410', 'lENSG00000179406', 'lENSG00000189295', 'lENSG00000198221', 'lENSG00000198468', 'lENSG00000203497', 'lENSG00000205611', 'lENSG00000223764', 'lENSG00000223783', 'lENSG00000224057', 'lENSG00000224078', 'lENSG00000224614', 'lENSG00000225470', 'lENSG00000225855', 'lENSG00000226137', 'lENSG00000227082', 'lENSG00000227256', 'lENSG00000227963', 'lENSG00000228022', 'lENSG00000228526', 'lENSG00000229335', 'lENSG00000229388', 'lENSG00000230046', 'lENSG00000230061', 'lENSG00000230257', 'lENSG00000230313', 'lENSG00000230400', 'lENSG00000230866', 'lENSG00000231019', 'lENSG00000231437', 'lENSG00000231473', 'lENSG00000231663', 'lENSG00000232265', 'lENSG00000232442', 'lENSG00000232500', 'lENSG00000233047', 'lENSG00000233387', 'lENSG00000233532', 'lENSG00000233590', 'lENSG00000234169', 'lENSG00000234222', 'lENSG00000234455', 'lENSG00000234546', 'lENSG00000234625', 'lENSG00000235385', 'lENSG00000235535', 'lENSG00000236535', 'lENSG00000237167', 'lENSG00000237396', 'lENSG00000237880', 'lENSG00000241388', 'lENSG00000242207', 'lENSG00000243479', 'lENSG00000244124', 'lENSG00000245067', 'lENSG00000245146', 'lENSG00000245614', 'lENSG00000246560', 'lENSG00000247095', 'lENSG00000247373', 'lENSG00000247400', 'lENSG00000249532', 'lENSG00000249786', 'lENSG00000249835', 'lENSG00000249993', 'lENSG00000250635', 'lENSG00000251003', 'lENSG00000251061', 'lENSG00000253315', 'lENSG00000254418', 'lENSG00000254480', 'lENSG00000254508', 'lENSG00000254635', 'lENSG00000254791', 'lENSG00000255427', 'lENSG00000255553', 'lENSG00000256742', 'lENSG00000256769', 'lENSG00000257084', 'lENSG00000257557', 'lENSG00000258197', 'lENSG00000258912', 'lENSG00000259289', 'lENSG00000259424', 'lENSG00000260219', 'lENSG00000260280', 'lENSG00000260924', 'lENSG00000260969', 'lENSG00000261423', 'lENSG00000261780', 'lENSG00000263718', 'lENSG00000264672', 'lENSG00000265374', 'lENSG00000266402', 'lENSG00000266970', 'lENSG00000267296', 'lENSG00000267321', 'lENSG00000267395', 'lENSG00000267413', 'lENSG00000267440', 'lENSG00000267858', 'lENSG00000269019', 'lENSG00000269911', 'lENSG00000269939', 'lENSG00000270084', 'lENSG00000270344', 'lENSG00000270959', 'lENSG00000274372', 'lENSG00000278709', 'lENSG00000278970', 'lENSG00000279296', 'lENSG00000281189', 'lENSG00000284070', 'lENSG00000285644', 'lENSG00000286004', 'lENSG00000286737', 'lENSG00000288080', 'lENSG00000224167', 'lENSG00000224739', 'lA1BG-AS1', 'lADAMTS9-AS2', 'lANKRD62P1-PARP4P3', 'lAQP4-AS1', 'lASMTL-AS1', 'lBANCR', 'lCCAT2', 'lCDKN2B-AS1', 'lCRNDE', 'lDGKK', 'lDLX6-AS1', 'lEGOT', 'lFEZF1-AS1', 'lGATA3-AS1', 'lGHET1', 'lHEIH', 'lHOTAIRM1', 'lHOXA-AS3', 'lINHBA-AS1', 'lJPX', 'lJRK', 'lKCTD21-AS1', 'lKTN1-AS1', 'lLAMTOR5-AS1', 'lLBX2-AS1', 'lLINC00173', 'lLINC00174', 'lLINC00240', 'lLINC00333', 'lLINC00472', 'lLPP-AS2', 'lMCM3AP-AS1', 'lMEG3', 'lMIR181A1HG', 'lMIR31HG', 'lMYLK-AS1', 'lPANDAR', 'lPCGEM1', 'lPVT1', 'lRMST', 'lSNHG15', 'lSNHG16', 'lSNX29P2', 'lTPTEP1', 'lTRAM2-AS1', 'lZFAS1', 'lZNF286B', 'lLINC00461', 'lLINC00514', 'lSLC2A1-AS1', 'lSRP14-AS1', 'lAC007009.1', 'lPWAR6', 'lAC004840.8', 'lAC061992.2', 'lAC103564.7', 'lAC137932.5', 'lAL928742.12', 'lCTB-60B18.10', 'lCTB-91J4.1', 'lCTC-338M12.2', 'lCTD-2165H16.4', 'lCTD-2195B23.3', 'lCTD-2540L5.5', 'lKB-7G2.8', 'lLA16c-321D4.2', 'lLA16c-380H5.3', 'lLL22NC03-23C6.13', 'lRP1-283E3.8', 'lRP11-100F15.1', 'lRP11-104E19.1', 'lRP11-108M9.3', 'lRP11-123O10.4', 'lRP11-137H2.4', 'lRP11-197N18.2', 'lRP11-21J18.1', 'lRP11-227H15.4', 'lRP11-243J18.2', 'lRP11-24P14.1', 'lRP11-264B17.3', 'lRP11-276H7.2', 'lRP11-2C24.4', 'lRP11-305P14.1', 'lRP11-439K3.1', 'lRP11-49K24.4', 'lRP11-514P8.8', 'lRP11-550C4.6', 'lRP4-756H11.3', 'lRP5-1061H20.4', 'lRP5-1074L1.1', 'lRP5-1160K1.8', 'lXXbac-B444P24.8', 'lXXbac-BPG300A18.13', 'lAC018766.4', 'lCTD-2231H16.1', 'lHNRNPU-AS1', 'lRP11-672A2.1', 'lRP5-1063M23.1', 'lRP11-495P10.8', 'lCTA-250D10.23', 'lRP4-610C12.4', 'lLINC00035', 'lRP11-408H20.2', 'lNONHSAG000157', 'lNONHSAG000265', 'lNONHSAG000297', 'lNONHSAG000298', 'lNONHSAG000623', 'lNONHSAG000636', 'lNONHSAG000677', 'lNONHSAG000896', 'lNONHSAG000969', 'lNONHSAG000994', 'lNONHSAG001008', 'lNONHSAG001014', 'lNONHSAG001028', 'lNONHSAG001030', 'lNONHSAG001033', 'lNONHSAG001147', 'lNONHSAG001171', 'lNONHSAG001207', 'lNONHSAG001240', 'lNONHSAG001258', 'lNONHSAG001419', 'lNONHSAG001435', 'lNONHSAG001613', 'lNONHSAG002403', 'lNONHSAG002487', 'lNONHSAG002726', 'lNONHSAG002790', 'lNONHSAG002816', 'lNONHSAG003227', 'lNONHSAG003308', 'lNONHSAG003418', 'lNONHSAG003459', 'lNONHSAG003810', 'lNONHSAG003881', 'lNONHSAG004227', 'lNONHSAG004351', 'lNONHSAG004475', 'lNONHSAG004507', 'lNONHSAG004638', 'lNONHSAG005249', 'lNONHSAG005363', 'lNONHSAG005473', 'lNONHSAG005652', 'lNONHSAG005679', 'lNONHSAG005690', 'lNONHSAG005717', 'lNONHSAG005725', 'lNONHSAG005727', 'lNONHSAG005739', 'lNONHSAG005740', 'lNONHSAG005746', 'lNONHSAG005747', 'lNONHSAG005760', 'lNONHSAG005761', 'lNONHSAG005789', 'lNONHSAG005797', 'lNONHSAG005809', 'lNONHSAG005821', 'lNONHSAG005830', 'lNONHSAG005842', 'lNONHSAG005847', 'lNONHSAG005851', 'lNONHSAG005852', 'lNONHSAG005853', 'lNONHSAG005855', 'lNONHSAG005856', 'lNONHSAG005857', 'lNONHSAG005859', 'lNONHSAG005862', 'lNONHSAG005870', 'lNONHSAG005885', 'lNONHSAG005901', 'lNONHSAG005915', 'lNONHSAG005935', 'lNONHSAG005936', 'lNONHSAG005939', 'lNONHSAG005985', 'lNONHSAG005986', 'lNONHSAG006012', 'lNONHSAG006022', 'lNONHSAG006078', 'lNONHSAG006086', 'lNONHSAG006091', 'lNONHSAG006097', 'lNONHSAG006103', 'lNONHSAG006160', 'lNONHSAG006166', 'lNONHSAG006183', 'lNONHSAG006186', 'lNONHSAG006188', 'lNONHSAG006221', 'lNONHSAG006240', 'lNONHSAG006274', 'lNONHSAG006290', 'lNONHSAG006293', 'lNONHSAG006300', 'lNONHSAG006314', 'lNONHSAG006324', 'lNONHSAG006376', 'lNONHSAG006377', 'lNONHSAG006382', 'lNONHSAG006388', 'lNONHSAG006395', 'lNONHSAG006399', 'lNONHSAG006405', 'lNONHSAG006407', 'lNONHSAG006412', 'lNONHSAG006415', 'lNONHSAG006434', 'lNONHSAG006440', 'lNONHSAG006450', 'lNONHSAG006459', 'lNONHSAG006479', 'lNONHSAG006487', 'lNONHSAG006493', 'lNONHSAG006507', 'lNONHSAG006527', 'lNONHSAG006536', 'lNONHSAG006551', 'lNONHSAG006554', 'lNONHSAG006557', 'lNONHSAG006573', 'lNONHSAG006576', 'lNONHSAG006579', 'lNONHSAG006581', 'lNONHSAG006586', 'lNONHSAG006591', 'lNONHSAG006602', 'lNONHSAG006646', 'lNONHSAG006653', 'lNONHSAG006716', 'lNONHSAG006748', 'lNONHSAG006750', 'lNONHSAG006765', 'lNONHSAG006779', 'lNONHSAG006808', 'lNONHSAG006830', 'lNONHSAG006832', 'lNONHSAG006837', 'lNONHSAG006855', 'lNONHSAG006863', 'lNONHSAG006883', 'lNONHSAG006889', 'lNONHSAG006894', 'lNONHSAG006909', 'lNONHSAG006915', 'lNONHSAG006922', 'lNONHSAG006967', 'lNONHSAG006970', 'lNONHSAG006976', 'lNONHSAG007000', 'lNONHSAG007008', 'lNONHSAG007020', 'lNONHSAG007023', 'lNONHSAG007029', 'lNONHSAG007031', 'lNONHSAG007035', 'lNONHSAG007063', 'lNONHSAG007065', 'lNONHSAG007087', 'lNONHSAG007093', 'lNONHSAG007103', 'lNONHSAG007118', 'lNONHSAG007123', 'lNONHSAG007129', 'lNONHSAG007139', 'lNONHSAG007155', 'lNONHSAG007166', 'lNONHSAG007172', 'lNONHSAG007222', 'lNONHSAG007224', 'lNONHSAG007225', 'lNONHSAG007242', 'lNONHSAG007259', 'lNONHSAG007268', 'lNONHSAG007298', 'lNONHSAG007414', 'lNONHSAG007419', 'lNONHSAG007429', 'lNONHSAG007458', 'lNONHSAG007488', 'lNONHSAG007531', 'lNONHSAG007533', 'lNONHSAG007543', 'lNONHSAG007544', 'lNONHSAG007563', 'lNONHSAG007574', 'lNONHSAG007578', 'lNONHSAG007587', 'lNONHSAG007599', 'lNONHSAG007621', 'lNONHSAG007632', 'lNONHSAG007638', 'lNONHSAG007730', 'lNONHSAG007932', 'lENSG00000083622', 'lENSG00000105501', 'lENSG00000122043', 'lENSG00000149443', 'lENSG00000167920', 'lENSG00000177596', 'lENSG00000178248', 'lENSG00000197644', 'lENSG00000197880', 'lENSG00000198054', 'lENSG00000203307', 'lENSG00000203434', 'lENSG00000203469', 'lENSG00000203472', 'lENSG00000203605', 'lENSG00000203864', 'lENSG00000204393', 'lENSG00000204464', 'lENSG00000205018', 'lENSG00000205452', 'lENSG00000205500', 'lENSG00000212856', 'lENSG00000219410', 'lENSG00000221845', 'lENSG00000222000', 'lENSG00000222032', 'lENSG00000222044', 'lENSG00000223374', 'lENSG00000223381', 'lENSG00000223400', 'lENSG00000223537', 'lENSG00000223563', 'lENSG00000223598', 'lENSG00000223634', 'lENSG00000223641', 'lENSG00000223643', 'lENSG00000223647', 'lENSG00000223720', 'lENSG00000223727', 'lENSG00000223786', 'lENSG00000223809', 'lENSG00000223831', 'lENSG00000223870', 'lENSG00000223881', 'lENSG00000223966', 'lENSG00000223993', 'lENSG00000224031', 'lENSG00000224075', 'lENSG00000224087', 'lENSG00000224095', 'lENSG00000224220', 'lENSG00000224277', 'lENSG00000224330', 'lENSG00000224384', 'lENSG00000224500', 'lENSG00000224535', 'lENSG00000224541', 'lENSG00000224549', 'lENSG00000224595', 'lENSG00000224645', 'lENSG00000224655', 'lENSG00000224794', 'lENSG00000224821', 'lENSG00000224844', 'lENSG00000224857', 'lENSG00000224922', 'lENSG00000224972', 'lENSG00000225012', 'lENSG00000225050', 'lENSG00000225129', 'lENSG00000225146', 'lENSG00000225325', 'lENSG00000225334', 'lENSG00000225457', 'lENSG00000225537', 'lENSG00000225570', 'lENSG00000225588', 'lENSG00000225647', 'lENSG00000225750', 'lENSG00000225751', 'lENSG00000225761', 'lENSG00000225886', 'lENSG00000225919', 'lENSG00000225929', 'lENSG00000226047', 'lENSG00000226089', 'lENSG00000226143', 'lENSG00000226193', 'lENSG00000226194', 'lENSG00000226238', 'lENSG00000226323', 'lENSG00000226337', 'lENSG00000226352', 'lENSG00000226398', 'lENSG00000226442', 'lENSG00000226454', 'lENSG00000226486', 'lENSG00000226508', 'lENSG00000226522', 'lENSG00000226542', 'lENSG00000226566', 'lENSG00000226576', 'lENSG00000226601', 'lENSG00000226647', 'lENSG00000226699', 'lENSG00000226770', 'lENSG00000226813', 'lENSG00000226883', 'lENSG00000226925', 'lENSG00000226956', 'lENSG00000227075', 'lENSG00000227076', 'lENSG00000227125', 'lENSG00000227131', 'lENSG00000227181', 'lENSG00000227197', 'lENSG00000227330', 'lENSG00000227360', 'lENSG00000227459', 'lENSG00000227482', 'lENSG00000227496', 'lENSG00000227509', 'lENSG00000227512', 'lENSG00000227606', 'lENSG00000227611', 'lENSG00000227680', 'lENSG00000227716', 'lENSG00000227718', 'lENSG00000227769', 'lENSG00000227930', 'lENSG00000227958', 'lENSG00000227960', 'lENSG00000228028', 'lENSG00000228082', 'lENSG00000228170', 'lENSG00000228215', 'lENSG00000228231', 'lENSG00000228261', 'lENSG00000228272', 'lENSG00000228351', 'lENSG00000228372', 'lENSG00000228470', 'lENSG00000228485', 'lENSG00000228548', 'lENSG00000228627', 'lENSG00000228826', 'lENSG00000228852', 'lENSG00000228939', 'lENSG00000228950', 'lENSG00000229152', 'lENSG00000229162', 'lENSG00000229167', 'lENSG00000229190', 'lENSG00000229224', 'lENSG00000229297', 'lENSG00000229331', 'lENSG00000229345', 'lENSG00000229370', 'lENSG00000229379', 'lENSG00000229444', 'lENSG00000229457', 'lENSG00000229487', 'lENSG00000229502', 'lENSG00000229528', 'lENSG00000229679', 'lENSG00000229688', 'lENSG00000229848', 'lENSG00000229953', 'lENSG00000229999', 'lENSG00000230010', 'lENSG00000230105', 'lENSG00000230109', 'lENSG00000230121', 'lENSG00000230131', 'lENSG00000230153', 'lENSG00000230155', 'lENSG00000230190', 'lENSG00000230197', 'lENSG00000230212', 'lENSG00000230233', 'lENSG00000230234', 'lENSG00000230323', 'lENSG00000230432', 'lENSG00000230483', 'lENSG00000230499', 'lENSG00000230599', 'lENSG00000230668', 'lENSG00000230735', 'lENSG00000230741', 'lENSG00000230759', 'lENSG00000230790', 'lENSG00000230794', 'lENSG00000230826', 'lENSG00000230830', 'lENSG00000230912', 'lENSG00000230918', 'lENSG00000230972', 'lENSG00000231081', 'lENSG00000231082', 'lENSG00000231092', 'lENSG00000231102', 'lENSG00000231114', 'lENSG00000231143', 'lENSG00000231253', 'lENSG00000231272', 'lENSG00000231407', 'lENSG00000231413', 'lENSG00000231440', 'lENSG00000231496', 'lENSG00000231539', 'lENSG00000231597', 'lENSG00000231678', 'lENSG00000231681', 'lENSG00000231724', 'lENSG00000231760', 'lENSG00000231781', 'lENSG00000231912', 'lENSG00000231914', 'lENSG00000231937', 'lENSG00000231953', 'lENSG00000231964', 'lENSG00000232031', 'lENSG00000232058', 'lENSG00000232072', 'lENSG00000232086', 'lENSG00000232120', 'lENSG00000232192', 'lENSG00000232197', 'lENSG00000232252', 'lENSG00000232286', 'lENSG00000232310', 'lENSG00000232328', 'lENSG00000232335', 'lENSG00000232359', 'lENSG00000232396', 'lENSG00000232451', 'lENSG00000232464', 'lENSG00000232465', 'lENSG00000232564', 'lENSG00000232596', 'lENSG00000232604', 'lENSG00000232710', 'lENSG00000232719', 'lENSG00000232746', 'lENSG00000232806', 'lENSG00000232893', 'lENSG00000232895', 'lENSG00000232930', 'lENSG00000232939', 'lENSG00000233070', 'lENSG00000233079', 'lENSG00000233179', 'lENSG00000233219', 'lENSG00000233222', 'lENSG00000233339', 'lENSG00000233407', 'lENSG00000233472', 'lENSG00000233479', 'lENSG00000233534', 'lENSG00000233574', 'lENSG00000233581', 'lENSG00000233613', 'lENSG00000233625', 'lENSG00000233656', 'lENSG00000233665', 'lENSG00000233689', 'lENSG00000233706', 'lENSG00000233851', 'lENSG00000233891', 'lENSG00000233960', 'lENSG00000233969', 'lENSG00000233985', 'lENSG00000234021', 'lENSG00000234055', 'lENSG00000234117', 'lENSG00000234149', 'lENSG00000234160', 'lENSG00000234172', 'lENSG00000234318', 'lENSG00000234504', 'lENSG00000234567', 'lENSG00000234622', 'lENSG00000234626', 'lENSG00000234653', 'lENSG00000234690', 'lENSG00000234693', 'lENSG00000234714', 'lENSG00000234756', 'lENSG00000234860', 'lENSG00000234900', 'lENSG00000234953', 'lENSG00000234961', 'lENSG00000234979', 'lENSG00000235011', 'lENSG00000235035', 'lENSG00000235050', 'lENSG00000235086', 'lENSG00000235122', 'lENSG00000235168', 'lENSG00000235262', 'lENSG00000235435', 'lENSG00000235494', 'lENSG00000235503', 'lENSG00000235533', 'lENSG00000235628', 'lENSG00000235635', 'lENSG00000235669', 'lENSG00000235786', 'lENSG00000235813', 'lENSG00000236022', 'lENSG00000236109', 'lENSG00000236242', 'lENSG00000236272', 'lENSG00000236324', 'lENSG00000236326', 'lENSG00000236358', 'lENSG00000236414', 'lENSG00000236452', 'lENSG00000236463', 'lENSG00000236498', 'lENSG00000236559', 'lENSG00000236648', 'lENSG00000236662', 'lENSG00000236723', 'lENSG00000236744', 'lENSG00000236758', 'lENSG00000236800', 'lENSG00000236828', 'lENSG00000236854', 'lENSG00000236921', 'lENSG00000236951', 'lENSG00000236953', 'lENSG00000236975', 'lENSG00000237015', 'lENSG00000237058', 'lENSG00000237073', 'lENSG00000237200', 'lENSG00000237293', 'lENSG00000237312', 'lENSG00000237324', 'lENSG00000237331', 'lENSG00000237337', 'lENSG00000237435', 'lENSG00000237463', 'lENSG00000237477', 'lENSG00000237481', 'lENSG00000237494', 'lENSG00000237520', 'lENSG00000237571', 'lENSG00000237576', 'lENSG00000237581', 'lENSG00000237670', 'lENSG00000237734', 'lENSG00000237756', 'lENSG00000237768', 'lENSG00000237802', 'lENSG00000237919', 'lENSG00000237921', 'lENSG00000237937', 'lENSG00000237993', 'lENSG00000238131', 'lENSG00000238140', 'lENSG00000238185', 'lENSG00000238282', 'lENSG00000238291', 'lENSG00000239314', 'lENSG00000239415', 'lENSG00000239482', 'lENSG00000239593', 'lENSG00000240354', 'lENSG00000240573', 'lENSG00000240868', 'lENSG00000241383', 'lENSG00000241397', 'lENSG00000241577', 'lENSG00000241593', 'lENSG00000241985', 'lENSG00000242012', 'lENSG00000242072', 'lENSG00000242339', 'lENSG00000242391', 'lENSG00000242545', 'lENSG00000242568', 'lENSG00000242618', 'lENSG00000242795', 'lENSG00000242861', 'lENSG00000243149', 'lENSG00000243273', 'lENSG00000243368', 'lENSG00000243797', 'lENSG00000243903', 'lENSG00000243961', 'lENSG00000244278', 'lENSG00000244327', 'lENSG00000244461', 'lENSG00000244701', 'lENSG00000245148', 'lENSG00000245385', 'lENSG00000247867', 'lENSG00000247925', 'lENSG00000248125', 'lENSG00000248145', 'lENSG00000248172', 'lENSG00000248245', 'lENSG00000248358', 'lENSG00000248373', 'lENSG00000248393', 'lENSG00000248397', 'lENSG00000248416', 'lENSG00000248457', 'lENSG00000248490', 'lENSG00000248599', 'lENSG00000248627', 'lENSG00000248789', 'lENSG00000248802', 'lENSG00000248925', 'lENSG00000248935', 'lENSG00000248969', 'lENSG00000248975', 'lENSG00000248984', 'lENSG00000249066', 'lENSG00000249071', 'lENSG00000249099', 'lENSG00000249111', 'lENSG00000249114', 'lENSG00000249297', 'lENSG00000249334', 'lENSG00000249382', 'lENSG00000249409', 'lENSG00000249419', 'lENSG00000249426', 'lENSG00000249441', 'lENSG00000249451', 'lENSG00000249474', 'lENSG00000249547', 'lENSG00000249605', 'lENSG00000249613', 'lENSG00000249697', 'lENSG00000249706', 'lENSG00000249742', 'lENSG00000249782', 'lENSG00000249806', 'lENSG00000249830', 'lENSG00000249865', 'lENSG00000249892', 'lENSG00000250062', 'lENSG00000250092', 'lENSG00000250186', 'lENSG00000250195', 'lENSG00000250242', 'lENSG00000250524', 'lENSG00000250541', 'lENSG00000250626', 'lENSG00000250629', 'lENSG00000250646', 'lENSG00000250657', 'lENSG00000250665', 'lENSG00000250698', 'lENSG00000250761', 'lENSG00000250820', 'lENSG00000250865', 'lENSG00000250866', 'lENSG00000250877', 'lENSG00000250910', 'lENSG00000250929', 'lENSG00000250949', 'lENSG00000250950', 'lENSG00000250955', 'lENSG00000250993', 'lENSG00000251059', 'lENSG00000251072', 'lENSG00000251088', 'lENSG00000251185', 'lENSG00000251194', 'lENSG00000251256', 'lENSG00000251266', 'lENSG00000251281', 'lENSG00000251283', 'lENSG00000251412', 'lENSG00000251414', 'lENSG00000251438', 'lENSG00000251688', 'lENSG00000253134', 'lENSG00000253142', 'lENSG00000253147', 'lENSG00000253167', 'lENSG00000253171', 'lENSG00000253189', 'lENSG00000253282', 'lENSG00000253397', 'lENSG00000253449', 'lENSG00000253456', 'lENSG00000253503', 'lENSG00000253507', 'lENSG00000253526', 'lENSG00000253530', 'lENSG00000253539', 'lENSG00000253577', 'lENSG00000253616', 'lENSG00000253619', 'lENSG00000253627', 'lENSG00000253643', 'lENSG00000253645', 'lENSG00000253660', 'lENSG00000253665', 'lENSG00000253717', 'lENSG00000253722', 'lENSG00000253754', 'lENSG00000253782', 'lENSG00000253851', 'lENSG00000253858', 'lENSG00000253865', 'lENSG00000253871', 'lENSG00000253875', 'lENSG00000253880', 'lENSG00000253927', 'lENSG00000253947', 'lENSG00000253976', 'lENSG00000254011', 'lENSG00000254021', 'lENSG00000254026', 'lENSG00000254031', 'lENSG00000254033', 'lENSG00000254035', 'lENSG00000254043', 'lENSG00000254084', 'lENSG00000254094', 'lENSG00000254123', 'lENSG00000254141', 'lENSG00000254171', 'lENSG00000254177', 'lENSG00000254239', 'lENSG00000254242', 'lENSG00000254263', 'lENSG00000254314', 'lENSG00000254325', 'lENSG00000254330', 'lENSG00000254347', 'lENSG00000254350', 'lENSG00000254380', 'lENSG00000254428', 'lENSG00000254429', 'lENSG00000254456', 'lENSG00000254516', 'lENSG00000254559', 'lENSG00000254563', 'lENSG00000254574', 'lENSG00000254592', 'lENSG00000254604', 'lENSG00000254626', 'lENSG00000254689', 'lENSG00000254787', 'lENSG00000254829', 'lENSG00000254842', 'lENSG00000254846', 'lENSG00000254847', 'lENSG00000254864', 'lENSG00000254879', 'lENSG00000254913', 'lENSG00000254921', 'lENSG00000254972', 'lENSG00000254983', 'lENSG00000254990', 'lENSG00000255027', 'lENSG00000255039', 'lENSG00000255041', 'lENSG00000255084', 'lENSG00000255114', 'lENSG00000255121', 'lENSG00000255159', 'lENSG00000255167', 'lENSG00000255241', 'lENSG00000255247', 'lENSG00000255252', 'lENSG00000255271', 'lENSG00000255300', 'lENSG00000255343', 'lENSG00000255357', 'lENSG00000255366', 'lENSG00000255375', 'lENSG00000255388', 'lENSG00000255390', 'lENSG00000255443', 'lENSG00000255462', 'lENSG00000255482', 'lENSG00000255487', 'lENSG00000255496', 'lENSG00000255498', 'lENSG00000255506', 'lENSG00000255523', 'lENSG00000255528', 'lENSG00000255539', 'lENSG00000255555', 'lENSG00000255565', 'lENSG00000255572', 'lENSG00000255580', 'lENSG00000255808', 'lENSG00000255839', 'lENSG00000255893', 'lENSG00000255949', 'lENSG00000256007', 'lENSG00000256071', 'lENSG00000256072', 'lENSG00000256083', 'lENSG00000256209', 'lENSG00000256226', 'lENSG00000256234', 'lENSG00000256292', 'lENSG00000256364', 'lENSG00000256448', 'lENSG00000256452', 'lENSG00000256482', 'lENSG00000256484', 'lENSG00000256568', 'lENSG00000256582', 'lENSG00000256670', 'lENSG00000256733', 'lENSG00000256897', 'lENSG00000256972', 'lENSG00000257004', 'lENSG00000257022', 'lENSG00000257096', 'lENSG00000257105', 'lENSG00000257137', 'lENSG00000257165', 'lENSG00000257235', 'lENSG00000257261', 'lENSG00000257264', 'lENSG00000257275', 'lENSG00000257342', 'lENSG00000257381', 'lENSG00000257407', 'lENSG00000257470', 'lENSG00000257488', 'lENSG00000257494', 'lENSG00000257500', 'lENSG00000257514', 'lENSG00000257527', 'lENSG00000257541', 'lENSG00000257587', 'lENSG00000257634', 'lENSG00000257653', 'lENSG00000257682', 'lENSG00000257732', 'lENSG00000257750', 'lENSG00000257764', 'lENSG00000257787', 'lENSG00000257860', 'lENSG00000257904', 'lENSG00000257925', 'lENSG00000257997', 'lENSG00000258007', 'lENSG00000258044', 'lENSG00000258084', 'lENSG00000258108', 'lENSG00000258167', 'lENSG00000258185', 'lENSG00000258210', 'lENSG00000258220', 'lENSG00000258234', 'lENSG00000258272', 'lENSG00000258292', 'lENSG00000258308', 'lENSG00000258312', 'lENSG00000258313', 'lENSG00000258323', 'lENSG00000258331', 'lENSG00000258378', 'lENSG00000258379', 'lENSG00000258390', 'lENSG00000258394', 'lENSG00000258425', 'lENSG00000258451', 'lENSG00000258460', 'lENSG00000258515', 'lENSG00000258516', 'lENSG00000258520', 'lENSG00000258610', 'lENSG00000258657', 'lENSG00000258670', 'lENSG00000258690', 'lENSG00000258695', 'lENSG00000258698', 'lENSG00000258742', 'lENSG00000258745', 'lENSG00000258784', 'lENSG00000258800', 'lENSG00000258824', 'lENSG00000258826', 'lENSG00000258829', 'lENSG00000258850', 'lENSG00000258869', 'lENSG00000258892', 'lENSG00000258904', 'lENSG00000258908', 'lENSG00000258944', 'lENSG00000258958', 'lENSG00000259007', 'lENSG00000259026', 'lENSG00000259187', 'lENSG00000259188', 'lENSG00000259194', 'lENSG00000259202', 'lENSG00000259211', 'lENSG00000259223', 'lENSG00000259250', 'lENSG00000259256', 'lENSG00000259265', 'lENSG00000259290', 'lENSG00000259294', 'lENSG00000259307', 'lENSG00000259342', 'lENSG00000259351', 'lENSG00000259352', 'lENSG00000259360', 'lENSG00000259385', 'lENSG00000259432', 'lENSG00000259532', 'lENSG00000259544', 'lENSG00000259595', 'lENSG00000259631', 'lENSG00000259636', 'lENSG00000259649', 'lENSG00000259659', 'lENSG00000259678', 'lENSG00000259757', 'lENSG00000259759', 'lENSG00000259767', 'lENSG00000259805', 'lENSG00000259935', 'lENSG00000259945', 'lENSG00000259955', 'lENSG00000259967', 'lENSG00000260003', 'lENSG00000260022', 'lENSG00000260058', 'lENSG00000260158', 'lENSG00000260186', 'lENSG00000260190', 'lENSG00000260237', 'lENSG00000260246', 'lENSG00000260304', 'lENSG00000260454', 'lENSG00000260476', 'lENSG00000260586', 'lENSG00000260605', 'lENSG00000260626', 'lENSG00000260659', 'lENSG00000260720', 'lENSG00000260741', 'lENSG00000260773', 'lENSG00000260798', 'lENSG00000260884', 'lENSG00000260911', 'lENSG00000260934', 'lENSG00000260970', 'lENSG00000260986', 'lENSG00000260999', 'lENSG00000261014', 'lENSG00000261036', 'lENSG00000261065', 'lENSG00000261066', 'lENSG00000261070', 'lENSG00000261243', 'lENSG00000261248', 'lENSG00000261261', 'lENSG00000261266', 'lENSG00000261307', 'lENSG00000261332', 'lENSG00000261379', 'lENSG00000261432', 'lENSG00000261475', 'lENSG00000261507', 'lENSG00000261523', 'lENSG00000261552', 'lENSG00000261569', 'lENSG00000261671', 'lENSG00000261697', 'lENSG00000261723', 'lENSG00000261729', 'lENSG00000261761', 'lENSG00000261838', 'lENSG00000261864', 'lENSG00000262151', 'lENSG00000262298', 'lENSG00000262434', 'lENSG00000262533', 'lENSG00000262652', 'lENSG00000262777', 'lENSG00000262815', 'lENSG00000263080', 'lENSG00000263257', 'lENSG00000263300', 'lENSG00000263321', 'lENSG00000263335', 'lENSG00000263417', 'lENSG00000263466', 'lENSG00000263585', 'lENSG00000263594', 'lENSG00000263618', 'lENSG00000263684', 'lENSG00000263709', 'lENSG00000263765', 'lENSG00000263847', 'lENSG00000263873', 'lENSG00000263952', 'lENSG00000263982', 'lENSG00000263986', 'lENSG00000264016', 'lENSG00000264023', 'lENSG00000264066', 'lENSG00000264107', 'lENSG00000264151', 'lENSG00000264254', 'lENSG00000264486', 'lENSG00000264513', 'lENSG00000264520', 'lENSG00000264558', 'lENSG00000264577', 'lENSG00000264595', 'lENSG00000264622', 'lENSG00000264734', 'lENSG00000264769', 'lENSG00000264825', 'lENSG00000264924', 'lENSG00000265125', 'lENSG00000265168', 'lENSG00000265265', 'lENSG00000265334', 'lENSG00000265359', 'lENSG00000265400', 'lENSG00000265443', 'lENSG00000265474', 'lENSG00000265554', 'lENSG00000265643', 'lENSG00000265728', 'lENSG00000265739', 'lENSG00000265743', 'lENSG00000265791', 'lENSG00000265840', 'lENSG00000265844', 'lENSG00000265845', 'lENSG00000265980', 'lENSG00000265987', 'lENSG00000265994', 'lENSG00000266102', 'lENSG00000266153', 'lENSG00000266311', 'lENSG00000266341', 'lENSG00000266368', 'lENSG00000266397', 'lENSG00000266535', 'lENSG00000266538', 'lENSG00000266541', 'lENSG00000266651', 'lENSG00000266696', 'lENSG00000266801', 'lENSG00000266839', 'lENSG00000266844', 'lENSG00000266877', 'lENSG00000266936', 'lENSG00000266985', 'lENSG00000266993', 'lENSG00000267000', 'lENSG00000267028', 'lENSG00000267057', 'lENSG00000267063', 'lENSG00000267225', 'lENSG00000267234', 'lENSG00000267255', 'lENSG00000267263', 'lENSG00000267274', 'lENSG00000267320', 'lENSG00000267341', 'lENSG00000267354', 'lENSG00000267364', 'lENSG00000267378', 'lENSG00000267387', 'lENSG00000267436', 'lENSG00000267437', 'lENSG00000267501', 'lENSG00000267543', 'lENSG00000267583', 'lENSG00000267593', 'lENSG00000267615', 'lENSG00000267617', 'lENSG00000267633', 'lENSG00000267638', 'lENSG00000267665', 'lENSG00000267711', 'lENSG00000267791', 'lENSG00000267838', 'lENSG00000267922', 'lENSG00000267980', 'lENSG00000268015', 'lENSG00000268049', 'lENSG00000268051', 'lENSG00000268069', 'lENSG00000268078', 'lENSG00000268203', 'lENSG00000268240', 'lENSG00000268289', 'lENSG00000268292', 'lENSG00000268296', 'lENSG00000268520', 'lENSG00000268605', 'lENSG00000268734', 'lENSG00000268743', 'lENSG00000268798', 'lENSG00000268833', 'lENSG00000268906', 'lENSG00000268981', 'lENSG00000269044', 'lENSG00000269085', 'lENSG00000269145', 'lENSG00000269191', 'lENSG00000269292', 'lENSG00000269321', 'lENSG00000269350', 'lENSG00000269495', 'lENSG00000269504', 'lENSG00000269578', 'lENSG00000269656', 'lENSG00000269802', 'lENSG00000269843', 'lENSG00000269867', 'lENSG00000269901', 'lENSG00000269950', 'lENSG00000269987', 'lENSG00000270082', 'lENSG00000270094', 'lENSG00000270108', 'lENSG00000270380', 'lENSG00000270726', 'lENSG00000270996', 'lENSG00000271032', 'lENSG00000271314', 'lENSG00000271579', 'lENSG00000271717', 'lENSG00000271763', 'lENSG00000271787', 'lENSG00000271833', 'lENSG00000271901', 'lENSG00000271936', 'lENSG00000271945', 'lENSG00000272027', 'lENSG00000272072', 'lENSG00000272149', 'lENSG00000272159', 'lENSG00000272338', 'lENSG00000272510', 'lENSG00000272540', 'lENSG00000272642', 'lENSG00000272661', 'lENSG00000272742', 'lENSG00000272810', 'lENSG00000272814', 'lENSG00000272995', 'lENSG00000273035', 'lENSG00000273110', 'lENSG00000273198', 'lENSG00000273226', 'lENSG00000273257', 'lENSG00000273271', 'lENSG00000273360', 'lENSG00000273449', 'lENSG00000273461', 'lENSG00000273485', 'lENSG00000273550', 'lENSG00000273568', 'lENSG00000273877', 'lENSG00000273919', 'lENSG00000274177', 'lENSG00000274227', 'lENSG00000274561', 'lENSG00000274624', 'lENSG00000274678', 'lENSG00000274737', 'lENSG00000274863', 'lENSG00000274893', 'lENSG00000275173', 'lENSG00000275345', 'lENSG00000275356', 'lENSG00000275401', 'lENSG00000275484', 'lENSG00000275576', 'lENSG00000275638', 'lENSG00000275871', 'lENSG00000275963', 'lENSG00000276054', 'lENSG00000276107', 'lENSG00000276266', 'lENSG00000276488', 'lENSG00000276527', 'lENSG00000276533', 'lENSG00000276668', 'lENSG00000276997', 'lENSG00000277173', 'lENSG00000277332', 'lENSG00000277639', 'lENSG00000278000', 'lENSG00000278013', 'lENSG00000278202', 'lENSG00000278351', 'lENSG00000278630', 'lENSG00000278766', 'lENSG00000278944', 'lENSG00000279088', 'lENSG00000279240', 'lENSG00000279484', 'lENSG00000279501', 'lENSG00000279623', 'lENSG00000279687', 'lENSG00000279751', 'lENSG00000279920', 'lENSG00000280206', 'lENSG00000280224', 'lENSG00000280455', 'lENSG00000280580', 'lENSG00000280703', 'lENSG00000280870', 'lENSG00000281021', 'lENSG00000281831', 'lENSG00000282478', 'lENSG00000282828', 'lENSG00000282950', 'lENSG00000283083', 'lENSG00000283286', 'lENSG00000283347', 'lENSG00000283457', 'lENSG00000283631', 'lENSG00000283766', 'lENSG00000283973', 'lENSG00000284376', 'lENSG00000284418', 'lENSG00000284500', 'lENSG00000284513', 'lENSG00000284699', 'lENSG00000284846', 'lENSG00000284994', 'lENSG00000285012', 'lENSG00000285117', 'lENSG00000285325', 'lENSG00000285354', 'lENSG00000285473', 'lENSG00000285518', 'lENSG00000285524', 'lENSG00000285550', 'lENSG00000285551', 'lENSG00000285619', 'lENSG00000285621', 'lENSG00000285654', 'lENSG00000285699', 'lENSG00000285709', 'lENSG00000285857', 'lENSG00000285861', 'lENSG00000285889', 'lENSG00000285954', 'lENSG00000285998', 'lENSG00000286002', 'lENSG00000286010', 'lENSG00000286018', 'lENSG00000286020', 'lENSG00000286050', 'lENSG00000286076', 'lENSG00000286089', 'lENSG00000286093', 'lENSG00000286101', 'lENSG00000286168', 'lENSG00000286188', 'lENSG00000286194', 'lENSG00000286197', 'lENSG00000286206', 'lENSG00000286244', 'lENSG00000286276', 'lENSG00000286303', 'lENSG00000286331', 'lENSG00000286333', 'lENSG00000286338', 'lENSG00000286357', 'lENSG00000286419', 'lENSG00000286430', 'lENSG00000286436', 'lENSG00000286453', 'lENSG00000286461', 'lENSG00000286474', 'lENSG00000286515', 'lENSG00000286565', 'lENSG00000286578', 'lENSG00000286584', 'lENSG00000286588', 'lENSG00000286598', 'lENSG00000286617', 'lENSG00000286639', 'lENSG00000286645', 'lENSG00000286670', 'lENSG00000286689', 'lENSG00000286690', 'lENSG00000286698', 'lENSG00000286715', 'lENSG00000286716', 'lENSG00000286722', 'lENSG00000286735', 'lENSG00000286738', 'lENSG00000286751', 'lENSG00000286759', 'lENSG00000286767', 'lENSG00000286770', 'lENSG00000286776', 'lENSG00000286781', 'lENSG00000286795', 'lENSG00000286803', 'lENSG00000286822', 'lENSG00000286838', 'lENSG00000286850', 'lENSG00000286887', 'lENSG00000286908', 'lENSG00000286963', 'lENSG00000287006', 'lENSG00000287020', 'lENSG00000287028', 'lENSG00000287030', 'lENSG00000287066', 'lENSG00000287094', 'lENSG00000287107', 'lENSG00000287108', 'lENSG00000287128', 'lENSG00000287155', 'lENSG00000287159', 'lENSG00000287191', 'lENSG00000287198', 'lENSG00000287202', 'lENSG00000287213', 'lENSG00000287236', 'lENSG00000287270', 'lENSG00000287285', 'lENSG00000287321', 'lENSG00000287335', 'lENSG00000287358', 'lENSG00000287359', 'lENSG00000287366', 'lENSG00000287367', 'lENSG00000287381', 'lENSG00000287423', 'lENSG00000287441', 'lENSG00000287451', 'lENSG00000287456', 'lENSG00000287462', 'lENSG00000287501', 'lENSG00000287511', 'lENSG00000287517', 'lENSG00000287518', 'lENSG00000287545', 'lENSG00000287550', 'lENSG00000287556', 'lENSG00000287587', 'lENSG00000287618', 'lENSG00000287660', 'lENSG00000287684', 'lENSG00000287687', 'lENSG00000287691', 'lENSG00000287704', 'lENSG00000211683', 'lENSG00000214955', 'lENSG00000223379', 'lENSG00000224884', 'lENSG00000225393', 'lENSG00000228538', 'lENSG00000229454', 'lENSG00000229458', 'lENSG00000230600', 'lENSG00000230649', 'lENSG00000231212', 'lENSG00000231616', 'lENSG00000232056', 'lENSG00000232636', 'lENSG00000233200', 'lENSG00000233987', 'lENSG00000234083', 'lENSG00000234810', 'lENSG00000234998', 'lENSG00000235337', 'lENSG00000235795', 'lENSG00000236453', 'lENSG00000239801', 'lENSG00000241792', 'lENSG00000242375', 'lENSG00000244620', 'lENSG00000247810', 'lENSG00000248359', 'lENSG00000248991', 'lENSG00000249159', 'lENSG00000250481', 'lENSG00000250567', 'lENSG00000250670', 'lENSG00000250686', 'lENSG00000250777', 'lENSG00000250948', 'lENSG00000251506', 'lENSG00000251654', 'lENSG00000253766', 'lENSG00000254306', 'lENSG00000254927', 'lENSG00000255279', 'lENSG00000255325', 'lENSG00000256686', 'lENSG00000257603', 'lENSG00000257715', 'lENSG00000257962', 'lENSG00000258088', 'lENSG00000258196', 'lENSG00000258386', 'lENSG00000258949', 'lENSG00000259123', 'lENSG00000259209', 'lENSG00000259222', 'lENSG00000259244', 'lENSG00000259255', 'lENSG00000259306', 'lENSG00000259407', 'lENSG00000260983', 'lENSG00000261193', 'lENSG00000261470', 'lENSG00000261775', 'lENSG00000264660', 'lENSG00000265174', 'lENSG00000266893', 'lENSG00000267081', 'lENSG00000267521', 'lENSG00000267581', 'lENSG00000269391', 'lENSG00000269460', 'lENSG00000272369', 'lENSG00000273138', 'lENSG00000273403', 'lENSG00000275232', 'lENSG00000279672', 'lENSG00000282887', 'lENSG00000286164', 'lENSG00000226032', 'lENSG00000235736', 'lENSG00000251613', 'lENSG00000263316', 'lENSG00000258631', 'lENSG00000260141', 'lENSG00000279472', 'lENSG00000272934', 'lENSG00000265556', 'lENSG00000271840', 'lENSG00000253701', 'lENSG00000281408', 'lENSG00000268166', 'lALG13-AS1', 'lDSCR8', 'lMIR145', 'lMIR24-2', 'lMIR3179-2', 'lACA64', 'lCDKN2B-AS']","[1.0, 0.0, 0.0, 1.0, 1.0, 0.0, 1.0, 0.0, 1.0, 1.0, 0.0, 1.0, 1.0, 1.0, 0.0, 1.0, 1.0, 0.0, 1.0, 1.0, 0.0, 1.0, 0.0, 1.0, 1.0, 0.0, 0.0, 0.0, 1.0, 1.0, 0.0, 1.0, 0.0, 0.0, 1.0, 1.0, 1.0, 1.0, 1.0, 0.0, 0.0, 0.0, 1.0, 1.0, 1.0, 0.0, 1.0, 1.0, 1.0, 0.0, 1.0, 1.0, 1.0, 1.0, 1.0, 0.0, 0.0, 1.0, 0.0, 1.0, 1.0, 0.0, 0.0, 0.0, 1.0, 1.0, 0.0, 1.0, 0.0, 1.0, 1.0, 1.0, 1.0, 0.0, 1.0, 0.0, 0.0, 1.0, 0.0, 1.0, 0.0, 0.0, 1.0, 0.0, 0.0, 1.0, 0.0, 0.0, 0.0, 1.0, 0.0, 1.0, 0.0, 0.0, 0.0, 0.0, 0.0, 1.0, 1.0, 1.0, 0.0, 1.0, 1.0, 1.0, 0.0, 0.0, 1.0, 0.0, 0.0, 0.0, 1.0, 1.0, 0.0, 0.0, 0.0, 1.0, 0.0, 1.0, 1.0, 1.0, 0.0, 0.0, 1.0, 1.0, 1.0, 0.0, 0.0, 1.0, 1.0, 1.0, 0.0, 0.0, 1.0, 1.0, 0.0, 0.0, 1.0, 1.0, 1.0, 1.0, 0.0, 1.0, 0.0, 1.0, 1.0, 1.0, 1.0, 1.0, 1.0, 0.0, 1.0, 0.0, 0.0, 1.0, 0.0, 1.0, 1.0, 0.0, 0.0, 1.0, 0.0, 0.0, 1.0, 0.0, 0.0, 1.0, 1.0, 0.0, 0.0, 1.0, 0.0, 0.0, 1.0, 1.0, 0.0, 1.0, 1.0, 0.0, 0.0, 1.0, 1.0, 1.0, 0.0, 1.0, 1.0, 0.0, 0.0, 1.0, 1.0, 0.0, 1.0, 1.0, 1.0, 1.0, 0.0, 0.0, 0.0, 0.0, 0.0, 0.0, 1.0, 1.0, 0.0, 1.0, 0.0, 1.0, 1.0, 0.0, 0.0, 1.0, 1.0, 0.0, 1.0, 1.0, 0.0, 0.0, 0.0, 1.0, 1.0, 0.0, 0.0, 0.0, 1.0, 1.0, 1.0, 1.0, 1.0, 0.0, 1.0, 1.0, 0.0, 1.0, 0.0, 1.0, 1.0, 0.0, 1.0, 1.0, 1.0, 0.0, 1.0, 0.0, 0.0, 1.0, 1.0, 1.0, 0.0, 0.0, 0.0, 1.0, 0.0, 0.0, 1.0, 1.0, 1.0, 0.0, 0.0, 1.0, 1.0, 1.0, 0.0, 1.0, 0.0, 0.0, 1.0, 1.0, 1.0, 0.0, 0.0, 1.0, 1.0, 0.0, 1.0, 1.0, 0.0, 0.0, 0.0, 1.0, 0.0, 0.0, 1.0, 1.0, 0.0, 1.0, 0.0, 1.0, 0.0, 0.0, 0.0, 1.0, 0.0, 0.0, 0.0, 0.0, 0.0, 1.0, 1.0, 0.0, 0.0, 1.0, 1.0, 1.0, 0.0, 1.0, 0.0, 0.0, 1.0, 0.0, 0.0, 0.0, 1.0, 1.0, 1.0, 0.0, 1.0, 0.0, 0.0, 1.0, 0.0, 0.0, 1.0, 0.0, 1.0, 0.0, 1.0, 1.0, 1.0, 1.0, 0.0, 1.0, 0.0, 0.0, 1.0, 1.0, 0.0, 0.0, 0.0, 0.0, 0.0, 1.0, 1.0, 1.0, 0.0, 1.0, 0.0, 0.0, 0.0, 1.0, 0.0, 1.0, 1.0, 0.0, 0.0, 0.0, 0.0, 1.0, 0.0, 1.0, 0.0, 1.0, 1.0, 1.0, 1.0, 0.0, 0.0, 0.0, 0.0, 0.0, 0.0, 1.0, 1.0, 0.0, 1.0, 0.0, 0.0, 0.0, 1.0, 1.0, 0.0, 0.0, 1.0, 1.0, 0.0, 1.0, 1.0, 0.0, 0.0, 1.0, 1.0, 1.0, 0.0, 0.0, 1.0, 0.0, 0.0, 0.0, 1.0, 1.0, 0.0, 0.0, 1.0, 0.0, 1.0, 0.0, 0.0, 1.0, 0.0, 0.0, 1.0, 0.0, 1.0, 0.0, 1.0, 0.0, 1.0, 1.0, 0.0, 1.0, 1.0, 0.0, 1.0, 0.0, 0.0, 0.0, 1.0, 1.0, 1.0, 1.0, 0.0, 0.0, 0.0, 0.0, 1.0, 1.0, 1.0, 0.0, 1.0, 0.0, 0.0, 0.0, 1.0, 1.0, 0.0, 1.0, 0.0, 1.0, 0.0, 0.0, 1.0, 0.0, 0.0, 1.0, 1.0, 0.0, 1.0, 0.0, 1.0, 1.0, 0.0, 0.0, 1.0, 0.0, 1.0, 1.0, 1.0, 1.0, 1.0, 0.0, 0.0, 1.0, 1.0, 0.0, 0.0, 0.0, 1.0, 0.0, 1.0, 0.0, 0.0, 1.0, 1.0, 0.0, 1.0, 0.0, 1.0, 1.0, 0.0, 1.0, 1.0, 0.0, 0.0, 0.0, 1.0, 0.0, 1.0, 1.0, 1.0, 1.0, 1.0, 0.0, 0.0, 1.0, 1.0, 0.0, 0.0, 1.0, 0.0, 0.0, 0.0, 1.0, 0.0, 1.0, 0.0, 0.0, 0.0, 0.0, 0.0, 1.0, 0.0, 1.0, 1.0, 0.0, 1.0, 0.0, 0.0, 1.0, 0.0, 1.0, 1.0, 0.0, 0.0, 0.0, 1.0, 0.0, 1.0, 1.0, 0.0, 0.0, 1.0, 1.0, 1.0, 1.0, 0.0, 1.0, 1.0, 0.0, 0.0, 0.0, 0.0, 0.0, 0.0, 0.0, 0.0, 0.0, 1.0, 0.0, 0.0, 1.0, 1.0, 1.0, 0.0, 0.0, 1.0, 0.0, 1.0, 0.0, 0.0, 0.0, 0.0, 1.0, 0.0, 0.0, 1.0, 1.0, 1.0, 0.0, 1.0, 1.0, 0.0, 1.0, 0.0, 0.0, 0.0, 1.0, 0.0, 0.0, 1.0, 0.0, 1.0, 0.0, 0.0, 1.0, 0.0, 0.0, 0.0, 0.0, 1.0, 1.0, 0.0, 0.0, 0.0, 0.0, 0.0, 1.0, 0.0, 1.0, 0.0, 0.0, 1.0, 1.0, 1.0, 1.0, 1.0, 0.0, 1.0, 1.0, 0.0, 1.0, 0.0, 0.0, 0.0, 1.0, 0.0, 1.0, 1.0, 0.0, 0.0, 0.0, 0.0, 0.0, 0.0, 1.0, 0.0, 0.0, 0.0, 1.0, 1.0, 1.0, 0.0, 0.0, 1.0, 1.0, 1.0, 1.0, 1.0, 1.0, 0.0, 1.0, 1.0, 0.0, 0.0, 0.0, 0.0, 1.0, 0.0, 1.0, 1.0, 1.0, 1.0, 0.0, 1.0, 1.0, 0.0, 0.0, 0.0, 1.0, 1.0, 1.0, 0.0, 0.0, 0.0, 0.0, 1.0, 1.0, 0.0, 0.0, 0.0, 1.0, 1.0, 1.0, 0.0, 0.0, 1.0, 1.0, 1.0, 1.0, 0.0, 0.0, 0.0, 0.0, 1.0, 0.0, 0.0, 0.0, 1.0, 0.0, 0.0, 0.0, 1.0, 0.0, 0.0, 1.0, 0.0, 0.0, 0.0, 0.0, 0.0, 0.0, 0.0, 1.0, 1.0, 1.0, 1.0, 1.0, 1.0, 1.0, 0.0, 0.0, 1.0, 1.0, 1.0, 0.0, 0.0, 1.0, 1.0, 1.0, 1.0, 0.0, 0.0, 1.0, 1.0, 0.0, 0.0, 1.0, 0.0, 1.0, 1.0, 1.0, 1.0, 1.0, 0.0, 1.0, 1.0, 0.0, 0.0, 1.0, 1.0, 0.0, 0.0, 1.0, 0.0, 0.0, 0.0, 1.0, 1.0, 0.0, 0.0, 1.0, 1.0, 0.0, 1.0, 1.0, 1.0, 1.0, 1.0, 1.0, 1.0, 1.0, 0.0, 0.0, 0.0, 1.0, 0.0, 0.0, 1.0, 1.0, 1.0, 0.0, 0.0, 0.0, 1.0, 0.0, 1.0, 0.0, 0.0, 0.0, 0.0, 1.0, 0.0, 0.0, 1.0, 1.0, 0.0, 1.0, 0.0, 0.0, 1.0, 0.0, 0.0, 1.0, 0.0, 1.0, 0.0, 0.0, 1.0, 0.0, 1.0, 0.0, 1.0, 1.0, 0.0, 1.0, 1.0, 1.0, 1.0, 1.0, 0.0, 1.0, 0.0, 1.0, 0.0, 0.0, 1.0, 1.0, 1.0, 0.0, 1.0, 0.0, 0.0, 1.0, 0.0, 1.0, 1.0, 1.0, 0.0, 1.0, 0.0, 0.0, 0.0, 1.0, 0.0, 0.0, 0.0, 0.0, 0.0, 1.0, 0.0, 1.0, 0.0, 0.0, 0.0, 1.0, 0.0, 0.0, 0.0, 0.0, 0.0, 1.0, 0.0, 0.0, 0.0, 0.0, 1.0, 0.0, 0.0, 1.0, 0.0, 0.0, 1.0, 0.0, 0.0, 1.0, 1.0, 1.0, 1.0, 1.0, 1.0, 0.0, 1.0, 1.0, 0.0, 1.0, 0.0, 0.0, 1.0, 1.0, 1.0, 0.0, 1.0, 0.0, 0.0, 0.0, 0.0, 1.0, 1.0, 1.0, 1.0, 1.0, 0.0, 0.0, 0.0, 0.0, 0.0, 0.0, 0.0, 0.0, 1.0, 0.0, 1.0, 1.0, 0.0, 0.0, 1.0, 0.0, 1.0, 1.0, 0.0, 1.0, 0.0, 1.0, 0.0, 0.0, 0.0, 1.0, 0.0, 1.0, 1.0, 1.0, 1.0, 1.0, 1.0, 1.0, 0.0, 0.0, 1.0, 1.0, 0.0, 0.0, 0.0, 1.0, 0.0, 1.0, 1.0, 1.0, 0.0, 0.0, 1.0, 1.0, 0.0, 0.0, 1.0, 0.0, 1.0, 0.0, 0.0, 1.0, 1.0, 0.0, 0.0, 1.0, 1.0, 0.0, 1.0, 0.0, 1.0, 0.0, 0.0, 0.0, 0.0, 0.0, 0.0, 0.0, 0.0, 1.0, 0.0, 0.0, 0.0, 0.0, 1.0, 0.0, 0.0, 1.0, 1.0, 1.0, 1.0, 1.0, 1.0, 1.0, 1.0, 1.0, 0.0, 1.0, 1.0, 1.0, 0.0, 0.0, 1.0, 1.0, 1.0, 0.0, 0.0, 1.0, 0.0, 1.0, 0.0, 0.0, 0.0, 1.0, 1.0, 0.0, 0.0, 0.0, 1.0, 0.0, 0.0, 1.0, 0.0, 0.0, 1.0, 0.0, 0.0, 1.0, 0.0, 0.0, 1.0, 0.0, 0.0, 0.0, 0.0, 0.0, 1.0, 0.0, 1.0, 1.0, 1.0, 1.0, 0.0, 1.0, 1.0, 0.0, 1.0, 0.0, 0.0, 0.0, 0.0, 0.0, 1.0, 1.0, 1.0, 0.0, 1.0, 0.0, 0.0, 1.0, 0.0, 0.0, 0.0, 0.0, 1.0, 0.0, 0.0, 0.0, 1.0, 1.0, 0.0, 0.0, 1.0, 1.0, 0.0, 0.0, 1.0, 1.0, 1.0, 0.0, 0.0, 1.0, 0.0, 0.0, 1.0, 0.0, 0.0, 1.0, 1.0, 1.0, 0.0, 1.0, 0.0, 0.0, 1.0, 1.0, 0.0, 1.0, 1.0, 0.0, 1.0, 0.0, 0.0, 0.0, 1.0, 0.0, 0.0, 0.0, 0.0, 1.0, 1.0, 0.0, 1.0, 0.0, 0.0, 0.0, 0.0, 1.0, 1.0, 1.0, 0.0, 0.0, 0.0, 1.0, 1.0, 1.0, 0.0, 1.0, 1.0, 0.0, 0.0, 1.0, 1.0, 1.0, 0.0, 0.0, 0.0, 1.0, 0.0, 1.0, 1.0, 0.0, 0.0, 0.0, 1.0, 0.0, 1.0, 1.0, 0.0, 1.0, 1.0, 1.0, 1.0, 1.0, 1.0, 0.0, 1.0, 0.0, 1.0, 0.0, 0.0, 0.0, 1.0, 1.0, 1.0, 0.0, 0.0, 1.0, 0.0, 0.0, 1.0, 1.0, 0.0, 1.0, 1.0, 1.0, 0.0, 1.0, 0.0, 0.0, 1.0, 1.0, 1.0, 1.0, 1.0, 0.0, 0.0, 0.0, 0.0, 1.0, 0.0, 1.0, 1.0, 0.0, 0.0, 0.0, 1.0, 1.0, 0.0, 1.0, 0.0, 1.0, 1.0, 1.0, 1.0, 0.0, 0.0, 1.0, 1.0, 0.0, 1.0, 0.0, 1.0, 1.0, 1.0, 0.0, 0.0, 0.0, 1.0, 1.0, 0.0, 0.0, 0.0, 1.0, 1.0, 0.0, 0.0, 0.0, 0.0, 0.0, 1.0, 0.0, 1.0, 0.0, 1.0, 0.0, 1.0, 0.0, 1.0, 0.0, 1.0, 0.0, 1.0, 0.0, 0.0, 1.0, 1.0, 1.0, 1.0, 1.0, 0.0, 0.0, 1.0, 1.0, 0.0, 0.0, 1.0, 1.0, 1.0, 1.0, 1.0, 0.0, 0.0, 1.0, 0.0, 1.0, 0.0, 0.0, 1.0, 1.0, 0.0, 0.0, 0.0, 0.0, 0.0, 1.0, 1.0, 0.0, 0.0, 1.0, 0.0, 0.0, 0.0, 1.0, 1.0, 1.0, 1.0, 1.0, 1.0, 0.0, 0.0, 1.0, 0.0, 1.0, 0.0, 1.0, 1.0, 1.0, 0.0, 0.0, 0.0, 0.0, 0.0, 1.0, 0.0, 0.0, 1.0, 1.0, 0.0, 0.0, 0.0, 1.0, 1.0, 0.0, 1.0, 1.0, 0.0, 1.0, 0.0, 1.0, 1.0, 1.0, 0.0, 0.0, 0.0, 1.0, 0.0, 0.0, 1.0, 0.0, 1.0, 1.0, 1.0, 1.0, 1.0, 1.0, 1.0, 1.0, 0.0, 1.0, 1.0, 1.0, 1.0, 1.0, 1.0, 0.0, 0.0, 0.0, 1.0, 1.0, 0.0, 1.0, 0.0, 1.0, 1.0, 1.0, 1.0, 1.0, 0.0, 0.0, 1.0, 0.0, 1.0, 0.0, 1.0, 1.0, 1.0, 1.0, 0.0, 0.0, 1.0, 0.0, 1.0, 0.0, 1.0, 1.0, 1.0, 0.0, 0.0, 1.0, 0.0, 1.0, 1.0, 0.0, 1.0, 1.0, 1.0, 1.0, 1.0, 0.0, 0.0, 1.0, 0.0, 1.0, 0.0, 0.0, 0.0, 1.0, 0.0, 0.0, 1.0, 1.0, 0.0, 1.0, 1.0, 1.0, 0.0, 1.0, 1.0, 0.0, 1.0, 1.0, 1.0, 0.0, 1.0, 1.0, 1.0, 1.0, 1.0, 0.0, 0.0, 0.0, 1.0, 1.0, 1.0, 1.0, 0.0, 1.0, 1.0, 0.0, 1.0, 1.0, 0.0, 1.0, 0.0, 0.0, 0.0, 1.0, 1.0, 1.0, 0.0, 1.0, 0.0, 1.0, 0.0, 1.0, 1.0, 1.0, 0.0, 0.0, 1.0, 1.0, 0.0, 1.0, 0.0, 1.0, 0.0, 0.0, 0.0, 1.0, 0.0, 1.0, 0.0, 1.0, 1.0, 0.0, 1.0, 1.0, 0.0, 1.0, 0.0, 1.0, 0.0, 0.0, 0.0, 0.0, 0.0, 1.0, 0.0, 0.0, 1.0, 0.0, 1.0, 1.0, 0.0, 1.0, 1.0, 0.0, 1.0, 0.0, 1.0, 1.0, 0.0, 1.0, 1.0, 0.0, 1.0, 1.0, 1.0, 1.0, 0.0, 0.0, 0.0, 0.0, 1.0, 0.0, 0.0, 0.0, 0.0, 1.0, 0.0, 1.0, 1.0, 0.0, 0.0, 1.0, 1.0, 1.0, 0.0, 0.0, 1.0, 0.0, 1.0, 1.0, 1.0, 0.0, 0.0, 1.0, 1.0, 0.0, 0.0, 0.0, 1.0, 0.0, 1.0, 0.0, 0.0, 1.0, 1.0, 1.0, 1.0, 0.0, 0.0, 0.0, 0.0, 0.0, 1.0, 1.0, 0.0, 1.0, 1.0, 1.0, 0.0, 1.0, 0.0, 1.0, 0.0, 0.0, 1.0, 1.0, 0.0, 1.0, 0.0, 0.0, 1.0, 1.0, 0.0, 1.0, 1.0, 0.0, 0.0, 0.0, 1.0, 0.0, 0.0, 1.0, 1.0, 0.0, 0.0, 0.0, 0.0, 0.0, 1.0, 1.0, 1.0, 0.0, 1.0, 1.0, 1.0, 0.0, 0.0, 1.0, 0.0, 1.0, 1.0, 0.0, 1.0, 1.0, 1.0, 0.0, 0.0, 0.0, 0.0, 0.0, 0.0, 1.0, 0.0, 0.0, 1.0, 0.0, 0.0, 0.0, 1.0, 0.0, 0.0, 1.0, 0.0, 0.0, 1.0, 0.0, 1.0, 1.0, 1.0, 0.0, 0.0, 1.0, 1.0, 1.0, 0.0, 1.0, 1.0, 0.0, 0.0, 1.0, 0.0, 1.0, 0.0, 0.0, 0.0, 0.0, 1.0, 0.0, 1.0, 1.0, 1.0, 1.0, 1.0, 1.0, 0.0, 0.0, 0.0, 0.0, 0.0, 0.0, 0.0, 0.0, 1.0, 1.0, 1.0, 1.0, 0.0, 0.0, 1.0, 1.0, 1.0, 0.0, 0.0, 1.0, 0.0, 1.0, 0.0, 1.0, 1.0, 1.0, 0.0, 0.0, 0.0, 0.0, 1.0, 0.0, 0.0, 1.0, 0.0, 0.0, 0.0, 0.0, 1.0, 1.0, 1.0, 1.0, 1.0, 0.0, 1.0, 0.0, 0.0, 0.0, 0.0, 1.0, 1.0, 0.0, 0.0, 1.0, 0.0, 0.0, 1.0, 1.0, 1.0, 0.0, 0.0, 1.0, 1.0, 1.0, 1.0, 1.0, 0.0, 1.0, 1.0, 1.0, 0.0, 0.0, 0.0, 0.0, 1.0, 0.0, 0.0, 1.0, 0.0, 0.0, 0.0, 1.0, 1.0, 0.0, 0.0, 1.0, 1.0, 0.0, 1.0, 1.0, 0.0, 0.0, 1.0, 0.0, 1.0, 1.0, 0.0, 1.0, 1.0, 0.0, 0.0, 1.0, 1.0, 0.0, 0.0, 1.0, 0.0, 0.0, 1.0, 1.0, 1.0, 0.0, 0.0, 1.0, 0.0, 0.0, 0.0, 1.0, 0.0, 0.0, 1.0, 1.0, 1.0, 1.0, 1.0, 1.0, 1.0, 1.0, 0.0, 1.0, 0.0, 1.0, 1.0, 1.0, 0.0, 1.0, 0.0, 1.0, 1.0, 0.0, 0.0, 0.0, 0.0, 0.0, 1.0, 0.0, 0.0, 1.0, 1.0, 0.0, 1.0, 1.0, 1.0, 1.0, 0.0, 1.0, 0.0, 0.0, 0.0, 0.0, 1.0, 0.0, 0.0, 1.0, 1.0, 0.0, 1.0, 1.0, 0.0, 0.0, 1.0, 0.0, 1.0, 0.0, 1.0, 0.0, 1.0, 1.0, 0.0, 1.0, 1.0, 0.0, 0.0, 0.0, 0.0, 0.0, 0.0, 0.0, 0.0, 0.0, 1.0, 0.0, 0.0, 1.0, 1.0, 0.0, 0.0, 1.0, 1.0, 1.0, 1.0, 1.0, 0.0, 0.0, 0.0, 0.0, 1.0, 1.0, 0.0, 1.0, 1.0, 1.0, 1.0, 0.0, 1.0, 1.0, 0.0, 0.0, 0.0, 1.0, 1.0, 0.0, 1.0, 0.0, 0.0, 0.0, 1.0, 1.0, 1.0, 0.0, 0.0, 1.0, 1.0, 0.0, 0.0, 1.0, 0.0, 0.0, 0.0, 1.0, 0.0, 0.0, 1.0, 1.0, 1.0, 1.0, 1.0, 0.0, 0.0, 1.0, 1.0, 1.0, 0.0, 0.0, 0.0, 0.0, 1.0, 1.0, 0.0, 1.0, 1.0, 1.0, 0.0, 1.0, 1.0, 0.0, 0.0, 0.0, 1.0, 0.0, 1.0, 1.0, 0.0, 0.0, 0.0, 1.0, 0.0, 0.0, 0.0, 1.0, 1.0, 0.0, 1.0, 0.0, 0.0, 0.0, 1.0, 0.0, 0.0, 1.0, 0.0, 0.0, 1.0, 0.0, 1.0, 1.0, 1.0, 1.0, 1.0, 1.0, 1.0, 1.0, 0.0, 0.0, 0.0, 0.0, 0.0, 0.0, 1.0, 1.0, 1.0, 1.0, 0.0, 1.0, 1.0, 0.0, 1.0, 0.0, 1.0, 1.0, 0.0, 1.0, 1.0, 0.0, 0.0, 1.0, 0.0, 0.0, 1.0, 1.0, 0.0, 0.0, 1.0, 1.0, 0.0, 1.0, 0.0, 1.0, 0.0, 0.0, 0.0, 0.0, 1.0, 0.0, 1.0, 0.0, 1.0, 1.0, 0.0, 1.0, 1.0, 0.0, 1.0, 1.0, 0.0, 0.0, 0.0, 0.0, 1.0, 1.0, 1.0, 0.0, 1.0, 0.0, 1.0, 1.0, 0.0, 1.0, 0.0, 0.0, 1.0, 1.0, 1.0, 1.0, 0.0, 0.0, 0.0, 1.0, 1.0, 1.0, 1.0, 1.0, 0.0, 1.0, 1.0, 1.0, 1.0, 1.0, 0.0, 1.0, 1.0, 1.0, 0.0, 0.0, 1.0, 1.0, 1.0, 1.0, 1.0, 1.0, 1.0, 0.0, 0.0, 0.0, 0.0, 0.0, 1.0, 0.0, 0.0, 0.0, 1.0, 0.0, 1.0, 0.0, 1.0, 1.0, 0.0, 0.0, 1.0, 1.0, 0.0, 0.0, 0.0, 0.0, 1.0, 0.0, 0.0, 0.0, 0.0, 0.0, 1.0, 0.0, 1.0, 0.0, 0.0, 0.0, 1.0, 1.0, 1.0, 1.0, 0.0, 1.0, 1.0, 1.0, 1.0, 1.0, 0.0, 1.0, 1.0, 0.0, 1.0, 1.0, 0.0, 0.0, 1.0, 1.0, 1.0, 0.0, 0.0, 0.0, 1.0, 1.0, 0.0, 1.0, 0.0, 0.0, 1.0, 0.0, 1.0, 0.0, 0.0, 1.0, 0.0, 1.0, 1.0, 1.0, 1.0, 1.0, 0.0, 0.0, 0.0, 1.0, 1.0, 1.0, 0.0, 0.0, 0.0, 0.0, 0.0, 1.0, 0.0, 0.0, 1.0, 0.0, 1.0, 0.0, 1.0, 1.0, 1.0, 0.0, 1.0, 1.0, 1.0, 0.0, 0.0, 0.0, 0.0, 1.0, 0.0, 1.0, 1.0, 0.0, 0.0, 1.0, 1.0, 0.0, 1.0, 1.0, 0.0, 1.0, 0.0, 0.0, 1.0, 1.0, 0.0, 1.0, 0.0, 0.0, 1.0, 1.0, 0.0, 1.0, 0.0, 0.0, 0.0, 1.0, 0.0, 1.0, 1.0, 1.0, 1.0, 1.0, 1.0, 1.0, 1.0, 0.0, 1.0, 0.0, 0.0, 1.0, 0.0, 0.0, 1.0, 1.0, 0.0, 1.0, 0.0, 0.0, 1.0, 1.0, 0.0, 1.0, 0.0, 0.0, 1.0, 1.0, 0.0, 0.0, 0.0, 0.0, 1.0, 1.0, 1.0, 0.0, 1.0, 0.0, 1.0, 0.0, 0.0, 0.0, 1.0, 1.0, 0.0, 0.0, 1.0, 1.0, 1.0, 0.0, 1.0, 0.0, 1.0, 0.0, 1.0, 1.0, 0.0, 0.0, 1.0, 1.0, 0.0, 0.0, 0.0, 0.0, 1.0, 0.0, 0.0, 1.0, 1.0, 1.0, 1.0, 0.0, 1.0, 1.0, 0.0, 0.0, 0.0, 1.0, 0.0, 1.0, 1.0, 1.0, 1.0, 0.0, 0.0, 1.0, 1.0, 1.0, 0.0, 1.0, 1.0, 0.0, 0.0, 0.0, 1.0, 0.0, 1.0, 0.0, 0.0, 0.0, 0.0, 1.0, 1.0, 1.0, 1.0, 1.0, 1.0, 1.0, 1.0, 1.0, 1.0, 0.0, 0.0, 1.0, 0.0, 0.0, 1.0, 1.0, 1.0, 1.0, 0.0, 1.0, 1.0, 1.0, 0.0, 1.0, 1.0, 1.0, 1.0, 1.0, 0.0, 0.0, 0.0, 1.0, 1.0, 0.0, 1.0, 0.0, 1.0, 1.0, 1.0, 0.0, 0.0, 0.0, 0.0, 1.0, 1.0, 1.0, 0.0, 0.0, 1.0, 0.0, 0.0, 1.0, 0.0, 1.0, 1.0, 0.0, 1.0, 1.0, 1.0, 1.0, 0.0, 1.0, 1.0, 1.0, 1.0, 0.0, 1.0, 1.0, 1.0, 0.0, 1.0, 0.0, 1.0, 0.0, 1.0, 1.0, 0.0, 1.0, 1.0, 1.0, 1.0, 1.0, 0.0, 1.0, 1.0, 1.0, 1.0, 1.0, 0.0, 1.0, 0.0, 1.0, 1.0, 1.0, 0.0, 0.0, 0.0, 0.0, 1.0, 0.0, 0.0, 0.0, 1.0, 1.0, 1.0, 1.0, 1.0, 0.0, 0.0, 0.0, 0.0, 0.0, 0.0, 1.0, 0.0, 1.0, 1.0, 1.0, 0.0, 0.0, 1.0, 1.0, 1.0, 0.0, 1.0, 0.0, 1.0, 0.0, 0.0, 0.0, 1.0, 1.0, 0.0, 0.0, 1.0, 1.0, 1.0, 1.0, 0.0, 0.0, 1.0, 0.0, 0.0, 0.0, 1.0, 1.0, 0.0, 1.0, 1.0, 0.0, 1.0, 0.0, 1.0, 0.0, 0.0, 1.0, 0.0, 1.0, 0.0, 0.0, 0.0, 0.0, 0.0, 0.0, 0.0, 0.0, 1.0, 0.0, 1.0, 1.0, 0.0, 1.0, 1.0, 1.0, 0.0, 0.0, 1.0, 0.0, 1.0, 1.0, 0.0, 0.0, 1.0, 0.0, 0.0, 1.0, 1.0, 0.0, 0.0, 0.0, 1.0, 0.0, 0.0, 0.0, 1.0, 1.0, 1.0, 0.0, 1.0, 1.0, 0.0, 0.0, 1.0, 0.0, 1.0, 0.0, 0.0, 1.0, 1.0, 0.0, 1.0, 1.0, 0.0, 0.0, 0.0, 1.0, 0.0, 1.0, 1.0, 0.0, 0.0, 1.0, 0.0, 0.0, 1.0, 1.0, 1.0, 1.0, 0.0, 0.0, 0.0, 1.0, 0.0, 0.0, 1.0, 0.0, 0.0, 1.0, 0.0, 1.0, 1.0, 1.0, 1.0, 0.0, 1.0, 0.0, 0.0, 0.0, 0.0, 0.0, 1.0, 0.0, 1.0, 0.0, 0.0, 0.0, 1.0, 0.0, 0.0, 1.0, 1.0, 1.0, 0.0, 0.0, 0.0, 1.0, 1.0, 1.0, 1.0, 0.0, 0.0, 1.0, 0.0, 1.0, 1.0, 1.0, 0.0, 0.0, 1.0, 1.0, 0.0, 1.0, 1.0, 1.0, 0.0, 0.0, 1.0, 1.0, 0.0, 0.0, 1.0, 0.0, 0.0, 0.0, 0.0, 0.0, 1.0, 1.0, 1.0, 1.0, 0.0, 1.0, 0.0, 0.0, 1.0, 0.0, 0.0, 1.0, 1.0, 0.0, 1.0, 0.0, 0.0, 1.0, 0.0, 1.0, 1.0, 1.0, 1.0, 1.0, 0.0, 1.0, 1.0, 0.0, 1.0, 1.0, 1.0, 1.0, 1.0, 1.0, 0.0, 1.0, 0.0, 0.0, 1.0, 0.0, 0.0, 1.0, 0.0, 0.0, 1.0, 1.0, 0.0, 1.0, 0.0, 0.0, 1.0, 0.0, 1.0, 0.0, 0.0, 0.0, 0.0, 1.0, 1.0, 1.0, 0.0, 0.0, 0.0, 0.0, 1.0, 1.0, 1.0, 0.0, 1.0, 0.0, 1.0, 0.0, 1.0, 1.0, 1.0, 1.0, 0.0, 1.0, 1.0, 1.0, 0.0, 0.0, 0.0, 1.0, 1.0, 0.0, 0.0, 1.0, 0.0, 0.0, 0.0, 0.0, 0.0, 1.0, 0.0, 0.0, 0.0, 0.0, 0.0, 1.0, 0.0, 1.0, 1.0, 1.0, 0.0, 1.0, 1.0, 1.0, 1.0, 0.0, 1.0, 0.0, 0.0, 0.0, 1.0, 0.0, 0.0, 1.0, 1.0, 0.0, 1.0, 0.0, 0.0, 0.0, 0.0, 0.0, 1.0, 0.0, 1.0, 1.0, 1.0, 0.0, 1.0, 0.0, 1.0, 1.0, 0.0, 0.0, 0.0, 0.0, 0.0, 0.0, 0.0, 0.0, 1.0, 0.0, 1.0, 0.0, 1.0, 1.0, 0.0, 1.0, 0.0, 1.0, 1.0, 1.0, 0.0, 1.0, 1.0, 1.0, 1.0, 1.0, 1.0, 1.0, 1.0, 0.0, 1.0, 1.0, 0.0, 0.0, 0.0, 0.0, 0.0, 0.0, 1.0, 0.0, 1.0, 0.0, 1.0, 0.0, 0.0, 1.0, 1.0, 1.0, 0.0, 1.0, 0.0, 0.0, 0.0, 0.0, 0.0, 1.0, 0.0, 0.0, 1.0, 1.0, 1.0, 0.0, 0.0, 0.0, 1.0, 1.0, 0.0, 1.0, 1.0, 0.0, 0.0, 0.0, 0.0, 0.0, 1.0, 0.0, 1.0, 1.0, 0.0, 0.0, 1.0, 0.0, 1.0, 1.0, 1.0, 1.0, 0.0, 1.0, 1.0, 1.0, 1.0, 0.0, 1.0, 0.0, 0.0, 0.0, 1.0, 0.0, 0.0, 0.0, 1.0, 0.0, 1.0, 0.0, 0.0, 1.0, 1.0, 0.0, 1.0, 0.0, 0.0, 1.0, 0.0, 0.0, 1.0, 1.0, 1.0, 0.0, 1.0, 0.0, 0.0, 0.0, 0.0, 1.0, 1.0, 1.0, 1.0, 1.0, 1.0, 0.0, 1.0, 0.0, 1.0, 0.0, 1.0, 0.0, 0.0, 1.0, 1.0, 0.0, 0.0, 1.0, 0.0, 0.0, 1.0, 1.0, 0.0, 1.0, 1.0, 0.0, 0.0, 0.0, 0.0, 1.0, 0.0, 0.0, 0.0, 0.0, 0.0, 1.0, 1.0, 0.0, 1.0, 0.0, 0.0, 1.0, 0.0, 1.0, 0.0, 1.0, 0.0, 1.0, 0.0, 1.0, 1.0, 1.0, 0.0, 1.0, 0.0, 0.0, 0.0, 1.0, 1.0, 0.0, 1.0, 0.0, 1.0, 1.0, 0.0, 0.0, 0.0, 0.0, 1.0]","['lNONHSAG000059', 'lNONHSAG000195', 'lNONHSAG000498', 'lNONHSAG001375', 'lNONHSAG001468', 'lNONHSAG002343', 'lNONHSAG002669', 'lNONHSAG003900', 'lNONHSAG006054', 'lNONHSAG006212', 'lNONHSAG006526', 'lNONHSAG007384', 'lNONHSAG007692', 'lNONHSAG008354', 'lNONHSAG008615', 'lNONHSAG008693', 'lNONHSAG009755', 'lNONHSAG010792', 'lNONHSAG011057', 'lNONHSAG011230', 'lNONHSAG011518', 'lNONHSAG011854', 'lNONHSAG012099', 'lNONHSAG012617', 'lNONHSAG012791', 'lNONHSAG013912', 'lNONHSAG014332', 'lNONHSAG014496', 'lNONHSAG014679', 'lNONHSAG015044', 'lNONHSAG015591', 'lNONHSAG015787', 'lNONHSAG016487', 'lNONHSAG016771', 'lNONHSAG017232', 'lNONHSAG017567', 'lNONHSAG018054', 'lNONHSAG018180', 'lNONHSAG018416', 'lNONHSAG018656', 'lNONHSAG018711', 'lNONHSAG019003', 'lNONHSAG019370', 'lNONHSAG019670', 'lNONHSAG020068', 'lNONHSAG020273', 'lNONHSAG020307', 'lNONHSAG020869', 'lNONHSAG021820', 'lNONHSAG022058', 'lNONHSAG022328', 'lNONHSAG022806', 'lNONHSAG022836', 'lNONHSAG022965', 'lNONHSAG022982', 'lNONHSAG023175', 'lNONHSAG023237', 'lNONHSAG023392', 'lNONHSAG023598', 'lNONHSAG024282', 'lNONHSAG024361', 'lNONHSAG024542', 'lNONHSAG024741', 'lNONHSAG026205', 'lNONHSAG026794', 'lNONHSAG027323', 'lNONHSAG027342', 'lNONHSAG027682', 'lNONHSAG027876', 'lNONHSAG028817', 'lNONHSAG028918', 'lNONHSAG029668', 'lNONHSAG029792', 'lNONHSAG029985', 'lNONHSAG030742', 'lNONHSAG031456', 'lNONHSAG033107', 'lNONHSAG033334', 'lNONHSAG033348', 'lNONHSAG033940', 'lNONHSAG034316', 'lNONHSAG036255', 'lNONHSAG036612', 'lNONHSAG036615', 'lNONHSAG037420', 'lNONHSAG037827', 'lNONHSAG037936', 'lNONHSAG038344', 'lNONHSAG038682', 'lNONHSAG039669', 'lNONHSAG040544', 'lNONHSAG040958', 'lNONHSAG041250', 'lNONHSAG041256', 'lNONHSAG041257', 'lNONHSAG041528', 'lNONHSAG041670', 'lNONHSAG041883', 'lNONHSAG041938', 'lNONHSAG042307', 'lNONHSAG044406', 'lNONHSAG044666', 'lNONHSAG046722', 'lNONHSAG047507', 'lNONHSAG047974', 'lNONHSAG048695', 'lNONHSAG049037', 'lNONHSAG049303', 'lNONHSAG050104', 'lNONHSAG050345', 'lNONHSAG050725', 'lNONHSAG051484', 'lNONHSAG051514', 'lNONHSAG051517', 'lNONHSAG051603', 'lNONHSAG052082', 'lNONHSAG052097', 'lNONHSAG052459', 'lNONHSAG052853', 'lNONHSAG052908', 'lNONHSAG052943', 'lNONHSAG055088', 'lNONHSAG055151', 'lNONHSAG055350', 'lNONHSAG057043', 'lNONHSAG057222', 'lNONHSAG058967', 'lNONHSAG064784', 'lNONHSAG065364', 'lNONHSAG066253', 'lNONHSAG069277', 'lNONHSAG091116', 'lNONHSAG096627', 'lNONHSAG101725', 'lNONHSAG104186', 'lENSG00000179523', 'lENSG00000225506', 'lENSG00000226115', 'lENSG00000229267', 'lENSG00000232415', 'lENSG00000235724', 'lENSG00000236240', 'lENSG00000236671', 'lENSG00000247498', 'lENSG00000255363', 'lENSG00000255850', 'lENSG00000260455', 'lENSG00000261183', 'lENSG00000272769', 'lGATA6-AS1', 'lRHPN1-AS1', 'lTEN1-CDK3', 'lVCAN-AS1', 'lZNF503-AS2', 'lAC135048.13', 'lAC137723.5', 'lAP001058.3', 'lRP11-467J12.4', 'lRP11-54O7.3', 'lRP11-680A11.5', 'lRP4-790G17.7', 'lRP11-429J17.8', 'lNONHSAG002619', 'lNONHSAG004893', 'lNONHSAG005522', 'lNONHSAG005769', 'lNONHSAG005867', 'lNONHSAG006187', 'lNONHSAG006206', 'lNONHSAG006220', 'lNONHSAG006235', 'lNONHSAG006279', 'lNONHSAG006555', 'lNONHSAG006669', 'lNONHSAG006897', 'lNONHSAG007203', 'lNONHSAG007278', 'lNONHSAG007286', 'lNONHSAG007507', 'lNONHSAG007554', 'lENSG00000175746', 'lENSG00000198671', 'lENSG00000203565', 'lENSG00000223387', 'lENSG00000224885', 'lENSG00000225218', 'lENSG00000225378', 'lENSG00000225798', 'lENSG00000226133', 'lENSG00000226562', 'lENSG00000226957', 'lENSG00000227409', 'lENSG00000227549', 'lENSG00000227579', 'lENSG00000227863', 'lENSG00000227893', 'lENSG00000228108', 'lENSG00000228136', 'lENSG00000228383', 'lENSG00000228596', 'lENSG00000228804', 'lENSG00000229283', 'lENSG00000229498', 'lENSG00000229531', 'lENSG00000229673', 'lENSG00000229851', 'lENSG00000230065', 'lENSG00000231492', 'lENSG00000231772', 'lENSG00000232363', 'lENSG00000232964', 'lENSG00000233178', 'lENSG00000233330', 'lENSG00000233953', 'lENSG00000234191', 'lENSG00000235059', 'lENSG00000235637', 'lENSG00000236031', 'lENSG00000236065', 'lENSG00000236267', 'lENSG00000236366', 'lENSG00000237373', 'lENSG00000237687', 'lENSG00000241666', 'lENSG00000243230', 'lENSG00000246541', 'lENSG00000248148', 'lENSG00000248482', 'lENSG00000248576', 'lENSG00000248758', 'lENSG00000248995', 'lENSG00000249753', 'lENSG00000250791', 'lENSG00000250855', 'lENSG00000250917', 'lENSG00000250945', 'lENSG00000253356', 'lENSG00000253834', 'lENSG00000254207', 'lENSG00000254526', 'lENSG00000254620', 'lENSG00000254627', 'lENSG00000254739', 'lENSG00000254775', 'lENSG00000254928', 'lENSG00000254930', 'lENSG00000255227', 'lENSG00000255327', 'lENSG00000255478', 'lENSG00000256314', 'lENSG00000257265', 'lENSG00000257271', 'lENSG00000259268', 'lENSG00000259503', 'lENSG00000259798', 'lENSG00000260017', 'lENSG00000260814', 'lENSG00000261633', 'lENSG00000261663', 'lENSG00000261695', 'lENSG00000261731', 'lENSG00000262692', 'lENSG00000262810', 'lENSG00000263237', 'lENSG00000263797', 'lENSG00000264116', 'lENSG00000264269', 'lENSG00000264546', 'lENSG00000265205', 'lENSG00000265625', 'lENSG00000265800', 'lENSG00000266981', 'lENSG00000267177', 'lENSG00000267286', 'lENSG00000267510', 'lENSG00000268191', 'lENSG00000268912', 'lENSG00000269621', 'lENSG00000269729', 'lENSG00000269826', 'lENSG00000270871', 'lENSG00000271218', 'lENSG00000271983', 'lENSG00000272575', 'lENSG00000272866', 'lENSG00000273275', 'lENSG00000273493', 'lENSG00000273838', 'lENSG00000277675', 'lENSG00000280881', 'lENSG00000283375', 'lENSG00000283436', 'lENSG00000283573', 'lENSG00000284608', 'lENSG00000285040', 'lENSG00000285409', 'lENSG00000285780', 'lENSG00000286242', 'lENSG00000286441', 'lENSG00000286581', 'lENSG00000286740', 'lENSG00000286820', 'lENSG00000286843', 'lENSG00000287005', 'lENSG00000287551', 'lENSG00000287664', 'lENSG00000223795', 'lENSG00000225836', 'lENSG00000228255', 'lENSG00000229628', 'lENSG00000229964', 'lENSG00000255644', 'lENSG00000259274', 'lENSG00000260511', 'lENSG00000261445', 'lENSG00000272304', 'lENSG00000273486', 'lENSG00000274902', 'lENSG00000278514', 'lENSG00000271870', 'lDGUOK-AS1', 'lMIR3654', 'lC3orf65']","[0.0, 0.0, 0.0, 0.0, 1.0, 1.0, 1.0, 1.0, 0.0, 0.0, 1.0, 0.0, 0.0, 1.0, 1.0, 0.0, 1.0, 0.0, 1.0, 0.0, 1.0, 1.0, 1.0, 1.0, 1.0, 0.0, 1.0, 0.0, 0.0, 0.0, 0.0, 1.0, 1.0, 1.0, 0.0, 0.0, 1.0, 1.0, 0.0, 0.0, 1.0, 1.0, 0.0, 1.0, 0.0, 1.0, 0.0, 0.0, 1.0, 0.0, 0.0, 1.0, 0.0, 1.0, 0.0, 0.0, 1.0, 1.0, 1.0, 0.0, 0.0, 0.0, 0.0, 0.0, 0.0, 1.0, 1.0, 1.0, 1.0, 1.0, 0.0, 0.0, 1.0, 1.0, 0.0, 0.0, 1.0, 1.0, 1.0, 1.0, 1.0, 0.0, 1.0, 1.0, 1.0, 0.0, 1.0, 0.0, 1.0, 1.0, 0.0, 0.0, 1.0, 1.0, 0.0, 1.0, 0.0, 0.0, 1.0, 1.0, 0.0, 1.0, 0.0, 0.0, 0.0, 0.0, 1.0, 0.0, 0.0, 1.0, 1.0, 1.0, 0.0, 1.0, 0.0, 1.0, 0.0, 1.0, 0.0, 1.0, 1.0, 1.0, 0.0, 1.0, 0.0, 0.0, 0.0, 0.0, 0.0, 0.0, 1.0, 0.0, 0.0, 1.0, 1.0, 0.0, 1.0, 1.0, 1.0, 1.0, 1.0, 1.0, 0.0, 1.0, 0.0, 0.0, 0.0, 0.0, 1.0, 1.0, 1.0, 1.0, 1.0, 0.0, 0.0, 0.0, 0.0, 0.0, 0.0, 0.0, 1.0, 1.0, 0.0, 1.0, 0.0, 1.0, 0.0, 0.0, 0.0, 0.0, 0.0, 1.0, 1.0, 0.0, 1.0, 0.0, 1.0, 0.0, 0.0, 0.0, 1.0, 0.0, 0.0, 0.0, 0.0, 0.0, 1.0, 0.0, 0.0, 0.0, 1.0, 0.0, 1.0, 0.0, 0.0, 0.0, 1.0, 1.0, 1.0, 0.0, 0.0, 0.0, 1.0, 1.0, 0.0, 0.0, 1.0, 1.0, 1.0, 1.0, 0.0, 1.0, 1.0, 1.0, 1.0, 0.0, 0.0, 1.0, 1.0, 1.0, 0.0, 0.0, 1.0, 0.0, 0.0, 1.0, 0.0, 1.0, 0.0, 0.0, 1.0, 1.0, 0.0, 0.0, 0.0, 1.0, 1.0, 0.0, 1.0, 0.0, 0.0, 0.0, 1.0, 1.0, 0.0, 0.0, 0.0, 1.0, 0.0, 0.0, 0.0, 0.0, 0.0, 0.0, 1.0, 1.0, 0.0, 1.0, 0.0, 1.0, 0.0, 0.0, 1.0, 0.0, 1.0, 1.0, 1.0, 1.0, 0.0, 0.0, 0.0, 1.0, 0.0, 0.0, 1.0, 1.0, 0.0, 0.0, 0.0, 0.0, 0.0, 0.0, 1.0, 1.0, 0.0, 1.0, 1.0, 1.0, 0.0, 1.0, 0.0, 1.0, 0.0, 0.0, 1.0, 0.0, 0.0, 0.0, 0.0, 1.0, 1.0, 1.0, 0.0, 0.0, 1.0, 1.0, 0.0, 0.0, 0.0, 1.0, 1.0, 1.0, 0.0, 1.0, 0.0, 1.0, 1.0, 0.0, 1.0, 1.0, 1.0, 0.0, 0.0]","[1.0, 1.0, 0.0, 1.0, 0.0, 1.0, 1.0, 0.0, 0.0, 0.0, 0.0, 1.0, 0.0, 0.0, 0.0, 1.0, 0.0, 0.0, 1.0, 1.0, 0.0, 0.0, 0.0, 1.0, 1.0, 0.0, 0.0, 0.0, 1.0, 0.0, 1.0, 0.0, 0.0, 1.0, 0.0, 1.0, 1.0, 1.0, 0.0, 1.0, 0.0, 1.0, 0.0, 0.0, 1.0, 0.0, 1.0, 1.0, 1.0, 0.0, 1.0, 1.0, 0.0, 1.0, 1.0, 0.0, 1.0, 0.0, 0.0, 1.0, 0.0, 0.0, 0.0, 0.0, 0.0, 1.0, 0.0, 0.0, 1.0, 0.0, 0.0, 1.0, 0.0, 1.0, 1.0, 1.0, 1.0, 1.0, 1.0, 0.0, 1.0, 1.0, 0.0, 1.0, 1.0, 1.0, 0.0, 0.0, 0.0, 0.0, 0.0, 1.0, 1.0, 0.0, 1.0, 0.0, 0.0, 1.0, 1.0, 0.0, 0.0, 1.0, 1.0, 0.0, 0.0, 1.0, 1.0, 0.0, 0.0, 0.0, 1.0, 0.0, 1.0, 0.0, 0.0, 1.0, 0.0, 1.0, 0.0, 1.0, 1.0, 1.0, 1.0, 1.0, 1.0, 0.0, 1.0, 1.0, 1.0, 0.0, 1.0, 1.0, 0.0, 1.0, 1.0, 1.0, 0.0, 1.0, 1.0, 1.0, 1.0, 0.0, 1.0, 0.0, 1.0, 1.0, 1.0, 1.0, 1.0, 1.0, 1.0, 1.0, 0.0, 0.0, 1.0, 0.0, 0.0, 0.0, 1.0, 0.0, 1.0, 1.0, 0.0, 1.0, 1.0, 0.0, 0.0, 1.0, 0.0, 0.0, 1.0, 1.0, 1.0, 0.0, 0.0, 0.0, 1.0, 0.0, 1.0, 1.0, 1.0, 1.0, 0.0, 1.0, 1.0, 1.0, 1.0, 1.0, 1.0, 0.0, 1.0, 0.0, 1.0, 1.0, 1.0, 1.0, 0.0, 1.0, 1.0, 1.0, 1.0, 1.0, 1.0, 1.0, 1.0, 1.0, 1.0, 0.0, 1.0, 1.0, 0.0, 1.0, 0.0, 1.0, 1.0, 1.0, 1.0, 0.0, 0.0, 1.0, 1.0, 0.0, 1.0, 1.0, 1.0, 0.0, 1.0, 1.0, 1.0, 0.0, 1.0, 0.0, 0.0, 1.0, 1.0, 0.0, 1.0, 0.0, 0.0, 0.0, 1.0, 1.0, 1.0, 1.0, 1.0, 1.0, 1.0, 1.0, 1.0, 0.0, 1.0, 1.0, 1.0, 0.0, 1.0, 0.0, 0.0, 1.0, 1.0, 0.0, 1.0, 1.0, 1.0, 1.0, 1.0, 1.0, 1.0, 1.0, 1.0, 1.0, 0.0, 1.0, 1.0, 1.0, 1.0, 0.0, 1.0, 1.0, 1.0, 1.0, 0.0, 0.0, 1.0, 0.0, 1.0, 0.0, 1.0, 1.0, 1.0, 0.0, 0.0, 1.0, 1.0, 1.0, 1.0, 1.0, 1.0, 0.0, 1.0, 1.0, 1.0, 0.0, 0.0, 1.0, 1.0, 0.0, 1.0, 1.0, 1.0, 1.0, 1.0, 1.0, 0.0, 0.0, 1.0, 0.0, 1.0, 1.0, 1.0, 0.0, 0.0, 0.0, 0.0]","[0.5030002259234267, 0.5237198468890406, 0.43014976263153043, 0.5104444976285928, 0.49356744274970604, 0.5073853554174721, 0.5049473505440025, 0.4801131620982974, 0.4632950281574265, 0.44261932327926057, 0.4849228544601132, 0.5281313690874534, 0.45426208990155004, 0.4846156674364819, 0.4615721733068336, 0.5115303338092161, 0.43859348977105894, 0.48045110814095376, 0.5353919382783299, 0.5150572057625351, 0.48142853468660574, 0.4449558229907152, 0.4791064138930217, 0.5081760650230194, 0.5137510278227712, 0.4369986212794815, 0.4797236540218052, 0.43240727557717545, 0.5021436633807554, 0.4887375719452095, 0.5039743204730704, 0.4871420203621036, 0.48792851952505323, 0.5105476208116793, 0.48517006020766024, 0.5092345897092074, 0.5161374633652568, 0.517492897464198, 0.4543925339651546, 0.5094213725951005, 0.44880991289455013, 0.517332975780602, 0.4946451356025572, 0.44531588130359384, 0.5160791562706002, 0.47323737418056727, 0.5170739138964561, 0.5186888196331929, 0.5054048687502783, 0.4779713528603801, 0.513760967346928, 0.5044810849895802, 0.4502532587650867, 0.5057142325399441, 0.5092303389855601, 0.48548986885103057, 0.5004053213001067, 0.49583453674365374, 0.4984117127432381, 0.5180079917846985, 0.49305322365612114, 0.4950392260925124, 0.4660727643675829, 0.4577668091871513, 0.46068554303531245, 0.507499187050303, 0.49201933473791537, 0.4942113181546032, 0.5038505745006874, 0.4938967538662769, 0.49723745996038105, 0.508982367602279, 0.47751883579011833, 0.5212770034949777, 0.5062628519475826, 0.5174417591271991, 0.541938381996906, 0.5074464525247779, 0.5041648239673231, 0.4730550120333291, 0.504448571075822, 0.5267280538578615, 0.4835469099691797, 0.5191760451490294, 0.5074190500937563, 0.5062688175090222, 0.4789157219971754, 0.4973249353555636, 0.4432097866324434, 0.4627702985169001, 0.4912073153794481, 0.5229349036896984, 0.5027045511256096, 0.48950087811802956, 0.5173993215459062, 0.4559035538815356, 0.4994186394966755, 0.5123275066702264, 0.5100165100662237, 0.45553334560349756, 0.4964603017799731, 0.5417681897636162, 0.5258280106978022, 0.4955389958904406, 0.45097976980285953, 0.5119484277211611, 0.5164900776532999, 0.4761140053336932, 0.4867065292843615, 0.467478246898161, 0.5123633698890511, 0.4903766462128957, 0.518076872784665, 0.4805468057024495, 0.4717730149493456, 0.5086775415546099, 0.4733815913513611, 0.5073671346301281, 0.4741562635184405, 0.5051223404684249, 0.5190809960047416, 0.523365535995614, 0.5156220845052841, 0.5239451447554371, 0.5115700734038434, 0.4871726138107352, 0.5290651826411812, 0.5046158237345502, 0.5164203358785922, 0.49970458633412307, 0.530834011925415, 0.5175213631214459, 0.49751207248587354, 0.5108698142378006, 0.5054016641012359, 0.5150242158098902, 0.42634177605808027, 0.528393505218457, 0.5008968502353711, 0.5384624891524467, 0.513192253735844, 0.40001592663048874, 0.5062066316374838, 0.49367349990949394, 0.5120394254017097, 0.5116508228822567, 0.5169369273801695, 0.5121802300804382, 0.5237685675450856, 0.5428075024484265, 0.5039901588263747, 0.5084599737298471, 0.43303961955071585, 0.4835133245649835, 0.5172355600894251, 0.4276480669255455, 0.44750600107966726, 0.472482291814309, 0.5100858291213157, 0.46872130298612946, 0.5139548251819522, 0.5089309266457301, 0.4913181558609783, 0.5159359953638573, 0.5288724655480559, 0.49864478462937756, 0.4297081153446808, 0.5006497813887871, 0.41817743588958534, 0.44375072373960084, 0.5014841164820094, 0.5013225013046664, 0.5398179945552696, 0.41994096878562853, 0.4485452813495387, 0.43799165432980636, 0.5072054167307297, 0.45649001609700457, 0.5236677378013812, 0.5386848781692011, 0.518754915832624, 0.5097579188376196, 0.38377517747756257, 0.5295410173696452, 0.506741330831905, 0.5094283229296872, 0.5412669774672, 0.514055059460599, 0.5122935196970694, 0.4729219238591882, 0.5180909560312233, 0.46820985621927175, 0.541485277425381, 0.5011606631914441, 0.5127845888229616, 0.5299671046051238, 0.4941163591903786, 0.5165224180283194, 0.5416309002663325, 0.5038189225316189, 0.5188035435979219, 0.5520152422593986, 0.5337540464925828, 0.5079597750755541, 0.5394837400255351, 0.5140557153831727, 0.5268757484243279, 0.4415989259662477, 0.5020335709680808, 0.5310295664198768, 0.39274784879740315, 0.5230587977947356, 0.4631870698296603, 0.506809748932704, 0.512405874112787, 0.5243695508791286, 0.5363947212928145, 0.4976536648993635, 0.49712393189453996, 0.501553545891201, 0.5093493024891993, 0.48372845368859285, 0.5172401078959621, 0.5227732786305995, 0.5006718786656609, 0.48094367189258536, 0.5077849345107183, 0.5117821319273638, 0.5122687068504099, 0.4795168347023778, 0.508920597646687, 0.48891046715181896, 0.491477882849391, 0.5177605911814211, 0.5087578452748113, 0.4798762461479802, 0.5075675910571056, 0.379541892223382, 0.4829428747861026, 0.494074775427303, 0.5160323177196978, 0.5374393775576659, 0.5029634332167979, 0.5100496265912042, 0.5175258570376908, 0.5159967341201608, 0.5060455732992483, 0.5192049954372974, 0.5378403188990954, 0.40699723388078723, 0.5233468135206838, 0.5318914577344994, 0.5373388729202923, 0.48655988464528543, 0.5403257982726691, 0.48239242965194384, 0.43489787373469463, 0.528321973722824, 0.5174858399508612, 0.4775540381610809, 0.5150891300366754, 0.5152365666402132, 0.5106948346295355, 0.5100050281805392, 0.5295426258658525, 0.5014782502617827, 0.5272334294410056, 0.5063590811402416, 0.5290292936337182, 0.5309855111767702, 0.49470122221582885, 0.5258264159572765, 0.5159790693965879, 0.5178121746792365, 0.520037631280262, 0.4486075982965148, 0.5327163219910218, 0.5155335821240161, 0.5259879474186928, 0.5171334517314546, 0.49983886496972335, 0.46952387629908565, 0.5310230173695346, 0.49446026252680914, 0.5278942644411152, 0.4339421440705522, 0.5139596755785744, 0.5203452977621018, 0.5021130760250772, 0.4743030368970548, 0.49881306282369037, 0.5211827763394762, 0.5340439230542887, 0.5101252792812917, 0.5141300700787796, 0.5008438580455774, 0.5243734671510462, 0.4928411617350469, 0.5141043041214602, 0.5318787775694075, 0.5235361325459371, 0.4851805486804422, 0.4488842290118219, 0.5160344743744767, 0.507363209573101, 0.41965904646746655, 0.5314920516603175, 0.5303284953234828, 0.51715343964053, 0.5251328206531861, 0.5165404652829637, 0.527854829794608, 0.4575941347710713, 0.3923909484443068, 0.5331748369530839, 0.499418503312579, 0.5000485899200983, 0.5342157141693147, 0.5014604549086737, 0.4372304468790019, 0.48993990805338905, 0.46514379813227824, 0.4210368595334243]"
7,"['lNONHSAG000008', 'lNONHSAG000047', 'lNONHSAG000059', 'lNONHSAG000069', 'lNONHSAG000130', 'lNONHSAG000158', 'lNONHSAG000195', 'lNONHSAG000241', 'lNONHSAG000253', 'lNONHSAG000310', 'lNONHSAG000374', 'lNONHSAG000381', 'lNONHSAG000464', 'lNONHSAG000484', 'lNONHSAG000498', 'lNONHSAG000579', 'lNONHSAG000584', 'lNONHSAG000603', 'lNONHSAG000625', 'lNONHSAG000742', 'lNONHSAG000769', 'lNONHSAG000840', 'lNONHSAG000843', 'lNONHSAG000884', 'lNONHSAG000918', 'lNONHSAG000938', 'lNONHSAG001142', 'lNONHSAG001172', 'lNONHSAG001238', 'lNONHSAG001247', 'lNONHSAG001259', 'lNONHSAG001278', 'lNONHSAG001284', 'lNONHSAG001360', 'lNONHSAG001375', 'lNONHSAG001448', 'lNONHSAG001468', 'lNONHSAG001499', 'lNONHSAG001696', 'lNONHSAG001724', 'lNONHSAG001773', 'lNONHSAG001837', 'lNONHSAG001941', 'lNONHSAG001993', 'lNONHSAG002056', 'lNONHSAG002058', 'lNONHSAG002086', 'lNONHSAG002134', 'lNONHSAG002135', 'lNONHSAG002343', 'lNONHSAG002376', 'lNONHSAG002378', 'lNONHSAG002454', 'lNONHSAG002490', 'lNONHSAG002549', 'lNONHSAG002617', 'lNONHSAG002669', 'lNONHSAG002701', 'lNONHSAG002719', 'lNONHSAG002731', 'lNONHSAG002752', 'lNONHSAG002859', 'lNONHSAG002883', 'lNONHSAG002978', 'lNONHSAG003053', 'lNONHSAG003056', 'lNONHSAG003068', 'lNONHSAG003077', 'lNONHSAG003119', 'lNONHSAG003134', 'lNONHSAG003156', 'lNONHSAG003198', 'lNONHSAG003244', 'lNONHSAG003260', 'lNONHSAG003269', 'lNONHSAG003374', 'lNONHSAG003504', 'lNONHSAG003505', 'lNONHSAG003512', 'lNONHSAG003645', 'lNONHSAG003820', 'lNONHSAG003874', 'lNONHSAG003884', 'lNONHSAG003886', 'lNONHSAG003900', 'lNONHSAG003911', 'lNONHSAG003912', 'lNONHSAG003957', 'lNONHSAG003976', 'lNONHSAG004026', 'lNONHSAG004054', 'lNONHSAG004095', 'lNONHSAG004303', 'lNONHSAG004305', 'lNONHSAG004373', 'lNONHSAG004619', 'lNONHSAG004673', 'lNONHSAG004714', 'lNONHSAG004743', 'lNONHSAG004779', 'lNONHSAG004868', 'lNONHSAG005084', 'lNONHSAG005153', 'lNONHSAG005339', 'lNONHSAG005377', 'lNONHSAG005403', 'lNONHSAG005482', 'lNONHSAG005669', 'lNONHSAG005699', 'lNONHSAG005711', 'lNONHSAG005721', 'lNONHSAG005728', 'lNONHSAG005732', 'lNONHSAG005742', 'lNONHSAG005780', 'lNONHSAG005866', 'lNONHSAG005920', 'lNONHSAG006049', 'lNONHSAG006050', 'lNONHSAG006054', 'lNONHSAG006071', 'lNONHSAG006163', 'lNONHSAG006204', 'lNONHSAG006212', 'lNONHSAG006238', 'lNONHSAG006301', 'lNONHSAG006341', 'lNONHSAG006362', 'lNONHSAG006454', 'lNONHSAG006457', 'lNONHSAG006474', 'lNONHSAG006477', 'lNONHSAG006526', 'lNONHSAG006633', 'lNONHSAG006735', 'lNONHSAG006756', 'lNONHSAG006763', 'lNONHSAG006772', 'lNONHSAG006865', 'lNONHSAG006945', 'lNONHSAG006966', 'lNONHSAG007109', 'lNONHSAG007295', 'lNONHSAG007324', 'lNONHSAG007384', 'lNONHSAG007430', 'lNONHSAG007431', 'lNONHSAG007434', 'lNONHSAG007455', 'lNONHSAG007487', 'lNONHSAG007538', 'lNONHSAG007631', 'lNONHSAG007692', 'lNONHSAG007708', 'lNONHSAG007868', 'lNONHSAG007961', 'lNONHSAG007983', 'lNONHSAG007984', 'lNONHSAG008015', 'lNONHSAG008037', 'lNONHSAG008056', 'lNONHSAG008167', 'lNONHSAG008199', 'lNONHSAG008354', 'lNONHSAG008517', 'lNONHSAG008540', 'lNONHSAG008552', 'lNONHSAG008589', 'lNONHSAG008615', 'lNONHSAG008654', 'lNONHSAG008670', 'lNONHSAG008675', 'lNONHSAG008693', 'lNONHSAG008726', 'lNONHSAG008728', 'lNONHSAG008759', 'lNONHSAG008859', 'lNONHSAG008937', 'lNONHSAG008952', 'lNONHSAG008966', 'lNONHSAG009021', 'lNONHSAG009039', 'lNONHSAG009059', 'lNONHSAG009062', 'lNONHSAG009124', 'lNONHSAG009130', 'lNONHSAG009133', 'lNONHSAG009134', 'lNONHSAG009174', 'lNONHSAG009180', 'lNONHSAG009193', 'lNONHSAG009228', 'lNONHSAG009544', 'lNONHSAG009546', 'lNONHSAG009613', 'lNONHSAG009636', 'lNONHSAG009747', 'lNONHSAG009755', 'lNONHSAG009757', 'lNONHSAG009782', 'lNONHSAG009913', 'lNONHSAG009938', 'lNONHSAG009945', 'lNONHSAG009950', 'lNONHSAG009968', 'lNONHSAG009989', 'lNONHSAG010021', 'lNONHSAG010117', 'lNONHSAG010179', 'lNONHSAG010184', 'lNONHSAG010186', 'lNONHSAG010189', 'lNONHSAG010190', 'lNONHSAG010193', 'lNONHSAG010194', 'lNONHSAG010200', 'lNONHSAG010352', 'lNONHSAG010405', 'lNONHSAG010416', 'lNONHSAG010543', 'lNONHSAG010657', 'lNONHSAG010658', 'lNONHSAG010716', 'lNONHSAG010792', 'lNONHSAG010798', 'lNONHSAG010940', 'lNONHSAG010986', 'lNONHSAG010989', 'lNONHSAG011028', 'lNONHSAG011057', 'lNONHSAG011070', 'lNONHSAG011084', 'lNONHSAG011086', 'lNONHSAG011090', 'lNONHSAG011121', 'lNONHSAG011125', 'lNONHSAG011211', 'lNONHSAG011230', 'lNONHSAG011264', 'lNONHSAG011337', 'lNONHSAG011343', 'lNONHSAG011375', 'lNONHSAG011439', 'lNONHSAG011446', 'lNONHSAG011518', 'lNONHSAG011524', 'lNONHSAG011576', 'lNONHSAG011633', 'lNONHSAG011658', 'lNONHSAG011790', 'lNONHSAG011854', 'lNONHSAG011870', 'lNONHSAG011935', 'lNONHSAG012076', 'lNONHSAG012077', 'lNONHSAG012099', 'lNONHSAG012297', 'lNONHSAG012303', 'lNONHSAG012339', 'lNONHSAG012367', 'lNONHSAG012375', 'lNONHSAG012423', 'lNONHSAG012476', 'lNONHSAG012534', 'lNONHSAG012540', 'lNONHSAG012549', 'lNONHSAG012555', 'lNONHSAG012594', 'lNONHSAG012614', 'lNONHSAG012617', 'lNONHSAG012751', 'lNONHSAG012791', 'lNONHSAG013060', 'lNONHSAG013095', 'lNONHSAG013098', 'lNONHSAG013109', 'lNONHSAG013388', 'lNONHSAG013431', 'lNONHSAG013475', 'lNONHSAG013515', 'lNONHSAG013534', 'lNONHSAG013568', 'lNONHSAG013708', 'lNONHSAG013730', 'lNONHSAG013790', 'lNONHSAG013809', 'lNONHSAG013912', 'lNONHSAG013917', 'lNONHSAG013942', 'lNONHSAG013944', 'lNONHSAG013946', 'lNONHSAG013954', 'lNONHSAG013992', 'lNONHSAG014098', 'lNONHSAG014112', 'lNONHSAG014130', 'lNONHSAG014267', 'lNONHSAG014289', 'lNONHSAG014332', 'lNONHSAG014362', 'lNONHSAG014372', 'lNONHSAG014496', 'lNONHSAG014546', 'lNONHSAG014562', 'lNONHSAG014591', 'lNONHSAG014672', 'lNONHSAG014679', 'lNONHSAG014730', 'lNONHSAG014890', 'lNONHSAG014891', 'lNONHSAG015044', 'lNONHSAG015163', 'lNONHSAG015234', 'lNONHSAG015352', 'lNONHSAG015417', 'lNONHSAG015461', 'lNONHSAG015505', 'lNONHSAG015591', 'lNONHSAG015623', 'lNONHSAG015692', 'lNONHSAG015723', 'lNONHSAG015787', 'lNONHSAG015788', 'lNONHSAG015961', 'lNONHSAG016068', 'lNONHSAG016118', 'lNONHSAG016199', 'lNONHSAG016307', 'lNONHSAG016395', 'lNONHSAG016403', 'lNONHSAG016487', 'lNONHSAG016576', 'lNONHSAG016611', 'lNONHSAG016618', 'lNONHSAG016623', 'lNONHSAG016733', 'lNONHSAG016741', 'lNONHSAG016749', 'lNONHSAG016771', 'lNONHSAG016822', 'lNONHSAG016893', 'lNONHSAG017020', 'lNONHSAG017060', 'lNONHSAG017232', 'lNONHSAG017238', 'lNONHSAG017254', 'lNONHSAG017282', 'lNONHSAG017288', 'lNONHSAG017344', 'lNONHSAG017347', 'lNONHSAG017349', 'lNONHSAG017376', 'lNONHSAG017379', 'lNONHSAG017417', 'lNONHSAG017486', 'lNONHSAG017504', 'lNONHSAG017567', 'lNONHSAG017666', 'lNONHSAG017767', 'lNONHSAG017783', 'lNONHSAG017882', 'lNONHSAG017890', 'lNONHSAG017899', 'lNONHSAG018053', 'lNONHSAG018054', 'lNONHSAG018058', 'lNONHSAG018110', 'lNONHSAG018180', 'lNONHSAG018203', 'lNONHSAG018236', 'lNONHSAG018313', 'lNONHSAG018326', 'lNONHSAG018341', 'lNONHSAG018344', 'lNONHSAG018372', 'lNONHSAG018374', 'lNONHSAG018414', 'lNONHSAG018415', 'lNONHSAG018416', 'lNONHSAG018417', 'lNONHSAG018420', 'lNONHSAG018461', 'lNONHSAG018530', 'lNONHSAG018586', 'lNONHSAG018635', 'lNONHSAG018656', 'lNONHSAG018659', 'lNONHSAG018707', 'lNONHSAG018709', 'lNONHSAG018711', 'lNONHSAG018829', 'lNONHSAG018889', 'lNONHSAG018903', 'lNONHSAG018980', 'lNONHSAG019003', 'lNONHSAG019012', 'lNONHSAG019014', 'lNONHSAG019021', 'lNONHSAG019023', 'lNONHSAG019031', 'lNONHSAG019049', 'lNONHSAG019051', 'lNONHSAG019079', 'lNONHSAG019090', 'lNONHSAG019134', 'lNONHSAG019158', 'lNONHSAG019221', 'lNONHSAG019270', 'lNONHSAG019332', 'lNONHSAG019370', 'lNONHSAG019439', 'lNONHSAG019493', 'lNONHSAG019569', 'lNONHSAG019667', 'lNONHSAG019670', 'lNONHSAG019767', 'lNONHSAG019813', 'lNONHSAG019814', 'lNONHSAG019848', 'lNONHSAG019852', 'lNONHSAG019878', 'lNONHSAG019898', 'lNONHSAG019967', 'lNONHSAG020053', 'lNONHSAG020066', 'lNONHSAG020068', 'lNONHSAG020075', 'lNONHSAG020091', 'lNONHSAG020107', 'lNONHSAG020153', 'lNONHSAG020155', 'lNONHSAG020218', 'lNONHSAG020223', 'lNONHSAG020252', 'lNONHSAG020259', 'lNONHSAG020260', 'lNONHSAG020273', 'lNONHSAG020277', 'lNONHSAG020278', 'lNONHSAG020281', 'lNONHSAG020304', 'lNONHSAG020307', 'lNONHSAG020312', 'lNONHSAG020321', 'lNONHSAG020325', 'lNONHSAG020339', 'lNONHSAG020361', 'lNONHSAG020367', 'lNONHSAG020372', 'lNONHSAG020374', 'lNONHSAG020382', 'lNONHSAG020403', 'lNONHSAG020474', 'lNONHSAG020476', 'lNONHSAG020600', 'lNONHSAG020616', 'lNONHSAG020729', 'lNONHSAG020731', 'lNONHSAG020755', 'lNONHSAG020759', 'lNONHSAG020760', 'lNONHSAG020762', 'lNONHSAG020771', 'lNONHSAG020869', 'lNONHSAG020957', 'lNONHSAG020990', 'lNONHSAG021042', 'lNONHSAG021072', 'lNONHSAG021307', 'lNONHSAG021309', 'lNONHSAG021315', 'lNONHSAG021342', 'lNONHSAG021347', 'lNONHSAG021390', 'lNONHSAG021400', 'lNONHSAG021408', 'lNONHSAG021431', 'lNONHSAG021432', 'lNONHSAG021433', 'lNONHSAG021471', 'lNONHSAG021557', 'lNONHSAG021566', 'lNONHSAG021567', 'lNONHSAG021584', 'lNONHSAG021638', 'lNONHSAG021641', 'lNONHSAG021698', 'lNONHSAG021760', 'lNONHSAG021780', 'lNONHSAG021820', 'lNONHSAG021846', 'lNONHSAG021874', 'lNONHSAG021878', 'lNONHSAG021882', 'lNONHSAG021893', 'lNONHSAG021909', 'lNONHSAG021976', 'lNONHSAG021981', 'lNONHSAG022009', 'lNONHSAG022030', 'lNONHSAG022058', 'lNONHSAG022078', 'lNONHSAG022088', 'lNONHSAG022094', 'lNONHSAG022103', 'lNONHSAG022110', 'lNONHSAG022125', 'lNONHSAG022127', 'lNONHSAG022162', 'lNONHSAG022311', 'lNONHSAG022327', 'lNONHSAG022328', 'lNONHSAG022335', 'lNONHSAG022339', 'lNONHSAG022378', 'lNONHSAG022495', 'lNONHSAG022510', 'lNONHSAG022551', 'lNONHSAG022579', 'lNONHSAG022595', 'lNONHSAG022597', 'lNONHSAG022690', 'lNONHSAG022743', 'lNONHSAG022750', 'lNONHSAG022806', 'lNONHSAG022836', 'lNONHSAG022845', 'lNONHSAG022851', 'lNONHSAG022888', 'lNONHSAG022893', 'lNONHSAG022965', 'lNONHSAG022972', 'lNONHSAG022980', 'lNONHSAG022982', 'lNONHSAG023003', 'lNONHSAG023049', 'lNONHSAG023051', 'lNONHSAG023073', 'lNONHSAG023175', 'lNONHSAG023237', 'lNONHSAG023375', 'lNONHSAG023392', 'lNONHSAG023494', 'lNONHSAG023512', 'lNONHSAG023553', 'lNONHSAG023598', 'lNONHSAG023607', 'lNONHSAG023614', 'lNONHSAG023630', 'lNONHSAG023633', 'lNONHSAG023635', 'lNONHSAG023661', 'lNONHSAG023668', 'lNONHSAG023740', 'lNONHSAG023837', 'lNONHSAG023864', 'lNONHSAG023885', 'lNONHSAG023888', 'lNONHSAG023930', 'lNONHSAG023964', 'lNONHSAG024117', 'lNONHSAG024146', 'lNONHSAG024171', 'lNONHSAG024224', 'lNONHSAG024244', 'lNONHSAG024282', 'lNONHSAG024340', 'lNONHSAG024341', 'lNONHSAG024354', 'lNONHSAG024361', 'lNONHSAG024362', 'lNONHSAG024364', 'lNONHSAG024381', 'lNONHSAG024391', 'lNONHSAG024393', 'lNONHSAG024395', 'lNONHSAG024428', 'lNONHSAG024540', 'lNONHSAG024542', 'lNONHSAG024637', 'lNONHSAG024668', 'lNONHSAG024671', 'lNONHSAG024676', 'lNONHSAG024681', 'lNONHSAG024741', 'lNONHSAG024809', 'lNONHSAG024810', 'lNONHSAG024818', 'lNONHSAG024826', 'lNONHSAG024903', 'lNONHSAG024905', 'lNONHSAG024908', 'lNONHSAG024913', 'lNONHSAG024921', 'lNONHSAG024923', 'lNONHSAG024925', 'lNONHSAG024979', 'lNONHSAG025011', 'lNONHSAG025135', 'lNONHSAG025137', 'lNONHSAG025157', 'lNONHSAG025185', 'lNONHSAG025319', 'lNONHSAG025352', 'lNONHSAG025483', 'lNONHSAG025485', 'lNONHSAG025609', 'lNONHSAG025712', 'lNONHSAG025743', 'lNONHSAG025744', 'lNONHSAG025867', 'lNONHSAG025907', 'lNONHSAG025934', 'lNONHSAG025939', 'lNONHSAG025964', 'lNONHSAG025997', 'lNONHSAG026053', 'lNONHSAG026089', 'lNONHSAG026091', 'lNONHSAG026103', 'lNONHSAG026153', 'lNONHSAG026176', 'lNONHSAG026205', 'lNONHSAG026274', 'lNONHSAG026364', 'lNONHSAG026386', 'lNONHSAG026575', 'lNONHSAG026599', 'lNONHSAG026631', 'lNONHSAG026661', 'lNONHSAG026720', 'lNONHSAG026721', 'lNONHSAG026737', 'lNONHSAG026743', 'lNONHSAG026781', 'lNONHSAG026794', 'lNONHSAG026852', 'lNONHSAG026854', 'lNONHSAG026856', 'lNONHSAG027017', 'lNONHSAG027110', 'lNONHSAG027276', 'lNONHSAG027278', 'lNONHSAG027323', 'lNONHSAG027342', 'lNONHSAG027374', 'lNONHSAG027421', 'lNONHSAG027482', 'lNONHSAG027618', 'lNONHSAG027675', 'lNONHSAG027682', 'lNONHSAG027692', 'lNONHSAG027709', 'lNONHSAG027837', 'lNONHSAG027874', 'lNONHSAG027876', 'lNONHSAG028093', 'lNONHSAG028112', 'lNONHSAG028141', 'lNONHSAG028142', 'lNONHSAG028159', 'lNONHSAG028403', 'lNONHSAG028713', 'lNONHSAG028720', 'lNONHSAG028817', 'lNONHSAG028857', 'lNONHSAG028870', 'lNONHSAG028913', 'lNONHSAG028918', 'lNONHSAG028948', 'lNONHSAG028996', 'lNONHSAG029033', 'lNONHSAG029124', 'lNONHSAG029267', 'lNONHSAG029312', 'lNONHSAG029336', 'lNONHSAG029467', 'lNONHSAG029668', 'lNONHSAG029792', 'lNONHSAG029830', 'lNONHSAG029873', 'lNONHSAG029880', 'lNONHSAG029933', 'lNONHSAG029957', 'lNONHSAG029959', 'lNONHSAG029960', 'lNONHSAG029961', 'lNONHSAG029962', 'lNONHSAG029964', 'lNONHSAG029965', 'lNONHSAG029985', 'lNONHSAG030074', 'lNONHSAG030113', 'lNONHSAG030129', 'lNONHSAG030244', 'lNONHSAG030278', 'lNONHSAG030279', 'lNONHSAG030304', 'lNONHSAG030333', 'lNONHSAG030410', 'lNONHSAG030440', 'lNONHSAG030487', 'lNONHSAG030516', 'lNONHSAG030525', 'lNONHSAG030582', 'lNONHSAG030738', 'lNONHSAG030739', 'lNONHSAG030742', 'lNONHSAG031025', 'lNONHSAG031035', 'lNONHSAG031261', 'lNONHSAG031385', 'lNONHSAG031452', 'lNONHSAG031453', 'lNONHSAG031456', 'lNONHSAG031481', 'lNONHSAG031563', 'lNONHSAG031565', 'lNONHSAG031581', 'lNONHSAG031584', 'lNONHSAG031636', 'lNONHSAG031696', 'lNONHSAG031853', 'lNONHSAG031900', 'lNONHSAG031913', 'lNONHSAG031991', 'lNONHSAG032063', 'lNONHSAG032247', 'lNONHSAG032267', 'lNONHSAG032297', 'lNONHSAG032302', 'lNONHSAG032309', 'lNONHSAG032537', 'lNONHSAG032560', 'lNONHSAG032664', 'lNONHSAG032682', 'lNONHSAG032724', 'lNONHSAG032735', 'lNONHSAG032748', 'lNONHSAG032750', 'lNONHSAG033027', 'lNONHSAG033061', 'lNONHSAG033100', 'lNONHSAG033105', 'lNONHSAG033107', 'lNONHSAG033121', 'lNONHSAG033168', 'lNONHSAG033216', 'lNONHSAG033254', 'lNONHSAG033266', 'lNONHSAG033328', 'lNONHSAG033334', 'lNONHSAG033342', 'lNONHSAG033348', 'lNONHSAG033368', 'lNONHSAG033386', 'lNONHSAG033390', 'lNONHSAG033435', 'lNONHSAG033471', 'lNONHSAG033480', 'lNONHSAG033528', 'lNONHSAG033589', 'lNONHSAG033611', 'lNONHSAG033645', 'lNONHSAG033691', 'lNONHSAG033716', 'lNONHSAG033735', 'lNONHSAG033748', 'lNONHSAG033810', 'lNONHSAG033862', 'lNONHSAG033896', 'lNONHSAG033898', 'lNONHSAG033899', 'lNONHSAG033940', 'lNONHSAG034006', 'lNONHSAG034014', 'lNONHSAG034021', 'lNONHSAG034032', 'lNONHSAG034217', 'lNONHSAG034316', 'lNONHSAG034417', 'lNONHSAG034418', 'lNONHSAG034492', 'lNONHSAG034508', 'lNONHSAG034527', 'lNONHSAG034676', 'lNONHSAG034678', 'lNONHSAG034801', 'lNONHSAG034845', 'lNONHSAG034935', 'lNONHSAG034973', 'lNONHSAG035096', 'lNONHSAG035103', 'lNONHSAG035262', 'lNONHSAG035287', 'lNONHSAG035382', 'lNONHSAG035456', 'lNONHSAG035531', 'lNONHSAG035806', 'lNONHSAG035914', 'lNONHSAG035916', 'lNONHSAG035919', 'lNONHSAG035923', 'lNONHSAG036047', 'lNONHSAG036054', 'lNONHSAG036115', 'lNONHSAG036120', 'lNONHSAG036255', 'lNONHSAG036263', 'lNONHSAG036273', 'lNONHSAG036403', 'lNONHSAG036407', 'lNONHSAG036412', 'lNONHSAG036413', 'lNONHSAG036612', 'lNONHSAG036615', 'lNONHSAG036667', 'lNONHSAG036718', 'lNONHSAG036783', 'lNONHSAG036866', 'lNONHSAG036922', 'lNONHSAG036926', 'lNONHSAG037025', 'lNONHSAG037061', 'lNONHSAG037072', 'lNONHSAG037073', 'lNONHSAG037083', 'lNONHSAG037096', 'lNONHSAG037137', 'lNONHSAG037164', 'lNONHSAG037241', 'lNONHSAG037348', 'lNONHSAG037420', 'lNONHSAG037827', 'lNONHSAG037891', 'lNONHSAG037936', 'lNONHSAG037946', 'lNONHSAG038001', 'lNONHSAG038024', 'lNONHSAG038162', 'lNONHSAG038343', 'lNONHSAG038344', 'lNONHSAG038397', 'lNONHSAG038502', 'lNONHSAG038530', 'lNONHSAG038561', 'lNONHSAG038578', 'lNONHSAG038663', 'lNONHSAG038675', 'lNONHSAG038676', 'lNONHSAG038682', 'lNONHSAG039038', 'lNONHSAG039293', 'lNONHSAG039295', 'lNONHSAG039319', 'lNONHSAG039617', 'lNONHSAG039634', 'lNONHSAG039637', 'lNONHSAG039654', 'lNONHSAG039664', 'lNONHSAG039669', 'lNONHSAG039749', 'lNONHSAG040179', 'lNONHSAG040188', 'lNONHSAG040226', 'lNONHSAG040241', 'lNONHSAG040269', 'lNONHSAG040320', 'lNONHSAG040329', 'lNONHSAG040408', 'lNONHSAG040444', 'lNONHSAG040481', 'lNONHSAG040542', 'lNONHSAG040544', 'lNONHSAG040560', 'lNONHSAG040601', 'lNONHSAG040700', 'lNONHSAG040729', 'lNONHSAG040804', 'lNONHSAG040859', 'lNONHSAG040870', 'lNONHSAG040909', 'lNONHSAG040945', 'lNONHSAG040958', 'lNONHSAG040969', 'lNONHSAG040976', 'lNONHSAG041002', 'lNONHSAG041017', 'lNONHSAG041023', 'lNONHSAG041241', 'lNONHSAG041250', 'lNONHSAG041256', 'lNONHSAG041257', 'lNONHSAG041528', 'lNONHSAG041529', 'lNONHSAG041670', 'lNONHSAG041716', 'lNONHSAG041758', 'lNONHSAG041844', 'lNONHSAG041883', 'lNONHSAG041938', 'lNONHSAG041966', 'lNONHSAG041981', 'lNONHSAG042033', 'lNONHSAG042050', 'lNONHSAG042062', 'lNONHSAG042080', 'lNONHSAG042132', 'lNONHSAG042218', 'lNONHSAG042257', 'lNONHSAG042270', 'lNONHSAG042306', 'lNONHSAG042307', 'lNONHSAG042370', 'lNONHSAG042433', 'lNONHSAG042476', 'lNONHSAG042491', 'lNONHSAG042500', 'lNONHSAG042724', 'lNONHSAG042836', 'lNONHSAG042855', 'lNONHSAG042957', 'lNONHSAG042966', 'lNONHSAG042970', 'lNONHSAG042991', 'lNONHSAG043138', 'lNONHSAG043159', 'lNONHSAG043229', 'lNONHSAG043250', 'lNONHSAG043303', 'lNONHSAG043433', 'lNONHSAG043550', 'lNONHSAG043592', 'lNONHSAG043625', 'lNONHSAG043657', 'lNONHSAG043770', 'lNONHSAG043851', 'lNONHSAG043934', 'lNONHSAG044022', 'lNONHSAG044041', 'lNONHSAG044064', 'lNONHSAG044283', 'lNONHSAG044350', 'lNONHSAG044406', 'lNONHSAG044533', 'lNONHSAG044624', 'lNONHSAG044666', 'lNONHSAG044709', 'lNONHSAG044751', 'lNONHSAG045131', 'lNONHSAG045160', 'lNONHSAG045163', 'lNONHSAG045166', 'lNONHSAG045306', 'lNONHSAG045383', 'lNONHSAG045430', 'lNONHSAG046722', 'lNONHSAG046730', 'lNONHSAG046765', 'lNONHSAG046781', 'lNONHSAG046811', 'lNONHSAG046839', 'lNONHSAG046953', 'lNONHSAG047182', 'lNONHSAG047191', 'lNONHSAG047197', 'lNONHSAG047260', 'lNONHSAG047319', 'lNONHSAG047433', 'lNONHSAG047469', 'lNONHSAG047471', 'lNONHSAG047507', 'lNONHSAG047543', 'lNONHSAG047544', 'lNONHSAG047547', 'lNONHSAG047619', 'lNONHSAG047620', 'lNONHSAG047725', 'lNONHSAG047792', 'lNONHSAG047796', 'lNONHSAG047830', 'lNONHSAG047840', 'lNONHSAG047842', 'lNONHSAG047851', 'lNONHSAG047951', 'lNONHSAG047973', 'lNONHSAG047974', 'lNONHSAG048101', 'lNONHSAG048114', 'lNONHSAG048189', 'lNONHSAG048191', 'lNONHSAG048201', 'lNONHSAG048228', 'lNONHSAG048231', 'lNONHSAG048270', 'lNONHSAG048302', 'lNONHSAG048323', 'lNONHSAG048354', 'lNONHSAG048439', 'lNONHSAG048464', 'lNONHSAG048598', 'lNONHSAG048602', 'lNONHSAG048603', 'lNONHSAG048610', 'lNONHSAG048624', 'lNONHSAG048626', 'lNONHSAG048682', 'lNONHSAG048695', 'lNONHSAG048781', 'lNONHSAG049037', 'lNONHSAG049050', 'lNONHSAG049051', 'lNONHSAG049119', 'lNONHSAG049129', 'lNONHSAG049157', 'lNONHSAG049185', 'lNONHSAG049191', 'lNONHSAG049303', 'lNONHSAG049356', 'lNONHSAG049421', 'lNONHSAG049507', 'lNONHSAG049626', 'lNONHSAG049655', 'lNONHSAG049754', 'lNONHSAG049801', 'lNONHSAG049901', 'lNONHSAG050073', 'lNONHSAG050104', 'lNONHSAG050167', 'lNONHSAG050168', 'lNONHSAG050272', 'lNONHSAG050273', 'lNONHSAG050284', 'lNONHSAG050345', 'lNONHSAG050423', 'lNONHSAG050445', 'lNONHSAG050493', 'lNONHSAG050518', 'lNONHSAG050670', 'lNONHSAG050725', 'lNONHSAG050769', 'lNONHSAG050786', 'lNONHSAG050815', 'lNONHSAG050929', 'lNONHSAG050985', 'lNONHSAG051010', 'lNONHSAG051015', 'lNONHSAG051166', 'lNONHSAG051196', 'lNONHSAG051245', 'lNONHSAG051250', 'lNONHSAG051255', 'lNONHSAG051259', 'lNONHSAG051260', 'lNONHSAG051263', 'lNONHSAG051266', 'lNONHSAG051291', 'lNONHSAG051448', 'lNONHSAG051454', 'lNONHSAG051484', 'lNONHSAG051514', 'lNONHSAG051517', 'lNONHSAG051523', 'lNONHSAG051542', 'lNONHSAG051567', 'lNONHSAG051568', 'lNONHSAG051603', 'lNONHSAG051898', 'lNONHSAG051958', 'lNONHSAG052046', 'lNONHSAG052082', 'lNONHSAG052097', 'lNONHSAG052119', 'lNONHSAG052149', 'lNONHSAG052151', 'lNONHSAG052179', 'lNONHSAG052454', 'lNONHSAG052459', 'lNONHSAG052491', 'lNONHSAG052492', 'lNONHSAG052495', 'lNONHSAG052510', 'lNONHSAG052511', 'lNONHSAG052609', 'lNONHSAG052680', 'lNONHSAG052686', 'lNONHSAG052709', 'lNONHSAG052726', 'lNONHSAG052853', 'lNONHSAG052908', 'lNONHSAG052925', 'lNONHSAG052929', 'lNONHSAG052931', 'lNONHSAG052933', 'lNONHSAG052943', 'lNONHSAG053007', 'lNONHSAG053082', 'lNONHSAG053108', 'lNONHSAG053162', 'lNONHSAG053228', 'lNONHSAG053419', 'lNONHSAG053456', 'lNONHSAG053499', 'lNONHSAG053500', 'lNONHSAG053502', 'lNONHSAG053546', 'lNONHSAG053547', 'lNONHSAG053590', 'lNONHSAG053602', 'lNONHSAG053626', 'lNONHSAG053631', 'lNONHSAG053651', 'lNONHSAG053716', 'lNONHSAG053719', 'lNONHSAG053748', 'lNONHSAG053802', 'lNONHSAG053842', 'lNONHSAG054024', 'lNONHSAG054038', 'lNONHSAG054212', 'lNONHSAG054213', 'lNONHSAG054214', 'lNONHSAG054215', 'lNONHSAG054216', 'lNONHSAG054301', 'lNONHSAG054360', 'lNONHSAG054432', 'lNONHSAG054699', 'lNONHSAG054716', 'lNONHSAG054717', 'lNONHSAG054718', 'lNONHSAG054780', 'lNONHSAG054791', 'lNONHSAG054807', 'lNONHSAG054832', 'lNONHSAG055008', 'lNONHSAG055088', 'lNONHSAG055092', 'lNONHSAG055151', 'lNONHSAG055350', 'lNONHSAG055418', 'lNONHSAG055450', 'lNONHSAG055546', 'lNONHSAG055558', 'lNONHSAG055565', 'lNONHSAG055577', 'lNONHSAG055582', 'lNONHSAG056025', 'lNONHSAG056029', 'lNONHSAG056053', 'lNONHSAG056451', 'lNONHSAG056733', 'lNONHSAG056746', 'lNONHSAG056868', 'lNONHSAG056875', 'lNONHSAG057043', 'lNONHSAG057222', 'lNONHSAG057260', 'lNONHSAG058006', 'lNONHSAG058109', 'lNONHSAG058112', 'lNONHSAG058118', 'lNONHSAG058128', 'lNONHSAG058533', 'lNONHSAG058967', 'lNONHSAG059768', 'lNONHSAG060586', 'lNONHSAG061404', 'lNONHSAG063700', 'lNONHSAG064784', 'lNONHSAG064962', 'lNONHSAG065252', 'lNONHSAG065364', 'lNONHSAG066253', 'lNONHSAG068402', 'lNONHSAG069030', 'lNONHSAG069147', 'lNONHSAG069277', 'lNONHSAG069876', 'lNONHSAG070257', 'lNONHSAG071444', 'lNONHSAG072176', 'lNONHSAG072945', 'lNONHSAG073025', 'lNONHSAG073380', 'lNONHSAG073406', 'lNONHSAG073419', 'lNONHSAG073786', 'lNONHSAG074661', 'lNONHSAG077527', 'lNONHSAG077551', 'lNONHSAG079231', 'lNONHSAG081227', 'lNONHSAG081583', 'lNONHSAG082891', 'lNONHSAG083209', 'lNONHSAG083289', 'lNONHSAG083859', 'lNONHSAG083883', 'lNONHSAG084701', 'lNONHSAG084832', 'lNONHSAG084937', 'lNONHSAG085975', 'lNONHSAG088562', 'lNONHSAG089857', 'lNONHSAG091116', 'lNONHSAG091284', 'lNONHSAG091452', 'lNONHSAG091943', 'lNONHSAG092907', 'lNONHSAG093064', 'lNONHSAG093078', 'lNONHSAG094129', 'lNONHSAG094269', 'lNONHSAG096130', 'lNONHSAG096227', 'lNONHSAG096230', 'lNONHSAG096627', 'lNONHSAG097344', 'lNONHSAG098653', 'lNONHSAG099082', 'lNONHSAG099120', 'lNONHSAG099126', 'lNONHSAG099742', 'lNONHSAG101229', 'lNONHSAG101725', 'lNONHSAG102572', 'lNONHSAG102979', 'lNONHSAG103259', 'lNONHSAG103457', 'lNONHSAG103817', 'lNONHSAG104186', 'lNONHSAG110420', 'lNONHSAG110858', 'lNONHSAG111667', 'lNONHSAG112396', 'lNONHSAG113761', 'lNONHSAG114445', 'lENSG00000103472', 'lENSG00000163364', 'lENSG00000171889', 'lENSG00000175061', 'lENSG00000177410', 'lENSG00000179406', 'lENSG00000179523', 'lENSG00000189295', 'lENSG00000198221', 'lENSG00000198468', 'lENSG00000203497', 'lENSG00000205611', 'lENSG00000223764', 'lENSG00000223783', 'lENSG00000224057', 'lENSG00000224078', 'lENSG00000224614', 'lENSG00000225506', 'lENSG00000225855', 'lENSG00000226115', 'lENSG00000227082', 'lENSG00000227256', 'lENSG00000228526', 'lENSG00000229267', 'lENSG00000229335', 'lENSG00000229388', 'lENSG00000230046', 'lENSG00000230061', 'lENSG00000230313', 'lENSG00000230400', 'lENSG00000230866', 'lENSG00000231019', 'lENSG00000231437', 'lENSG00000231473', 'lENSG00000232265', 'lENSG00000232415', 'lENSG00000232442', 'lENSG00000232500', 'lENSG00000233047', 'lENSG00000233387', 'lENSG00000233532', 'lENSG00000233590', 'lENSG00000234169', 'lENSG00000234222', 'lENSG00000234455', 'lENSG00000234546', 'lENSG00000234625', 'lENSG00000235385', 'lENSG00000235535', 'lENSG00000235724', 'lENSG00000236240', 'lENSG00000236535', 'lENSG00000236671', 'lENSG00000237167', 'lENSG00000237396', 'lENSG00000237880', 'lENSG00000242207', 'lENSG00000243479', 'lENSG00000244124', 'lENSG00000245067', 'lENSG00000245146', 'lENSG00000246560', 'lENSG00000247095', 'lENSG00000247373', 'lENSG00000247400', 'lENSG00000247498', 'lENSG00000249532', 'lENSG00000249786', 'lENSG00000249835', 'lENSG00000249993', 'lENSG00000250635', 'lENSG00000251003', 'lENSG00000251061', 'lENSG00000253315', 'lENSG00000254418', 'lENSG00000254480', 'lENSG00000254508', 'lENSG00000254635', 'lENSG00000254791', 'lENSG00000255363', 'lENSG00000255427', 'lENSG00000255553', 'lENSG00000255850', 'lENSG00000256742', 'lENSG00000256769', 'lENSG00000257084', 'lENSG00000257557', 'lENSG00000258197', 'lENSG00000258912', 'lENSG00000259289', 'lENSG00000259424', 'lENSG00000260219', 'lENSG00000260280', 'lENSG00000260455', 'lENSG00000260924', 'lENSG00000260969', 'lENSG00000261183', 'lENSG00000261423', 'lENSG00000261780', 'lENSG00000263718', 'lENSG00000264672', 'lENSG00000266402', 'lENSG00000266970', 'lENSG00000267296', 'lENSG00000267321', 'lENSG00000267395', 'lENSG00000267413', 'lENSG00000267440', 'lENSG00000267858', 'lENSG00000269019', 'lENSG00000269939', 'lENSG00000270084', 'lENSG00000270344', 'lENSG00000270959', 'lENSG00000272769', 'lENSG00000274372', 'lENSG00000278709', 'lENSG00000278970', 'lENSG00000281189', 'lENSG00000284070', 'lENSG00000285644', 'lENSG00000286004', 'lENSG00000286737', 'lENSG00000288080', 'lENSG00000224167', 'lENSG00000224739', 'lADAMTS9-AS2', 'lAQP4-AS1', 'lASMTL-AS1', 'lBANCR', 'lCCAT2', 'lCDKN2B-AS1', 'lCRNDE', 'lDLX6-AS1', 'lEGOT', 'lFEZF1-AS1', 'lGATA3-AS1', 'lGATA6-AS1', 'lHEIH', 'lHOTAIRM1', 'lHOXA-AS3', 'lINHBA-AS1', 'lJPX', 'lJRK', 'lKTN1-AS1', 'lLINC00173', 'lLINC00174', 'lLINC00240', 'lLINC00333', 'lLINC00472', 'lMCM3AP-AS1', 'lMEG3', 'lMIR181A1HG', 'lMIR31HG', 'lPANDAR', 'lPCGEM1', 'lPVT1', 'lRHPN1-AS1', 'lRMST', 'lSNHG15', 'lSNHG16', 'lSNX29P2', 'lTEN1-CDK3', 'lTPTEP1', 'lTRAM2-AS1', 'lVCAN-AS1', 'lZFAS1', 'lZNF286B', 'lZNF503-AS2', 'lLINC00461', 'lLINC00514', 'lSLC2A1-AS1', 'lSRP14-AS1', 'lAC007009.1', 'lPWAR6', 'lAC004840.8', 'lAC061992.2', 'lAC103564.7', 'lAC135048.13', 'lAC137723.5', 'lAC137932.5', 'lAL928742.12', 'lAP001058.3', 'lCTB-60B18.10', 'lCTB-91J4.1', 'lCTC-338M12.2', 'lCTD-2165H16.4', 'lCTD-2195B23.3', 'lCTD-2540L5.5', 'lKB-7G2.8', 'lLA16c-321D4.2', 'lLA16c-380H5.3', 'lLL22NC03-23C6.13', 'lRP1-283E3.8', 'lRP11-100F15.1', 'lRP11-104E19.1', 'lRP11-108M9.3', 'lRP11-123O10.4', 'lRP11-137H2.4', 'lRP11-197N18.2', 'lRP11-21J18.1', 'lRP11-227H15.4', 'lRP11-243J18.2', 'lRP11-24P14.1', 'lRP11-264B17.3', 'lRP11-276H7.2', 'lRP11-2C24.4', 'lRP11-305P14.1', 'lRP11-439K3.1', 'lRP11-467J12.4', 'lRP11-514P8.8', 'lRP11-54O7.3', 'lRP11-550C4.6', 'lRP11-680A11.5', 'lRP4-756H11.3', 'lRP4-790G17.7', 'lRP5-1074L1.1', 'lRP5-1160K1.8', 'lXXbac-B444P24.8', 'lXXbac-BPG300A18.13', 'lAC018766.4', 'lCTD-2231H16.1', 'lHNRNPU-AS1', 'lRP11-429J17.8', 'lRP11-672A2.1', 'lRP5-1063M23.1', 'lRP11-495P10.8', 'lCTA-250D10.23', 'lRP4-610C12.4', 'lLINC00035', 'lRP11-408H20.2', 'lNONHSAG000265', 'lNONHSAG000297', 'lNONHSAG000298', 'lNONHSAG000623', 'lNONHSAG000636', 'lNONHSAG000677', 'lNONHSAG000969', 'lNONHSAG000994', 'lNONHSAG001008', 'lNONHSAG001014', 'lNONHSAG001028', 'lNONHSAG001030', 'lNONHSAG001033', 'lNONHSAG001147', 'lNONHSAG001171', 'lNONHSAG001207', 'lNONHSAG001240', 'lNONHSAG001258', 'lNONHSAG001419', 'lNONHSAG001435', 'lNONHSAG001613', 'lNONHSAG002403', 'lNONHSAG002619', 'lNONHSAG002726', 'lNONHSAG002790', 'lNONHSAG002816', 'lNONHSAG003227', 'lNONHSAG003418', 'lNONHSAG003459', 'lNONHSAG003810', 'lNONHSAG003881', 'lNONHSAG004227', 'lNONHSAG004351', 'lNONHSAG004475', 'lNONHSAG004507', 'lNONHSAG004638', 'lNONHSAG004893', 'lNONHSAG005249', 'lNONHSAG005363', 'lNONHSAG005522', 'lNONHSAG005652', 'lNONHSAG005679', 'lNONHSAG005690', 'lNONHSAG005717', 'lNONHSAG005725', 'lNONHSAG005727', 'lNONHSAG005739', 'lNONHSAG005740', 'lNONHSAG005746', 'lNONHSAG005760', 'lNONHSAG005761', 'lNONHSAG005769', 'lNONHSAG005789', 'lNONHSAG005797', 'lNONHSAG005809', 'lNONHSAG005821', 'lNONHSAG005830', 'lNONHSAG005842', 'lNONHSAG005847', 'lNONHSAG005851', 'lNONHSAG005852', 'lNONHSAG005853', 'lNONHSAG005855', 'lNONHSAG005856', 'lNONHSAG005857', 'lNONHSAG005859', 'lNONHSAG005862', 'lNONHSAG005867', 'lNONHSAG005870', 'lNONHSAG005885', 'lNONHSAG005901', 'lNONHSAG005935', 'lNONHSAG005936', 'lNONHSAG005939', 'lNONHSAG005985', 'lNONHSAG005986', 'lNONHSAG006012', 'lNONHSAG006022', 'lNONHSAG006091', 'lNONHSAG006097', 'lNONHSAG006103', 'lNONHSAG006160', 'lNONHSAG006166', 'lNONHSAG006183', 'lNONHSAG006187', 'lNONHSAG006188', 'lNONHSAG006206', 'lNONHSAG006220', 'lNONHSAG006221', 'lNONHSAG006235', 'lNONHSAG006240', 'lNONHSAG006274', 'lNONHSAG006279', 'lNONHSAG006290', 'lNONHSAG006293', 'lNONHSAG006300', 'lNONHSAG006314', 'lNONHSAG006324', 'lNONHSAG006376', 'lNONHSAG006382', 'lNONHSAG006388', 'lNONHSAG006395', 'lNONHSAG006405', 'lNONHSAG006407', 'lNONHSAG006412', 'lNONHSAG006415', 'lNONHSAG006434', 'lNONHSAG006440', 'lNONHSAG006450', 'lNONHSAG006459', 'lNONHSAG006479', 'lNONHSAG006487', 'lNONHSAG006493', 'lNONHSAG006507', 'lNONHSAG006527', 'lNONHSAG006536', 'lNONHSAG006551', 'lNONHSAG006554', 'lNONHSAG006555', 'lNONHSAG006557', 'lNONHSAG006573', 'lNONHSAG006576', 'lNONHSAG006579', 'lNONHSAG006586', 'lNONHSAG006591', 'lNONHSAG006602', 'lNONHSAG006646', 'lNONHSAG006653', 'lNONHSAG006669', 'lNONHSAG006716', 'lNONHSAG006748', 'lNONHSAG006750', 'lNONHSAG006765', 'lNONHSAG006779', 'lNONHSAG006830', 'lNONHSAG006832', 'lNONHSAG006837', 'lNONHSAG006855', 'lNONHSAG006863', 'lNONHSAG006883', 'lNONHSAG006889', 'lNONHSAG006894', 'lNONHSAG006897', 'lNONHSAG006909', 'lNONHSAG006915', 'lNONHSAG006922', 'lNONHSAG006967', 'lNONHSAG006970', 'lNONHSAG006976', 'lNONHSAG007000', 'lNONHSAG007008', 'lNONHSAG007020', 'lNONHSAG007023', 'lNONHSAG007029', 'lNONHSAG007031', 'lNONHSAG007035', 'lNONHSAG007063', 'lNONHSAG007065', 'lNONHSAG007087', 'lNONHSAG007093', 'lNONHSAG007103', 'lNONHSAG007123', 'lNONHSAG007139', 'lNONHSAG007155', 'lNONHSAG007166', 'lNONHSAG007172', 'lNONHSAG007203', 'lNONHSAG007222', 'lNONHSAG007224', 'lNONHSAG007225', 'lNONHSAG007242', 'lNONHSAG007259', 'lNONHSAG007268', 'lNONHSAG007278', 'lNONHSAG007286', 'lNONHSAG007298', 'lNONHSAG007414', 'lNONHSAG007419', 'lNONHSAG007429', 'lNONHSAG007458', 'lNONHSAG007488', 'lNONHSAG007507', 'lNONHSAG007531', 'lNONHSAG007533', 'lNONHSAG007543', 'lNONHSAG007544', 'lNONHSAG007554', 'lNONHSAG007563', 'lNONHSAG007574', 'lNONHSAG007578', 'lNONHSAG007587', 'lNONHSAG007599', 'lNONHSAG007621', 'lNONHSAG007632', 'lNONHSAG007638', 'lNONHSAG007932', 'lENSG00000083622', 'lENSG00000105501', 'lENSG00000122043', 'lENSG00000149443', 'lENSG00000167920', 'lENSG00000175746', 'lENSG00000178248', 'lENSG00000197644', 'lENSG00000197880', 'lENSG00000198054', 'lENSG00000198671', 'lENSG00000203307', 'lENSG00000203434', 'lENSG00000203469', 'lENSG00000203472', 'lENSG00000203565', 'lENSG00000204393', 'lENSG00000204464', 'lENSG00000205018', 'lENSG00000205452', 'lENSG00000205500', 'lENSG00000212856', 'lENSG00000219410', 'lENSG00000222000', 'lENSG00000222032', 'lENSG00000223381', 'lENSG00000223387', 'lENSG00000223400', 'lENSG00000223537', 'lENSG00000223563', 'lENSG00000223598', 'lENSG00000223641', 'lENSG00000223643', 'lENSG00000223647', 'lENSG00000223720', 'lENSG00000223727', 'lENSG00000223786', 'lENSG00000223831', 'lENSG00000223870', 'lENSG00000223881', 'lENSG00000223966', 'lENSG00000223993', 'lENSG00000224031', 'lENSG00000224087', 'lENSG00000224095', 'lENSG00000224220', 'lENSG00000224277', 'lENSG00000224330', 'lENSG00000224384', 'lENSG00000224500', 'lENSG00000224535', 'lENSG00000224549', 'lENSG00000224595', 'lENSG00000224645', 'lENSG00000224655', 'lENSG00000224794', 'lENSG00000224821', 'lENSG00000224844', 'lENSG00000224857', 'lENSG00000224885', 'lENSG00000224922', 'lENSG00000224972', 'lENSG00000225050', 'lENSG00000225129', 'lENSG00000225146', 'lENSG00000225218', 'lENSG00000225325', 'lENSG00000225334', 'lENSG00000225378', 'lENSG00000225457', 'lENSG00000225537', 'lENSG00000225570', 'lENSG00000225588', 'lENSG00000225647', 'lENSG00000225750', 'lENSG00000225751', 'lENSG00000225761', 'lENSG00000225798', 'lENSG00000225886', 'lENSG00000225919', 'lENSG00000225929', 'lENSG00000226089', 'lENSG00000226133', 'lENSG00000226143', 'lENSG00000226193', 'lENSG00000226194', 'lENSG00000226238', 'lENSG00000226323', 'lENSG00000226352', 'lENSG00000226398', 'lENSG00000226442', 'lENSG00000226486', 'lENSG00000226522', 'lENSG00000226542', 'lENSG00000226562', 'lENSG00000226566', 'lENSG00000226601', 'lENSG00000226647', 'lENSG00000226699', 'lENSG00000226770', 'lENSG00000226813', 'lENSG00000226883', 'lENSG00000226925', 'lENSG00000226956', 'lENSG00000226957', 'lENSG00000227075', 'lENSG00000227076', 'lENSG00000227125', 'lENSG00000227131', 'lENSG00000227181', 'lENSG00000227197', 'lENSG00000227330', 'lENSG00000227360', 'lENSG00000227409', 'lENSG00000227459', 'lENSG00000227482', 'lENSG00000227496', 'lENSG00000227509', 'lENSG00000227512', 'lENSG00000227549', 'lENSG00000227579', 'lENSG00000227606', 'lENSG00000227611', 'lENSG00000227680', 'lENSG00000227716', 'lENSG00000227718', 'lENSG00000227863', 'lENSG00000227893', 'lENSG00000227930', 'lENSG00000227958', 'lENSG00000227960', 'lENSG00000228028', 'lENSG00000228082', 'lENSG00000228108', 'lENSG00000228136', 'lENSG00000228170', 'lENSG00000228215', 'lENSG00000228231', 'lENSG00000228261', 'lENSG00000228272', 'lENSG00000228351', 'lENSG00000228372', 'lENSG00000228383', 'lENSG00000228470', 'lENSG00000228485', 'lENSG00000228596', 'lENSG00000228627', 'lENSG00000228804', 'lENSG00000228826', 'lENSG00000228852', 'lENSG00000228939', 'lENSG00000229152', 'lENSG00000229162', 'lENSG00000229167', 'lENSG00000229224', 'lENSG00000229283', 'lENSG00000229297', 'lENSG00000229331', 'lENSG00000229345', 'lENSG00000229379', 'lENSG00000229444', 'lENSG00000229457', 'lENSG00000229487', 'lENSG00000229498', 'lENSG00000229502', 'lENSG00000229528', 'lENSG00000229531', 'lENSG00000229673', 'lENSG00000229679', 'lENSG00000229688', 'lENSG00000229848', 'lENSG00000229851', 'lENSG00000229953', 'lENSG00000229999', 'lENSG00000230010', 'lENSG00000230065', 'lENSG00000230105', 'lENSG00000230109', 'lENSG00000230121', 'lENSG00000230131', 'lENSG00000230153', 'lENSG00000230155', 'lENSG00000230190', 'lENSG00000230197', 'lENSG00000230212', 'lENSG00000230233', 'lENSG00000230323', 'lENSG00000230432', 'lENSG00000230483', 'lENSG00000230499', 'lENSG00000230668', 'lENSG00000230735', 'lENSG00000230741', 'lENSG00000230759', 'lENSG00000230790', 'lENSG00000230794', 'lENSG00000230826', 'lENSG00000230830', 'lENSG00000230912', 'lENSG00000230918', 'lENSG00000231081', 'lENSG00000231082', 'lENSG00000231102', 'lENSG00000231114', 'lENSG00000231143', 'lENSG00000231253', 'lENSG00000231272', 'lENSG00000231407', 'lENSG00000231413', 'lENSG00000231440', 'lENSG00000231492', 'lENSG00000231496', 'lENSG00000231539', 'lENSG00000231597', 'lENSG00000231678', 'lENSG00000231681', 'lENSG00000231724', 'lENSG00000231760', 'lENSG00000231772', 'lENSG00000231781', 'lENSG00000231912', 'lENSG00000231914', 'lENSG00000231937', 'lENSG00000231953', 'lENSG00000231964', 'lENSG00000232031', 'lENSG00000232072', 'lENSG00000232086', 'lENSG00000232120', 'lENSG00000232192', 'lENSG00000232197', 'lENSG00000232252', 'lENSG00000232286', 'lENSG00000232310', 'lENSG00000232328', 'lENSG00000232335', 'lENSG00000232359', 'lENSG00000232363', 'lENSG00000232396', 'lENSG00000232464', 'lENSG00000232465', 'lENSG00000232564', 'lENSG00000232604', 'lENSG00000232710', 'lENSG00000232719', 'lENSG00000232746', 'lENSG00000232806', 'lENSG00000232893', 'lENSG00000232895', 'lENSG00000232930', 'lENSG00000232939', 'lENSG00000232964', 'lENSG00000233070', 'lENSG00000233079', 'lENSG00000233178', 'lENSG00000233179', 'lENSG00000233219', 'lENSG00000233222', 'lENSG00000233330', 'lENSG00000233339', 'lENSG00000233472', 'lENSG00000233479', 'lENSG00000233574', 'lENSG00000233581', 'lENSG00000233613', 'lENSG00000233625', 'lENSG00000233665', 'lENSG00000233689', 'lENSG00000233706', 'lENSG00000233851', 'lENSG00000233953', 'lENSG00000233960', 'lENSG00000233985', 'lENSG00000234021', 'lENSG00000234055', 'lENSG00000234149', 'lENSG00000234160', 'lENSG00000234172', 'lENSG00000234191', 'lENSG00000234318', 'lENSG00000234504', 'lENSG00000234567', 'lENSG00000234622', 'lENSG00000234626', 'lENSG00000234653', 'lENSG00000234690', 'lENSG00000234714', 'lENSG00000234756', 'lENSG00000234900', 'lENSG00000234953', 'lENSG00000234961', 'lENSG00000234979', 'lENSG00000235011', 'lENSG00000235035', 'lENSG00000235050', 'lENSG00000235059', 'lENSG00000235086', 'lENSG00000235168', 'lENSG00000235262', 'lENSG00000235494', 'lENSG00000235503', 'lENSG00000235533', 'lENSG00000235628', 'lENSG00000235635', 'lENSG00000235637', 'lENSG00000235786', 'lENSG00000235813', 'lENSG00000236022', 'lENSG00000236031', 'lENSG00000236065', 'lENSG00000236109', 'lENSG00000236242', 'lENSG00000236267', 'lENSG00000236272', 'lENSG00000236324', 'lENSG00000236326', 'lENSG00000236358', 'lENSG00000236366', 'lENSG00000236414', 'lENSG00000236452', 'lENSG00000236463', 'lENSG00000236662', 'lENSG00000236723', 'lENSG00000236744', 'lENSG00000236758', 'lENSG00000236800', 'lENSG00000236828', 'lENSG00000236854', 'lENSG00000236921', 'lENSG00000236951', 'lENSG00000236953', 'lENSG00000236975', 'lENSG00000237015', 'lENSG00000237058', 'lENSG00000237200', 'lENSG00000237293', 'lENSG00000237312', 'lENSG00000237324', 'lENSG00000237331', 'lENSG00000237373', 'lENSG00000237435', 'lENSG00000237463', 'lENSG00000237477', 'lENSG00000237481', 'lENSG00000237494', 'lENSG00000237520', 'lENSG00000237571', 'lENSG00000237576', 'lENSG00000237581', 'lENSG00000237687', 'lENSG00000237734', 'lENSG00000237756', 'lENSG00000237768', 'lENSG00000237802', 'lENSG00000237919', 'lENSG00000237921', 'lENSG00000237937', 'lENSG00000237993', 'lENSG00000238131', 'lENSG00000238140', 'lENSG00000238185', 'lENSG00000238282', 'lENSG00000238291', 'lENSG00000239314', 'lENSG00000239415', 'lENSG00000239482', 'lENSG00000239593', 'lENSG00000240354', 'lENSG00000240868', 'lENSG00000241383', 'lENSG00000241397', 'lENSG00000241577', 'lENSG00000241666', 'lENSG00000241985', 'lENSG00000242012', 'lENSG00000242072', 'lENSG00000242339', 'lENSG00000242545', 'lENSG00000242568', 'lENSG00000242618', 'lENSG00000242795', 'lENSG00000242861', 'lENSG00000243230', 'lENSG00000243273', 'lENSG00000243368', 'lENSG00000243797', 'lENSG00000243903', 'lENSG00000243961', 'lENSG00000244278', 'lENSG00000244327', 'lENSG00000244461', 'lENSG00000244701', 'lENSG00000245385', 'lENSG00000246541', 'lENSG00000247867', 'lENSG00000248125', 'lENSG00000248145', 'lENSG00000248148', 'lENSG00000248172', 'lENSG00000248245', 'lENSG00000248358', 'lENSG00000248373', 'lENSG00000248393', 'lENSG00000248397', 'lENSG00000248416', 'lENSG00000248457', 'lENSG00000248482', 'lENSG00000248490', 'lENSG00000248576', 'lENSG00000248599', 'lENSG00000248627', 'lENSG00000248758', 'lENSG00000248789', 'lENSG00000248802', 'lENSG00000248925', 'lENSG00000248935', 'lENSG00000248969', 'lENSG00000248975', 'lENSG00000248984', 'lENSG00000248995', 'lENSG00000249066', 'lENSG00000249071', 'lENSG00000249099', 'lENSG00000249111', 'lENSG00000249114', 'lENSG00000249297', 'lENSG00000249334', 'lENSG00000249382', 'lENSG00000249409', 'lENSG00000249419', 'lENSG00000249426', 'lENSG00000249451', 'lENSG00000249474', 'lENSG00000249547', 'lENSG00000249605', 'lENSG00000249613', 'lENSG00000249706', 'lENSG00000249742', 'lENSG00000249753', 'lENSG00000249806', 'lENSG00000249830', 'lENSG00000249892', 'lENSG00000250092', 'lENSG00000250186', 'lENSG00000250195', 'lENSG00000250524', 'lENSG00000250541', 'lENSG00000250629', 'lENSG00000250646', 'lENSG00000250657', 'lENSG00000250665', 'lENSG00000250698', 'lENSG00000250761', 'lENSG00000250791', 'lENSG00000250820', 'lENSG00000250855', 'lENSG00000250865', 'lENSG00000250866', 'lENSG00000250877', 'lENSG00000250910', 'lENSG00000250917', 'lENSG00000250929', 'lENSG00000250945', 'lENSG00000250950', 'lENSG00000250955', 'lENSG00000250993', 'lENSG00000251059', 'lENSG00000251072', 'lENSG00000251088', 'lENSG00000251256', 'lENSG00000251266', 'lENSG00000251281', 'lENSG00000251283', 'lENSG00000251412', 'lENSG00000251414', 'lENSG00000251438', 'lENSG00000251688', 'lENSG00000253134', 'lENSG00000253142', 'lENSG00000253147', 'lENSG00000253171', 'lENSG00000253189', 'lENSG00000253356', 'lENSG00000253397', 'lENSG00000253456', 'lENSG00000253503', 'lENSG00000253507', 'lENSG00000253526', 'lENSG00000253530', 'lENSG00000253539', 'lENSG00000253577', 'lENSG00000253616', 'lENSG00000253619', 'lENSG00000253627', 'lENSG00000253643', 'lENSG00000253645', 'lENSG00000253660', 'lENSG00000253717', 'lENSG00000253722', 'lENSG00000253782', 'lENSG00000253834', 'lENSG00000253851', 'lENSG00000253858', 'lENSG00000253865', 'lENSG00000253871', 'lENSG00000253875', 'lENSG00000253880', 'lENSG00000253927', 'lENSG00000253976', 'lENSG00000254011', 'lENSG00000254021', 'lENSG00000254026', 'lENSG00000254031', 'lENSG00000254033', 'lENSG00000254035', 'lENSG00000254043', 'lENSG00000254084', 'lENSG00000254141', 'lENSG00000254177', 'lENSG00000254207', 'lENSG00000254239', 'lENSG00000254242', 'lENSG00000254263', 'lENSG00000254314', 'lENSG00000254330', 'lENSG00000254347', 'lENSG00000254350', 'lENSG00000254428', 'lENSG00000254429', 'lENSG00000254516', 'lENSG00000254526', 'lENSG00000254559', 'lENSG00000254563', 'lENSG00000254574', 'lENSG00000254592', 'lENSG00000254604', 'lENSG00000254620', 'lENSG00000254626', 'lENSG00000254627', 'lENSG00000254689', 'lENSG00000254739', 'lENSG00000254775', 'lENSG00000254787', 'lENSG00000254829', 'lENSG00000254842', 'lENSG00000254846', 'lENSG00000254847', 'lENSG00000254864', 'lENSG00000254879', 'lENSG00000254913', 'lENSG00000254921', 'lENSG00000254928', 'lENSG00000254930', 'lENSG00000254972', 'lENSG00000254983', 'lENSG00000254990', 'lENSG00000255027', 'lENSG00000255039', 'lENSG00000255041', 'lENSG00000255114', 'lENSG00000255121', 'lENSG00000255159', 'lENSG00000255167', 'lENSG00000255227', 'lENSG00000255241', 'lENSG00000255247', 'lENSG00000255252', 'lENSG00000255271', 'lENSG00000255300', 'lENSG00000255327', 'lENSG00000255343', 'lENSG00000255366', 'lENSG00000255375', 'lENSG00000255388', 'lENSG00000255443', 'lENSG00000255462', 'lENSG00000255478', 'lENSG00000255482', 'lENSG00000255487', 'lENSG00000255496', 'lENSG00000255498', 'lENSG00000255506', 'lENSG00000255528', 'lENSG00000255539', 'lENSG00000255555', 'lENSG00000255572', 'lENSG00000255580', 'lENSG00000255808', 'lENSG00000255893', 'lENSG00000255949', 'lENSG00000256007', 'lENSG00000256071', 'lENSG00000256072', 'lENSG00000256083', 'lENSG00000256226', 'lENSG00000256292', 'lENSG00000256314', 'lENSG00000256364', 'lENSG00000256448', 'lENSG00000256452', 'lENSG00000256482', 'lENSG00000256484', 'lENSG00000256568', 'lENSG00000256582', 'lENSG00000256670', 'lENSG00000256733', 'lENSG00000256897', 'lENSG00000256972', 'lENSG00000257004', 'lENSG00000257022', 'lENSG00000257096', 'lENSG00000257105', 'lENSG00000257137', 'lENSG00000257235', 'lENSG00000257261', 'lENSG00000257265', 'lENSG00000257271', 'lENSG00000257275', 'lENSG00000257381', 'lENSG00000257407', 'lENSG00000257470', 'lENSG00000257488', 'lENSG00000257494', 'lENSG00000257500', 'lENSG00000257514', 'lENSG00000257527', 'lENSG00000257587', 'lENSG00000257634', 'lENSG00000257653', 'lENSG00000257682', 'lENSG00000257750', 'lENSG00000257764', 'lENSG00000257787', 'lENSG00000257860', 'lENSG00000257904', 'lENSG00000257925', 'lENSG00000257997', 'lENSG00000258007', 'lENSG00000258084', 'lENSG00000258108', 'lENSG00000258167', 'lENSG00000258185', 'lENSG00000258210', 'lENSG00000258220', 'lENSG00000258234', 'lENSG00000258272', 'lENSG00000258292', 'lENSG00000258308', 'lENSG00000258312', 'lENSG00000258313', 'lENSG00000258323', 'lENSG00000258331', 'lENSG00000258378', 'lENSG00000258379', 'lENSG00000258390', 'lENSG00000258394', 'lENSG00000258451', 'lENSG00000258515', 'lENSG00000258516', 'lENSG00000258520', 'lENSG00000258610', 'lENSG00000258657', 'lENSG00000258690', 'lENSG00000258695', 'lENSG00000258698', 'lENSG00000258745', 'lENSG00000258784', 'lENSG00000258824', 'lENSG00000258826', 'lENSG00000258829', 'lENSG00000258850', 'lENSG00000258869', 'lENSG00000258892', 'lENSG00000258904', 'lENSG00000258908', 'lENSG00000258944', 'lENSG00000258958', 'lENSG00000259007', 'lENSG00000259026', 'lENSG00000259187', 'lENSG00000259188', 'lENSG00000259194', 'lENSG00000259211', 'lENSG00000259223', 'lENSG00000259250', 'lENSG00000259256', 'lENSG00000259265', 'lENSG00000259268', 'lENSG00000259290', 'lENSG00000259294', 'lENSG00000259307', 'lENSG00000259342', 'lENSG00000259351', 'lENSG00000259352', 'lENSG00000259360', 'lENSG00000259385', 'lENSG00000259432', 'lENSG00000259503', 'lENSG00000259532', 'lENSG00000259544', 'lENSG00000259595', 'lENSG00000259631', 'lENSG00000259636', 'lENSG00000259649', 'lENSG00000259659', 'lENSG00000259678', 'lENSG00000259757', 'lENSG00000259759', 'lENSG00000259767', 'lENSG00000259798', 'lENSG00000259805', 'lENSG00000259935', 'lENSG00000259955', 'lENSG00000259967', 'lENSG00000260003', 'lENSG00000260017', 'lENSG00000260022', 'lENSG00000260058', 'lENSG00000260158', 'lENSG00000260190', 'lENSG00000260237', 'lENSG00000260246', 'lENSG00000260304', 'lENSG00000260476', 'lENSG00000260586', 'lENSG00000260626', 'lENSG00000260659', 'lENSG00000260720', 'lENSG00000260741', 'lENSG00000260814', 'lENSG00000260884', 'lENSG00000260911', 'lENSG00000260934', 'lENSG00000260970', 'lENSG00000260986', 'lENSG00000260999', 'lENSG00000261014', 'lENSG00000261036', 'lENSG00000261065', 'lENSG00000261066', 'lENSG00000261070', 'lENSG00000261243', 'lENSG00000261248', 'lENSG00000261261', 'lENSG00000261266', 'lENSG00000261307', 'lENSG00000261332', 'lENSG00000261379', 'lENSG00000261432', 'lENSG00000261475', 'lENSG00000261507', 'lENSG00000261523', 'lENSG00000261552', 'lENSG00000261569', 'lENSG00000261633', 'lENSG00000261663', 'lENSG00000261671', 'lENSG00000261695', 'lENSG00000261697', 'lENSG00000261723', 'lENSG00000261731', 'lENSG00000261761', 'lENSG00000261838', 'lENSG00000261864', 'lENSG00000262298', 'lENSG00000262434', 'lENSG00000262533', 'lENSG00000262652', 'lENSG00000262692', 'lENSG00000262777', 'lENSG00000262810', 'lENSG00000263080', 'lENSG00000263237', 'lENSG00000263257', 'lENSG00000263300', 'lENSG00000263321', 'lENSG00000263335', 'lENSG00000263417', 'lENSG00000263466', 'lENSG00000263594', 'lENSG00000263684', 'lENSG00000263709', 'lENSG00000263765', 'lENSG00000263797', 'lENSG00000263847', 'lENSG00000263952', 'lENSG00000263982', 'lENSG00000263986', 'lENSG00000264016', 'lENSG00000264023', 'lENSG00000264066', 'lENSG00000264107', 'lENSG00000264116', 'lENSG00000264151', 'lENSG00000264254', 'lENSG00000264269', 'lENSG00000264486', 'lENSG00000264513', 'lENSG00000264520', 'lENSG00000264546', 'lENSG00000264558', 'lENSG00000264577', 'lENSG00000264595', 'lENSG00000264769', 'lENSG00000264924', 'lENSG00000265125', 'lENSG00000265168', 'lENSG00000265205', 'lENSG00000265265', 'lENSG00000265359', 'lENSG00000265400', 'lENSG00000265443', 'lENSG00000265554', 'lENSG00000265625', 'lENSG00000265643', 'lENSG00000265728', 'lENSG00000265739', 'lENSG00000265791', 'lENSG00000265800', 'lENSG00000265844', 'lENSG00000265845', 'lENSG00000265980', 'lENSG00000265987', 'lENSG00000265994', 'lENSG00000266102', 'lENSG00000266153', 'lENSG00000266311', 'lENSG00000266341', 'lENSG00000266368', 'lENSG00000266397', 'lENSG00000266535', 'lENSG00000266538', 'lENSG00000266651', 'lENSG00000266696', 'lENSG00000266801', 'lENSG00000266839', 'lENSG00000266844', 'lENSG00000266877', 'lENSG00000266936', 'lENSG00000266981', 'lENSG00000266985', 'lENSG00000266993', 'lENSG00000267028', 'lENSG00000267057', 'lENSG00000267063', 'lENSG00000267177', 'lENSG00000267225', 'lENSG00000267234', 'lENSG00000267255', 'lENSG00000267263', 'lENSG00000267274', 'lENSG00000267286', 'lENSG00000267320', 'lENSG00000267341', 'lENSG00000267354', 'lENSG00000267364', 'lENSG00000267378', 'lENSG00000267387', 'lENSG00000267436', 'lENSG00000267437', 'lENSG00000267501', 'lENSG00000267510', 'lENSG00000267543', 'lENSG00000267583', 'lENSG00000267593', 'lENSG00000267615', 'lENSG00000267617', 'lENSG00000267633', 'lENSG00000267638', 'lENSG00000267665', 'lENSG00000267711', 'lENSG00000267838', 'lENSG00000267922', 'lENSG00000268015', 'lENSG00000268049', 'lENSG00000268051', 'lENSG00000268069', 'lENSG00000268078', 'lENSG00000268191', 'lENSG00000268203', 'lENSG00000268240', 'lENSG00000268292', 'lENSG00000268296', 'lENSG00000268605', 'lENSG00000268734', 'lENSG00000268743', 'lENSG00000268798', 'lENSG00000268833', 'lENSG00000268906', 'lENSG00000268912', 'lENSG00000268981', 'lENSG00000269044', 'lENSG00000269085', 'lENSG00000269145', 'lENSG00000269191', 'lENSG00000269321', 'lENSG00000269350', 'lENSG00000269504', 'lENSG00000269578', 'lENSG00000269621', 'lENSG00000269656', 'lENSG00000269729', 'lENSG00000269802', 'lENSG00000269826', 'lENSG00000269843', 'lENSG00000269867', 'lENSG00000269901', 'lENSG00000269950', 'lENSG00000270726', 'lENSG00000270871', 'lENSG00000270996', 'lENSG00000271218', 'lENSG00000271314', 'lENSG00000271579', 'lENSG00000271717', 'lENSG00000271763', 'lENSG00000271787', 'lENSG00000271833', 'lENSG00000271901', 'lENSG00000271936', 'lENSG00000271983', 'lENSG00000272072', 'lENSG00000272149', 'lENSG00000272159', 'lENSG00000272338', 'lENSG00000272510', 'lENSG00000272540', 'lENSG00000272575', 'lENSG00000272642', 'lENSG00000272661', 'lENSG00000272742', 'lENSG00000272810', 'lENSG00000272814', 'lENSG00000272866', 'lENSG00000272995', 'lENSG00000273110', 'lENSG00000273198', 'lENSG00000273226', 'lENSG00000273257', 'lENSG00000273271', 'lENSG00000273275', 'lENSG00000273360', 'lENSG00000273449', 'lENSG00000273485', 'lENSG00000273493', 'lENSG00000273550', 'lENSG00000273568', 'lENSG00000273838', 'lENSG00000273877', 'lENSG00000273919', 'lENSG00000274177', 'lENSG00000274227', 'lENSG00000274561', 'lENSG00000274624', 'lENSG00000274678', 'lENSG00000274737', 'lENSG00000274863', 'lENSG00000274893', 'lENSG00000275173', 'lENSG00000275345', 'lENSG00000275356', 'lENSG00000275401', 'lENSG00000275484', 'lENSG00000275576', 'lENSG00000275638', 'lENSG00000275871', 'lENSG00000275963', 'lENSG00000276054', 'lENSG00000276107', 'lENSG00000276266', 'lENSG00000276488', 'lENSG00000276527', 'lENSG00000276533', 'lENSG00000276668', 'lENSG00000276997', 'lENSG00000277173', 'lENSG00000277332', 'lENSG00000277639', 'lENSG00000277675', 'lENSG00000278000', 'lENSG00000278013', 'lENSG00000278202', 'lENSG00000278351', 'lENSG00000278630', 'lENSG00000278766', 'lENSG00000278944', 'lENSG00000279088', 'lENSG00000279240', 'lENSG00000279484', 'lENSG00000279501', 'lENSG00000279623', 'lENSG00000279687', 'lENSG00000279751', 'lENSG00000279920', 'lENSG00000280206', 'lENSG00000280224', 'lENSG00000280455', 'lENSG00000280580', 'lENSG00000280703', 'lENSG00000280870', 'lENSG00000280881', 'lENSG00000281021', 'lENSG00000282478', 'lENSG00000282828', 'lENSG00000282950', 'lENSG00000283286', 'lENSG00000283347', 'lENSG00000283375', 'lENSG00000283436', 'lENSG00000283457', 'lENSG00000283573', 'lENSG00000283631', 'lENSG00000283973', 'lENSG00000284376', 'lENSG00000284418', 'lENSG00000284513', 'lENSG00000284608', 'lENSG00000284699', 'lENSG00000284846', 'lENSG00000284994', 'lENSG00000285040', 'lENSG00000285117', 'lENSG00000285325', 'lENSG00000285354', 'lENSG00000285409', 'lENSG00000285518', 'lENSG00000285524', 'lENSG00000285550', 'lENSG00000285551', 'lENSG00000285619', 'lENSG00000285621', 'lENSG00000285654', 'lENSG00000285699', 'lENSG00000285709', 'lENSG00000285780', 'lENSG00000285857', 'lENSG00000285861', 'lENSG00000285954', 'lENSG00000285998', 'lENSG00000286002', 'lENSG00000286010', 'lENSG00000286018', 'lENSG00000286050', 'lENSG00000286076', 'lENSG00000286089', 'lENSG00000286093', 'lENSG00000286101', 'lENSG00000286168', 'lENSG00000286188', 'lENSG00000286194', 'lENSG00000286197', 'lENSG00000286206', 'lENSG00000286242', 'lENSG00000286244', 'lENSG00000286303', 'lENSG00000286333', 'lENSG00000286338', 'lENSG00000286357', 'lENSG00000286430', 'lENSG00000286436', 'lENSG00000286441', 'lENSG00000286453', 'lENSG00000286461', 'lENSG00000286474', 'lENSG00000286565', 'lENSG00000286578', 'lENSG00000286581', 'lENSG00000286584', 'lENSG00000286588', 'lENSG00000286598', 'lENSG00000286617', 'lENSG00000286639', 'lENSG00000286670', 'lENSG00000286689', 'lENSG00000286690', 'lENSG00000286698', 'lENSG00000286715', 'lENSG00000286716', 'lENSG00000286722', 'lENSG00000286735', 'lENSG00000286738', 'lENSG00000286740', 'lENSG00000286751', 'lENSG00000286759', 'lENSG00000286767', 'lENSG00000286770', 'lENSG00000286776', 'lENSG00000286781', 'lENSG00000286795', 'lENSG00000286803', 'lENSG00000286820', 'lENSG00000286822', 'lENSG00000286838', 'lENSG00000286843', 'lENSG00000286850', 'lENSG00000286887', 'lENSG00000286908', 'lENSG00000286963', 'lENSG00000287005', 'lENSG00000287006', 'lENSG00000287020', 'lENSG00000287028', 'lENSG00000287030', 'lENSG00000287066', 'lENSG00000287094', 'lENSG00000287107', 'lENSG00000287108', 'lENSG00000287128', 'lENSG00000287155', 'lENSG00000287159', 'lENSG00000287191', 'lENSG00000287198', 'lENSG00000287202', 'lENSG00000287213', 'lENSG00000287270', 'lENSG00000287285', 'lENSG00000287321', 'lENSG00000287335', 'lENSG00000287358', 'lENSG00000287359', 'lENSG00000287366', 'lENSG00000287367', 'lENSG00000287381', 'lENSG00000287423', 'lENSG00000287451', 'lENSG00000287456', 'lENSG00000287462', 'lENSG00000287511', 'lENSG00000287545', 'lENSG00000287550', 'lENSG00000287551', 'lENSG00000287556', 'lENSG00000287587', 'lENSG00000287618', 'lENSG00000287660', 'lENSG00000287664', 'lENSG00000287684', 'lENSG00000287687', 'lENSG00000287691', 'lENSG00000287704', 'lENSG00000211683', 'lENSG00000214955', 'lENSG00000223379', 'lENSG00000223795', 'lENSG00000224884', 'lENSG00000225393', 'lENSG00000225836', 'lENSG00000228255', 'lENSG00000228538', 'lENSG00000229458', 'lENSG00000229628', 'lENSG00000229964', 'lENSG00000230600', 'lENSG00000230649', 'lENSG00000231212', 'lENSG00000231616', 'lENSG00000232056', 'lENSG00000232636', 'lENSG00000233200', 'lENSG00000233987', 'lENSG00000234083', 'lENSG00000234810', 'lENSG00000234998', 'lENSG00000235337', 'lENSG00000235795', 'lENSG00000236453', 'lENSG00000239801', 'lENSG00000241792', 'lENSG00000242375', 'lENSG00000247810', 'lENSG00000248359', 'lENSG00000248991', 'lENSG00000249159', 'lENSG00000250481', 'lENSG00000250567', 'lENSG00000250670', 'lENSG00000250686', 'lENSG00000250777', 'lENSG00000250948', 'lENSG00000251506', 'lENSG00000251654', 'lENSG00000253766', 'lENSG00000254927', 'lENSG00000255279', 'lENSG00000255325', 'lENSG00000255644', 'lENSG00000257603', 'lENSG00000257715', 'lENSG00000257962', 'lENSG00000258088', 'lENSG00000258386', 'lENSG00000258949', 'lENSG00000259123', 'lENSG00000259209', 'lENSG00000259222', 'lENSG00000259244', 'lENSG00000259255', 'lENSG00000259274', 'lENSG00000259306', 'lENSG00000259407', 'lENSG00000260511', 'lENSG00000260983', 'lENSG00000261193', 'lENSG00000261445', 'lENSG00000261775', 'lENSG00000264660', 'lENSG00000265174', 'lENSG00000267081', 'lENSG00000267521', 'lENSG00000267581', 'lENSG00000269460', 'lENSG00000272304', 'lENSG00000272369', 'lENSG00000273138', 'lENSG00000273486', 'lENSG00000274902', 'lENSG00000275232', 'lENSG00000278514', 'lENSG00000279672', 'lENSG00000282887', 'lENSG00000286164', 'lENSG00000226032', 'lENSG00000235736', 'lENSG00000251613', 'lENSG00000258631', 'lENSG00000279472', 'lENSG00000271870', 'lENSG00000265556', 'lENSG00000271840', 'lENSG00000253701', 'lENSG00000281408', 'lENSG00000268166', 'lALG13-AS1', 'lDGUOK-AS1', 'lDSCR8', 'lMIR145', 'lMIR24-2', 'lMIR3179-2', 'lMIR3654', 'lACA64', 'lCDKN2B-AS', 'lC3orf65']","[1.0, 0.0, 0.0, 0.0, 1.0, 1.0, 0.0, 0.0, 1.0, 0.0, 1.0, 0.0, 1.0, 1.0, 0.0, 1.0, 0.0, 1.0, 1.0, 0.0, 1.0, 1.0, 0.0, 0.0, 1.0, 1.0, 0.0, 0.0, 1.0, 1.0, 0.0, 1.0, 0.0, 0.0, 0.0, 1.0, 1.0, 1.0, 1.0, 1.0, 0.0, 0.0, 0.0, 1.0, 1.0, 1.0, 0.0, 1.0, 1.0, 1.0, 0.0, 1.0, 1.0, 1.0, 1.0, 1.0, 1.0, 0.0, 0.0, 1.0, 0.0, 1.0, 1.0, 0.0, 0.0, 0.0, 1.0, 0.0, 1.0, 0.0, 1.0, 1.0, 1.0, 1.0, 0.0, 0.0, 0.0, 1.0, 0.0, 1.0, 0.0, 0.0, 1.0, 0.0, 1.0, 0.0, 1.0, 0.0, 0.0, 0.0, 1.0, 0.0, 0.0, 0.0, 0.0, 1.0, 1.0, 0.0, 1.0, 1.0, 1.0, 0.0, 0.0, 1.0, 0.0, 0.0, 0.0, 1.0, 1.0, 0.0, 0.0, 0.0, 1.0, 0.0, 1.0, 1.0, 0.0, 1.0, 1.0, 0.0, 1.0, 0.0, 0.0, 0.0, 1.0, 1.0, 1.0, 0.0, 0.0, 1.0, 1.0, 0.0, 1.0, 0.0, 1.0, 1.0, 0.0, 1.0, 0.0, 1.0, 1.0, 1.0, 1.0, 1.0, 0.0, 1.0, 0.0, 1.0, 0.0, 1.0, 0.0, 1.0, 0.0, 0.0, 1.0, 0.0, 0.0, 1.0, 0.0, 0.0, 1.0, 1.0, 0.0, 1.0, 1.0, 0.0, 0.0, 1.0, 1.0, 1.0, 0.0, 1.0, 0.0, 1.0, 0.0, 0.0, 1.0, 1.0, 1.0, 0.0, 1.0, 1.0, 0.0, 0.0, 1.0, 1.0, 0.0, 1.0, 1.0, 1.0, 1.0, 0.0, 0.0, 0.0, 0.0, 0.0, 1.0, 1.0, 1.0, 0.0, 1.0, 0.0, 1.0, 1.0, 0.0, 0.0, 1.0, 1.0, 0.0, 1.0, 1.0, 0.0, 0.0, 0.0, 1.0, 1.0, 0.0, 0.0, 1.0, 1.0, 1.0, 1.0, 1.0, 0.0, 0.0, 1.0, 1.0, 0.0, 1.0, 1.0, 0.0, 1.0, 1.0, 0.0, 1.0, 1.0, 1.0, 0.0, 0.0, 1.0, 0.0, 0.0, 1.0, 1.0, 1.0, 1.0, 0.0, 0.0, 0.0, 1.0, 1.0, 0.0, 0.0, 1.0, 1.0, 1.0, 0.0, 0.0, 1.0, 1.0, 1.0, 0.0, 1.0, 0.0, 1.0, 1.0, 1.0, 0.0, 0.0, 1.0, 1.0, 1.0, 0.0, 1.0, 1.0, 0.0, 0.0, 0.0, 1.0, 0.0, 0.0, 1.0, 1.0, 0.0, 1.0, 0.0, 0.0, 1.0, 0.0, 0.0, 1.0, 0.0, 0.0, 0.0, 0.0, 0.0, 1.0, 1.0, 1.0, 0.0, 0.0, 0.0, 0.0, 1.0, 0.0, 0.0, 0.0, 1.0, 0.0, 0.0, 0.0, 1.0, 1.0, 0.0, 1.0, 0.0, 1.0, 0.0, 0.0, 0.0, 1.0, 1.0, 0.0, 1.0, 1.0, 1.0, 1.0, 1.0, 0.0, 1.0, 1.0, 0.0, 1.0, 1.0, 0.0, 0.0, 0.0, 0.0, 1.0, 0.0, 1.0, 1.0, 1.0, 0.0, 0.0, 1.0, 0.0, 0.0, 0.0, 1.0, 0.0, 1.0, 0.0, 0.0, 0.0, 0.0, 0.0, 1.0, 0.0, 1.0, 0.0, 1.0, 1.0, 1.0, 1.0, 1.0, 0.0, 1.0, 0.0, 0.0, 0.0, 0.0, 1.0, 1.0, 0.0, 1.0, 0.0, 0.0, 0.0, 0.0, 1.0, 1.0, 0.0, 0.0, 1.0, 0.0, 0.0, 1.0, 1.0, 1.0, 0.0, 0.0, 1.0, 1.0, 1.0, 0.0, 0.0, 1.0, 0.0, 0.0, 0.0, 1.0, 1.0, 0.0, 1.0, 0.0, 1.0, 0.0, 0.0, 0.0, 1.0, 0.0, 0.0, 0.0, 1.0, 0.0, 1.0, 0.0, 1.0, 1.0, 0.0, 1.0, 1.0, 0.0, 1.0, 0.0, 0.0, 0.0, 0.0, 1.0, 1.0, 1.0, 1.0, 0.0, 0.0, 0.0, 1.0, 1.0, 1.0, 1.0, 1.0, 0.0, 0.0, 0.0, 0.0, 1.0, 1.0, 0.0, 1.0, 0.0, 1.0, 0.0, 0.0, 1.0, 0.0, 0.0, 1.0, 1.0, 0.0, 1.0, 0.0, 1.0, 1.0, 0.0, 0.0, 0.0, 1.0, 0.0, 1.0, 1.0, 1.0, 1.0, 0.0, 1.0, 1.0, 0.0, 0.0, 1.0, 0.0, 1.0, 0.0, 0.0, 1.0, 1.0, 0.0, 1.0, 0.0, 1.0, 1.0, 1.0, 0.0, 1.0, 1.0, 0.0, 0.0, 0.0, 1.0, 0.0, 1.0, 1.0, 0.0, 1.0, 1.0, 1.0, 0.0, 0.0, 1.0, 1.0, 0.0, 0.0, 1.0, 0.0, 0.0, 0.0, 0.0, 1.0, 0.0, 1.0, 0.0, 0.0, 0.0, 0.0, 1.0, 0.0, 1.0, 0.0, 1.0, 1.0, 0.0, 1.0, 1.0, 0.0, 0.0, 0.0, 1.0, 0.0, 1.0, 1.0, 0.0, 1.0, 0.0, 1.0, 0.0, 1.0, 0.0, 1.0, 1.0, 0.0, 0.0, 1.0, 1.0, 1.0, 1.0, 0.0, 1.0, 1.0, 0.0, 0.0, 0.0, 0.0, 0.0, 0.0, 0.0, 0.0, 1.0, 0.0, 0.0, 1.0, 1.0, 0.0, 1.0, 0.0, 0.0, 1.0, 0.0, 1.0, 0.0, 0.0, 0.0, 0.0, 0.0, 1.0, 0.0, 0.0, 0.0, 1.0, 1.0, 1.0, 0.0, 1.0, 1.0, 0.0, 1.0, 0.0, 0.0, 0.0, 1.0, 0.0, 0.0, 1.0, 0.0, 1.0, 0.0, 0.0, 1.0, 0.0, 0.0, 0.0, 0.0, 1.0, 0.0, 0.0, 0.0, 0.0, 1.0, 0.0, 1.0, 0.0, 0.0, 1.0, 1.0, 1.0, 0.0, 1.0, 1.0, 0.0, 1.0, 1.0, 0.0, 1.0, 0.0, 0.0, 0.0, 1.0, 0.0, 0.0, 1.0, 1.0, 0.0, 0.0, 0.0, 0.0, 0.0, 1.0, 1.0, 1.0, 0.0, 0.0, 1.0, 1.0, 1.0, 1.0, 0.0, 1.0, 1.0, 1.0, 1.0, 1.0, 0.0, 1.0, 1.0, 0.0, 0.0, 0.0, 1.0, 1.0, 0.0, 1.0, 0.0, 1.0, 1.0, 1.0, 1.0, 1.0, 0.0, 0.0, 1.0, 0.0, 1.0, 1.0, 1.0, 0.0, 0.0, 0.0, 1.0, 0.0, 0.0, 0.0, 1.0, 1.0, 1.0, 1.0, 0.0, 0.0, 1.0, 1.0, 1.0, 0.0, 0.0, 0.0, 0.0, 1.0, 0.0, 0.0, 0.0, 0.0, 0.0, 0.0, 0.0, 1.0, 0.0, 1.0, 0.0, 0.0, 0.0, 0.0, 0.0, 0.0, 0.0, 1.0, 1.0, 1.0, 1.0, 1.0, 1.0, 1.0, 0.0, 1.0, 1.0, 1.0, 0.0, 0.0, 1.0, 1.0, 1.0, 0.0, 0.0, 1.0, 0.0, 0.0, 1.0, 0.0, 1.0, 1.0, 1.0, 1.0, 1.0, 0.0, 1.0, 0.0, 1.0, 1.0, 0.0, 1.0, 1.0, 0.0, 0.0, 0.0, 1.0, 0.0, 0.0, 1.0, 1.0, 0.0, 1.0, 1.0, 1.0, 1.0, 1.0, 1.0, 1.0, 1.0, 0.0, 1.0, 0.0, 1.0, 0.0, 0.0, 1.0, 1.0, 1.0, 1.0, 0.0, 0.0, 0.0, 1.0, 0.0, 1.0, 0.0, 0.0, 0.0, 1.0, 0.0, 0.0, 1.0, 1.0, 0.0, 1.0, 0.0, 1.0, 0.0, 0.0, 1.0, 0.0, 1.0, 0.0, 0.0, 0.0, 1.0, 0.0, 1.0, 0.0, 1.0, 1.0, 1.0, 1.0, 0.0, 1.0, 1.0, 1.0, 1.0, 1.0, 0.0, 1.0, 0.0, 1.0, 1.0, 1.0, 1.0, 1.0, 0.0, 0.0, 1.0, 0.0, 0.0, 1.0, 1.0, 1.0, 1.0, 0.0, 0.0, 0.0, 0.0, 1.0, 0.0, 0.0, 0.0, 0.0, 0.0, 1.0, 1.0, 0.0, 0.0, 1.0, 0.0, 0.0, 0.0, 0.0, 1.0, 0.0, 1.0, 0.0, 1.0, 0.0, 0.0, 1.0, 0.0, 0.0, 1.0, 0.0, 0.0, 1.0, 1.0, 0.0, 1.0, 1.0, 1.0, 0.0, 1.0, 1.0, 0.0, 1.0, 0.0, 0.0, 0.0, 1.0, 1.0, 1.0, 0.0, 1.0, 1.0, 1.0, 0.0, 1.0, 0.0, 0.0, 1.0, 1.0, 1.0, 0.0, 1.0, 1.0, 1.0, 0.0, 0.0, 0.0, 0.0, 0.0, 0.0, 0.0, 1.0, 0.0, 1.0, 1.0, 1.0, 0.0, 0.0, 1.0, 1.0, 1.0, 0.0, 1.0, 0.0, 1.0, 0.0, 0.0, 0.0, 1.0, 0.0, 1.0, 1.0, 1.0, 1.0, 1.0, 1.0, 1.0, 0.0, 0.0, 1.0, 1.0, 0.0, 0.0, 0.0, 0.0, 0.0, 1.0, 1.0, 1.0, 1.0, 0.0, 1.0, 1.0, 0.0, 0.0, 1.0, 0.0, 0.0, 1.0, 0.0, 0.0, 1.0, 1.0, 0.0, 0.0, 1.0, 1.0, 0.0, 1.0, 0.0, 0.0, 0.0, 0.0, 0.0, 0.0, 0.0, 0.0, 0.0, 0.0, 1.0, 0.0, 0.0, 0.0, 0.0, 1.0, 0.0, 0.0, 0.0, 1.0, 1.0, 1.0, 1.0, 1.0, 1.0, 1.0, 1.0, 0.0, 1.0, 1.0, 1.0, 0.0, 0.0, 1.0, 1.0, 1.0, 0.0, 1.0, 1.0, 0.0, 0.0, 1.0, 0.0, 1.0, 1.0, 0.0, 0.0, 0.0, 1.0, 0.0, 0.0, 1.0, 0.0, 0.0, 1.0, 0.0, 0.0, 1.0, 0.0, 0.0, 0.0, 1.0, 0.0, 0.0, 0.0, 1.0, 0.0, 0.0, 1.0, 0.0, 1.0, 1.0, 1.0, 1.0, 1.0, 0.0, 1.0, 1.0, 0.0, 1.0, 0.0, 0.0, 0.0, 0.0, 0.0, 1.0, 1.0, 1.0, 0.0, 1.0, 0.0, 1.0, 0.0, 1.0, 0.0, 1.0, 0.0, 0.0, 0.0, 0.0, 1.0, 0.0, 1.0, 0.0, 0.0, 0.0, 1.0, 1.0, 0.0, 1.0, 0.0, 1.0, 1.0, 0.0, 0.0, 1.0, 1.0, 1.0, 0.0, 0.0, 0.0, 1.0, 1.0, 0.0, 0.0, 1.0, 1.0, 0.0, 1.0, 0.0, 1.0, 0.0, 0.0, 1.0, 1.0, 0.0, 1.0, 1.0, 0.0, 1.0, 0.0, 0.0, 0.0, 1.0, 0.0, 0.0, 0.0, 1.0, 1.0, 0.0, 1.0, 0.0, 0.0, 0.0, 0.0, 1.0, 1.0, 1.0, 0.0, 0.0, 0.0, 1.0, 1.0, 1.0, 0.0, 1.0, 1.0, 0.0, 1.0, 0.0, 0.0, 1.0, 1.0, 1.0, 0.0, 0.0, 0.0, 1.0, 0.0, 1.0, 1.0, 0.0, 0.0, 0.0, 1.0, 0.0, 1.0, 0.0, 0.0, 1.0, 0.0, 1.0, 1.0, 1.0, 1.0, 1.0, 0.0, 1.0, 0.0, 0.0, 0.0, 0.0, 0.0, 0.0, 0.0, 0.0, 1.0, 1.0, 0.0, 1.0, 0.0, 1.0, 0.0, 0.0, 1.0, 1.0, 0.0, 1.0, 1.0, 1.0, 1.0, 1.0, 1.0, 1.0, 1.0, 0.0, 0.0, 0.0, 1.0, 1.0, 1.0, 0.0, 0.0, 1.0, 1.0, 0.0, 1.0, 0.0, 0.0, 1.0, 1.0, 1.0, 1.0, 0.0, 1.0, 0.0, 1.0, 0.0, 1.0, 0.0, 1.0, 0.0, 0.0, 0.0, 1.0, 1.0, 0.0, 1.0, 0.0, 1.0, 1.0, 0.0, 0.0, 1.0, 0.0, 0.0, 0.0, 1.0, 0.0, 1.0, 0.0, 1.0, 0.0, 1.0, 0.0, 1.0, 0.0, 0.0, 1.0, 0.0, 1.0, 0.0, 0.0, 1.0, 1.0, 1.0, 1.0, 1.0, 0.0, 1.0, 1.0, 1.0, 1.0, 1.0, 1.0, 1.0, 1.0, 1.0, 0.0, 1.0, 0.0, 1.0, 0.0, 0.0, 1.0, 1.0, 0.0, 0.0, 0.0, 0.0, 0.0, 1.0, 1.0, 0.0, 0.0, 1.0, 0.0, 0.0, 0.0, 1.0, 1.0, 1.0, 0.0, 1.0, 1.0, 1.0, 1.0, 0.0, 0.0, 1.0, 0.0, 0.0, 1.0, 1.0, 1.0, 1.0, 0.0, 0.0, 0.0, 0.0, 0.0, 1.0, 0.0, 0.0, 1.0, 1.0, 0.0, 0.0, 0.0, 0.0, 1.0, 1.0, 0.0, 0.0, 1.0, 1.0, 0.0, 1.0, 0.0, 1.0, 1.0, 1.0, 0.0, 0.0, 0.0, 0.0, 0.0, 1.0, 0.0, 0.0, 1.0, 1.0, 1.0, 1.0, 1.0, 1.0, 1.0, 1.0, 1.0, 0.0, 1.0, 1.0, 1.0, 1.0, 1.0, 1.0, 0.0, 0.0, 1.0, 1.0, 0.0, 1.0, 0.0, 1.0, 1.0, 1.0, 1.0, 0.0, 1.0, 0.0, 1.0, 0.0, 1.0, 1.0, 1.0, 0.0, 0.0, 1.0, 0.0, 1.0, 0.0, 1.0, 1.0, 1.0, 0.0, 1.0, 1.0, 0.0, 1.0, 1.0, 1.0, 1.0, 0.0, 0.0, 0.0, 1.0, 0.0, 1.0, 0.0, 0.0, 1.0, 0.0, 1.0, 0.0, 1.0, 1.0, 1.0, 0.0, 0.0, 1.0, 1.0, 1.0, 0.0, 1.0, 1.0, 0.0, 1.0, 1.0, 0.0, 0.0, 1.0, 0.0, 0.0, 1.0, 1.0, 1.0, 1.0, 1.0, 0.0, 0.0, 0.0, 1.0, 1.0, 1.0, 1.0, 0.0, 1.0, 1.0, 0.0, 1.0, 1.0, 0.0, 1.0, 0.0, 0.0, 0.0, 1.0, 1.0, 1.0, 0.0, 1.0, 0.0, 0.0, 0.0, 1.0, 1.0, 1.0, 1.0, 1.0, 0.0, 0.0, 1.0, 1.0, 1.0, 0.0, 1.0, 0.0, 1.0, 0.0, 0.0, 0.0, 0.0, 1.0, 0.0, 1.0, 1.0, 0.0, 1.0, 0.0, 1.0, 0.0, 1.0, 0.0, 0.0, 0.0, 0.0, 0.0, 1.0, 0.0, 0.0, 1.0, 0.0, 1.0, 0.0, 0.0, 1.0, 1.0, 0.0, 0.0, 1.0, 1.0, 0.0, 1.0, 1.0, 0.0, 1.0, 1.0, 1.0, 1.0, 1.0, 0.0, 0.0, 0.0, 0.0, 1.0, 0.0, 0.0, 0.0, 0.0, 1.0, 1.0, 1.0, 1.0, 0.0, 0.0, 1.0, 1.0, 1.0, 0.0, 0.0, 1.0, 0.0, 1.0, 1.0, 1.0, 0.0, 0.0, 1.0, 0.0, 1.0, 0.0, 0.0, 1.0, 0.0, 1.0, 0.0, 0.0, 1.0, 1.0, 0.0, 0.0, 0.0, 0.0, 0.0, 1.0, 0.0, 0.0, 0.0, 0.0, 1.0, 0.0, 1.0, 1.0, 1.0, 0.0, 1.0, 0.0, 1.0, 0.0, 0.0, 1.0, 0.0, 1.0, 0.0, 1.0, 1.0, 0.0, 1.0, 1.0, 0.0, 0.0, 0.0, 1.0, 0.0, 0.0, 1.0, 1.0, 0.0, 0.0, 1.0, 0.0, 0.0, 0.0, 1.0, 1.0, 0.0, 1.0, 1.0, 1.0, 0.0, 0.0, 0.0, 1.0, 0.0, 1.0, 0.0, 1.0, 1.0, 1.0, 0.0, 0.0, 0.0, 0.0, 1.0, 0.0, 0.0, 1.0, 0.0, 0.0, 1.0, 0.0, 0.0, 0.0, 1.0, 0.0, 0.0, 1.0, 0.0, 0.0, 1.0, 0.0, 1.0, 1.0, 0.0, 1.0, 1.0, 1.0, 0.0, 0.0, 1.0, 1.0, 0.0, 0.0, 1.0, 1.0, 0.0, 0.0, 1.0, 0.0, 0.0, 0.0, 0.0, 0.0, 1.0, 0.0, 1.0, 1.0, 0.0, 1.0, 1.0, 1.0, 1.0, 0.0, 0.0, 0.0, 0.0, 0.0, 0.0, 0.0, 1.0, 1.0, 1.0, 1.0, 0.0, 0.0, 1.0, 1.0, 0.0, 1.0, 0.0, 0.0, 1.0, 0.0, 0.0, 1.0, 1.0, 1.0, 0.0, 0.0, 0.0, 1.0, 0.0, 0.0, 0.0, 0.0, 0.0, 0.0, 1.0, 1.0, 1.0, 1.0, 0.0, 1.0, 0.0, 0.0, 0.0, 1.0, 1.0, 0.0, 0.0, 0.0, 0.0, 1.0, 1.0, 1.0, 0.0, 0.0, 1.0, 1.0, 1.0, 1.0, 0.0, 1.0, 1.0, 1.0, 0.0, 0.0, 0.0, 0.0, 1.0, 0.0, 0.0, 0.0, 1.0, 0.0, 1.0, 0.0, 0.0, 1.0, 1.0, 0.0, 0.0, 1.0, 1.0, 0.0, 0.0, 1.0, 1.0, 0.0, 0.0, 1.0, 0.0, 1.0, 1.0, 0.0, 1.0, 0.0, 0.0, 1.0, 0.0, 1.0, 0.0, 0.0, 1.0, 1.0, 1.0, 0.0, 0.0, 1.0, 0.0, 0.0, 1.0, 0.0, 1.0, 0.0, 0.0, 1.0, 1.0, 1.0, 1.0, 0.0, 1.0, 1.0, 1.0, 1.0, 0.0, 1.0, 0.0, 1.0, 0.0, 1.0, 1.0, 1.0, 0.0, 0.0, 1.0, 0.0, 1.0, 1.0, 0.0, 1.0, 1.0, 0.0, 0.0, 0.0, 0.0, 1.0, 0.0, 0.0, 1.0, 1.0, 1.0, 0.0, 1.0, 0.0, 1.0, 1.0, 1.0, 1.0, 0.0, 0.0, 0.0, 0.0, 1.0, 0.0, 0.0, 1.0, 0.0, 1.0, 1.0, 1.0, 0.0, 0.0, 1.0, 0.0, 1.0, 0.0, 1.0, 0.0, 0.0, 1.0, 0.0, 1.0, 1.0, 1.0, 0.0, 1.0, 1.0, 0.0, 0.0, 0.0, 0.0, 0.0, 0.0, 0.0, 0.0, 1.0, 0.0, 1.0, 1.0, 0.0, 0.0, 1.0, 1.0, 1.0, 1.0, 1.0, 0.0, 0.0, 1.0, 1.0, 0.0, 1.0, 1.0, 1.0, 1.0, 0.0, 1.0, 1.0, 1.0, 0.0, 0.0, 0.0, 1.0, 1.0, 1.0, 0.0, 1.0, 0.0, 0.0, 0.0, 1.0, 1.0, 0.0, 0.0, 1.0, 1.0, 0.0, 0.0, 1.0, 0.0, 0.0, 0.0, 1.0, 1.0, 0.0, 1.0, 1.0, 1.0, 1.0, 0.0, 0.0, 1.0, 1.0, 1.0, 0.0, 0.0, 0.0, 0.0, 0.0, 1.0, 1.0, 1.0, 0.0, 1.0, 1.0, 1.0, 0.0, 1.0, 0.0, 0.0, 0.0, 1.0, 1.0, 1.0, 0.0, 0.0, 1.0, 1.0, 0.0, 0.0, 1.0, 0.0, 1.0, 0.0, 1.0, 0.0, 0.0, 1.0, 0.0, 0.0, 1.0, 0.0, 1.0, 0.0, 1.0, 1.0, 1.0, 1.0, 1.0, 1.0, 1.0, 0.0, 0.0, 0.0, 0.0, 0.0, 1.0, 1.0, 1.0, 1.0, 0.0, 1.0, 1.0, 0.0, 1.0, 1.0, 1.0, 0.0, 1.0, 1.0, 1.0, 0.0, 1.0, 0.0, 1.0, 0.0, 0.0, 1.0, 1.0, 0.0, 0.0, 1.0, 1.0, 0.0, 1.0, 0.0, 1.0, 0.0, 0.0, 0.0, 1.0, 0.0, 1.0, 0.0, 1.0, 0.0, 0.0, 1.0, 1.0, 0.0, 1.0, 1.0, 0.0, 0.0, 0.0, 1.0, 1.0, 1.0, 1.0, 0.0, 1.0, 0.0, 1.0, 1.0, 0.0, 1.0, 0.0, 0.0, 1.0, 1.0, 1.0, 1.0, 0.0, 0.0, 1.0, 1.0, 1.0, 1.0, 0.0, 0.0, 1.0, 1.0, 1.0, 1.0, 0.0, 1.0, 1.0, 1.0, 0.0, 0.0, 1.0, 1.0, 1.0, 1.0, 1.0, 1.0, 1.0, 0.0, 0.0, 1.0, 0.0, 1.0, 0.0, 0.0, 0.0, 0.0, 1.0, 0.0, 1.0, 0.0, 1.0, 1.0, 1.0, 0.0, 0.0, 0.0, 1.0, 0.0, 1.0, 0.0, 0.0, 0.0, 0.0, 1.0, 0.0, 1.0, 0.0, 0.0, 0.0, 0.0, 1.0, 0.0, 1.0, 0.0, 0.0, 0.0, 1.0, 1.0, 1.0, 0.0, 1.0, 1.0, 1.0, 1.0, 1.0, 1.0, 1.0, 1.0, 0.0, 0.0, 1.0, 1.0, 0.0, 0.0, 1.0, 1.0, 0.0, 1.0, 0.0, 0.0, 0.0, 0.0, 1.0, 0.0, 1.0, 0.0, 0.0, 0.0, 1.0, 0.0, 1.0, 1.0, 1.0, 1.0, 1.0, 0.0, 1.0, 1.0, 1.0, 0.0, 0.0, 0.0, 0.0, 0.0, 1.0, 0.0, 1.0, 0.0, 1.0, 0.0, 1.0, 1.0, 0.0, 1.0, 1.0, 1.0, 0.0, 0.0, 0.0, 0.0, 1.0, 0.0, 1.0, 0.0, 0.0, 1.0, 0.0, 0.0, 1.0, 1.0, 0.0, 1.0, 0.0, 0.0, 1.0, 0.0, 1.0, 0.0, 0.0, 1.0, 1.0, 0.0, 1.0, 0.0, 0.0, 1.0, 1.0, 1.0, 1.0, 1.0, 1.0, 1.0, 1.0, 1.0, 0.0, 1.0, 0.0, 0.0, 0.0, 1.0, 1.0, 0.0, 0.0, 1.0, 0.0, 0.0, 1.0, 1.0, 0.0, 1.0, 1.0, 0.0, 1.0, 0.0, 0.0, 1.0, 1.0, 0.0, 0.0, 0.0, 0.0, 0.0, 0.0, 1.0, 1.0, 0.0, 1.0, 0.0, 1.0, 0.0, 0.0, 0.0, 0.0, 1.0, 1.0, 1.0, 0.0, 1.0, 1.0, 1.0, 1.0, 0.0, 0.0, 1.0, 0.0, 1.0, 1.0, 0.0, 1.0, 1.0, 0.0, 0.0, 0.0, 1.0, 0.0, 1.0, 1.0, 1.0, 1.0, 0.0, 1.0, 0.0, 0.0, 0.0, 1.0, 0.0, 1.0, 1.0, 1.0, 1.0, 0.0, 0.0, 1.0, 1.0, 1.0, 0.0, 1.0, 1.0, 0.0, 0.0, 1.0, 0.0, 0.0, 1.0, 0.0, 0.0, 0.0, 1.0, 1.0, 1.0, 1.0, 1.0, 1.0, 1.0, 1.0, 1.0, 0.0, 1.0, 0.0, 0.0, 1.0, 1.0, 1.0, 1.0, 1.0, 1.0, 1.0, 0.0, 1.0, 1.0, 1.0, 1.0, 1.0, 0.0, 0.0, 0.0, 1.0, 1.0, 0.0, 1.0, 0.0, 1.0, 1.0, 0.0, 0.0, 0.0, 1.0, 1.0, 0.0, 0.0, 1.0, 0.0, 1.0, 1.0, 1.0, 0.0, 1.0, 1.0, 1.0, 1.0, 0.0, 1.0, 1.0, 1.0, 1.0, 0.0, 1.0, 1.0, 0.0, 1.0, 0.0, 1.0, 0.0, 0.0, 1.0, 1.0, 0.0, 1.0, 1.0, 1.0, 1.0, 1.0, 0.0, 0.0, 1.0, 1.0, 1.0, 1.0, 1.0, 0.0, 1.0, 0.0, 1.0, 1.0, 1.0, 1.0, 0.0, 0.0, 0.0, 1.0, 0.0, 1.0, 0.0, 0.0, 1.0, 1.0, 1.0, 1.0, 0.0, 0.0, 0.0, 0.0, 1.0, 0.0, 1.0, 0.0, 0.0, 0.0, 1.0, 1.0, 1.0, 0.0, 1.0, 0.0, 1.0, 0.0, 0.0, 0.0, 1.0, 1.0, 0.0, 0.0, 1.0, 1.0, 1.0, 1.0, 0.0, 0.0, 1.0, 0.0, 1.0, 0.0, 0.0, 1.0, 0.0, 1.0, 0.0, 0.0, 1.0, 1.0, 1.0, 0.0, 1.0, 0.0, 0.0, 0.0, 1.0, 0.0, 0.0, 1.0, 0.0, 0.0, 0.0, 0.0, 0.0, 0.0, 1.0, 0.0, 1.0, 1.0, 1.0, 1.0, 1.0, 1.0, 0.0, 0.0, 1.0, 0.0, 1.0, 1.0, 1.0, 1.0, 0.0, 0.0, 1.0, 1.0, 0.0, 0.0, 1.0, 0.0, 1.0, 0.0, 0.0, 0.0, 0.0, 1.0, 1.0, 0.0, 1.0, 0.0, 0.0, 0.0, 1.0, 1.0, 0.0, 0.0, 1.0, 1.0, 0.0, 1.0, 1.0, 0.0, 0.0, 0.0, 1.0, 0.0, 1.0, 1.0, 0.0, 1.0, 0.0, 0.0, 1.0, 1.0, 1.0, 1.0, 1.0, 0.0, 0.0, 1.0, 0.0, 0.0, 0.0, 1.0, 0.0, 0.0, 1.0, 0.0, 0.0, 1.0, 1.0, 1.0, 1.0, 0.0, 1.0, 0.0, 0.0, 1.0, 0.0, 0.0, 0.0, 1.0, 0.0, 1.0, 0.0, 0.0, 0.0, 0.0, 0.0, 1.0, 1.0, 0.0, 0.0, 0.0, 1.0, 1.0, 1.0, 1.0, 0.0, 1.0, 0.0, 1.0, 1.0, 1.0, 0.0, 0.0, 0.0, 1.0, 1.0, 0.0, 1.0, 1.0, 0.0, 1.0, 1.0, 0.0, 0.0, 0.0, 0.0, 0.0, 1.0, 0.0, 0.0, 0.0, 1.0, 0.0, 0.0, 0.0, 0.0, 0.0, 1.0, 0.0, 0.0, 1.0, 1.0, 0.0, 1.0, 0.0, 1.0, 0.0, 1.0, 1.0, 1.0, 1.0, 1.0, 1.0, 0.0, 1.0, 1.0, 0.0, 0.0, 1.0, 1.0, 1.0, 1.0, 1.0, 1.0, 0.0, 1.0, 0.0, 1.0, 1.0, 0.0, 1.0, 0.0, 1.0, 0.0, 0.0, 1.0, 1.0, 0.0, 1.0, 0.0, 0.0, 1.0, 0.0, 1.0, 0.0, 0.0, 0.0, 0.0, 1.0, 1.0, 1.0, 0.0, 0.0, 0.0, 0.0, 1.0, 1.0, 1.0, 0.0, 1.0, 0.0, 0.0, 1.0, 0.0, 1.0, 1.0, 1.0, 1.0, 0.0, 1.0, 1.0, 1.0, 0.0, 0.0, 0.0, 1.0, 1.0, 0.0, 0.0, 1.0, 0.0, 0.0, 0.0, 1.0, 0.0, 1.0, 0.0, 0.0, 0.0, 0.0, 0.0, 1.0, 1.0, 0.0, 0.0, 1.0, 1.0, 0.0, 1.0, 0.0, 1.0, 1.0, 0.0, 1.0, 0.0, 0.0, 0.0, 0.0, 0.0, 0.0, 1.0, 1.0, 0.0, 1.0, 0.0, 0.0, 0.0, 0.0, 0.0, 0.0, 0.0, 1.0, 1.0, 1.0, 0.0, 0.0, 1.0, 1.0, 0.0, 0.0, 0.0, 0.0, 0.0, 0.0, 0.0, 0.0, 0.0, 0.0, 0.0, 1.0, 1.0, 1.0, 0.0, 0.0, 1.0, 1.0, 1.0, 1.0, 1.0, 1.0, 1.0, 1.0, 1.0, 1.0, 1.0, 0.0, 1.0, 1.0, 0.0, 0.0, 0.0, 0.0, 0.0, 0.0, 1.0, 1.0, 0.0, 1.0, 0.0, 1.0, 0.0, 0.0, 1.0, 1.0, 1.0, 1.0, 0.0, 0.0, 1.0, 0.0, 0.0, 0.0, 0.0, 0.0, 0.0, 1.0, 0.0, 0.0, 1.0, 1.0, 1.0, 0.0, 0.0, 0.0, 1.0, 1.0, 0.0, 1.0, 0.0, 0.0, 0.0, 0.0, 0.0, 1.0, 0.0, 1.0, 1.0, 0.0, 1.0, 0.0, 1.0, 0.0, 1.0, 1.0, 1.0, 1.0, 1.0, 0.0, 1.0, 1.0, 0.0, 0.0, 0.0, 1.0, 0.0, 0.0, 0.0, 0.0, 1.0, 0.0, 0.0, 0.0, 0.0, 1.0, 1.0, 0.0, 1.0, 1.0, 0.0, 1.0, 0.0, 0.0, 1.0, 0.0, 0.0, 1.0, 1.0, 1.0, 0.0, 1.0, 0.0, 0.0, 0.0, 1.0, 1.0, 1.0, 1.0, 1.0, 1.0, 0.0, 1.0, 0.0, 1.0, 0.0, 1.0, 0.0, 1.0, 1.0, 1.0, 0.0, 1.0, 0.0, 0.0, 1.0, 0.0, 1.0, 1.0, 0.0, 0.0, 0.0, 0.0, 0.0, 1.0, 1.0, 0.0, 0.0, 0.0, 0.0, 0.0, 1.0, 0.0, 1.0, 0.0, 1.0, 1.0, 0.0, 1.0, 1.0, 0.0, 1.0, 1.0, 0.0, 1.0, 0.0, 1.0, 1.0, 1.0, 1.0, 0.0, 1.0, 1.0, 1.0, 0.0, 1.0, 0.0, 1.0, 1.0, 1.0, 0.0, 0.0, 0.0, 0.0, 0.0, 1.0, 0.0]","['lNONHSAG000311', 'lNONHSAG000863', 'lNONHSAG000967', 'lNONHSAG001513', 'lNONHSAG002359', 'lNONHSAG003074', 'lNONHSAG003303', 'lNONHSAG003938', 'lNONHSAG004013', 'lNONHSAG004247', 'lNONHSAG004674', 'lNONHSAG005838', 'lNONHSAG006007', 'lNONHSAG006678', 'lNONHSAG006692', 'lNONHSAG007463', 'lNONHSAG007602', 'lNONHSAG007715', 'lNONHSAG008220', 'lNONHSAG009728', 'lNONHSAG010348', 'lNONHSAG012025', 'lNONHSAG012505', 'lNONHSAG013005', 'lNONHSAG013940', 'lNONHSAG014373', 'lNONHSAG014381', 'lNONHSAG014502', 'lNONHSAG014914', 'lNONHSAG015215', 'lNONHSAG015454', 'lNONHSAG016021', 'lNONHSAG016486', 'lNONHSAG017377', 'lNONHSAG018322', 'lNONHSAG018621', 'lNONHSAG018893', 'lNONHSAG019115', 'lNONHSAG019613', 'lNONHSAG019711', 'lNONHSAG020274', 'lNONHSAG020298', 'lNONHSAG021335', 'lNONHSAG021370', 'lNONHSAG021410', 'lNONHSAG022655', 'lNONHSAG023387', 'lNONHSAG023579', 'lNONHSAG024141', 'lNONHSAG024332', 'lNONHSAG025864', 'lNONHSAG025865', 'lNONHSAG027075', 'lNONHSAG027598', 'lNONHSAG027694', 'lNONHSAG028045', 'lNONHSAG028083', 'lNONHSAG028820', 'lNONHSAG029080', 'lNONHSAG029377', 'lNONHSAG029956', 'lNONHSAG029958', 'lNONHSAG030258', 'lNONHSAG030583', 'lNONHSAG031123', 'lNONHSAG031425', 'lNONHSAG032126', 'lNONHSAG032312', 'lNONHSAG032737', 'lNONHSAG033170', 'lNONHSAG033224', 'lNONHSAG033263', 'lNONHSAG033298', 'lNONHSAG033352', 'lNONHSAG033459', 'lNONHSAG033937', 'lNONHSAG034846', 'lNONHSAG035568', 'lNONHSAG037080', 'lNONHSAG037082', 'lNONHSAG037146', 'lNONHSAG037559', 'lNONHSAG038060', 'lNONHSAG038091', 'lNONHSAG038836', 'lNONHSAG039037', 'lNONHSAG039147', 'lNONHSAG039620', 'lNONHSAG039872', 'lNONHSAG039951', 'lNONHSAG040692', 'lNONHSAG041480', 'lNONHSAG041592', 'lNONHSAG041707', 'lNONHSAG042138', 'lNONHSAG042722', 'lNONHSAG044429', 'lNONHSAG044791', 'lNONHSAG047463', 'lNONHSAG048057', 'lNONHSAG048623', 'lNONHSAG048641', 'lNONHSAG048817', 'lNONHSAG049288', 'lNONHSAG051770', 'lNONHSAG053014', 'lNONHSAG053028', 'lNONHSAG053033', 'lNONHSAG053796', 'lNONHSAG055258', 'lNONHSAG061096', 'lNONHSAG061492', 'lNONHSAG068639', 'lNONHSAG074052', 'lNONHSAG075363', 'lNONHSAG077475', 'lNONHSAG080772', 'lNONHSAG081993', 'lNONHSAG083615', 'lNONHSAG083894', 'lNONHSAG093517', 'lNONHSAG094075', 'lNONHSAG097347', 'lNONHSAG099774', 'lENSG00000225470', 'lENSG00000226137', 'lENSG00000227963', 'lENSG00000228022', 'lENSG00000230257', 'lENSG00000231663', 'lENSG00000241388', 'lENSG00000245614', 'lENSG00000265374', 'lENSG00000269911', 'lENSG00000279296', 'lA1BG-AS1', 'lANKRD62P1-PARP4P3', 'lDGKK', 'lGHET1', 'lKCTD21-AS1', 'lLAMTOR5-AS1', 'lLBX2-AS1', 'lLPP-AS2', 'lMYLK-AS1', 'lRP11-49K24.4', 'lRP5-1061H20.4', 'lNONHSAG000157', 'lNONHSAG000896', 'lNONHSAG002487', 'lNONHSAG003308', 'lNONHSAG005473', 'lNONHSAG005747', 'lNONHSAG005915', 'lNONHSAG006078', 'lNONHSAG006086', 'lNONHSAG006186', 'lNONHSAG006377', 'lNONHSAG006399', 'lNONHSAG006581', 'lNONHSAG006808', 'lNONHSAG007118', 'lNONHSAG007129', 'lNONHSAG007730', 'lENSG00000177596', 'lENSG00000203605', 'lENSG00000203864', 'lENSG00000221845', 'lENSG00000222044', 'lENSG00000223374', 'lENSG00000223634', 'lENSG00000223809', 'lENSG00000224075', 'lENSG00000224541', 'lENSG00000225012', 'lENSG00000226047', 'lENSG00000226337', 'lENSG00000226454', 'lENSG00000226508', 'lENSG00000226576', 'lENSG00000227769', 'lENSG00000228548', 'lENSG00000228950', 'lENSG00000229190', 'lENSG00000229370', 'lENSG00000230234', 'lENSG00000230599', 'lENSG00000230972', 'lENSG00000231092', 'lENSG00000232058', 'lENSG00000232451', 'lENSG00000232596', 'lENSG00000233407', 'lENSG00000233534', 'lENSG00000233656', 'lENSG00000233891', 'lENSG00000233969', 'lENSG00000234117', 'lENSG00000234693', 'lENSG00000234860', 'lENSG00000235122', 'lENSG00000235435', 'lENSG00000235669', 'lENSG00000236498', 'lENSG00000236559', 'lENSG00000236648', 'lENSG00000237073', 'lENSG00000237337', 'lENSG00000237670', 'lENSG00000240573', 'lENSG00000241593', 'lENSG00000242391', 'lENSG00000243149', 'lENSG00000245148', 'lENSG00000247925', 'lENSG00000249441', 'lENSG00000249697', 'lENSG00000249782', 'lENSG00000249865', 'lENSG00000250062', 'lENSG00000250242', 'lENSG00000250626', 'lENSG00000250949', 'lENSG00000251185', 'lENSG00000251194', 'lENSG00000253167', 'lENSG00000253282', 'lENSG00000253449', 'lENSG00000253665', 'lENSG00000253754', 'lENSG00000253947', 'lENSG00000254094', 'lENSG00000254123', 'lENSG00000254171', 'lENSG00000254325', 'lENSG00000254380', 'lENSG00000254456', 'lENSG00000255084', 'lENSG00000255357', 'lENSG00000255390', 'lENSG00000255523', 'lENSG00000255565', 'lENSG00000255839', 'lENSG00000256209', 'lENSG00000256234', 'lENSG00000257165', 'lENSG00000257264', 'lENSG00000257342', 'lENSG00000257541', 'lENSG00000257732', 'lENSG00000258044', 'lENSG00000258425', 'lENSG00000258460', 'lENSG00000258670', 'lENSG00000258742', 'lENSG00000258800', 'lENSG00000259202', 'lENSG00000259945', 'lENSG00000260186', 'lENSG00000260454', 'lENSG00000260605', 'lENSG00000260773', 'lENSG00000260798', 'lENSG00000261729', 'lENSG00000262151', 'lENSG00000262815', 'lENSG00000263585', 'lENSG00000263618', 'lENSG00000263873', 'lENSG00000264622', 'lENSG00000264734', 'lENSG00000264825', 'lENSG00000265334', 'lENSG00000265474', 'lENSG00000265743', 'lENSG00000265840', 'lENSG00000266541', 'lENSG00000267000', 'lENSG00000267791', 'lENSG00000267980', 'lENSG00000268289', 'lENSG00000268520', 'lENSG00000269292', 'lENSG00000269495', 'lENSG00000269987', 'lENSG00000270082', 'lENSG00000270094', 'lENSG00000270108', 'lENSG00000270380', 'lENSG00000271032', 'lENSG00000271945', 'lENSG00000272027', 'lENSG00000273035', 'lENSG00000273461', 'lENSG00000281831', 'lENSG00000283083', 'lENSG00000283766', 'lENSG00000284500', 'lENSG00000285012', 'lENSG00000285473', 'lENSG00000285889', 'lENSG00000286020', 'lENSG00000286276', 'lENSG00000286331', 'lENSG00000286419', 'lENSG00000286515', 'lENSG00000286645', 'lENSG00000287236', 'lENSG00000287441', 'lENSG00000287501', 'lENSG00000287517', 'lENSG00000287518', 'lENSG00000229454', 'lENSG00000244620', 'lENSG00000254306', 'lENSG00000256686', 'lENSG00000258196', 'lENSG00000261470', 'lENSG00000266893', 'lENSG00000269391', 'lENSG00000273403', 'lENSG00000263316', 'lENSG00000260141', 'lENSG00000272934']","[1.0, 1.0, 0.0, 1.0, 1.0, 1.0, 1.0, 0.0, 1.0, 0.0, 1.0, 1.0, 0.0, 1.0, 1.0, 0.0, 1.0, 0.0, 0.0, 0.0, 0.0, 1.0, 0.0, 1.0, 0.0, 1.0, 1.0, 1.0, 0.0, 1.0, 0.0, 0.0, 0.0, 1.0, 0.0, 1.0, 1.0, 0.0, 1.0, 1.0, 0.0, 0.0, 1.0, 0.0, 0.0, 0.0, 0.0, 1.0, 0.0, 0.0, 1.0, 0.0, 0.0, 0.0, 0.0, 1.0, 1.0, 0.0, 0.0, 0.0, 0.0, 1.0, 1.0, 1.0, 0.0, 0.0, 0.0, 1.0, 1.0, 1.0, 1.0, 0.0, 1.0, 0.0, 1.0, 0.0, 0.0, 0.0, 0.0, 0.0, 0.0, 1.0, 0.0, 1.0, 0.0, 1.0, 0.0, 0.0, 0.0, 0.0, 1.0, 0.0, 0.0, 0.0, 0.0, 0.0, 1.0, 0.0, 1.0, 1.0, 0.0, 0.0, 0.0, 0.0, 0.0, 0.0, 1.0, 1.0, 0.0, 1.0, 1.0, 1.0, 1.0, 0.0, 0.0, 0.0, 1.0, 0.0, 0.0, 0.0, 0.0, 1.0, 1.0, 0.0, 1.0, 0.0, 0.0, 0.0, 0.0, 1.0, 1.0, 1.0, 0.0, 1.0, 0.0, 1.0, 0.0, 1.0, 1.0, 0.0, 1.0, 0.0, 1.0, 1.0, 0.0, 0.0, 1.0, 1.0, 1.0, 1.0, 0.0, 0.0, 0.0, 1.0, 1.0, 1.0, 1.0, 0.0, 1.0, 1.0, 1.0, 0.0, 0.0, 1.0, 0.0, 1.0, 0.0, 0.0, 1.0, 1.0, 0.0, 1.0, 1.0, 0.0, 0.0, 1.0, 1.0, 0.0, 0.0, 0.0, 0.0, 0.0, 0.0, 1.0, 0.0, 0.0, 0.0, 0.0, 1.0, 0.0, 1.0, 1.0, 1.0, 0.0, 0.0, 0.0, 1.0, 0.0, 1.0, 0.0, 0.0, 0.0, 1.0, 0.0, 0.0, 0.0, 1.0, 0.0, 0.0, 1.0, 1.0, 0.0, 0.0, 0.0, 1.0, 1.0, 0.0, 0.0, 1.0, 1.0, 0.0, 1.0, 0.0, 0.0, 0.0, 1.0, 1.0, 1.0, 1.0, 1.0, 0.0, 0.0, 1.0, 1.0, 0.0, 0.0, 1.0, 0.0, 0.0, 0.0, 0.0, 0.0, 1.0, 0.0, 0.0, 0.0, 0.0, 1.0, 0.0, 0.0, 1.0, 0.0, 1.0, 0.0, 0.0, 1.0, 0.0, 1.0, 0.0, 0.0, 1.0, 1.0, 1.0, 0.0, 1.0, 0.0, 0.0, 0.0, 1.0, 0.0, 0.0, 1.0, 1.0, 0.0, 0.0, 0.0, 0.0, 1.0, 1.0, 1.0, 0.0, 1.0, 0.0, 0.0, 0.0, 1.0, 1.0, 1.0, 1.0, 1.0, 0.0, 1.0, 0.0, 0.0, 0.0, 1.0, 1.0, 1.0, 1.0, 1.0, 1.0, 1.0, 1.0, 0.0, 0.0, 1.0, 1.0, 0.0, 1.0, 1.0, 1.0, 1.0, 0.0, 0.0, 0.0, 1.0, 0.0, 1.0, 0.0, 0.0, 0.0, 0.0, 0.0]","[1.0, 1.0, 1.0, 1.0, 1.0, 1.0, 1.0, 1.0, 1.0, 1.0, 1.0, 1.0, 1.0, 1.0, 1.0, 1.0, 1.0, 1.0, 1.0, 1.0, 1.0, 1.0, 1.0, 1.0, 1.0, 1.0, 1.0, 1.0, 1.0, 1.0, 1.0, 1.0, 1.0, 1.0, 1.0, 1.0, 1.0, 1.0, 1.0, 1.0, 1.0, 1.0, 1.0, 1.0, 1.0, 1.0, 1.0, 1.0, 1.0, 1.0, 1.0, 1.0, 1.0, 1.0, 1.0, 1.0, 1.0, 1.0, 1.0, 1.0, 1.0, 1.0, 1.0, 1.0, 1.0, 1.0, 1.0, 1.0, 1.0, 1.0, 1.0, 1.0, 1.0, 1.0, 1.0, 1.0, 1.0, 1.0, 1.0, 1.0, 1.0, 1.0, 1.0, 1.0, 1.0, 1.0, 1.0, 1.0, 1.0, 1.0, 1.0, 1.0, 1.0, 1.0, 1.0, 1.0, 1.0, 1.0, 1.0, 1.0, 1.0, 1.0, 1.0, 1.0, 1.0, 1.0, 1.0, 1.0, 1.0, 1.0, 1.0, 1.0, 1.0, 1.0, 1.0, 1.0, 1.0, 1.0, 0.0, 1.0, 1.0, 1.0, 1.0, 1.0, 1.0, 1.0, 1.0, 1.0, 1.0, 1.0, 1.0, 1.0, 1.0, 1.0, 1.0, 1.0, 1.0, 1.0, 1.0, 1.0, 1.0, 1.0, 1.0, 1.0, 1.0, 1.0, 1.0, 1.0, 1.0, 1.0, 1.0, 1.0, 1.0, 1.0, 1.0, 1.0, 1.0, 1.0, 1.0, 1.0, 1.0, 1.0, 1.0, 1.0, 1.0, 1.0, 1.0, 1.0, 1.0, 1.0, 1.0, 1.0, 1.0, 1.0, 1.0, 1.0, 1.0, 1.0, 1.0, 1.0, 1.0, 1.0, 1.0, 1.0, 1.0, 1.0, 1.0, 1.0, 1.0, 1.0, 1.0, 1.0, 1.0, 1.0, 1.0, 1.0, 1.0, 1.0, 1.0, 1.0, 1.0, 1.0, 1.0, 1.0, 1.0, 1.0, 1.0, 1.0, 1.0, 1.0, 1.0, 1.0, 1.0, 1.0, 1.0, 1.0, 1.0, 1.0, 1.0, 1.0, 1.0, 1.0, 1.0, 1.0, 1.0, 1.0, 1.0, 1.0, 1.0, 1.0, 1.0, 1.0, 1.0, 1.0, 1.0, 1.0, 1.0, 1.0, 1.0, 1.0, 1.0, 1.0, 1.0, 1.0, 1.0, 1.0, 1.0, 1.0, 1.0, 1.0, 1.0, 1.0, 1.0, 1.0, 1.0, 1.0, 1.0, 1.0, 1.0, 1.0, 1.0, 1.0, 1.0, 1.0, 1.0, 1.0, 1.0, 1.0, 1.0, 1.0, 1.0, 1.0, 1.0, 1.0, 1.0, 1.0, 1.0, 1.0, 1.0, 1.0, 1.0, 1.0, 1.0, 1.0, 1.0, 1.0, 1.0, 1.0, 1.0, 1.0, 1.0, 1.0, 1.0, 1.0, 1.0, 1.0, 1.0, 1.0, 1.0, 1.0, 1.0, 1.0, 1.0, 1.0, 1.0, 1.0, 1.0, 1.0, 1.0, 1.0, 1.0, 1.0, 1.0, 1.0, 1.0, 1.0, 1.0, 1.0, 1.0, 1.0, 1.0, 1.0, 1.0]","[0.5788542329883375, 0.5353497133923103, 0.5782555663516066, 0.5314445006944533, 0.5353256517665592, 0.5814369346339113, 0.544634356157974, 0.5873044744615046, 0.5493306746675137, 0.5494570129217867, 0.5742511030317377, 0.5324205031274355, 0.5438635388328054, 0.5883272407043175, 0.5676073095354559, 0.57750889712955, 0.5625681139760127, 0.5656920312139999, 0.5704220681247139, 0.5554448032048828, 0.5399376993816266, 0.5766214981232053, 0.5877563957139972, 0.5690243253830888, 0.573936185468061, 0.574602416578736, 0.5162492523505652, 0.5597503893253329, 0.5154506997895103, 0.560663948470043, 0.5867452510511504, 0.5372699728618471, 0.5842246993784173, 0.6026133223302712, 0.5580665877265952, 0.5316896571895234, 0.5758526410773417, 0.5593232394976814, 0.554461225673381, 0.5484243263636406, 0.5430353245414887, 0.5302144435851533, 0.5793884098222757, 0.554951883084213, 0.5823046245891047, 0.5667785620804532, 0.5253354562444162, 0.5399759990167509, 0.5354656710514107, 0.5289020869313278, 0.5287066232513606, 0.5411647474014738, 0.560250718804061, 0.5620991252249106, 0.5317967965597916, 0.5421111632138067, 0.5533906454281989, 0.5486120472846796, 0.5485331577117385, 0.538157345848688, 0.5685202917688265, 0.5391604667953745, 0.5362353074133072, 0.5368504304449226, 0.5502746204212622, 0.5393013699867085, 0.540811684351995, 0.5333558881189955, 0.5410512562288987, 0.5279527149328571, 0.5329834360804966, 0.5468200128099434, 0.5913844693063975, 0.5423461062536591, 0.5199643714975047, 0.5931147599358594, 0.5454661582842798, 0.5841913959896812, 0.5372354491925331, 0.5741206162805245, 0.5362743068909934, 0.5816013165258052, 0.53562740736554, 0.5762470515311391, 0.5371186914225288, 0.5542289421899846, 0.5312467696738513, 0.541636677237189, 0.5573986889384549, 0.5403901717379703, 0.5461165971967747, 0.5408458476824891, 0.538414573715853, 0.5889887161964116, 0.5446946202967532, 0.5851739497789158, 0.5434802645409194, 0.5265605083790448, 0.5511472546896159, 0.5961185552239627, 0.5246442558486677, 0.5279946204357812, 0.5782710606877973, 0.5580272912760608, 0.5640580820677378, 0.5981904180312505, 0.5338067302352053, 0.5368224833517719, 0.5477566567669142, 0.5349857826356136, 0.5446939948906792, 0.5949632545424121, 0.5562294804741299, 0.6019825857830643, 0.5773647341780996, 0.5765177899633489, 0.568589672907921, 0.5843251251336837, 0.4851808990798883, 0.5948305342738528, 0.5387124392608872, 0.5938546815020721, 0.5928827151010263, 0.5642679567976381, 0.5498433408461182, 0.5375727551397986, 0.569711296013869, 0.5423556515497957, 0.5517493306031138, 0.6076646124837702, 0.5607408886814613, 0.5676188017166504, 0.566531188309947, 0.5852105298240324, 0.5399076155604973, 0.5367454321466372, 0.5772306423268843, 0.5959561375719867, 0.5872531736335528, 0.5553562145642436, 0.5284007905340605, 0.5388042002023287, 0.5420092001042776, 0.5436691097831683, 0.5469334361732004, 0.5352991838185206, 0.545558619542526, 0.527725936314776, 0.5529603392388195, 0.5202961258621118, 0.5317861888944587, 0.5833790156105151, 0.5464190310246847, 0.519848531165186, 0.53398689653497, 0.5195835279518011, 0.6005317350277222, 0.5323063689264455, 0.5425113627652197, 0.5140288805041553, 0.5702475925584661, 0.5524315807759346, 0.5101832027022619, 0.5532122895758594, 0.5745351272838428, 0.5299895103416318, 0.594779079104628, 0.5355112223771469, 0.5591421151707816, 0.5466983303588331, 0.5882732061375758, 0.5814235332300098, 0.5516780957021671, 0.5930026815921923, 0.5578243446201148, 0.5585117631438209, 0.5738615741372096, 0.6036824406307456, 0.5796354352433415, 0.5887583917914055, 0.518740052658729, 0.5626610392525802, 0.5864002996205024, 0.5716441886152326, 0.5736786676484339, 0.5769003440107724, 0.5431116974282009, 0.5946035615910618, 0.5811298640028422, 0.5415554671037818, 0.560997495382006, 0.6038554413754501, 0.567768463661575, 0.523571023923911, 0.5553117261274706, 0.5701675964194832, 0.5603129476283675, 0.5637426477349499, 0.5680661955160257, 0.5347853285007761, 0.6007022275614784, 0.5738485097700026, 0.578899250401949, 0.5680865095311827, 0.5898757734579674, 0.5981059483633306, 0.5834265770888912, 0.60251936848551, 0.545831042738747, 0.5277819718571298, 0.547241911519314, 0.5651213350099815, 0.5130924476677253, 0.5701175224166726, 0.5629312949487429, 0.5615232175246256, 0.5508109901962523, 0.5816436004329402, 0.5405829282025775, 0.5554117493108036, 0.5697130116293714, 0.5764886812646157, 0.5290154548905877, 0.5589406195177757, 0.5760332981379556, 0.5034923901465195, 0.5835566150816525, 0.5820080624626154, 0.5421862993992644, 0.591972748435307, 0.5330576946639459, 0.5441195593375302, 0.5273229056521548, 0.5556696158764088, 0.5660437296449946, 0.5617776606308947, 0.5467986242085161, 0.5814540146377533, 0.6032952670686069, 0.5610148978740633, 0.5546312827875561, 0.601160719222551, 0.5756966936400142, 0.5543232230851897, 0.5674364408621624, 0.5583207417725079, 0.5542086451652256, 0.5704212480744256, 0.5743454197871003, 0.5381284690305347, 0.5698735274246391, 0.5668850032626754, 0.539023237488796, 0.56343429013375, 0.5519135468290906, 0.5103777017977462, 0.5513713456533234, 0.5664717623165981, 0.5685023772663547, 0.5756321295024287, 0.5867556001316407, 0.5785951643040921, 0.5679828221686943, 0.5417286607571451, 0.5617030987523208, 0.5673520750593406, 0.5420324747469469, 0.5760337318234809, 0.5755073409784431, 0.5859935508139636, 0.5803973675405827, 0.5422010174865348, 0.5597206379277713, 0.5203716335099554, 0.5834013902801239, 0.5808371807439269, 0.5947673945833326, 0.5572489181193249, 0.5726865840842983, 0.5607716310980481, 0.564448344802861, 0.5539131590103168, 0.5580811217459676, 0.5357800241927401, 0.5716715522557991, 0.5379617758201227, 0.5146064213579401, 0.5635485496834768, 0.5730272550676189, 0.5662817527562815, 0.5378928225054307, 0.556537517996015, 0.5647550755052191, 0.5666588816562781, 0.6024615174762384, 0.578156711875955, 0.5638257416311226, 0.5781364693628535, 0.5503408912788661, 0.5453771745669643, 0.5317092085643621, 0.5801938766559498, 0.5860221465183578, 0.542793319043964, 0.5319294640592226, 0.551259364224143, 0.6020249144480689, 0.5720717269988019, 0.5242144132415627, 0.5854875953403627, 0.538333720022919, 0.5731360066214447, 0.5831368768582406, 0.5378947970968398, 0.5381540915070161, 0.5407172698717406, 0.5778009695645058, 0.5562598252252068, 0.5526349678976814, 0.5982441723890777, 0.5655803501942027, 0.539938957868788, 0.5463950048846385]"
8,"['lNONHSAG000008', 'lNONHSAG000047', 'lNONHSAG000059', 'lNONHSAG000130', 'lNONHSAG000195', 'lNONHSAG000241', 'lNONHSAG000253', 'lNONHSAG000311', 'lNONHSAG000374', 'lNONHSAG000381', 'lNONHSAG000464', 'lNONHSAG000484', 'lNONHSAG000498', 'lNONHSAG000579', 'lNONHSAG000584', 'lNONHSAG000603', 'lNONHSAG000625', 'lNONHSAG000742', 'lNONHSAG000769', 'lNONHSAG000840', 'lNONHSAG000843', 'lNONHSAG000863', 'lNONHSAG000884', 'lNONHSAG000918', 'lNONHSAG000967', 'lNONHSAG001142', 'lNONHSAG001172', 'lNONHSAG001238', 'lNONHSAG001247', 'lNONHSAG001259', 'lNONHSAG001278', 'lNONHSAG001284', 'lNONHSAG001360', 'lNONHSAG001375', 'lNONHSAG001448', 'lNONHSAG001468', 'lNONHSAG001513', 'lNONHSAG001724', 'lNONHSAG001773', 'lNONHSAG001837', 'lNONHSAG001941', 'lNONHSAG002056', 'lNONHSAG002058', 'lNONHSAG002086', 'lNONHSAG002134', 'lNONHSAG002135', 'lNONHSAG002343', 'lNONHSAG002359', 'lNONHSAG002378', 'lNONHSAG002454', 'lNONHSAG002490', 'lNONHSAG002549', 'lNONHSAG002669', 'lNONHSAG002719', 'lNONHSAG002731', 'lNONHSAG002752', 'lNONHSAG002883', 'lNONHSAG003053', 'lNONHSAG003056', 'lNONHSAG003068', 'lNONHSAG003074', 'lNONHSAG003077', 'lNONHSAG003134', 'lNONHSAG003156', 'lNONHSAG003244', 'lNONHSAG003269', 'lNONHSAG003303', 'lNONHSAG003504', 'lNONHSAG003505', 'lNONHSAG003512', 'lNONHSAG003645', 'lNONHSAG003820', 'lNONHSAG003874', 'lNONHSAG003884', 'lNONHSAG003886', 'lNONHSAG003900', 'lNONHSAG003912', 'lNONHSAG003938', 'lNONHSAG003957', 'lNONHSAG003976', 'lNONHSAG004013', 'lNONHSAG004026', 'lNONHSAG004054', 'lNONHSAG004095', 'lNONHSAG004247', 'lNONHSAG004303', 'lNONHSAG004305', 'lNONHSAG004373', 'lNONHSAG004619', 'lNONHSAG004674', 'lNONHSAG004714', 'lNONHSAG004743', 'lNONHSAG004868', 'lNONHSAG005153', 'lNONHSAG005339', 'lNONHSAG005377', 'lNONHSAG005403', 'lNONHSAG005669', 'lNONHSAG005699', 'lNONHSAG005711', 'lNONHSAG005721', 'lNONHSAG005728', 'lNONHSAG005732', 'lNONHSAG005742', 'lNONHSAG005838', 'lNONHSAG005866', 'lNONHSAG005920', 'lNONHSAG006007', 'lNONHSAG006049', 'lNONHSAG006054', 'lNONHSAG006071', 'lNONHSAG006163', 'lNONHSAG006204', 'lNONHSAG006212', 'lNONHSAG006341', 'lNONHSAG006362', 'lNONHSAG006454', 'lNONHSAG006457', 'lNONHSAG006474', 'lNONHSAG006477', 'lNONHSAG006526', 'lNONHSAG006633', 'lNONHSAG006678', 'lNONHSAG006692', 'lNONHSAG006735', 'lNONHSAG006756', 'lNONHSAG006763', 'lNONHSAG006772', 'lNONHSAG006865', 'lNONHSAG006945', 'lNONHSAG006966', 'lNONHSAG007109', 'lNONHSAG007295', 'lNONHSAG007324', 'lNONHSAG007384', 'lNONHSAG007430', 'lNONHSAG007431', 'lNONHSAG007434', 'lNONHSAG007455', 'lNONHSAG007463', 'lNONHSAG007538', 'lNONHSAG007602', 'lNONHSAG007631', 'lNONHSAG007692', 'lNONHSAG007708', 'lNONHSAG007715', 'lNONHSAG007868', 'lNONHSAG007961', 'lNONHSAG007983', 'lNONHSAG007984', 'lNONHSAG008015', 'lNONHSAG008037', 'lNONHSAG008056', 'lNONHSAG008167', 'lNONHSAG008199', 'lNONHSAG008220', 'lNONHSAG008354', 'lNONHSAG008517', 'lNONHSAG008540', 'lNONHSAG008552', 'lNONHSAG008589', 'lNONHSAG008615', 'lNONHSAG008654', 'lNONHSAG008670', 'lNONHSAG008675', 'lNONHSAG008693', 'lNONHSAG008726', 'lNONHSAG008759', 'lNONHSAG008859', 'lNONHSAG008937', 'lNONHSAG008952', 'lNONHSAG008966', 'lNONHSAG009021', 'lNONHSAG009039', 'lNONHSAG009059', 'lNONHSAG009062', 'lNONHSAG009124', 'lNONHSAG009133', 'lNONHSAG009134', 'lNONHSAG009174', 'lNONHSAG009180', 'lNONHSAG009193', 'lNONHSAG009228', 'lNONHSAG009544', 'lNONHSAG009546', 'lNONHSAG009613', 'lNONHSAG009636', 'lNONHSAG009728', 'lNONHSAG009747', 'lNONHSAG009755', 'lNONHSAG009757', 'lNONHSAG009782', 'lNONHSAG009913', 'lNONHSAG009938', 'lNONHSAG009945', 'lNONHSAG009989', 'lNONHSAG010021', 'lNONHSAG010117', 'lNONHSAG010184', 'lNONHSAG010186', 'lNONHSAG010189', 'lNONHSAG010193', 'lNONHSAG010194', 'lNONHSAG010348', 'lNONHSAG010352', 'lNONHSAG010405', 'lNONHSAG010416', 'lNONHSAG010543', 'lNONHSAG010657', 'lNONHSAG010716', 'lNONHSAG010792', 'lNONHSAG010798', 'lNONHSAG010940', 'lNONHSAG010986', 'lNONHSAG011057', 'lNONHSAG011070', 'lNONHSAG011084', 'lNONHSAG011086', 'lNONHSAG011090', 'lNONHSAG011125', 'lNONHSAG011211', 'lNONHSAG011230', 'lNONHSAG011264', 'lNONHSAG011343', 'lNONHSAG011375', 'lNONHSAG011439', 'lNONHSAG011446', 'lNONHSAG011518', 'lNONHSAG011524', 'lNONHSAG011633', 'lNONHSAG011658', 'lNONHSAG011790', 'lNONHSAG011854', 'lNONHSAG011870', 'lNONHSAG011935', 'lNONHSAG012025', 'lNONHSAG012076', 'lNONHSAG012077', 'lNONHSAG012099', 'lNONHSAG012297', 'lNONHSAG012303', 'lNONHSAG012367', 'lNONHSAG012375', 'lNONHSAG012423', 'lNONHSAG012476', 'lNONHSAG012505', 'lNONHSAG012534', 'lNONHSAG012540', 'lNONHSAG012549', 'lNONHSAG012555', 'lNONHSAG012594', 'lNONHSAG012614', 'lNONHSAG012617', 'lNONHSAG012751', 'lNONHSAG012791', 'lNONHSAG013005', 'lNONHSAG013060', 'lNONHSAG013095', 'lNONHSAG013098', 'lNONHSAG013109', 'lNONHSAG013388', 'lNONHSAG013431', 'lNONHSAG013515', 'lNONHSAG013534', 'lNONHSAG013568', 'lNONHSAG013708', 'lNONHSAG013730', 'lNONHSAG013790', 'lNONHSAG013809', 'lNONHSAG013912', 'lNONHSAG013917', 'lNONHSAG013940', 'lNONHSAG013942', 'lNONHSAG013944', 'lNONHSAG013946', 'lNONHSAG013954', 'lNONHSAG013992', 'lNONHSAG014098', 'lNONHSAG014267', 'lNONHSAG014289', 'lNONHSAG014332', 'lNONHSAG014362', 'lNONHSAG014372', 'lNONHSAG014373', 'lNONHSAG014381', 'lNONHSAG014496', 'lNONHSAG014502', 'lNONHSAG014546', 'lNONHSAG014562', 'lNONHSAG014591', 'lNONHSAG014679', 'lNONHSAG014730', 'lNONHSAG014891', 'lNONHSAG014914', 'lNONHSAG015044', 'lNONHSAG015163', 'lNONHSAG015215', 'lNONHSAG015234', 'lNONHSAG015352', 'lNONHSAG015417', 'lNONHSAG015454', 'lNONHSAG015461', 'lNONHSAG015505', 'lNONHSAG015591', 'lNONHSAG015623', 'lNONHSAG015692', 'lNONHSAG015723', 'lNONHSAG015787', 'lNONHSAG015788', 'lNONHSAG015961', 'lNONHSAG016021', 'lNONHSAG016068', 'lNONHSAG016199', 'lNONHSAG016395', 'lNONHSAG016403', 'lNONHSAG016486', 'lNONHSAG016487', 'lNONHSAG016611', 'lNONHSAG016618', 'lNONHSAG016623', 'lNONHSAG016733', 'lNONHSAG016741', 'lNONHSAG016749', 'lNONHSAG016771', 'lNONHSAG017020', 'lNONHSAG017232', 'lNONHSAG017238', 'lNONHSAG017254', 'lNONHSAG017282', 'lNONHSAG017288', 'lNONHSAG017344', 'lNONHSAG017347', 'lNONHSAG017349', 'lNONHSAG017377', 'lNONHSAG017379', 'lNONHSAG017417', 'lNONHSAG017567', 'lNONHSAG017666', 'lNONHSAG017767', 'lNONHSAG017783', 'lNONHSAG017882', 'lNONHSAG017890', 'lNONHSAG017899', 'lNONHSAG018053', 'lNONHSAG018054', 'lNONHSAG018058', 'lNONHSAG018110', 'lNONHSAG018180', 'lNONHSAG018203', 'lNONHSAG018236', 'lNONHSAG018322', 'lNONHSAG018326', 'lNONHSAG018341', 'lNONHSAG018344', 'lNONHSAG018372', 'lNONHSAG018374', 'lNONHSAG018414', 'lNONHSAG018415', 'lNONHSAG018416', 'lNONHSAG018417', 'lNONHSAG018420', 'lNONHSAG018461', 'lNONHSAG018530', 'lNONHSAG018586', 'lNONHSAG018621', 'lNONHSAG018635', 'lNONHSAG018656', 'lNONHSAG018659', 'lNONHSAG018707', 'lNONHSAG018709', 'lNONHSAG018711', 'lNONHSAG018829', 'lNONHSAG018889', 'lNONHSAG018893', 'lNONHSAG018903', 'lNONHSAG018980', 'lNONHSAG019003', 'lNONHSAG019012', 'lNONHSAG019014', 'lNONHSAG019023', 'lNONHSAG019031', 'lNONHSAG019051', 'lNONHSAG019079', 'lNONHSAG019090', 'lNONHSAG019115', 'lNONHSAG019134', 'lNONHSAG019158', 'lNONHSAG019221', 'lNONHSAG019270', 'lNONHSAG019370', 'lNONHSAG019493', 'lNONHSAG019569', 'lNONHSAG019613', 'lNONHSAG019667', 'lNONHSAG019670', 'lNONHSAG019711', 'lNONHSAG019767', 'lNONHSAG019813', 'lNONHSAG019814', 'lNONHSAG019848', 'lNONHSAG019852', 'lNONHSAG019878', 'lNONHSAG019898', 'lNONHSAG019967', 'lNONHSAG020053', 'lNONHSAG020066', 'lNONHSAG020068', 'lNONHSAG020075', 'lNONHSAG020107', 'lNONHSAG020153', 'lNONHSAG020218', 'lNONHSAG020223', 'lNONHSAG020259', 'lNONHSAG020273', 'lNONHSAG020274', 'lNONHSAG020277', 'lNONHSAG020278', 'lNONHSAG020281', 'lNONHSAG020298', 'lNONHSAG020304', 'lNONHSAG020307', 'lNONHSAG020321', 'lNONHSAG020325', 'lNONHSAG020339', 'lNONHSAG020361', 'lNONHSAG020367', 'lNONHSAG020372', 'lNONHSAG020374', 'lNONHSAG020382', 'lNONHSAG020403', 'lNONHSAG020474', 'lNONHSAG020476', 'lNONHSAG020600', 'lNONHSAG020616', 'lNONHSAG020729', 'lNONHSAG020731', 'lNONHSAG020755', 'lNONHSAG020759', 'lNONHSAG020760', 'lNONHSAG020762', 'lNONHSAG020771', 'lNONHSAG020869', 'lNONHSAG020957', 'lNONHSAG020990', 'lNONHSAG021042', 'lNONHSAG021072', 'lNONHSAG021307', 'lNONHSAG021309', 'lNONHSAG021315', 'lNONHSAG021335', 'lNONHSAG021342', 'lNONHSAG021347', 'lNONHSAG021370', 'lNONHSAG021400', 'lNONHSAG021408', 'lNONHSAG021410', 'lNONHSAG021431', 'lNONHSAG021432', 'lNONHSAG021471', 'lNONHSAG021566', 'lNONHSAG021567', 'lNONHSAG021584', 'lNONHSAG021638', 'lNONHSAG021641', 'lNONHSAG021760', 'lNONHSAG021780', 'lNONHSAG021820', 'lNONHSAG021846', 'lNONHSAG021878', 'lNONHSAG021882', 'lNONHSAG021909', 'lNONHSAG021981', 'lNONHSAG022009', 'lNONHSAG022030', 'lNONHSAG022058', 'lNONHSAG022078', 'lNONHSAG022088', 'lNONHSAG022094', 'lNONHSAG022103', 'lNONHSAG022110', 'lNONHSAG022125', 'lNONHSAG022127', 'lNONHSAG022162', 'lNONHSAG022311', 'lNONHSAG022327', 'lNONHSAG022328', 'lNONHSAG022335', 'lNONHSAG022378', 'lNONHSAG022495', 'lNONHSAG022510', 'lNONHSAG022551', 'lNONHSAG022579', 'lNONHSAG022595', 'lNONHSAG022597', 'lNONHSAG022655', 'lNONHSAG022690', 'lNONHSAG022743', 'lNONHSAG022750', 'lNONHSAG022806', 'lNONHSAG022836', 'lNONHSAG022845', 'lNONHSAG022851', 'lNONHSAG022888', 'lNONHSAG022893', 'lNONHSAG022965', 'lNONHSAG022980', 'lNONHSAG022982', 'lNONHSAG023003', 'lNONHSAG023049', 'lNONHSAG023051', 'lNONHSAG023073', 'lNONHSAG023175', 'lNONHSAG023237', 'lNONHSAG023375', 'lNONHSAG023387', 'lNONHSAG023392', 'lNONHSAG023494', 'lNONHSAG023512', 'lNONHSAG023553', 'lNONHSAG023579', 'lNONHSAG023598', 'lNONHSAG023607', 'lNONHSAG023614', 'lNONHSAG023630', 'lNONHSAG023633', 'lNONHSAG023635', 'lNONHSAG023661', 'lNONHSAG023668', 'lNONHSAG023740', 'lNONHSAG023837', 'lNONHSAG023885', 'lNONHSAG023888', 'lNONHSAG023930', 'lNONHSAG023964', 'lNONHSAG024117', 'lNONHSAG024141', 'lNONHSAG024146', 'lNONHSAG024171', 'lNONHSAG024224', 'lNONHSAG024244', 'lNONHSAG024282', 'lNONHSAG024332', 'lNONHSAG024340', 'lNONHSAG024341', 'lNONHSAG024354', 'lNONHSAG024361', 'lNONHSAG024362', 'lNONHSAG024364', 'lNONHSAG024391', 'lNONHSAG024395', 'lNONHSAG024428', 'lNONHSAG024540', 'lNONHSAG024542', 'lNONHSAG024637', 'lNONHSAG024668', 'lNONHSAG024671', 'lNONHSAG024676', 'lNONHSAG024681', 'lNONHSAG024741', 'lNONHSAG024809', 'lNONHSAG024810', 'lNONHSAG024818', 'lNONHSAG024903', 'lNONHSAG024905', 'lNONHSAG024908', 'lNONHSAG024913', 'lNONHSAG024921', 'lNONHSAG024923', 'lNONHSAG024979', 'lNONHSAG025011', 'lNONHSAG025135', 'lNONHSAG025137', 'lNONHSAG025157', 'lNONHSAG025185', 'lNONHSAG025319', 'lNONHSAG025483', 'lNONHSAG025485', 'lNONHSAG025609', 'lNONHSAG025712', 'lNONHSAG025743', 'lNONHSAG025744', 'lNONHSAG025864', 'lNONHSAG025865', 'lNONHSAG025867', 'lNONHSAG025907', 'lNONHSAG025934', 'lNONHSAG025939', 'lNONHSAG026053', 'lNONHSAG026089', 'lNONHSAG026091', 'lNONHSAG026153', 'lNONHSAG026205', 'lNONHSAG026274', 'lNONHSAG026364', 'lNONHSAG026386', 'lNONHSAG026575', 'lNONHSAG026599', 'lNONHSAG026631', 'lNONHSAG026661', 'lNONHSAG026720', 'lNONHSAG026721', 'lNONHSAG026737', 'lNONHSAG026743', 'lNONHSAG026781', 'lNONHSAG026794', 'lNONHSAG026856', 'lNONHSAG027017', 'lNONHSAG027075', 'lNONHSAG027110', 'lNONHSAG027276', 'lNONHSAG027278', 'lNONHSAG027323', 'lNONHSAG027342', 'lNONHSAG027374', 'lNONHSAG027421', 'lNONHSAG027482', 'lNONHSAG027598', 'lNONHSAG027618', 'lNONHSAG027675', 'lNONHSAG027682', 'lNONHSAG027692', 'lNONHSAG027694', 'lNONHSAG027709', 'lNONHSAG027874', 'lNONHSAG027876', 'lNONHSAG028045', 'lNONHSAG028083', 'lNONHSAG028093', 'lNONHSAG028112', 'lNONHSAG028141', 'lNONHSAG028159', 'lNONHSAG028403', 'lNONHSAG028713', 'lNONHSAG028720', 'lNONHSAG028817', 'lNONHSAG028820', 'lNONHSAG028918', 'lNONHSAG028948', 'lNONHSAG028996', 'lNONHSAG029033', 'lNONHSAG029080', 'lNONHSAG029124', 'lNONHSAG029267', 'lNONHSAG029312', 'lNONHSAG029336', 'lNONHSAG029377', 'lNONHSAG029467', 'lNONHSAG029668', 'lNONHSAG029792', 'lNONHSAG029873', 'lNONHSAG029880', 'lNONHSAG029933', 'lNONHSAG029956', 'lNONHSAG029957', 'lNONHSAG029958', 'lNONHSAG029959', 'lNONHSAG029960', 'lNONHSAG029961', 'lNONHSAG029962', 'lNONHSAG029964', 'lNONHSAG029965', 'lNONHSAG029985', 'lNONHSAG030074', 'lNONHSAG030113', 'lNONHSAG030129', 'lNONHSAG030244', 'lNONHSAG030258', 'lNONHSAG030279', 'lNONHSAG030333', 'lNONHSAG030440', 'lNONHSAG030487', 'lNONHSAG030516', 'lNONHSAG030525', 'lNONHSAG030582', 'lNONHSAG030583', 'lNONHSAG030738', 'lNONHSAG030742', 'lNONHSAG031025', 'lNONHSAG031035', 'lNONHSAG031123', 'lNONHSAG031261', 'lNONHSAG031385', 'lNONHSAG031425', 'lNONHSAG031452', 'lNONHSAG031453', 'lNONHSAG031456', 'lNONHSAG031481', 'lNONHSAG031563', 'lNONHSAG031565', 'lNONHSAG031581', 'lNONHSAG031584', 'lNONHSAG031636', 'lNONHSAG031696', 'lNONHSAG031853', 'lNONHSAG031900', 'lNONHSAG031913', 'lNONHSAG031991', 'lNONHSAG032063', 'lNONHSAG032126', 'lNONHSAG032247', 'lNONHSAG032267', 'lNONHSAG032302', 'lNONHSAG032309', 'lNONHSAG032312', 'lNONHSAG032537', 'lNONHSAG032560', 'lNONHSAG032664', 'lNONHSAG032682', 'lNONHSAG032724', 'lNONHSAG032735', 'lNONHSAG032737', 'lNONHSAG032748', 'lNONHSAG032750', 'lNONHSAG033027', 'lNONHSAG033061', 'lNONHSAG033100', 'lNONHSAG033105', 'lNONHSAG033107', 'lNONHSAG033168', 'lNONHSAG033170', 'lNONHSAG033216', 'lNONHSAG033224', 'lNONHSAG033254', 'lNONHSAG033263', 'lNONHSAG033266', 'lNONHSAG033298', 'lNONHSAG033328', 'lNONHSAG033334', 'lNONHSAG033342', 'lNONHSAG033348', 'lNONHSAG033352', 'lNONHSAG033368', 'lNONHSAG033386', 'lNONHSAG033390', 'lNONHSAG033435', 'lNONHSAG033459', 'lNONHSAG033471', 'lNONHSAG033480', 'lNONHSAG033528', 'lNONHSAG033589', 'lNONHSAG033611', 'lNONHSAG033645', 'lNONHSAG033691', 'lNONHSAG033716', 'lNONHSAG033735', 'lNONHSAG033748', 'lNONHSAG033810', 'lNONHSAG033862', 'lNONHSAG033896', 'lNONHSAG033899', 'lNONHSAG033937', 'lNONHSAG033940', 'lNONHSAG034006', 'lNONHSAG034014', 'lNONHSAG034032', 'lNONHSAG034217', 'lNONHSAG034316', 'lNONHSAG034417', 'lNONHSAG034418', 'lNONHSAG034492', 'lNONHSAG034508', 'lNONHSAG034527', 'lNONHSAG034676', 'lNONHSAG034678', 'lNONHSAG034801', 'lNONHSAG034845', 'lNONHSAG034846', 'lNONHSAG034935', 'lNONHSAG034973', 'lNONHSAG035103', 'lNONHSAG035262', 'lNONHSAG035287', 'lNONHSAG035382', 'lNONHSAG035456', 'lNONHSAG035531', 'lNONHSAG035568', 'lNONHSAG035806', 'lNONHSAG035914', 'lNONHSAG035916', 'lNONHSAG035919', 'lNONHSAG035923', 'lNONHSAG036047', 'lNONHSAG036115', 'lNONHSAG036120', 'lNONHSAG036255', 'lNONHSAG036263', 'lNONHSAG036273', 'lNONHSAG036403', 'lNONHSAG036407', 'lNONHSAG036412', 'lNONHSAG036413', 'lNONHSAG036612', 'lNONHSAG036615', 'lNONHSAG036667', 'lNONHSAG036718', 'lNONHSAG036783', 'lNONHSAG036866', 'lNONHSAG036922', 'lNONHSAG037025', 'lNONHSAG037072', 'lNONHSAG037073', 'lNONHSAG037080', 'lNONHSAG037082', 'lNONHSAG037083', 'lNONHSAG037096', 'lNONHSAG037137', 'lNONHSAG037146', 'lNONHSAG037164', 'lNONHSAG037241', 'lNONHSAG037348', 'lNONHSAG037420', 'lNONHSAG037559', 'lNONHSAG037827', 'lNONHSAG037891', 'lNONHSAG037936', 'lNONHSAG038024', 'lNONHSAG038060', 'lNONHSAG038091', 'lNONHSAG038162', 'lNONHSAG038344', 'lNONHSAG038397', 'lNONHSAG038502', 'lNONHSAG038530', 'lNONHSAG038561', 'lNONHSAG038578', 'lNONHSAG038663', 'lNONHSAG038675', 'lNONHSAG038676', 'lNONHSAG038682', 'lNONHSAG038836', 'lNONHSAG039037', 'lNONHSAG039038', 'lNONHSAG039147', 'lNONHSAG039293', 'lNONHSAG039295', 'lNONHSAG039319', 'lNONHSAG039617', 'lNONHSAG039620', 'lNONHSAG039634', 'lNONHSAG039637', 'lNONHSAG039664', 'lNONHSAG039669', 'lNONHSAG039749', 'lNONHSAG039872', 'lNONHSAG039951', 'lNONHSAG040179', 'lNONHSAG040188', 'lNONHSAG040226', 'lNONHSAG040241', 'lNONHSAG040269', 'lNONHSAG040320', 'lNONHSAG040329', 'lNONHSAG040408', 'lNONHSAG040444', 'lNONHSAG040481', 'lNONHSAG040542', 'lNONHSAG040544', 'lNONHSAG040560', 'lNONHSAG040601', 'lNONHSAG040692', 'lNONHSAG040729', 'lNONHSAG040804', 'lNONHSAG040859', 'lNONHSAG040870', 'lNONHSAG040909', 'lNONHSAG040945', 'lNONHSAG040958', 'lNONHSAG040969', 'lNONHSAG040976', 'lNONHSAG041002', 'lNONHSAG041017', 'lNONHSAG041023', 'lNONHSAG041241', 'lNONHSAG041250', 'lNONHSAG041256', 'lNONHSAG041257', 'lNONHSAG041480', 'lNONHSAG041528', 'lNONHSAG041529', 'lNONHSAG041592', 'lNONHSAG041670', 'lNONHSAG041707', 'lNONHSAG041716', 'lNONHSAG041758', 'lNONHSAG041844', 'lNONHSAG041883', 'lNONHSAG041938', 'lNONHSAG041966', 'lNONHSAG041981', 'lNONHSAG042033', 'lNONHSAG042050', 'lNONHSAG042062', 'lNONHSAG042080', 'lNONHSAG042132', 'lNONHSAG042138', 'lNONHSAG042218', 'lNONHSAG042257', 'lNONHSAG042270', 'lNONHSAG042306', 'lNONHSAG042307', 'lNONHSAG042370', 'lNONHSAG042433', 'lNONHSAG042476', 'lNONHSAG042491', 'lNONHSAG042500', 'lNONHSAG042722', 'lNONHSAG042724', 'lNONHSAG042836', 'lNONHSAG042855', 'lNONHSAG042957', 'lNONHSAG042966', 'lNONHSAG042991', 'lNONHSAG043138', 'lNONHSAG043159', 'lNONHSAG043229', 'lNONHSAG043250', 'lNONHSAG043303', 'lNONHSAG043550', 'lNONHSAG043592', 'lNONHSAG043625', 'lNONHSAG043851', 'lNONHSAG043934', 'lNONHSAG044022', 'lNONHSAG044064', 'lNONHSAG044283', 'lNONHSAG044350', 'lNONHSAG044406', 'lNONHSAG044429', 'lNONHSAG044533', 'lNONHSAG044624', 'lNONHSAG044666', 'lNONHSAG044709', 'lNONHSAG044751', 'lNONHSAG044791', 'lNONHSAG045131', 'lNONHSAG045160', 'lNONHSAG045166', 'lNONHSAG045306', 'lNONHSAG045383', 'lNONHSAG045430', 'lNONHSAG046722', 'lNONHSAG046730', 'lNONHSAG046765', 'lNONHSAG046781', 'lNONHSAG046811', 'lNONHSAG046839', 'lNONHSAG046953', 'lNONHSAG047182', 'lNONHSAG047191', 'lNONHSAG047260', 'lNONHSAG047319', 'lNONHSAG047433', 'lNONHSAG047463', 'lNONHSAG047469', 'lNONHSAG047471', 'lNONHSAG047507', 'lNONHSAG047543', 'lNONHSAG047544', 'lNONHSAG047547', 'lNONHSAG047619', 'lNONHSAG047620', 'lNONHSAG047725', 'lNONHSAG047792', 'lNONHSAG047796', 'lNONHSAG047840', 'lNONHSAG047842', 'lNONHSAG047851', 'lNONHSAG047951', 'lNONHSAG047973', 'lNONHSAG047974', 'lNONHSAG048057', 'lNONHSAG048101', 'lNONHSAG048114', 'lNONHSAG048189', 'lNONHSAG048191', 'lNONHSAG048201', 'lNONHSAG048228', 'lNONHSAG048231', 'lNONHSAG048270', 'lNONHSAG048302', 'lNONHSAG048323', 'lNONHSAG048354', 'lNONHSAG048439', 'lNONHSAG048464', 'lNONHSAG048598', 'lNONHSAG048603', 'lNONHSAG048610', 'lNONHSAG048623', 'lNONHSAG048624', 'lNONHSAG048626', 'lNONHSAG048641', 'lNONHSAG048682', 'lNONHSAG048695', 'lNONHSAG048781', 'lNONHSAG048817', 'lNONHSAG049037', 'lNONHSAG049050', 'lNONHSAG049051', 'lNONHSAG049119', 'lNONHSAG049129', 'lNONHSAG049157', 'lNONHSAG049191', 'lNONHSAG049288', 'lNONHSAG049303', 'lNONHSAG049356', 'lNONHSAG049421', 'lNONHSAG049507', 'lNONHSAG049626', 'lNONHSAG049655', 'lNONHSAG049754', 'lNONHSAG049801', 'lNONHSAG049901', 'lNONHSAG050073', 'lNONHSAG050104', 'lNONHSAG050167', 'lNONHSAG050168', 'lNONHSAG050272', 'lNONHSAG050273', 'lNONHSAG050284', 'lNONHSAG050345', 'lNONHSAG050423', 'lNONHSAG050445', 'lNONHSAG050493', 'lNONHSAG050518', 'lNONHSAG050670', 'lNONHSAG050725', 'lNONHSAG050815', 'lNONHSAG050929', 'lNONHSAG050985', 'lNONHSAG051010', 'lNONHSAG051015', 'lNONHSAG051166', 'lNONHSAG051196', 'lNONHSAG051245', 'lNONHSAG051250', 'lNONHSAG051255', 'lNONHSAG051259', 'lNONHSAG051260', 'lNONHSAG051263', 'lNONHSAG051266', 'lNONHSAG051448', 'lNONHSAG051454', 'lNONHSAG051484', 'lNONHSAG051514', 'lNONHSAG051517', 'lNONHSAG051523', 'lNONHSAG051542', 'lNONHSAG051603', 'lNONHSAG051770', 'lNONHSAG051958', 'lNONHSAG052046', 'lNONHSAG052082', 'lNONHSAG052097', 'lNONHSAG052119', 'lNONHSAG052149', 'lNONHSAG052151', 'lNONHSAG052179', 'lNONHSAG052454', 'lNONHSAG052459', 'lNONHSAG052491', 'lNONHSAG052492', 'lNONHSAG052495', 'lNONHSAG052510', 'lNONHSAG052511', 'lNONHSAG052609', 'lNONHSAG052680', 'lNONHSAG052686', 'lNONHSAG052709', 'lNONHSAG052726', 'lNONHSAG052853', 'lNONHSAG052908', 'lNONHSAG052925', 'lNONHSAG052929', 'lNONHSAG052931', 'lNONHSAG052933', 'lNONHSAG052943', 'lNONHSAG053007', 'lNONHSAG053014', 'lNONHSAG053028', 'lNONHSAG053033', 'lNONHSAG053082', 'lNONHSAG053108', 'lNONHSAG053162', 'lNONHSAG053228', 'lNONHSAG053419', 'lNONHSAG053456', 'lNONHSAG053499', 'lNONHSAG053500', 'lNONHSAG053502', 'lNONHSAG053546', 'lNONHSAG053547', 'lNONHSAG053590', 'lNONHSAG053602', 'lNONHSAG053626', 'lNONHSAG053631', 'lNONHSAG053651', 'lNONHSAG053716', 'lNONHSAG053719', 'lNONHSAG053748', 'lNONHSAG053796', 'lNONHSAG053842', 'lNONHSAG054024', 'lNONHSAG054038', 'lNONHSAG054212', 'lNONHSAG054213', 'lNONHSAG054214', 'lNONHSAG054215', 'lNONHSAG054216', 'lNONHSAG054301', 'lNONHSAG054360', 'lNONHSAG054432', 'lNONHSAG054699', 'lNONHSAG054716', 'lNONHSAG054717', 'lNONHSAG054718', 'lNONHSAG054791', 'lNONHSAG054807', 'lNONHSAG054832', 'lNONHSAG055008', 'lNONHSAG055088', 'lNONHSAG055151', 'lNONHSAG055258', 'lNONHSAG055350', 'lNONHSAG055450', 'lNONHSAG055558', 'lNONHSAG055577', 'lNONHSAG056025', 'lNONHSAG056029', 'lNONHSAG056053', 'lNONHSAG056451', 'lNONHSAG056733', 'lNONHSAG056868', 'lNONHSAG056875', 'lNONHSAG057043', 'lNONHSAG057222', 'lNONHSAG057260', 'lNONHSAG058006', 'lNONHSAG058109', 'lNONHSAG058112', 'lNONHSAG058118', 'lNONHSAG058128', 'lNONHSAG058533', 'lNONHSAG058967', 'lNONHSAG059768', 'lNONHSAG061096', 'lNONHSAG061404', 'lNONHSAG061492', 'lNONHSAG064784', 'lNONHSAG064962', 'lNONHSAG065252', 'lNONHSAG065364', 'lNONHSAG066253', 'lNONHSAG068402', 'lNONHSAG068639', 'lNONHSAG069030', 'lNONHSAG069147', 'lNONHSAG069277', 'lNONHSAG069876', 'lNONHSAG070257', 'lNONHSAG071444', 'lNONHSAG072176', 'lNONHSAG072945', 'lNONHSAG073025', 'lNONHSAG073380', 'lNONHSAG073406', 'lNONHSAG073419', 'lNONHSAG073786', 'lNONHSAG074052', 'lNONHSAG074661', 'lNONHSAG075363', 'lNONHSAG077475', 'lNONHSAG077551', 'lNONHSAG079231', 'lNONHSAG080772', 'lNONHSAG081227', 'lNONHSAG081583', 'lNONHSAG081993', 'lNONHSAG082891', 'lNONHSAG083209', 'lNONHSAG083615', 'lNONHSAG083859', 'lNONHSAG083883', 'lNONHSAG083894', 'lNONHSAG084832', 'lNONHSAG084937', 'lNONHSAG085975', 'lNONHSAG088562', 'lNONHSAG089857', 'lNONHSAG091116', 'lNONHSAG091284', 'lNONHSAG091452', 'lNONHSAG091943', 'lNONHSAG093064', 'lNONHSAG093517', 'lNONHSAG094075', 'lNONHSAG094129', 'lNONHSAG096130', 'lNONHSAG096227', 'lNONHSAG096230', 'lNONHSAG096627', 'lNONHSAG097344', 'lNONHSAG097347', 'lNONHSAG099082', 'lNONHSAG099120', 'lNONHSAG099126', 'lNONHSAG099742', 'lNONHSAG099774', 'lNONHSAG101229', 'lNONHSAG101725', 'lNONHSAG102572', 'lNONHSAG102979', 'lNONHSAG103259', 'lNONHSAG103817', 'lNONHSAG104186', 'lNONHSAG110420', 'lNONHSAG110858', 'lNONHSAG112396', 'lNONHSAG113761', 'lNONHSAG114445', 'lENSG00000103472', 'lENSG00000163364', 'lENSG00000171889', 'lENSG00000175061', 'lENSG00000177410', 'lENSG00000179406', 'lENSG00000179523', 'lENSG00000189295', 'lENSG00000198221', 'lENSG00000205611', 'lENSG00000223764', 'lENSG00000223783', 'lENSG00000224057', 'lENSG00000224078', 'lENSG00000224614', 'lENSG00000225470', 'lENSG00000225506', 'lENSG00000225855', 'lENSG00000226115', 'lENSG00000226137', 'lENSG00000227082', 'lENSG00000227256', 'lENSG00000227963', 'lENSG00000228022', 'lENSG00000228526', 'lENSG00000229267', 'lENSG00000229335', 'lENSG00000229388', 'lENSG00000230046', 'lENSG00000230061', 'lENSG00000230257', 'lENSG00000230313', 'lENSG00000230866', 'lENSG00000231019', 'lENSG00000231437', 'lENSG00000231473', 'lENSG00000231663', 'lENSG00000232265', 'lENSG00000232415', 'lENSG00000232442', 'lENSG00000232500', 'lENSG00000233047', 'lENSG00000233387', 'lENSG00000233532', 'lENSG00000233590', 'lENSG00000234169', 'lENSG00000234222', 'lENSG00000234455', 'lENSG00000234546', 'lENSG00000234625', 'lENSG00000235385', 'lENSG00000235535', 'lENSG00000235724', 'lENSG00000236240', 'lENSG00000236535', 'lENSG00000236671', 'lENSG00000237167', 'lENSG00000237396', 'lENSG00000237880', 'lENSG00000241388', 'lENSG00000242207', 'lENSG00000243479', 'lENSG00000244124', 'lENSG00000245146', 'lENSG00000245614', 'lENSG00000246560', 'lENSG00000247095', 'lENSG00000247400', 'lENSG00000247498', 'lENSG00000249532', 'lENSG00000249786', 'lENSG00000249835', 'lENSG00000249993', 'lENSG00000250635', 'lENSG00000251003', 'lENSG00000251061', 'lENSG00000253315', 'lENSG00000254418', 'lENSG00000254480', 'lENSG00000254508', 'lENSG00000254635', 'lENSG00000254791', 'lENSG00000255363', 'lENSG00000255427', 'lENSG00000255553', 'lENSG00000255850', 'lENSG00000256742', 'lENSG00000256769', 'lENSG00000257084', 'lENSG00000257557', 'lENSG00000258197', 'lENSG00000259289', 'lENSG00000260219', 'lENSG00000260280', 'lENSG00000260455', 'lENSG00000260969', 'lENSG00000261183', 'lENSG00000261423', 'lENSG00000261780', 'lENSG00000264672', 'lENSG00000265374', 'lENSG00000266402', 'lENSG00000267296', 'lENSG00000267321', 'lENSG00000267395', 'lENSG00000267413', 'lENSG00000267440', 'lENSG00000267858', 'lENSG00000269019', 'lENSG00000269911', 'lENSG00000269939', 'lENSG00000270084', 'lENSG00000270344', 'lENSG00000270959', 'lENSG00000272769', 'lENSG00000274372', 'lENSG00000278709', 'lENSG00000279296', 'lENSG00000281189', 'lENSG00000284070', 'lENSG00000286004', 'lENSG00000286737', 'lENSG00000288080', 'lENSG00000224167', 'lENSG00000224739', 'lA1BG-AS1', 'lADAMTS9-AS2', 'lANKRD62P1-PARP4P3', 'lAQP4-AS1', 'lASMTL-AS1', 'lBANCR', 'lCCAT2', 'lCDKN2B-AS1', 'lCRNDE', 'lDGKK', 'lDLX6-AS1', 'lEGOT', 'lFEZF1-AS1', 'lGATA3-AS1', 'lGATA6-AS1', 'lGHET1', 'lHEIH', 'lHOTAIRM1', 'lHOXA-AS3', 'lINHBA-AS1', 'lJPX', 'lJRK', 'lKCTD21-AS1', 'lKTN1-AS1', 'lLAMTOR5-AS1', 'lLBX2-AS1', 'lLINC00173', 'lLINC00240', 'lLINC00333', 'lLINC00472', 'lLPP-AS2', 'lMCM3AP-AS1', 'lMEG3', 'lMIR181A1HG', 'lMIR31HG', 'lMYLK-AS1', 'lPANDAR', 'lPCGEM1', 'lPVT1', 'lRHPN1-AS1', 'lRMST', 'lSNHG16', 'lSNX29P2', 'lTEN1-CDK3', 'lTPTEP1', 'lTRAM2-AS1', 'lVCAN-AS1', 'lZFAS1', 'lZNF503-AS2', 'lLINC00461', 'lLINC00514', 'lSLC2A1-AS1', 'lSRP14-AS1', 'lPWAR6', 'lAC004840.8', 'lAC061992.2', 'lAC103564.7', 'lAC135048.13', 'lAC137723.5', 'lAC137932.5', 'lAL928742.12', 'lAP001058.3', 'lCTB-60B18.10', 'lCTB-91J4.1', 'lCTC-338M12.2', 'lCTD-2165H16.4', 'lCTD-2195B23.3', 'lCTD-2540L5.5', 'lKB-7G2.8', 'lLA16c-321D4.2', 'lRP1-283E3.8', 'lRP11-100F15.1', 'lRP11-104E19.1', 'lRP11-108M9.3', 'lRP11-123O10.4', 'lRP11-137H2.4', 'lRP11-21J18.1', 'lRP11-227H15.4', 'lRP11-243J18.2', 'lRP11-24P14.1', 'lRP11-264B17.3', 'lRP11-276H7.2', 'lRP11-2C24.4', 'lRP11-305P14.1', 'lRP11-439K3.1', 'lRP11-467J12.4', 'lRP11-49K24.4', 'lRP11-514P8.8', 'lRP11-54O7.3', 'lRP11-550C4.6', 'lRP11-680A11.5', 'lRP4-756H11.3', 'lRP4-790G17.7', 'lRP5-1061H20.4', 'lRP5-1074L1.1', 'lRP5-1160K1.8', 'lXXbac-B444P24.8', 'lXXbac-BPG300A18.13', 'lHNRNPU-AS1', 'lRP11-429J17.8', 'lRP11-672A2.1', 'lRP5-1063M23.1', 'lRP11-495P10.8', 'lCTA-250D10.23', 'lRP4-610C12.4', 'lLINC00035', 'lRP11-408H20.2', 'lNONHSAG000157', 'lNONHSAG000265', 'lNONHSAG000298', 'lNONHSAG000636', 'lNONHSAG000677', 'lNONHSAG000896', 'lNONHSAG000969', 'lNONHSAG000994', 'lNONHSAG001008', 'lNONHSAG001014', 'lNONHSAG001028', 'lNONHSAG001030', 'lNONHSAG001147', 'lNONHSAG001171', 'lNONHSAG001207', 'lNONHSAG001258', 'lNONHSAG001419', 'lNONHSAG001435', 'lNONHSAG001613', 'lNONHSAG002403', 'lNONHSAG002487', 'lNONHSAG002619', 'lNONHSAG002726', 'lNONHSAG002790', 'lNONHSAG002816', 'lNONHSAG003227', 'lNONHSAG003308', 'lNONHSAG003459', 'lNONHSAG003810', 'lNONHSAG003881', 'lNONHSAG004227', 'lNONHSAG004351', 'lNONHSAG004475', 'lNONHSAG004507', 'lNONHSAG004893', 'lNONHSAG005249', 'lNONHSAG005363', 'lNONHSAG005473', 'lNONHSAG005522', 'lNONHSAG005652', 'lNONHSAG005679', 'lNONHSAG005690', 'lNONHSAG005717', 'lNONHSAG005725', 'lNONHSAG005727', 'lNONHSAG005739', 'lNONHSAG005740', 'lNONHSAG005747', 'lNONHSAG005760', 'lNONHSAG005761', 'lNONHSAG005769', 'lNONHSAG005797', 'lNONHSAG005809', 'lNONHSAG005821', 'lNONHSAG005830', 'lNONHSAG005842', 'lNONHSAG005847', 'lNONHSAG005851', 'lNONHSAG005852', 'lNONHSAG005853', 'lNONHSAG005855', 'lNONHSAG005856', 'lNONHSAG005857', 'lNONHSAG005859', 'lNONHSAG005862', 'lNONHSAG005867', 'lNONHSAG005870', 'lNONHSAG005885', 'lNONHSAG005901', 'lNONHSAG005915', 'lNONHSAG005935', 'lNONHSAG005936', 'lNONHSAG005939', 'lNONHSAG005985', 'lNONHSAG005986', 'lNONHSAG006012', 'lNONHSAG006078', 'lNONHSAG006086', 'lNONHSAG006091', 'lNONHSAG006097', 'lNONHSAG006103', 'lNONHSAG006160', 'lNONHSAG006166', 'lNONHSAG006183', 'lNONHSAG006186', 'lNONHSAG006187', 'lNONHSAG006188', 'lNONHSAG006206', 'lNONHSAG006220', 'lNONHSAG006221', 'lNONHSAG006235', 'lNONHSAG006240', 'lNONHSAG006274', 'lNONHSAG006279', 'lNONHSAG006290', 'lNONHSAG006300', 'lNONHSAG006314', 'lNONHSAG006324', 'lNONHSAG006376', 'lNONHSAG006377', 'lNONHSAG006382', 'lNONHSAG006388', 'lNONHSAG006395', 'lNONHSAG006399', 'lNONHSAG006405', 'lNONHSAG006407', 'lNONHSAG006412', 'lNONHSAG006415', 'lNONHSAG006434', 'lNONHSAG006440', 'lNONHSAG006450', 'lNONHSAG006459', 'lNONHSAG006479', 'lNONHSAG006487', 'lNONHSAG006493', 'lNONHSAG006507', 'lNONHSAG006527', 'lNONHSAG006536', 'lNONHSAG006551', 'lNONHSAG006554', 'lNONHSAG006555', 'lNONHSAG006557', 'lNONHSAG006573', 'lNONHSAG006576', 'lNONHSAG006579', 'lNONHSAG006581', 'lNONHSAG006586', 'lNONHSAG006591', 'lNONHSAG006646', 'lNONHSAG006669', 'lNONHSAG006716', 'lNONHSAG006748', 'lNONHSAG006750', 'lNONHSAG006765', 'lNONHSAG006808', 'lNONHSAG006830', 'lNONHSAG006832', 'lNONHSAG006837', 'lNONHSAG006855', 'lNONHSAG006863', 'lNONHSAG006883', 'lNONHSAG006889', 'lNONHSAG006894', 'lNONHSAG006897', 'lNONHSAG006915', 'lNONHSAG006967', 'lNONHSAG006970', 'lNONHSAG006976', 'lNONHSAG007000', 'lNONHSAG007008', 'lNONHSAG007020', 'lNONHSAG007023', 'lNONHSAG007029', 'lNONHSAG007031', 'lNONHSAG007035', 'lNONHSAG007063', 'lNONHSAG007065', 'lNONHSAG007087', 'lNONHSAG007093', 'lNONHSAG007103', 'lNONHSAG007118', 'lNONHSAG007123', 'lNONHSAG007129', 'lNONHSAG007139', 'lNONHSAG007155', 'lNONHSAG007166', 'lNONHSAG007172', 'lNONHSAG007203', 'lNONHSAG007222', 'lNONHSAG007224', 'lNONHSAG007225', 'lNONHSAG007242', 'lNONHSAG007259', 'lNONHSAG007268', 'lNONHSAG007278', 'lNONHSAG007286', 'lNONHSAG007298', 'lNONHSAG007414', 'lNONHSAG007419', 'lNONHSAG007429', 'lNONHSAG007458', 'lNONHSAG007488', 'lNONHSAG007507', 'lNONHSAG007531', 'lNONHSAG007533', 'lNONHSAG007543', 'lNONHSAG007544', 'lNONHSAG007554', 'lNONHSAG007563', 'lNONHSAG007574', 'lNONHSAG007578', 'lNONHSAG007587', 'lNONHSAG007599', 'lNONHSAG007621', 'lNONHSAG007638', 'lNONHSAG007730', 'lNONHSAG007932', 'lENSG00000105501', 'lENSG00000122043', 'lENSG00000149443', 'lENSG00000167920', 'lENSG00000175746', 'lENSG00000177596', 'lENSG00000178248', 'lENSG00000197880', 'lENSG00000198671', 'lENSG00000203307', 'lENSG00000203434', 'lENSG00000203469', 'lENSG00000203472', 'lENSG00000203565', 'lENSG00000203605', 'lENSG00000203864', 'lENSG00000204393', 'lENSG00000205018', 'lENSG00000205452', 'lENSG00000219410', 'lENSG00000221845', 'lENSG00000222032', 'lENSG00000222044', 'lENSG00000223374', 'lENSG00000223381', 'lENSG00000223387', 'lENSG00000223400', 'lENSG00000223537', 'lENSG00000223563', 'lENSG00000223598', 'lENSG00000223634', 'lENSG00000223641', 'lENSG00000223643', 'lENSG00000223647', 'lENSG00000223720', 'lENSG00000223786', 'lENSG00000223809', 'lENSG00000223831', 'lENSG00000223870', 'lENSG00000223966', 'lENSG00000223993', 'lENSG00000224031', 'lENSG00000224075', 'lENSG00000224087', 'lENSG00000224095', 'lENSG00000224220', 'lENSG00000224277', 'lENSG00000224330', 'lENSG00000224384', 'lENSG00000224500', 'lENSG00000224541', 'lENSG00000224549', 'lENSG00000224595', 'lENSG00000224645', 'lENSG00000224655', 'lENSG00000224821', 'lENSG00000224844', 'lENSG00000224857', 'lENSG00000224885', 'lENSG00000224922', 'lENSG00000224972', 'lENSG00000225012', 'lENSG00000225129', 'lENSG00000225146', 'lENSG00000225218', 'lENSG00000225325', 'lENSG00000225334', 'lENSG00000225378', 'lENSG00000225537', 'lENSG00000225570', 'lENSG00000225588', 'lENSG00000225647', 'lENSG00000225750', 'lENSG00000225751', 'lENSG00000225761', 'lENSG00000225798', 'lENSG00000225919', 'lENSG00000225929', 'lENSG00000226047', 'lENSG00000226089', 'lENSG00000226133', 'lENSG00000226143', 'lENSG00000226193', 'lENSG00000226194', 'lENSG00000226238', 'lENSG00000226323', 'lENSG00000226337', 'lENSG00000226352', 'lENSG00000226398', 'lENSG00000226442', 'lENSG00000226454', 'lENSG00000226486', 'lENSG00000226508', 'lENSG00000226542', 'lENSG00000226562', 'lENSG00000226566', 'lENSG00000226576', 'lENSG00000226601', 'lENSG00000226647', 'lENSG00000226883', 'lENSG00000226956', 'lENSG00000226957', 'lENSG00000227075', 'lENSG00000227076', 'lENSG00000227125', 'lENSG00000227131', 'lENSG00000227181', 'lENSG00000227197', 'lENSG00000227330', 'lENSG00000227360', 'lENSG00000227409', 'lENSG00000227459', 'lENSG00000227482', 'lENSG00000227496', 'lENSG00000227509', 'lENSG00000227512', 'lENSG00000227549', 'lENSG00000227579', 'lENSG00000227606', 'lENSG00000227611', 'lENSG00000227680', 'lENSG00000227718', 'lENSG00000227769', 'lENSG00000227863', 'lENSG00000227893', 'lENSG00000227930', 'lENSG00000227958', 'lENSG00000228082', 'lENSG00000228108', 'lENSG00000228136', 'lENSG00000228170', 'lENSG00000228215', 'lENSG00000228231', 'lENSG00000228261', 'lENSG00000228351', 'lENSG00000228372', 'lENSG00000228383', 'lENSG00000228470', 'lENSG00000228548', 'lENSG00000228596', 'lENSG00000228627', 'lENSG00000228804', 'lENSG00000228852', 'lENSG00000228939', 'lENSG00000228950', 'lENSG00000229152', 'lENSG00000229162', 'lENSG00000229190', 'lENSG00000229224', 'lENSG00000229283', 'lENSG00000229297', 'lENSG00000229331', 'lENSG00000229345', 'lENSG00000229370', 'lENSG00000229379', 'lENSG00000229444', 'lENSG00000229457', 'lENSG00000229487', 'lENSG00000229498', 'lENSG00000229502', 'lENSG00000229528', 'lENSG00000229531', 'lENSG00000229673', 'lENSG00000229688', 'lENSG00000229848', 'lENSG00000229851', 'lENSG00000229999', 'lENSG00000230010', 'lENSG00000230065', 'lENSG00000230105', 'lENSG00000230121', 'lENSG00000230131', 'lENSG00000230153', 'lENSG00000230155', 'lENSG00000230190', 'lENSG00000230197', 'lENSG00000230212', 'lENSG00000230233', 'lENSG00000230234', 'lENSG00000230432', 'lENSG00000230483', 'lENSG00000230599', 'lENSG00000230668', 'lENSG00000230735', 'lENSG00000230741', 'lENSG00000230759', 'lENSG00000230790', 'lENSG00000230794', 'lENSG00000230826', 'lENSG00000230912', 'lENSG00000230918', 'lENSG00000230972', 'lENSG00000231082', 'lENSG00000231092', 'lENSG00000231114', 'lENSG00000231143', 'lENSG00000231253', 'lENSG00000231272', 'lENSG00000231413', 'lENSG00000231440', 'lENSG00000231492', 'lENSG00000231496', 'lENSG00000231539', 'lENSG00000231597', 'lENSG00000231678', 'lENSG00000231681', 'lENSG00000231724', 'lENSG00000231760', 'lENSG00000231772', 'lENSG00000231912', 'lENSG00000231914', 'lENSG00000231953', 'lENSG00000231964', 'lENSG00000232031', 'lENSG00000232058', 'lENSG00000232072', 'lENSG00000232120', 'lENSG00000232192', 'lENSG00000232197', 'lENSG00000232252', 'lENSG00000232286', 'lENSG00000232310', 'lENSG00000232328', 'lENSG00000232335', 'lENSG00000232359', 'lENSG00000232363', 'lENSG00000232396', 'lENSG00000232451', 'lENSG00000232465', 'lENSG00000232564', 'lENSG00000232596', 'lENSG00000232604', 'lENSG00000232710', 'lENSG00000232746', 'lENSG00000232806', 'lENSG00000232893', 'lENSG00000232895', 'lENSG00000232939', 'lENSG00000232964', 'lENSG00000233070', 'lENSG00000233079', 'lENSG00000233178', 'lENSG00000233179', 'lENSG00000233219', 'lENSG00000233222', 'lENSG00000233330', 'lENSG00000233339', 'lENSG00000233407', 'lENSG00000233472', 'lENSG00000233479', 'lENSG00000233534', 'lENSG00000233574', 'lENSG00000233581', 'lENSG00000233625', 'lENSG00000233656', 'lENSG00000233689', 'lENSG00000233706', 'lENSG00000233891', 'lENSG00000233953', 'lENSG00000233960', 'lENSG00000233969', 'lENSG00000234021', 'lENSG00000234055', 'lENSG00000234117', 'lENSG00000234160', 'lENSG00000234172', 'lENSG00000234191', 'lENSG00000234318', 'lENSG00000234567', 'lENSG00000234622', 'lENSG00000234653', 'lENSG00000234690', 'lENSG00000234693', 'lENSG00000234714', 'lENSG00000234860', 'lENSG00000234953', 'lENSG00000234961', 'lENSG00000234979', 'lENSG00000235011', 'lENSG00000235035', 'lENSG00000235059', 'lENSG00000235086', 'lENSG00000235122', 'lENSG00000235168', 'lENSG00000235262', 'lENSG00000235435', 'lENSG00000235503', 'lENSG00000235533', 'lENSG00000235628', 'lENSG00000235635', 'lENSG00000235637', 'lENSG00000235669', 'lENSG00000235786', 'lENSG00000236022', 'lENSG00000236031', 'lENSG00000236065', 'lENSG00000236109', 'lENSG00000236242', 'lENSG00000236267', 'lENSG00000236324', 'lENSG00000236326', 'lENSG00000236358', 'lENSG00000236366', 'lENSG00000236414', 'lENSG00000236452', 'lENSG00000236498', 'lENSG00000236559', 'lENSG00000236648', 'lENSG00000236662', 'lENSG00000236758', 'lENSG00000236800', 'lENSG00000236828', 'lENSG00000236854', 'lENSG00000236921', 'lENSG00000236951', 'lENSG00000236953', 'lENSG00000237015', 'lENSG00000237058', 'lENSG00000237073', 'lENSG00000237200', 'lENSG00000237293', 'lENSG00000237312', 'lENSG00000237324', 'lENSG00000237331', 'lENSG00000237337', 'lENSG00000237373', 'lENSG00000237435', 'lENSG00000237463', 'lENSG00000237477', 'lENSG00000237481', 'lENSG00000237494', 'lENSG00000237520', 'lENSG00000237571', 'lENSG00000237670', 'lENSG00000237687', 'lENSG00000237734', 'lENSG00000237756', 'lENSG00000237768', 'lENSG00000237802', 'lENSG00000237919', 'lENSG00000237921', 'lENSG00000237937', 'lENSG00000237993', 'lENSG00000238140', 'lENSG00000238185', 'lENSG00000238282', 'lENSG00000238291', 'lENSG00000239314', 'lENSG00000239415', 'lENSG00000239482', 'lENSG00000239593', 'lENSG00000240354', 'lENSG00000240573', 'lENSG00000240868', 'lENSG00000241383', 'lENSG00000241397', 'lENSG00000241577', 'lENSG00000241593', 'lENSG00000241666', 'lENSG00000241985', 'lENSG00000242012', 'lENSG00000242072', 'lENSG00000242339', 'lENSG00000242391', 'lENSG00000242545', 'lENSG00000242568', 'lENSG00000242618', 'lENSG00000242795', 'lENSG00000242861', 'lENSG00000243149', 'lENSG00000243230', 'lENSG00000243273', 'lENSG00000243797', 'lENSG00000243903', 'lENSG00000243961', 'lENSG00000244278', 'lENSG00000244327', 'lENSG00000244461', 'lENSG00000244701', 'lENSG00000245148', 'lENSG00000245385', 'lENSG00000246541', 'lENSG00000247867', 'lENSG00000247925', 'lENSG00000248125', 'lENSG00000248148', 'lENSG00000248172', 'lENSG00000248245', 'lENSG00000248358', 'lENSG00000248393', 'lENSG00000248397', 'lENSG00000248416', 'lENSG00000248457', 'lENSG00000248482', 'lENSG00000248576', 'lENSG00000248599', 'lENSG00000248627', 'lENSG00000248758', 'lENSG00000248789', 'lENSG00000248802', 'lENSG00000248925', 'lENSG00000248935', 'lENSG00000248969', 'lENSG00000248984', 'lENSG00000248995', 'lENSG00000249066', 'lENSG00000249071', 'lENSG00000249099', 'lENSG00000249111', 'lENSG00000249114', 'lENSG00000249297', 'lENSG00000249334', 'lENSG00000249382', 'lENSG00000249409', 'lENSG00000249419', 'lENSG00000249426', 'lENSG00000249441', 'lENSG00000249451', 'lENSG00000249474', 'lENSG00000249547', 'lENSG00000249605', 'lENSG00000249613', 'lENSG00000249697', 'lENSG00000249706', 'lENSG00000249742', 'lENSG00000249753', 'lENSG00000249782', 'lENSG00000249806', 'lENSG00000249830', 'lENSG00000249865', 'lENSG00000249892', 'lENSG00000250062', 'lENSG00000250092', 'lENSG00000250186', 'lENSG00000250195', 'lENSG00000250242', 'lENSG00000250524', 'lENSG00000250541', 'lENSG00000250626', 'lENSG00000250629', 'lENSG00000250646', 'lENSG00000250657', 'lENSG00000250665', 'lENSG00000250698', 'lENSG00000250761', 'lENSG00000250791', 'lENSG00000250820', 'lENSG00000250855', 'lENSG00000250866', 'lENSG00000250877', 'lENSG00000250910', 'lENSG00000250917', 'lENSG00000250929', 'lENSG00000250945', 'lENSG00000250949', 'lENSG00000250950', 'lENSG00000250955', 'lENSG00000250993', 'lENSG00000251059', 'lENSG00000251072', 'lENSG00000251088', 'lENSG00000251185', 'lENSG00000251194', 'lENSG00000251256', 'lENSG00000251266', 'lENSG00000251281', 'lENSG00000251283', 'lENSG00000251412', 'lENSG00000251414', 'lENSG00000251438', 'lENSG00000251688', 'lENSG00000253134', 'lENSG00000253142', 'lENSG00000253147', 'lENSG00000253167', 'lENSG00000253171', 'lENSG00000253189', 'lENSG00000253282', 'lENSG00000253356', 'lENSG00000253397', 'lENSG00000253449', 'lENSG00000253456', 'lENSG00000253503', 'lENSG00000253507', 'lENSG00000253526', 'lENSG00000253530', 'lENSG00000253539', 'lENSG00000253577', 'lENSG00000253616', 'lENSG00000253619', 'lENSG00000253627', 'lENSG00000253643', 'lENSG00000253645', 'lENSG00000253660', 'lENSG00000253665', 'lENSG00000253717', 'lENSG00000253722', 'lENSG00000253754', 'lENSG00000253782', 'lENSG00000253834', 'lENSG00000253851', 'lENSG00000253858', 'lENSG00000253871', 'lENSG00000253875', 'lENSG00000253880', 'lENSG00000253927', 'lENSG00000253947', 'lENSG00000253976', 'lENSG00000254011', 'lENSG00000254021', 'lENSG00000254026', 'lENSG00000254031', 'lENSG00000254033', 'lENSG00000254035', 'lENSG00000254043', 'lENSG00000254084', 'lENSG00000254094', 'lENSG00000254123', 'lENSG00000254141', 'lENSG00000254171', 'lENSG00000254177', 'lENSG00000254207', 'lENSG00000254239', 'lENSG00000254242', 'lENSG00000254263', 'lENSG00000254314', 'lENSG00000254325', 'lENSG00000254330', 'lENSG00000254347', 'lENSG00000254350', 'lENSG00000254380', 'lENSG00000254428', 'lENSG00000254429', 'lENSG00000254456', 'lENSG00000254526', 'lENSG00000254559', 'lENSG00000254563', 'lENSG00000254574', 'lENSG00000254592', 'lENSG00000254604', 'lENSG00000254620', 'lENSG00000254626', 'lENSG00000254627', 'lENSG00000254739', 'lENSG00000254775', 'lENSG00000254829', 'lENSG00000254842', 'lENSG00000254846', 'lENSG00000254847', 'lENSG00000254879', 'lENSG00000254913', 'lENSG00000254921', 'lENSG00000254928', 'lENSG00000254930', 'lENSG00000254972', 'lENSG00000254983', 'lENSG00000254990', 'lENSG00000255027', 'lENSG00000255041', 'lENSG00000255084', 'lENSG00000255114', 'lENSG00000255121', 'lENSG00000255159', 'lENSG00000255167', 'lENSG00000255227', 'lENSG00000255241', 'lENSG00000255252', 'lENSG00000255271', 'lENSG00000255300', 'lENSG00000255327', 'lENSG00000255343', 'lENSG00000255357', 'lENSG00000255366', 'lENSG00000255388', 'lENSG00000255390', 'lENSG00000255443', 'lENSG00000255462', 'lENSG00000255478', 'lENSG00000255487', 'lENSG00000255496', 'lENSG00000255498', 'lENSG00000255506', 'lENSG00000255523', 'lENSG00000255528', 'lENSG00000255539', 'lENSG00000255555', 'lENSG00000255565', 'lENSG00000255572', 'lENSG00000255580', 'lENSG00000255839', 'lENSG00000255893', 'lENSG00000255949', 'lENSG00000256071', 'lENSG00000256072', 'lENSG00000256083', 'lENSG00000256209', 'lENSG00000256226', 'lENSG00000256234', 'lENSG00000256292', 'lENSG00000256314', 'lENSG00000256364', 'lENSG00000256482', 'lENSG00000256568', 'lENSG00000256582', 'lENSG00000256670', 'lENSG00000256733', 'lENSG00000256897', 'lENSG00000256972', 'lENSG00000257004', 'lENSG00000257022', 'lENSG00000257096', 'lENSG00000257105', 'lENSG00000257137', 'lENSG00000257165', 'lENSG00000257235', 'lENSG00000257261', 'lENSG00000257264', 'lENSG00000257265', 'lENSG00000257271', 'lENSG00000257275', 'lENSG00000257342', 'lENSG00000257381', 'lENSG00000257407', 'lENSG00000257470', 'lENSG00000257494', 'lENSG00000257514', 'lENSG00000257527', 'lENSG00000257541', 'lENSG00000257587', 'lENSG00000257634', 'lENSG00000257653', 'lENSG00000257682', 'lENSG00000257732', 'lENSG00000257750', 'lENSG00000257787', 'lENSG00000257860', 'lENSG00000257904', 'lENSG00000257997', 'lENSG00000258007', 'lENSG00000258044', 'lENSG00000258084', 'lENSG00000258108', 'lENSG00000258167', 'lENSG00000258185', 'lENSG00000258210', 'lENSG00000258220', 'lENSG00000258234', 'lENSG00000258272', 'lENSG00000258292', 'lENSG00000258308', 'lENSG00000258313', 'lENSG00000258323', 'lENSG00000258331', 'lENSG00000258378', 'lENSG00000258379', 'lENSG00000258390', 'lENSG00000258425', 'lENSG00000258451', 'lENSG00000258460', 'lENSG00000258515', 'lENSG00000258520', 'lENSG00000258610', 'lENSG00000258657', 'lENSG00000258670', 'lENSG00000258690', 'lENSG00000258742', 'lENSG00000258745', 'lENSG00000258784', 'lENSG00000258800', 'lENSG00000258826', 'lENSG00000258850', 'lENSG00000258869', 'lENSG00000258892', 'lENSG00000258908', 'lENSG00000258944', 'lENSG00000258958', 'lENSG00000259007', 'lENSG00000259026', 'lENSG00000259187', 'lENSG00000259188', 'lENSG00000259194', 'lENSG00000259202', 'lENSG00000259211', 'lENSG00000259223', 'lENSG00000259250', 'lENSG00000259256', 'lENSG00000259265', 'lENSG00000259268', 'lENSG00000259290', 'lENSG00000259307', 'lENSG00000259342', 'lENSG00000259351', 'lENSG00000259385', 'lENSG00000259432', 'lENSG00000259503', 'lENSG00000259532', 'lENSG00000259595', 'lENSG00000259631', 'lENSG00000259636', 'lENSG00000259649', 'lENSG00000259659', 'lENSG00000259678', 'lENSG00000259757', 'lENSG00000259759', 'lENSG00000259767', 'lENSG00000259798', 'lENSG00000259805', 'lENSG00000259935', 'lENSG00000259945', 'lENSG00000259967', 'lENSG00000260003', 'lENSG00000260017', 'lENSG00000260022', 'lENSG00000260058', 'lENSG00000260158', 'lENSG00000260186', 'lENSG00000260190', 'lENSG00000260237', 'lENSG00000260246', 'lENSG00000260304', 'lENSG00000260454', 'lENSG00000260476', 'lENSG00000260586', 'lENSG00000260605', 'lENSG00000260720', 'lENSG00000260741', 'lENSG00000260773', 'lENSG00000260798', 'lENSG00000260814', 'lENSG00000260884', 'lENSG00000260911', 'lENSG00000260934', 'lENSG00000260970', 'lENSG00000260986', 'lENSG00000261014', 'lENSG00000261036', 'lENSG00000261065', 'lENSG00000261066', 'lENSG00000261070', 'lENSG00000261248', 'lENSG00000261261', 'lENSG00000261266', 'lENSG00000261307', 'lENSG00000261332', 'lENSG00000261379', 'lENSG00000261432', 'lENSG00000261507', 'lENSG00000261552', 'lENSG00000261569', 'lENSG00000261633', 'lENSG00000261663', 'lENSG00000261671', 'lENSG00000261695', 'lENSG00000261697', 'lENSG00000261723', 'lENSG00000261729', 'lENSG00000261731', 'lENSG00000261761', 'lENSG00000261838', 'lENSG00000261864', 'lENSG00000262151', 'lENSG00000262298', 'lENSG00000262434', 'lENSG00000262533', 'lENSG00000262652', 'lENSG00000262692', 'lENSG00000262777', 'lENSG00000262810', 'lENSG00000262815', 'lENSG00000263080', 'lENSG00000263237', 'lENSG00000263257', 'lENSG00000263321', 'lENSG00000263335', 'lENSG00000263417', 'lENSG00000263585', 'lENSG00000263618', 'lENSG00000263684', 'lENSG00000263709', 'lENSG00000263765', 'lENSG00000263797', 'lENSG00000263873', 'lENSG00000263952', 'lENSG00000263982', 'lENSG00000263986', 'lENSG00000264016', 'lENSG00000264023', 'lENSG00000264066', 'lENSG00000264107', 'lENSG00000264116', 'lENSG00000264151', 'lENSG00000264254', 'lENSG00000264269', 'lENSG00000264486', 'lENSG00000264513', 'lENSG00000264520', 'lENSG00000264546', 'lENSG00000264558', 'lENSG00000264577', 'lENSG00000264595', 'lENSG00000264622', 'lENSG00000264734', 'lENSG00000264769', 'lENSG00000264825', 'lENSG00000265125', 'lENSG00000265168', 'lENSG00000265205', 'lENSG00000265265', 'lENSG00000265334', 'lENSG00000265359', 'lENSG00000265400', 'lENSG00000265443', 'lENSG00000265474', 'lENSG00000265554', 'lENSG00000265625', 'lENSG00000265643', 'lENSG00000265728', 'lENSG00000265739', 'lENSG00000265743', 'lENSG00000265791', 'lENSG00000265800', 'lENSG00000265840', 'lENSG00000265844', 'lENSG00000265845', 'lENSG00000265980', 'lENSG00000265987', 'lENSG00000265994', 'lENSG00000266102', 'lENSG00000266311', 'lENSG00000266341', 'lENSG00000266368', 'lENSG00000266397', 'lENSG00000266535', 'lENSG00000266538', 'lENSG00000266541', 'lENSG00000266651', 'lENSG00000266696', 'lENSG00000266801', 'lENSG00000266839', 'lENSG00000266844', 'lENSG00000266877', 'lENSG00000266936', 'lENSG00000266981', 'lENSG00000266985', 'lENSG00000266993', 'lENSG00000267000', 'lENSG00000267028', 'lENSG00000267057', 'lENSG00000267177', 'lENSG00000267225', 'lENSG00000267234', 'lENSG00000267255', 'lENSG00000267263', 'lENSG00000267274', 'lENSG00000267286', 'lENSG00000267320', 'lENSG00000267354', 'lENSG00000267364', 'lENSG00000267378', 'lENSG00000267387', 'lENSG00000267436', 'lENSG00000267437', 'lENSG00000267501', 'lENSG00000267510', 'lENSG00000267583', 'lENSG00000267593', 'lENSG00000267617', 'lENSG00000267633', 'lENSG00000267638', 'lENSG00000267665', 'lENSG00000267711', 'lENSG00000267791', 'lENSG00000267838', 'lENSG00000267922', 'lENSG00000267980', 'lENSG00000268015', 'lENSG00000268051', 'lENSG00000268069', 'lENSG00000268191', 'lENSG00000268240', 'lENSG00000268289', 'lENSG00000268292', 'lENSG00000268296', 'lENSG00000268520', 'lENSG00000268605', 'lENSG00000268743', 'lENSG00000268798', 'lENSG00000268833', 'lENSG00000268906', 'lENSG00000268912', 'lENSG00000268981', 'lENSG00000269085', 'lENSG00000269191', 'lENSG00000269292', 'lENSG00000269321', 'lENSG00000269350', 'lENSG00000269495', 'lENSG00000269504', 'lENSG00000269578', 'lENSG00000269621', 'lENSG00000269656', 'lENSG00000269729', 'lENSG00000269802', 'lENSG00000269826', 'lENSG00000269843', 'lENSG00000269867', 'lENSG00000269901', 'lENSG00000269950', 'lENSG00000269987', 'lENSG00000270082', 'lENSG00000270094', 'lENSG00000270108', 'lENSG00000270380', 'lENSG00000270726', 'lENSG00000270871', 'lENSG00000270996', 'lENSG00000271032', 'lENSG00000271218', 'lENSG00000271314', 'lENSG00000271579', 'lENSG00000271717', 'lENSG00000271763', 'lENSG00000271787', 'lENSG00000271833', 'lENSG00000271901', 'lENSG00000271936', 'lENSG00000271945', 'lENSG00000271983', 'lENSG00000272027', 'lENSG00000272072', 'lENSG00000272149', 'lENSG00000272159', 'lENSG00000272510', 'lENSG00000272540', 'lENSG00000272575', 'lENSG00000272642', 'lENSG00000272661', 'lENSG00000272742', 'lENSG00000272810', 'lENSG00000272814', 'lENSG00000272866', 'lENSG00000272995', 'lENSG00000273035', 'lENSG00000273110', 'lENSG00000273198', 'lENSG00000273226', 'lENSG00000273257', 'lENSG00000273271', 'lENSG00000273275', 'lENSG00000273360', 'lENSG00000273449', 'lENSG00000273461', 'lENSG00000273485', 'lENSG00000273493', 'lENSG00000273550', 'lENSG00000273568', 'lENSG00000273838', 'lENSG00000273877', 'lENSG00000274177', 'lENSG00000274227', 'lENSG00000274561', 'lENSG00000274624', 'lENSG00000274678', 'lENSG00000274737', 'lENSG00000274893', 'lENSG00000275173', 'lENSG00000275345', 'lENSG00000275356', 'lENSG00000275401', 'lENSG00000275484', 'lENSG00000275576', 'lENSG00000275638', 'lENSG00000275871', 'lENSG00000275963', 'lENSG00000276054', 'lENSG00000276107', 'lENSG00000276266', 'lENSG00000276488', 'lENSG00000276527', 'lENSG00000276533', 'lENSG00000276668', 'lENSG00000276997', 'lENSG00000277173', 'lENSG00000277332', 'lENSG00000277639', 'lENSG00000277675', 'lENSG00000278000', 'lENSG00000278013', 'lENSG00000278202', 'lENSG00000278351', 'lENSG00000278630', 'lENSG00000278766', 'lENSG00000278944', 'lENSG00000279088', 'lENSG00000279240', 'lENSG00000279484', 'lENSG00000279501', 'lENSG00000279623', 'lENSG00000279751', 'lENSG00000280224', 'lENSG00000280455', 'lENSG00000280580', 'lENSG00000280703', 'lENSG00000280870', 'lENSG00000280881', 'lENSG00000281831', 'lENSG00000282828', 'lENSG00000282950', 'lENSG00000283083', 'lENSG00000283286', 'lENSG00000283347', 'lENSG00000283375', 'lENSG00000283436', 'lENSG00000283457', 'lENSG00000283573', 'lENSG00000283631', 'lENSG00000283766', 'lENSG00000283973', 'lENSG00000284376', 'lENSG00000284418', 'lENSG00000284500', 'lENSG00000284513', 'lENSG00000284608', 'lENSG00000284699', 'lENSG00000284846', 'lENSG00000284994', 'lENSG00000285012', 'lENSG00000285040', 'lENSG00000285117', 'lENSG00000285325', 'lENSG00000285354', 'lENSG00000285409', 'lENSG00000285473', 'lENSG00000285518', 'lENSG00000285524', 'lENSG00000285550', 'lENSG00000285551', 'lENSG00000285619', 'lENSG00000285621', 'lENSG00000285699', 'lENSG00000285709', 'lENSG00000285780', 'lENSG00000285857', 'lENSG00000285861', 'lENSG00000285889', 'lENSG00000285954', 'lENSG00000285998', 'lENSG00000286002', 'lENSG00000286010', 'lENSG00000286018', 'lENSG00000286020', 'lENSG00000286050', 'lENSG00000286076', 'lENSG00000286089', 'lENSG00000286093', 'lENSG00000286101', 'lENSG00000286168', 'lENSG00000286188', 'lENSG00000286197', 'lENSG00000286206', 'lENSG00000286242', 'lENSG00000286244', 'lENSG00000286276', 'lENSG00000286303', 'lENSG00000286331', 'lENSG00000286333', 'lENSG00000286338', 'lENSG00000286357', 'lENSG00000286419', 'lENSG00000286430', 'lENSG00000286436', 'lENSG00000286441', 'lENSG00000286453', 'lENSG00000286461', 'lENSG00000286474', 'lENSG00000286515', 'lENSG00000286565', 'lENSG00000286578', 'lENSG00000286581', 'lENSG00000286584', 'lENSG00000286588', 'lENSG00000286598', 'lENSG00000286617', 'lENSG00000286639', 'lENSG00000286645', 'lENSG00000286670', 'lENSG00000286690', 'lENSG00000286698', 'lENSG00000286715', 'lENSG00000286716', 'lENSG00000286722', 'lENSG00000286735', 'lENSG00000286738', 'lENSG00000286740', 'lENSG00000286751', 'lENSG00000286759', 'lENSG00000286767', 'lENSG00000286770', 'lENSG00000286776', 'lENSG00000286781', 'lENSG00000286795', 'lENSG00000286803', 'lENSG00000286820', 'lENSG00000286822', 'lENSG00000286838', 'lENSG00000286843', 'lENSG00000286850', 'lENSG00000286887', 'lENSG00000286963', 'lENSG00000287005', 'lENSG00000287006', 'lENSG00000287020', 'lENSG00000287028', 'lENSG00000287030', 'lENSG00000287066', 'lENSG00000287107', 'lENSG00000287108', 'lENSG00000287128', 'lENSG00000287155', 'lENSG00000287159', 'lENSG00000287191', 'lENSG00000287198', 'lENSG00000287202', 'lENSG00000287236', 'lENSG00000287321', 'lENSG00000287335', 'lENSG00000287358', 'lENSG00000287366', 'lENSG00000287367', 'lENSG00000287423', 'lENSG00000287441', 'lENSG00000287451', 'lENSG00000287456', 'lENSG00000287462', 'lENSG00000287501', 'lENSG00000287511', 'lENSG00000287517', 'lENSG00000287518', 'lENSG00000287545', 'lENSG00000287550', 'lENSG00000287551', 'lENSG00000287556', 'lENSG00000287587', 'lENSG00000287618', 'lENSG00000287660', 'lENSG00000287664', 'lENSG00000287684', 'lENSG00000287687', 'lENSG00000287691', 'lENSG00000287704', 'lENSG00000211683', 'lENSG00000214955', 'lENSG00000223379', 'lENSG00000223795', 'lENSG00000224884', 'lENSG00000225393', 'lENSG00000225836', 'lENSG00000228255', 'lENSG00000228538', 'lENSG00000229454', 'lENSG00000229458', 'lENSG00000229628', 'lENSG00000229964', 'lENSG00000230600', 'lENSG00000230649', 'lENSG00000231616', 'lENSG00000232056', 'lENSG00000232636', 'lENSG00000233200', 'lENSG00000233987', 'lENSG00000234810', 'lENSG00000234998', 'lENSG00000235337', 'lENSG00000235795', 'lENSG00000236453', 'lENSG00000239801', 'lENSG00000241792', 'lENSG00000242375', 'lENSG00000244620', 'lENSG00000247810', 'lENSG00000248359', 'lENSG00000248991', 'lENSG00000249159', 'lENSG00000250481', 'lENSG00000250567', 'lENSG00000250670', 'lENSG00000250686', 'lENSG00000250777', 'lENSG00000250948', 'lENSG00000251506', 'lENSG00000251654', 'lENSG00000253766', 'lENSG00000254306', 'lENSG00000254927', 'lENSG00000255279', 'lENSG00000255325', 'lENSG00000255644', 'lENSG00000256686', 'lENSG00000257603', 'lENSG00000257715', 'lENSG00000257962', 'lENSG00000258088', 'lENSG00000258196', 'lENSG00000258386', 'lENSG00000258949', 'lENSG00000259123', 'lENSG00000259209', 'lENSG00000259222', 'lENSG00000259255', 'lENSG00000259274', 'lENSG00000259306', 'lENSG00000260511', 'lENSG00000260983', 'lENSG00000261193', 'lENSG00000261445', 'lENSG00000261470', 'lENSG00000261775', 'lENSG00000264660', 'lENSG00000265174', 'lENSG00000266893', 'lENSG00000267081', 'lENSG00000267521', 'lENSG00000267581', 'lENSG00000269391', 'lENSG00000269460', 'lENSG00000272304', 'lENSG00000272369', 'lENSG00000273138', 'lENSG00000273403', 'lENSG00000273486', 'lENSG00000274902', 'lENSG00000275232', 'lENSG00000278514', 'lENSG00000279672', 'lENSG00000282887', 'lENSG00000226032', 'lENSG00000235736', 'lENSG00000251613', 'lENSG00000263316', 'lENSG00000258631', 'lENSG00000260141', 'lENSG00000279472', 'lENSG00000271870', 'lENSG00000272934', 'lENSG00000265556', 'lENSG00000271840', 'lENSG00000253701', 'lENSG00000281408', 'lENSG00000268166', 'lALG13-AS1', 'lDGUOK-AS1', 'lDSCR8', 'lMIR145', 'lMIR24-2', 'lMIR3179-2', 'lMIR3654', 'lACA64', 'lCDKN2B-AS', 'lC3orf65']","[1.0, 0.0, 0.0, 1.0, 0.0, 0.0, 1.0, 1.0, 1.0, 0.0, 1.0, 1.0, 0.0, 1.0, 0.0, 1.0, 1.0, 0.0, 1.0, 1.0, 0.0, 1.0, 0.0, 1.0, 0.0, 0.0, 0.0, 1.0, 1.0, 0.0, 1.0, 0.0, 0.0, 0.0, 1.0, 1.0, 1.0, 1.0, 0.0, 0.0, 0.0, 1.0, 1.0, 0.0, 1.0, 1.0, 1.0, 1.0, 1.0, 1.0, 1.0, 1.0, 1.0, 0.0, 1.0, 0.0, 1.0, 0.0, 0.0, 1.0, 1.0, 0.0, 0.0, 1.0, 1.0, 0.0, 1.0, 0.0, 1.0, 0.0, 1.0, 0.0, 0.0, 1.0, 0.0, 1.0, 1.0, 0.0, 0.0, 0.0, 1.0, 0.0, 1.0, 0.0, 0.0, 0.0, 0.0, 0.0, 1.0, 1.0, 0.0, 1.0, 1.0, 0.0, 1.0, 0.0, 0.0, 1.0, 1.0, 0.0, 0.0, 0.0, 1.0, 0.0, 1.0, 1.0, 0.0, 0.0, 1.0, 0.0, 1.0, 0.0, 0.0, 0.0, 1.0, 0.0, 0.0, 1.0, 1.0, 0.0, 1.0, 0.0, 1.0, 1.0, 1.0, 1.0, 0.0, 1.0, 0.0, 1.0, 1.0, 1.0, 1.0, 1.0, 0.0, 1.0, 0.0, 1.0, 0.0, 0.0, 0.0, 1.0, 1.0, 0.0, 0.0, 0.0, 1.0, 0.0, 0.0, 1.0, 0.0, 0.0, 1.0, 1.0, 0.0, 0.0, 1.0, 1.0, 0.0, 0.0, 1.0, 1.0, 1.0, 0.0, 1.0, 0.0, 1.0, 0.0, 1.0, 1.0, 1.0, 0.0, 1.0, 1.0, 0.0, 0.0, 1.0, 0.0, 1.0, 1.0, 1.0, 1.0, 0.0, 0.0, 0.0, 0.0, 0.0, 0.0, 1.0, 1.0, 1.0, 0.0, 1.0, 0.0, 1.0, 0.0, 1.0, 1.0, 1.0, 1.0, 0.0, 0.0, 1.0, 0.0, 0.0, 0.0, 1.0, 1.0, 1.0, 1.0, 0.0, 0.0, 1.0, 1.0, 1.0, 0.0, 1.0, 1.0, 0.0, 1.0, 1.0, 0.0, 0.0, 0.0, 0.0, 1.0, 1.0, 1.0, 1.0, 0.0, 0.0, 1.0, 1.0, 0.0, 0.0, 1.0, 1.0, 1.0, 1.0, 0.0, 0.0, 1.0, 1.0, 0.0, 1.0, 0.0, 0.0, 1.0, 1.0, 1.0, 0.0, 0.0, 1.0, 1.0, 1.0, 1.0, 0.0, 1.0, 1.0, 0.0, 0.0, 0.0, 0.0, 0.0, 1.0, 1.0, 0.0, 1.0, 0.0, 0.0, 1.0, 0.0, 0.0, 0.0, 1.0, 0.0, 0.0, 0.0, 1.0, 1.0, 1.0, 0.0, 0.0, 1.0, 1.0, 0.0, 1.0, 0.0, 1.0, 0.0, 0.0, 1.0, 0.0, 0.0, 0.0, 1.0, 1.0, 1.0, 0.0, 1.0, 0.0, 0.0, 1.0, 0.0, 0.0, 0.0, 1.0, 1.0, 0.0, 1.0, 0.0, 1.0, 1.0, 0.0, 1.0, 0.0, 1.0, 1.0, 1.0, 0.0, 0.0, 0.0, 0.0, 1.0, 1.0, 0.0, 0.0, 1.0, 0.0, 0.0, 0.0, 1.0, 0.0, 1.0, 0.0, 0.0, 0.0, 1.0, 0.0, 1.0, 0.0, 1.0, 1.0, 1.0, 1.0, 1.0, 0.0, 1.0, 0.0, 0.0, 0.0, 0.0, 1.0, 1.0, 0.0, 1.0, 0.0, 0.0, 0.0, 0.0, 1.0, 1.0, 0.0, 0.0, 1.0, 1.0, 0.0, 0.0, 1.0, 1.0, 1.0, 0.0, 0.0, 1.0, 1.0, 1.0, 1.0, 0.0, 0.0, 0.0, 0.0, 1.0, 1.0, 0.0, 0.0, 1.0, 0.0, 1.0, 0.0, 0.0, 0.0, 0.0, 1.0, 0.0, 1.0, 1.0, 0.0, 1.0, 0.0, 1.0, 1.0, 0.0, 1.0, 1.0, 0.0, 1.0, 0.0, 0.0, 0.0, 1.0, 1.0, 1.0, 0.0, 1.0, 0.0, 1.0, 1.0, 1.0, 0.0, 1.0, 0.0, 0.0, 0.0, 1.0, 1.0, 0.0, 1.0, 0.0, 1.0, 0.0, 0.0, 1.0, 0.0, 0.0, 1.0, 1.0, 0.0, 1.0, 0.0, 1.0, 1.0, 0.0, 0.0, 0.0, 1.0, 0.0, 1.0, 1.0, 1.0, 1.0, 1.0, 0.0, 0.0, 1.0, 0.0, 0.0, 0.0, 1.0, 1.0, 0.0, 1.0, 1.0, 0.0, 1.0, 1.0, 1.0, 1.0, 0.0, 1.0, 0.0, 0.0, 0.0, 1.0, 1.0, 0.0, 1.0, 1.0, 1.0, 0.0, 0.0, 1.0, 1.0, 0.0, 0.0, 1.0, 0.0, 0.0, 0.0, 1.0, 0.0, 1.0, 0.0, 0.0, 0.0, 0.0, 0.0, 1.0, 0.0, 1.0, 0.0, 1.0, 1.0, 0.0, 1.0, 1.0, 0.0, 0.0, 1.0, 0.0, 1.0, 1.0, 0.0, 1.0, 0.0, 0.0, 1.0, 0.0, 1.0, 0.0, 1.0, 1.0, 1.0, 0.0, 0.0, 1.0, 1.0, 1.0, 1.0, 0.0, 1.0, 0.0, 0.0, 0.0, 0.0, 0.0, 0.0, 0.0, 0.0, 0.0, 1.0, 0.0, 0.0, 0.0, 1.0, 1.0, 0.0, 1.0, 0.0, 1.0, 1.0, 0.0, 0.0, 0.0, 0.0, 0.0, 1.0, 0.0, 0.0, 0.0, 1.0, 1.0, 1.0, 1.0, 1.0, 0.0, 1.0, 0.0, 0.0, 1.0, 0.0, 0.0, 1.0, 0.0, 1.0, 0.0, 1.0, 0.0, 0.0, 0.0, 0.0, 1.0, 1.0, 0.0, 0.0, 0.0, 0.0, 0.0, 1.0, 0.0, 0.0, 1.0, 0.0, 1.0, 1.0, 0.0, 1.0, 1.0, 0.0, 1.0, 0.0, 0.0, 0.0, 1.0, 0.0, 0.0, 0.0, 0.0, 0.0, 0.0, 0.0, 0.0, 1.0, 1.0, 1.0, 0.0, 0.0, 0.0, 1.0, 1.0, 1.0, 1.0, 0.0, 0.0, 1.0, 1.0, 1.0, 1.0, 1.0, 1.0, 0.0, 1.0, 0.0, 0.0, 0.0, 1.0, 0.0, 0.0, 1.0, 1.0, 1.0, 0.0, 1.0, 1.0, 0.0, 0.0, 0.0, 1.0, 0.0, 1.0, 1.0, 0.0, 0.0, 0.0, 0.0, 1.0, 1.0, 0.0, 0.0, 0.0, 1.0, 1.0, 1.0, 1.0, 0.0, 0.0, 1.0, 1.0, 1.0, 0.0, 0.0, 1.0, 0.0, 0.0, 0.0, 1.0, 0.0, 0.0, 0.0, 1.0, 0.0, 0.0, 1.0, 0.0, 0.0, 0.0, 0.0, 0.0, 0.0, 0.0, 0.0, 1.0, 1.0, 1.0, 1.0, 1.0, 1.0, 1.0, 0.0, 0.0, 1.0, 1.0, 0.0, 0.0, 1.0, 1.0, 1.0, 1.0, 0.0, 0.0, 1.0, 1.0, 0.0, 0.0, 1.0, 0.0, 1.0, 1.0, 1.0, 1.0, 1.0, 0.0, 1.0, 1.0, 0.0, 0.0, 1.0, 1.0, 1.0, 0.0, 1.0, 0.0, 1.0, 0.0, 0.0, 0.0, 1.0, 1.0, 0.0, 0.0, 1.0, 1.0, 0.0, 1.0, 1.0, 1.0, 1.0, 1.0, 1.0, 1.0, 0.0, 0.0, 1.0, 0.0, 1.0, 0.0, 1.0, 1.0, 1.0, 1.0, 0.0, 0.0, 0.0, 1.0, 0.0, 1.0, 0.0, 0.0, 0.0, 0.0, 0.0, 0.0, 1.0, 1.0, 0.0, 1.0, 0.0, 0.0, 1.0, 0.0, 0.0, 1.0, 0.0, 0.0, 0.0, 0.0, 1.0, 0.0, 1.0, 0.0, 1.0, 1.0, 1.0, 1.0, 0.0, 1.0, 1.0, 1.0, 1.0, 0.0, 0.0, 1.0, 0.0, 0.0, 1.0, 1.0, 1.0, 0.0, 1.0, 0.0, 0.0, 1.0, 1.0, 0.0, 0.0, 1.0, 1.0, 0.0, 1.0, 0.0, 0.0, 0.0, 1.0, 0.0, 0.0, 0.0, 0.0, 0.0, 1.0, 1.0, 0.0, 1.0, 0.0, 0.0, 0.0, 1.0, 0.0, 0.0, 0.0, 0.0, 0.0, 0.0, 1.0, 0.0, 0.0, 0.0, 1.0, 0.0, 0.0, 1.0, 0.0, 0.0, 1.0, 0.0, 0.0, 1.0, 1.0, 0.0, 1.0, 1.0, 1.0, 0.0, 1.0, 1.0, 0.0, 1.0, 0.0, 0.0, 0.0, 1.0, 1.0, 1.0, 0.0, 1.0, 1.0, 1.0, 0.0, 0.0, 1.0, 0.0, 0.0, 0.0, 0.0, 1.0, 1.0, 1.0, 0.0, 1.0, 1.0, 1.0, 0.0, 0.0, 0.0, 0.0, 0.0, 0.0, 0.0, 0.0, 1.0, 0.0, 1.0, 1.0, 1.0, 0.0, 0.0, 1.0, 0.0, 1.0, 1.0, 0.0, 1.0, 0.0, 0.0, 0.0, 0.0, 1.0, 0.0, 1.0, 1.0, 1.0, 1.0, 0.0, 0.0, 1.0, 0.0, 0.0, 0.0, 0.0, 1.0, 0.0, 1.0, 1.0, 1.0, 1.0, 0.0, 0.0, 1.0, 0.0, 0.0, 1.0, 0.0, 0.0, 1.0, 0.0, 0.0, 1.0, 1.0, 0.0, 0.0, 1.0, 0.0, 1.0, 0.0, 1.0, 0.0, 0.0, 0.0, 0.0, 0.0, 0.0, 0.0, 0.0, 0.0, 1.0, 0.0, 0.0, 0.0, 1.0, 0.0, 0.0, 0.0, 1.0, 1.0, 1.0, 1.0, 1.0, 1.0, 1.0, 1.0, 1.0, 0.0, 1.0, 1.0, 1.0, 0.0, 0.0, 1.0, 1.0, 0.0, 0.0, 1.0, 0.0, 1.0, 0.0, 0.0, 0.0, 1.0, 0.0, 1.0, 1.0, 0.0, 0.0, 1.0, 0.0, 0.0, 0.0, 1.0, 0.0, 0.0, 1.0, 0.0, 0.0, 1.0, 0.0, 0.0, 0.0, 1.0, 0.0, 0.0, 0.0, 1.0, 0.0, 0.0, 1.0, 0.0, 1.0, 1.0, 1.0, 0.0, 1.0, 1.0, 0.0, 1.0, 0.0, 0.0, 0.0, 0.0, 0.0, 1.0, 1.0, 1.0, 1.0, 0.0, 1.0, 0.0, 1.0, 0.0, 1.0, 0.0, 0.0, 1.0, 0.0, 1.0, 0.0, 0.0, 0.0, 1.0, 1.0, 0.0, 1.0, 0.0, 1.0, 1.0, 0.0, 0.0, 1.0, 1.0, 1.0, 0.0, 0.0, 0.0, 1.0, 1.0, 0.0, 0.0, 1.0, 1.0, 0.0, 0.0, 1.0, 1.0, 1.0, 0.0, 1.0, 0.0, 0.0, 1.0, 1.0, 0.0, 1.0, 1.0, 0.0, 1.0, 0.0, 0.0, 0.0, 1.0, 0.0, 0.0, 0.0, 0.0, 1.0, 0.0, 1.0, 0.0, 0.0, 0.0, 0.0, 1.0, 1.0, 1.0, 0.0, 0.0, 0.0, 1.0, 1.0, 0.0, 1.0, 1.0, 0.0, 1.0, 0.0, 1.0, 1.0, 1.0, 0.0, 1.0, 1.0, 1.0, 0.0, 0.0, 0.0, 0.0, 1.0, 0.0, 0.0, 1.0, 0.0, 1.0, 1.0, 1.0, 1.0, 1.0, 0.0, 1.0, 1.0, 0.0, 1.0, 0.0, 0.0, 0.0, 0.0, 0.0, 1.0, 1.0, 1.0, 0.0, 1.0, 0.0, 1.0, 0.0, 0.0, 1.0, 1.0, 0.0, 1.0, 1.0, 1.0, 0.0, 1.0, 0.0, 0.0, 1.0, 1.0, 1.0, 1.0, 0.0, 0.0, 0.0, 0.0, 0.0, 1.0, 1.0, 0.0, 0.0, 1.0, 1.0, 0.0, 1.0, 0.0, 0.0, 1.0, 1.0, 1.0, 0.0, 1.0, 1.0, 1.0, 0.0, 1.0, 0.0, 1.0, 1.0, 0.0, 0.0, 1.0, 1.0, 0.0, 0.0, 1.0, 0.0, 1.0, 1.0, 0.0, 1.0, 0.0, 0.0, 1.0, 0.0, 1.0, 0.0, 1.0, 0.0, 1.0, 0.0, 1.0, 0.0, 0.0, 1.0, 0.0, 0.0, 1.0, 1.0, 1.0, 1.0, 1.0, 1.0, 0.0, 1.0, 0.0, 1.0, 1.0, 0.0, 0.0, 1.0, 1.0, 1.0, 1.0, 1.0, 1.0, 0.0, 0.0, 0.0, 1.0, 0.0, 0.0, 1.0, 1.0, 1.0, 0.0, 0.0, 0.0, 0.0, 0.0, 1.0, 1.0, 0.0, 0.0, 1.0, 0.0, 0.0, 0.0, 1.0, 1.0, 1.0, 0.0, 1.0, 1.0, 1.0, 1.0, 1.0, 0.0, 0.0, 0.0, 1.0, 0.0, 1.0, 1.0, 1.0, 0.0, 0.0, 0.0, 0.0, 0.0, 1.0, 0.0, 0.0, 1.0, 1.0, 0.0, 0.0, 0.0, 0.0, 1.0, 1.0, 0.0, 0.0, 1.0, 1.0, 0.0, 1.0, 1.0, 1.0, 0.0, 0.0, 0.0, 0.0, 1.0, 0.0, 1.0, 0.0, 1.0, 1.0, 1.0, 1.0, 1.0, 1.0, 1.0, 0.0, 1.0, 1.0, 1.0, 1.0, 1.0, 1.0, 1.0, 0.0, 0.0, 1.0, 1.0, 1.0, 0.0, 1.0, 1.0, 1.0, 1.0, 1.0, 0.0, 0.0, 1.0, 0.0, 1.0, 0.0, 1.0, 1.0, 1.0, 1.0, 0.0, 0.0, 1.0, 1.0, 0.0, 1.0, 0.0, 1.0, 1.0, 1.0, 0.0, 0.0, 1.0, 0.0, 1.0, 0.0, 1.0, 1.0, 1.0, 1.0, 1.0, 0.0, 0.0, 1.0, 0.0, 1.0, 0.0, 1.0, 0.0, 1.0, 0.0, 1.0, 0.0, 1.0, 1.0, 1.0, 0.0, 1.0, 1.0, 1.0, 0.0, 1.0, 0.0, 1.0, 1.0, 0.0, 0.0, 1.0, 0.0, 0.0, 1.0, 1.0, 1.0, 1.0, 1.0, 0.0, 0.0, 0.0, 1.0, 1.0, 0.0, 1.0, 1.0, 0.0, 1.0, 0.0, 1.0, 0.0, 0.0, 0.0, 1.0, 1.0, 1.0, 0.0, 0.0, 1.0, 0.0, 0.0, 0.0, 1.0, 1.0, 0.0, 1.0, 1.0, 1.0, 0.0, 1.0, 1.0, 0.0, 1.0, 0.0, 1.0, 0.0, 0.0, 0.0, 1.0, 0.0, 0.0, 1.0, 0.0, 1.0, 1.0, 0.0, 1.0, 0.0, 1.0, 0.0, 0.0, 0.0, 0.0, 0.0, 0.0, 1.0, 0.0, 1.0, 1.0, 0.0, 0.0, 1.0, 1.0, 0.0, 1.0, 1.0, 1.0, 0.0, 1.0, 1.0, 0.0, 1.0, 1.0, 1.0, 1.0, 0.0, 0.0, 0.0, 0.0, 0.0, 1.0, 0.0, 0.0, 0.0, 0.0, 0.0, 1.0, 1.0, 1.0, 0.0, 1.0, 1.0, 1.0, 0.0, 0.0, 1.0, 0.0, 1.0, 1.0, 1.0, 0.0, 0.0, 1.0, 0.0, 1.0, 0.0, 0.0, 0.0, 1.0, 0.0, 1.0, 0.0, 0.0, 1.0, 1.0, 1.0, 0.0, 0.0, 0.0, 0.0, 0.0, 1.0, 1.0, 0.0, 0.0, 0.0, 0.0, 1.0, 0.0, 1.0, 1.0, 1.0, 0.0, 0.0, 1.0, 0.0, 0.0, 1.0, 1.0, 0.0, 1.0, 0.0, 0.0, 1.0, 1.0, 0.0, 1.0, 1.0, 0.0, 0.0, 0.0, 1.0, 0.0, 0.0, 1.0, 1.0, 0.0, 0.0, 1.0, 0.0, 0.0, 0.0, 1.0, 1.0, 1.0, 0.0, 1.0, 0.0, 0.0, 0.0, 1.0, 0.0, 1.0, 0.0, 1.0, 1.0, 1.0, 0.0, 0.0, 0.0, 0.0, 1.0, 0.0, 0.0, 0.0, 1.0, 0.0, 0.0, 0.0, 1.0, 0.0, 0.0, 1.0, 0.0, 0.0, 1.0, 0.0, 1.0, 1.0, 1.0, 0.0, 0.0, 1.0, 1.0, 1.0, 0.0, 0.0, 1.0, 1.0, 0.0, 0.0, 1.0, 1.0, 0.0, 0.0, 1.0, 0.0, 0.0, 0.0, 0.0, 0.0, 1.0, 0.0, 1.0, 1.0, 0.0, 1.0, 1.0, 1.0, 1.0, 0.0, 0.0, 0.0, 0.0, 0.0, 0.0, 1.0, 1.0, 1.0, 1.0, 1.0, 0.0, 1.0, 0.0, 1.0, 0.0, 0.0, 1.0, 0.0, 0.0, 1.0, 0.0, 1.0, 1.0, 0.0, 0.0, 0.0, 0.0, 1.0, 0.0, 0.0, 0.0, 0.0, 0.0, 1.0, 1.0, 1.0, 1.0, 1.0, 0.0, 0.0, 0.0, 0.0, 0.0, 1.0, 0.0, 0.0, 1.0, 0.0, 0.0, 1.0, 1.0, 1.0, 0.0, 0.0, 1.0, 1.0, 1.0, 1.0, 0.0, 1.0, 1.0, 0.0, 0.0, 0.0, 0.0, 0.0, 0.0, 0.0, 0.0, 1.0, 0.0, 1.0, 0.0, 1.0, 1.0, 0.0, 0.0, 1.0, 1.0, 0.0, 1.0, 1.0, 0.0, 0.0, 0.0, 1.0, 0.0, 1.0, 1.0, 0.0, 1.0, 1.0, 0.0, 0.0, 1.0, 1.0, 0.0, 1.0, 0.0, 0.0, 0.0, 1.0, 1.0, 1.0, 0.0, 1.0, 0.0, 1.0, 0.0, 0.0, 1.0, 1.0, 1.0, 1.0, 0.0, 1.0, 1.0, 1.0, 1.0, 0.0, 1.0, 0.0, 1.0, 0.0, 1.0, 1.0, 0.0, 0.0, 0.0, 1.0, 0.0, 0.0, 1.0, 1.0, 0.0, 0.0, 0.0, 0.0, 0.0, 0.0, 1.0, 1.0, 0.0, 0.0, 1.0, 0.0, 1.0, 1.0, 0.0, 1.0, 0.0, 0.0, 0.0, 0.0, 1.0, 0.0, 0.0, 1.0, 1.0, 0.0, 1.0, 1.0, 1.0, 0.0, 0.0, 1.0, 0.0, 0.0, 1.0, 0.0, 1.0, 0.0, 1.0, 1.0, 0.0, 1.0, 1.0, 0.0, 0.0, 0.0, 0.0, 0.0, 0.0, 0.0, 0.0, 0.0, 0.0, 1.0, 1.0, 0.0, 0.0, 1.0, 1.0, 1.0, 1.0, 0.0, 0.0, 0.0, 1.0, 0.0, 1.0, 1.0, 1.0, 0.0, 1.0, 1.0, 1.0, 0.0, 0.0, 0.0, 1.0, 1.0, 1.0, 1.0, 0.0, 0.0, 1.0, 1.0, 1.0, 0.0, 1.0, 1.0, 0.0, 0.0, 1.0, 0.0, 0.0, 0.0, 1.0, 1.0, 0.0, 0.0, 1.0, 1.0, 1.0, 1.0, 0.0, 1.0, 1.0, 1.0, 0.0, 0.0, 0.0, 0.0, 1.0, 1.0, 1.0, 0.0, 1.0, 1.0, 1.0, 1.0, 0.0, 1.0, 1.0, 0.0, 0.0, 1.0, 0.0, 1.0, 0.0, 0.0, 1.0, 1.0, 0.0, 0.0, 1.0, 1.0, 1.0, 0.0, 1.0, 0.0, 1.0, 0.0, 1.0, 0.0, 0.0, 1.0, 1.0, 1.0, 1.0, 1.0, 1.0, 1.0, 0.0, 0.0, 0.0, 0.0, 0.0, 0.0, 1.0, 1.0, 1.0, 1.0, 0.0, 0.0, 1.0, 0.0, 1.0, 1.0, 1.0, 0.0, 1.0, 1.0, 0.0, 1.0, 0.0, 1.0, 0.0, 1.0, 0.0, 0.0, 1.0, 0.0, 1.0, 1.0, 0.0, 1.0, 0.0, 1.0, 0.0, 0.0, 0.0, 1.0, 0.0, 1.0, 0.0, 1.0, 1.0, 0.0, 0.0, 1.0, 1.0, 0.0, 1.0, 1.0, 0.0, 0.0, 1.0, 1.0, 1.0, 1.0, 0.0, 1.0, 0.0, 1.0, 1.0, 1.0, 0.0, 0.0, 1.0, 1.0, 1.0, 1.0, 0.0, 0.0, 0.0, 1.0, 1.0, 1.0, 1.0, 1.0, 0.0, 0.0, 1.0, 1.0, 1.0, 1.0, 1.0, 0.0, 1.0, 1.0, 1.0, 0.0, 0.0, 0.0, 1.0, 1.0, 1.0, 1.0, 1.0, 1.0, 0.0, 0.0, 0.0, 1.0, 0.0, 0.0, 1.0, 0.0, 0.0, 0.0, 1.0, 1.0, 0.0, 1.0, 1.0, 1.0, 0.0, 0.0, 1.0, 0.0, 1.0, 0.0, 0.0, 0.0, 0.0, 0.0, 1.0, 0.0, 0.0, 0.0, 0.0, 1.0, 0.0, 1.0, 0.0, 0.0, 0.0, 1.0, 1.0, 1.0, 1.0, 0.0, 1.0, 1.0, 1.0, 1.0, 1.0, 1.0, 0.0, 1.0, 1.0, 0.0, 1.0, 1.0, 0.0, 0.0, 1.0, 1.0, 1.0, 0.0, 0.0, 0.0, 1.0, 1.0, 0.0, 1.0, 0.0, 0.0, 0.0, 0.0, 0.0, 1.0, 0.0, 0.0, 0.0, 1.0, 1.0, 0.0, 1.0, 1.0, 1.0, 1.0, 1.0, 0.0, 0.0, 0.0, 1.0, 1.0, 1.0, 0.0, 0.0, 0.0, 0.0, 0.0, 1.0, 0.0, 0.0, 1.0, 0.0, 1.0, 1.0, 0.0, 1.0, 1.0, 1.0, 0.0, 1.0, 1.0, 1.0, 0.0, 0.0, 0.0, 0.0, 1.0, 0.0, 1.0, 1.0, 0.0, 0.0, 1.0, 1.0, 0.0, 0.0, 1.0, 0.0, 1.0, 0.0, 0.0, 1.0, 1.0, 0.0, 1.0, 0.0, 0.0, 1.0, 1.0, 0.0, 1.0, 0.0, 0.0, 0.0, 1.0, 0.0, 1.0, 1.0, 1.0, 1.0, 1.0, 1.0, 1.0, 1.0, 1.0, 0.0, 1.0, 0.0, 0.0, 0.0, 0.0, 0.0, 1.0, 1.0, 0.0, 0.0, 1.0, 0.0, 1.0, 1.0, 1.0, 1.0, 0.0, 1.0, 0.0, 1.0, 1.0, 0.0, 0.0, 0.0, 0.0, 0.0, 0.0, 1.0, 1.0, 0.0, 1.0, 0.0, 1.0, 0.0, 0.0, 0.0, 1.0, 1.0, 1.0, 0.0, 0.0, 1.0, 1.0, 0.0, 1.0, 0.0, 0.0, 0.0, 1.0, 1.0, 0.0, 0.0, 1.0, 1.0, 0.0, 0.0, 0.0, 0.0, 0.0, 0.0, 1.0, 1.0, 1.0, 0.0, 1.0, 1.0, 0.0, 0.0, 0.0, 0.0, 1.0, 1.0, 1.0, 0.0, 0.0, 1.0, 1.0, 1.0, 0.0, 1.0, 1.0, 0.0, 0.0, 0.0, 1.0, 0.0, 0.0, 0.0, 1.0, 0.0, 0.0, 0.0, 0.0, 1.0, 1.0, 1.0, 1.0, 1.0, 1.0, 1.0, 1.0, 0.0, 0.0, 0.0, 0.0, 1.0, 1.0, 1.0, 0.0, 1.0, 1.0, 1.0, 0.0, 1.0, 1.0, 1.0, 1.0, 1.0, 0.0, 0.0, 1.0, 1.0, 0.0, 1.0, 0.0, 1.0, 1.0, 0.0, 0.0, 0.0, 1.0, 1.0, 1.0, 0.0, 0.0, 0.0, 1.0, 0.0, 1.0, 1.0, 1.0, 1.0, 0.0, 1.0, 1.0, 1.0, 1.0, 0.0, 1.0, 1.0, 1.0, 0.0, 1.0, 0.0, 1.0, 0.0, 0.0, 1.0, 0.0, 1.0, 1.0, 1.0, 0.0, 0.0, 1.0, 1.0, 1.0, 1.0, 0.0, 1.0, 0.0, 1.0, 1.0, 1.0, 1.0, 0.0, 0.0, 0.0, 1.0, 0.0, 1.0, 0.0, 0.0, 1.0, 1.0, 1.0, 1.0, 1.0, 0.0, 0.0, 0.0, 0.0, 0.0, 0.0, 1.0, 1.0, 1.0, 0.0, 0.0, 0.0, 1.0, 1.0, 1.0, 1.0, 0.0, 1.0, 0.0, 0.0, 1.0, 1.0, 0.0, 0.0, 1.0, 1.0, 1.0, 0.0, 1.0, 0.0, 1.0, 0.0, 0.0, 1.0, 0.0, 1.0, 1.0, 0.0, 0.0, 1.0, 1.0, 0.0, 1.0, 0.0, 1.0, 0.0, 0.0, 0.0, 1.0, 1.0, 0.0, 0.0, 1.0, 0.0, 0.0, 0.0, 0.0, 0.0, 1.0, 0.0, 1.0, 1.0, 0.0, 1.0, 1.0, 1.0, 0.0, 0.0, 1.0, 0.0, 1.0, 1.0, 1.0, 1.0, 0.0, 0.0, 1.0, 1.0, 0.0, 0.0, 1.0, 1.0, 0.0, 0.0, 0.0, 0.0, 0.0, 0.0, 0.0, 1.0, 1.0, 1.0, 0.0, 1.0, 1.0, 0.0, 0.0, 0.0, 1.0, 0.0, 1.0, 0.0, 0.0, 0.0, 1.0, 1.0, 0.0, 1.0, 1.0, 0.0, 0.0, 1.0, 0.0, 1.0, 1.0, 0.0, 0.0, 1.0, 0.0, 0.0, 1.0, 1.0, 1.0, 1.0, 1.0, 0.0, 0.0, 0.0, 1.0, 0.0, 0.0, 1.0, 0.0, 0.0, 1.0, 0.0, 0.0, 1.0, 1.0, 1.0, 0.0, 1.0, 0.0, 0.0, 1.0, 0.0, 0.0, 0.0, 1.0, 0.0, 0.0, 0.0, 1.0, 0.0, 0.0, 1.0, 1.0, 0.0, 0.0, 1.0, 1.0, 1.0, 1.0, 0.0, 0.0, 1.0, 1.0, 1.0, 1.0, 0.0, 0.0, 0.0, 1.0, 1.0, 1.0, 1.0, 0.0, 0.0, 1.0, 1.0, 0.0, 0.0, 0.0, 0.0, 0.0, 1.0, 0.0, 0.0, 0.0, 0.0, 0.0, 1.0, 1.0, 1.0, 1.0, 0.0, 0.0, 1.0, 0.0, 0.0, 0.0, 1.0, 0.0, 0.0, 1.0, 1.0, 0.0, 1.0, 1.0, 0.0, 0.0, 1.0, 0.0, 1.0, 1.0, 1.0, 1.0, 1.0, 0.0, 1.0, 1.0, 0.0, 0.0, 1.0, 1.0, 1.0, 1.0, 1.0, 1.0, 1.0, 0.0, 1.0, 0.0, 0.0, 1.0, 1.0, 0.0, 1.0, 0.0, 0.0, 0.0, 1.0, 1.0, 0.0, 1.0, 0.0, 1.0, 0.0, 1.0, 0.0, 0.0, 0.0, 0.0, 1.0, 1.0, 1.0, 0.0, 0.0, 0.0, 0.0, 1.0, 1.0, 1.0, 0.0, 1.0, 0.0, 0.0, 1.0, 0.0, 1.0, 1.0, 1.0, 1.0, 0.0, 1.0, 1.0, 1.0, 0.0, 0.0, 1.0, 0.0, 1.0, 0.0, 0.0, 0.0, 1.0, 0.0, 0.0, 0.0, 0.0, 0.0, 0.0, 0.0, 1.0, 1.0, 0.0, 0.0, 1.0, 1.0, 1.0, 0.0, 1.0, 1.0, 0.0, 1.0, 1.0, 0.0, 1.0, 1.0, 0.0, 0.0, 0.0, 0.0, 1.0, 0.0, 0.0, 1.0, 1.0, 0.0, 1.0, 0.0, 0.0, 0.0, 0.0, 0.0, 1.0, 0.0, 1.0, 1.0, 1.0, 0.0, 1.0, 0.0, 1.0, 1.0, 0.0, 0.0, 0.0, 0.0, 0.0, 0.0, 0.0, 0.0, 1.0, 0.0, 1.0, 0.0, 1.0, 1.0, 0.0, 1.0, 0.0, 0.0, 1.0, 1.0, 1.0, 0.0, 1.0, 1.0, 1.0, 1.0, 1.0, 1.0, 1.0, 1.0, 1.0, 0.0, 1.0, 0.0, 0.0, 0.0, 0.0, 0.0, 0.0, 1.0, 1.0, 0.0, 1.0, 0.0, 1.0, 0.0, 0.0, 1.0, 1.0, 1.0, 1.0, 0.0, 0.0, 1.0, 0.0, 0.0, 0.0, 0.0, 0.0, 1.0, 0.0, 1.0, 1.0, 1.0, 0.0, 0.0, 0.0, 1.0, 1.0, 1.0, 0.0, 0.0, 0.0, 1.0, 0.0, 1.0, 0.0, 0.0, 1.0, 0.0, 1.0, 1.0, 1.0, 1.0, 0.0, 1.0, 1.0, 1.0, 1.0, 1.0, 0.0, 1.0, 1.0, 0.0, 0.0, 0.0, 1.0, 0.0, 0.0, 0.0, 0.0, 1.0, 0.0, 0.0, 0.0, 1.0, 0.0, 1.0, 1.0, 0.0, 1.0, 0.0, 1.0, 0.0, 0.0, 1.0, 0.0, 1.0, 1.0, 1.0, 0.0, 1.0, 0.0, 0.0, 0.0, 0.0, 1.0, 1.0, 1.0, 1.0, 1.0, 1.0, 0.0, 1.0, 0.0, 1.0, 0.0, 1.0, 0.0, 0.0, 1.0, 1.0, 1.0, 0.0, 0.0, 1.0, 0.0, 0.0, 1.0, 1.0, 0.0, 1.0, 1.0, 0.0, 0.0, 0.0, 0.0, 1.0, 0.0, 0.0, 0.0, 0.0, 0.0, 0.0, 1.0, 1.0, 0.0, 1.0, 0.0, 0.0, 1.0, 1.0, 0.0, 1.0, 0.0, 1.0, 0.0, 1.0, 1.0, 0.0, 1.0, 1.0, 1.0, 1.0, 0.0, 1.0, 0.0, 0.0, 1.0, 0.0, 1.0, 1.0, 0.0, 1.0, 0.0, 1.0, 1.0, 1.0, 0.0, 0.0, 0.0, 0.0, 0.0, 1.0, 0.0]","['lNONHSAG000069', 'lNONHSAG000158', 'lNONHSAG000310', 'lNONHSAG000938', 'lNONHSAG001499', 'lNONHSAG001696', 'lNONHSAG001993', 'lNONHSAG002376', 'lNONHSAG002617', 'lNONHSAG002701', 'lNONHSAG002859', 'lNONHSAG002978', 'lNONHSAG003119', 'lNONHSAG003198', 'lNONHSAG003260', 'lNONHSAG003374', 'lNONHSAG003911', 'lNONHSAG004673', 'lNONHSAG004779', 'lNONHSAG005084', 'lNONHSAG005482', 'lNONHSAG005780', 'lNONHSAG006050', 'lNONHSAG006238', 'lNONHSAG006301', 'lNONHSAG007487', 'lNONHSAG008728', 'lNONHSAG009130', 'lNONHSAG009950', 'lNONHSAG009968', 'lNONHSAG010179', 'lNONHSAG010190', 'lNONHSAG010200', 'lNONHSAG010658', 'lNONHSAG010989', 'lNONHSAG011028', 'lNONHSAG011121', 'lNONHSAG011337', 'lNONHSAG011576', 'lNONHSAG012339', 'lNONHSAG013475', 'lNONHSAG014112', 'lNONHSAG014130', 'lNONHSAG014672', 'lNONHSAG014890', 'lNONHSAG016118', 'lNONHSAG016307', 'lNONHSAG016576', 'lNONHSAG016822', 'lNONHSAG016893', 'lNONHSAG017060', 'lNONHSAG017376', 'lNONHSAG017486', 'lNONHSAG017504', 'lNONHSAG018313', 'lNONHSAG019021', 'lNONHSAG019049', 'lNONHSAG019332', 'lNONHSAG019439', 'lNONHSAG020091', 'lNONHSAG020155', 'lNONHSAG020252', 'lNONHSAG020260', 'lNONHSAG020312', 'lNONHSAG021390', 'lNONHSAG021433', 'lNONHSAG021557', 'lNONHSAG021698', 'lNONHSAG021874', 'lNONHSAG021893', 'lNONHSAG021976', 'lNONHSAG022339', 'lNONHSAG022972', 'lNONHSAG023864', 'lNONHSAG024381', 'lNONHSAG024393', 'lNONHSAG024826', 'lNONHSAG024925', 'lNONHSAG025352', 'lNONHSAG025964', 'lNONHSAG025997', 'lNONHSAG026103', 'lNONHSAG026176', 'lNONHSAG026852', 'lNONHSAG026854', 'lNONHSAG027837', 'lNONHSAG028142', 'lNONHSAG028857', 'lNONHSAG028870', 'lNONHSAG028913', 'lNONHSAG029830', 'lNONHSAG030278', 'lNONHSAG030304', 'lNONHSAG030410', 'lNONHSAG030739', 'lNONHSAG032297', 'lNONHSAG033121', 'lNONHSAG033898', 'lNONHSAG034021', 'lNONHSAG035096', 'lNONHSAG036054', 'lNONHSAG036926', 'lNONHSAG037061', 'lNONHSAG037946', 'lNONHSAG038001', 'lNONHSAG038343', 'lNONHSAG039654', 'lNONHSAG040700', 'lNONHSAG042970', 'lNONHSAG043433', 'lNONHSAG043657', 'lNONHSAG043770', 'lNONHSAG044041', 'lNONHSAG045163', 'lNONHSAG047197', 'lNONHSAG047830', 'lNONHSAG048602', 'lNONHSAG049185', 'lNONHSAG050769', 'lNONHSAG050786', 'lNONHSAG051291', 'lNONHSAG051567', 'lNONHSAG051568', 'lNONHSAG051898', 'lNONHSAG053802', 'lNONHSAG054780', 'lNONHSAG055092', 'lNONHSAG055418', 'lNONHSAG055546', 'lNONHSAG055565', 'lNONHSAG055582', 'lNONHSAG056746', 'lNONHSAG060586', 'lNONHSAG063700', 'lNONHSAG077527', 'lNONHSAG083289', 'lNONHSAG084701', 'lNONHSAG092907', 'lNONHSAG093078', 'lNONHSAG094269', 'lNONHSAG098653', 'lNONHSAG103457', 'lNONHSAG111667', 'lENSG00000198468', 'lENSG00000203497', 'lENSG00000230400', 'lENSG00000245067', 'lENSG00000247373', 'lENSG00000258912', 'lENSG00000259424', 'lENSG00000260924', 'lENSG00000263718', 'lENSG00000266970', 'lENSG00000278970', 'lENSG00000285644', 'lLINC00174', 'lSNHG15', 'lZNF286B', 'lAC007009.1', 'lLA16c-380H5.3', 'lLL22NC03-23C6.13', 'lRP11-197N18.2', 'lAC018766.4', 'lCTD-2231H16.1', 'lNONHSAG000297', 'lNONHSAG000623', 'lNONHSAG001033', 'lNONHSAG001240', 'lNONHSAG003418', 'lNONHSAG004638', 'lNONHSAG005746', 'lNONHSAG005789', 'lNONHSAG006022', 'lNONHSAG006293', 'lNONHSAG006602', 'lNONHSAG006653', 'lNONHSAG006779', 'lNONHSAG006909', 'lNONHSAG006922', 'lNONHSAG007632', 'lENSG00000083622', 'lENSG00000197644', 'lENSG00000198054', 'lENSG00000204464', 'lENSG00000205500', 'lENSG00000212856', 'lENSG00000222000', 'lENSG00000223727', 'lENSG00000223881', 'lENSG00000224535', 'lENSG00000224794', 'lENSG00000225050', 'lENSG00000225457', 'lENSG00000225886', 'lENSG00000226522', 'lENSG00000226699', 'lENSG00000226770', 'lENSG00000226813', 'lENSG00000226925', 'lENSG00000227716', 'lENSG00000227960', 'lENSG00000228028', 'lENSG00000228272', 'lENSG00000228485', 'lENSG00000228826', 'lENSG00000229167', 'lENSG00000229679', 'lENSG00000229953', 'lENSG00000230109', 'lENSG00000230323', 'lENSG00000230499', 'lENSG00000230830', 'lENSG00000231081', 'lENSG00000231102', 'lENSG00000231407', 'lENSG00000231781', 'lENSG00000231937', 'lENSG00000232086', 'lENSG00000232464', 'lENSG00000232719', 'lENSG00000232930', 'lENSG00000233613', 'lENSG00000233665', 'lENSG00000233851', 'lENSG00000233985', 'lENSG00000234149', 'lENSG00000234504', 'lENSG00000234626', 'lENSG00000234756', 'lENSG00000234900', 'lENSG00000235050', 'lENSG00000235494', 'lENSG00000235813', 'lENSG00000236272', 'lENSG00000236463', 'lENSG00000236723', 'lENSG00000236744', 'lENSG00000236975', 'lENSG00000237576', 'lENSG00000237581', 'lENSG00000238131', 'lENSG00000243368', 'lENSG00000248145', 'lENSG00000248373', 'lENSG00000248490', 'lENSG00000248975', 'lENSG00000250865', 'lENSG00000253865', 'lENSG00000254516', 'lENSG00000254689', 'lENSG00000254787', 'lENSG00000254864', 'lENSG00000255039', 'lENSG00000255247', 'lENSG00000255375', 'lENSG00000255482', 'lENSG00000255808', 'lENSG00000256007', 'lENSG00000256448', 'lENSG00000256452', 'lENSG00000256484', 'lENSG00000257488', 'lENSG00000257500', 'lENSG00000257764', 'lENSG00000257925', 'lENSG00000258312', 'lENSG00000258394', 'lENSG00000258516', 'lENSG00000258695', 'lENSG00000258698', 'lENSG00000258824', 'lENSG00000258829', 'lENSG00000258904', 'lENSG00000259294', 'lENSG00000259352', 'lENSG00000259360', 'lENSG00000259544', 'lENSG00000259955', 'lENSG00000260626', 'lENSG00000260659', 'lENSG00000260999', 'lENSG00000261243', 'lENSG00000261475', 'lENSG00000261523', 'lENSG00000263300', 'lENSG00000263466', 'lENSG00000263594', 'lENSG00000263847', 'lENSG00000264924', 'lENSG00000266153', 'lENSG00000267063', 'lENSG00000267341', 'lENSG00000267543', 'lENSG00000267615', 'lENSG00000268049', 'lENSG00000268078', 'lENSG00000268203', 'lENSG00000268734', 'lENSG00000269044', 'lENSG00000269145', 'lENSG00000272338', 'lENSG00000273919', 'lENSG00000274863', 'lENSG00000279687', 'lENSG00000279920', 'lENSG00000280206', 'lENSG00000281021', 'lENSG00000282478', 'lENSG00000285654', 'lENSG00000286194', 'lENSG00000286689', 'lENSG00000286908', 'lENSG00000287094', 'lENSG00000287213', 'lENSG00000287270', 'lENSG00000287285', 'lENSG00000287359', 'lENSG00000287381', 'lENSG00000231212', 'lENSG00000234083', 'lENSG00000259244', 'lENSG00000259407', 'lENSG00000286164']","[0.0, 1.0, 0.0, 1.0, 1.0, 1.0, 1.0, 0.0, 1.0, 0.0, 1.0, 0.0, 1.0, 1.0, 1.0, 0.0, 0.0, 1.0, 1.0, 0.0, 0.0, 1.0, 1.0, 1.0, 1.0, 1.0, 0.0, 1.0, 1.0, 0.0, 0.0, 0.0, 1.0, 1.0, 0.0, 1.0, 1.0, 1.0, 0.0, 1.0, 1.0, 0.0, 0.0, 0.0, 0.0, 1.0, 1.0, 0.0, 0.0, 1.0, 1.0, 1.0, 0.0, 0.0, 0.0, 1.0, 0.0, 0.0, 1.0, 0.0, 1.0, 0.0, 0.0, 0.0, 1.0, 0.0, 0.0, 0.0, 1.0, 0.0, 1.0, 0.0, 0.0, 1.0, 0.0, 0.0, 0.0, 0.0, 0.0, 1.0, 0.0, 1.0, 1.0, 1.0, 1.0, 1.0, 1.0, 1.0, 0.0, 1.0, 1.0, 1.0, 0.0, 0.0, 0.0, 1.0, 1.0, 1.0, 0.0, 1.0, 1.0, 1.0, 1.0, 1.0, 1.0, 0.0, 1.0, 1.0, 1.0, 1.0, 1.0, 1.0, 1.0, 1.0, 1.0, 0.0, 1.0, 0.0, 1.0, 1.0, 0.0, 0.0, 0.0, 0.0, 1.0, 1.0, 0.0, 1.0, 0.0, 0.0, 0.0, 1.0, 0.0, 0.0, 1.0, 1.0, 0.0, 1.0, 0.0, 0.0, 0.0, 0.0, 0.0, 0.0, 1.0, 1.0, 1.0, 1.0, 0.0, 1.0, 0.0, 0.0, 1.0, 0.0, 0.0, 1.0, 0.0, 0.0, 1.0, 1.0, 1.0, 1.0, 0.0, 1.0, 1.0, 1.0, 0.0, 1.0, 0.0, 1.0, 1.0, 0.0, 1.0, 1.0, 1.0, 1.0, 1.0, 0.0, 1.0, 0.0, 0.0, 0.0, 1.0, 1.0, 0.0, 0.0, 1.0, 1.0, 1.0, 1.0, 1.0, 1.0, 0.0, 0.0, 0.0, 1.0, 0.0, 0.0, 0.0, 1.0, 1.0, 1.0, 1.0, 1.0, 1.0, 0.0, 1.0, 0.0, 1.0, 0.0, 1.0, 1.0, 0.0, 1.0, 1.0, 0.0, 0.0, 0.0, 1.0, 0.0, 0.0, 0.0, 1.0, 0.0, 0.0, 0.0, 0.0, 0.0, 0.0, 1.0, 1.0, 0.0, 1.0, 1.0, 0.0, 1.0, 0.0, 0.0, 0.0, 0.0, 0.0, 1.0, 0.0, 0.0, 0.0, 1.0, 1.0, 1.0, 1.0, 0.0, 0.0, 0.0, 1.0, 0.0, 1.0, 1.0, 1.0, 1.0, 1.0, 0.0, 1.0, 1.0, 1.0, 1.0, 1.0, 0.0, 1.0, 0.0, 0.0, 1.0, 1.0, 0.0, 1.0, 1.0, 1.0, 1.0, 1.0, 0.0, 0.0, 1.0, 0.0, 0.0, 1.0, 0.0, 0.0, 0.0, 0.0, 1.0, 1.0, 0.0, 0.0, 1.0, 0.0, 1.0, 1.0, 0.0, 1.0, 0.0, 1.0, 0.0, 1.0, 1.0, 0.0, 0.0, 1.0, 0.0, 0.0, 1.0, 0.0, 0.0, 1.0, 0.0, 0.0, 0.0, 1.0, 0.0, 0.0, 1.0, 1.0, 0.0, 0.0, 1.0, 0.0]","[0.0, 0.0, 0.0, 0.0, 0.0, 0.0, 0.0, 0.0, 0.0, 0.0, 0.0, 0.0, 0.0, 0.0, 0.0, 0.0, 0.0, 0.0, 0.0, 0.0, 0.0, 0.0, 0.0, 0.0, 0.0, 0.0, 0.0, 0.0, 0.0, 0.0, 0.0, 0.0, 0.0, 0.0, 0.0, 0.0, 0.0, 0.0, 0.0, 0.0, 0.0, 0.0, 0.0, 0.0, 0.0, 0.0, 0.0, 0.0, 0.0, 0.0, 0.0, 0.0, 0.0, 0.0, 0.0, 0.0, 0.0, 0.0, 0.0, 0.0, 0.0, 0.0, 0.0, 0.0, 0.0, 0.0, 0.0, 0.0, 0.0, 0.0, 0.0, 0.0, 0.0, 0.0, 0.0, 0.0, 0.0, 0.0, 0.0, 0.0, 0.0, 0.0, 0.0, 0.0, 0.0, 0.0, 0.0, 0.0, 0.0, 0.0, 0.0, 0.0, 0.0, 0.0, 0.0, 0.0, 0.0, 0.0, 0.0, 0.0, 0.0, 0.0, 0.0, 0.0, 0.0, 0.0, 0.0, 0.0, 0.0, 0.0, 0.0, 0.0, 0.0, 0.0, 0.0, 0.0, 0.0, 0.0, 0.0, 0.0, 0.0, 0.0, 0.0, 0.0, 0.0, 0.0, 0.0, 0.0, 0.0, 0.0, 0.0, 0.0, 0.0, 0.0, 0.0, 0.0, 0.0, 0.0, 0.0, 0.0, 0.0, 0.0, 0.0, 0.0, 0.0, 0.0, 0.0, 0.0, 0.0, 0.0, 0.0, 0.0, 0.0, 0.0, 0.0, 0.0, 0.0, 0.0, 1.0, 0.0, 0.0, 0.0, 0.0, 0.0, 0.0, 0.0, 0.0, 0.0, 0.0, 0.0, 0.0, 0.0, 0.0, 0.0, 0.0, 0.0, 0.0, 0.0, 0.0, 0.0, 0.0, 0.0, 0.0, 0.0, 0.0, 0.0, 0.0, 0.0, 0.0, 0.0, 0.0, 0.0, 0.0, 0.0, 0.0, 0.0, 0.0, 0.0, 0.0, 0.0, 0.0, 0.0, 0.0, 0.0, 0.0, 0.0, 0.0, 0.0, 0.0, 0.0, 0.0, 0.0, 0.0, 0.0, 0.0, 0.0, 0.0, 0.0, 0.0, 0.0, 0.0, 0.0, 0.0, 0.0, 0.0, 0.0, 0.0, 0.0, 0.0, 0.0, 0.0, 0.0, 0.0, 0.0, 0.0, 0.0, 0.0, 0.0, 0.0, 0.0, 0.0, 0.0, 0.0, 0.0, 0.0, 0.0, 0.0, 0.0, 0.0, 0.0, 0.0, 0.0, 0.0, 0.0, 0.0, 0.0, 0.0, 0.0, 0.0, 0.0, 0.0, 0.0, 0.0, 0.0, 0.0, 0.0, 0.0, 0.0, 0.0, 0.0, 0.0, 0.0, 0.0, 0.0, 0.0, 0.0, 0.0, 0.0, 0.0, 0.0, 0.0, 0.0, 0.0, 0.0, 0.0, 0.0, 0.0, 0.0, 0.0, 0.0, 0.0, 0.0, 0.0, 0.0, 0.0, 0.0, 0.0, 0.0, 0.0, 0.0, 0.0, 0.0, 0.0, 0.0, 0.0, 0.0, 0.0, 0.0, 0.0, 0.0, 0.0, 0.0, 0.0, 0.0, 0.0, 0.0, 0.0, 0.0, 0.0, 0.0, 0.0, 0.0, 0.0]","[0.48496108881485045, 0.4716670085442016, 0.47620106466810574, 0.47141943610555986, 0.4845424350336758, 0.4835432398501596, 0.4790116847604117, 0.47943244850477623, 0.48023287788977015, 0.4814531723193642, 0.48560102433634494, 0.4890404067159103, 0.48799373517105943, 0.4786293458875855, 0.4824083558123974, 0.45842645980548663, 0.47756668770425903, 0.48206679657429324, 0.46800992402361563, 0.4883381575127958, 0.47998428883557337, 0.4762954788596994, 0.4699958950418055, 0.4753042642661529, 0.4766241349675684, 0.4747488819816171, 0.4916504784054914, 0.4835055828913738, 0.47190756529812494, 0.46761366993598463, 0.4787762226774875, 0.4748271254504247, 0.48812559283098483, 0.46758004797214064, 0.48529569213962376, 0.4772319458213761, 0.48073541377195367, 0.48779327273976175, 0.4799679986890311, 0.4796723304907942, 0.47976678926718436, 0.46791910057962244, 0.46361883262042175, 0.4712320848650731, 0.48782784673727575, 0.4725238273383511, 0.4940644356209528, 0.48243558409041654, 0.4827731041991305, 0.4722909396755642, 0.49138624517778556, 0.47394425053636585, 0.48203783549169477, 0.4870306862216814, 0.4902507300644889, 0.48089417600169226, 0.48670468492865543, 0.48996586534635567, 0.4831747414734893, 0.4806254446824379, 0.47558157238516374, 0.47631253740303325, 0.4821008146022967, 0.47011032902813116, 0.48599238353534824, 0.46982340159913394, 0.4853106166533626, 0.4925539304895252, 0.4830891373367315, 0.46773245133909336, 0.49089958003571865, 0.4865744859411728, 0.483220202218501, 0.4789806368508789, 0.47938282751205896, 0.4814778225642782, 0.48241736039636984, 0.484839404053228, 0.4827975193838317, 0.48037038946048444, 0.4846638770821707, 0.47129901522670675, 0.47803951961905394, 0.4817543850599214, 0.49092866435189625, 0.4725952383145037, 0.46937734238589013, 0.4744234917168681, 0.48065954432968266, 0.4766414160527007, 0.484747994659273, 0.4624477572706554, 0.47945150704167006, 0.47676357915906054, 0.4701241281648733, 0.4884210675691938, 0.4842494625241599, 0.4710312898745319, 0.4845224749899336, 0.47905641714697156, 0.48362717825582036, 0.4774501890765438, 0.47376415636279856, 0.4829278127197362, 0.4812855768814937, 0.48099849389617544, 0.46855264158171006, 0.495197700458074, 0.481136027321379, 0.4722306839713963, 0.4713047750608528, 0.48311986543127483, 0.48498499701096687, 0.4700095443709743, 0.48232248448276316, 0.4824400892434713, 0.4787274840698411, 0.48001819038400695, 0.4810575685283328, 0.4791110308614221, 0.46945280588670224, 0.48497665263831063, 0.4927691739453574, 0.4693674766253372, 0.48223504002275663, 0.4848973258927529, 0.46287641875728536, 0.4768705958597073, 0.4669274305795953, 0.4647092817322966, 0.48261142015547726, 0.4895027246274142, 0.48410875121857955, 0.48092068034512947, 0.48637092690745426, 0.48038016909304593, 0.466874166155744, 0.49550736580625626, 0.47708864715008736, 0.47556947383332476, 0.48234205080579634, 0.47528867902837413, 0.4852165989310096, 0.46930548173871584, 0.491192339209073, 0.4850049031399325, 0.48294593153974263, 0.4885605094309984, 0.4669602557363996, 0.4798453969956133, 0.4900834772536947, 0.47317236565915605, 0.4855517225864329, 0.4816302652839574, 0.48287452876289794, 0.47649258433108943, 0.47937252366567495, 0.46645939986396945, 0.517468458421029, 0.4909089252688977, 0.47835864388546556, 0.4846182578419991, 0.49149615157018467, 0.48102595701240053, 0.48204152028065206, 0.4615318962753287, 0.48543504894547823, 0.4616048998482415, 0.46740241401399807, 0.46408536179360954, 0.4631534105184635, 0.46435926777653996, 0.47265839388701714, 0.47667066579686057, 0.4924638645650283, 0.46225705643048504, 0.475188241582343, 0.47095315189768533, 0.46265798203717856, 0.4607070487307586, 0.48036624379141013, 0.4815982569516278, 0.4827432992235662, 0.4959730082394623, 0.4811146398806747, 0.4822100340268521, 0.4871572741920356, 0.48388732431652826, 0.4896836331507776, 0.48321164930271243, 0.48840840160944576, 0.485572448253903, 0.47818549661347526, 0.4520514104319177, 0.47217249312978604, 0.4903985289607006, 0.4876107226079491, 0.4875093106274589, 0.48274292068901314, 0.48391344136887865, 0.4865098117094396, 0.49148399977832663, 0.48630377542278935, 0.48255373992523104, 0.48501439571242205, 0.4694880323706522, 0.4816828693291634, 0.4840897396345193, 0.4819859546980521, 0.47973929308772373, 0.4848043237667947, 0.48149610119426256, 0.49186017971048096, 0.4794490129536745, 0.4796000362350263, 0.4849248972207133, 0.48654783185760603, 0.48564160679388696, 0.4844526755893947, 0.4828101486806248, 0.4795336245345299, 0.47830481106172423, 0.48671932730188383, 0.47128702004658735, 0.471154690763023, 0.4834178602740128, 0.4832220023841492, 0.4866540334916261, 0.4854226165548497, 0.4882584291221603, 0.4843599115605083, 0.483837777353871, 0.4726849509577389, 0.48242695686973563, 0.48558138608985557, 0.4922326676948782, 0.4747477116168321, 0.4803397071183475, 0.48180981012130225, 0.485073874358143, 0.48654978981116753, 0.47919132039479395, 0.4791735759705488, 0.46131579599105454, 0.4811578729211664, 0.47924365997396673, 0.48758112111006696, 0.47961611137061017, 0.4844178541266142, 0.4745742914734524, 0.4763280044361789, 0.4890035997106719, 0.48746333843369993, 0.4889971057616534, 0.47100704544783145, 0.48784216317947243, 0.4908420797136936, 0.48807142560738104, 0.4826783547507675, 0.4807403697674819, 0.48782945276971895, 0.48724214784048514, 0.48444674163024004, 0.4881946229041958, 0.4752297936479213, 0.48385730273570027, 0.46621755652766744, 0.47815244603726814, 0.48055016502990294, 0.4804694965885049, 0.48384313480701996, 0.4876927646735139, 0.4877093316138828, 0.47716838281499857, 0.4962585321244853, 0.4858508825826979, 0.47634295865409565, 0.48877251375638153, 0.49241942323380444, 0.48593392799341484, 0.4805374472280057, 0.48359166048095026, 0.4831227858018613, 0.4707619957210207, 0.48233662751308365, 0.48026952614548746, 0.4689790252290134, 0.46822247451803656, 0.485475288330065, 0.4863647075061632, 0.48366924050961435, 0.48591373978715385, 0.49071009679400623, 0.47121110495695995, 0.47400030416935907, 0.4862986307117102, 0.45972833081136383, 0.48534196225846454, 0.4417461556521658, 0.48703628362628193, 0.4592415700768486, 0.4857961913001023, 0.4742419355546554, 0.4847214078362433, 0.4855758539888595, 0.48683184562919835, 0.47993361047134003, 0.4873223642696627, 0.48349425522027817, 0.48818476922294074, 0.48494366893712537, 0.4683919552543654, 0.4628978287206872, 0.4619799374621273, 0.4803694289514905, 0.48931718006939856, 0.47257389684839807, 0.4863658453219106, 0.48329086376228636, 0.488868819835376, 0.4856045147751076, 0.48446972950817113, 0.47307595406254743]"
9,"['lNONHSAG000008', 'lNONHSAG000047', 'lNONHSAG000059', 'lNONHSAG000069', 'lNONHSAG000158', 'lNONHSAG000195', 'lNONHSAG000241', 'lNONHSAG000253', 'lNONHSAG000310', 'lNONHSAG000311', 'lNONHSAG000381', 'lNONHSAG000464', 'lNONHSAG000484', 'lNONHSAG000498', 'lNONHSAG000584', 'lNONHSAG000603', 'lNONHSAG000742', 'lNONHSAG000769', 'lNONHSAG000840', 'lNONHSAG000843', 'lNONHSAG000863', 'lNONHSAG000884', 'lNONHSAG000918', 'lNONHSAG000938', 'lNONHSAG000967', 'lNONHSAG001142', 'lNONHSAG001172', 'lNONHSAG001238', 'lNONHSAG001247', 'lNONHSAG001259', 'lNONHSAG001278', 'lNONHSAG001375', 'lNONHSAG001468', 'lNONHSAG001499', 'lNONHSAG001513', 'lNONHSAG001696', 'lNONHSAG001724', 'lNONHSAG001773', 'lNONHSAG001837', 'lNONHSAG001993', 'lNONHSAG002056', 'lNONHSAG002058', 'lNONHSAG002134', 'lNONHSAG002135', 'lNONHSAG002343', 'lNONHSAG002359', 'lNONHSAG002376', 'lNONHSAG002378', 'lNONHSAG002454', 'lNONHSAG002490', 'lNONHSAG002549', 'lNONHSAG002617', 'lNONHSAG002669', 'lNONHSAG002701', 'lNONHSAG002719', 'lNONHSAG002731', 'lNONHSAG002752', 'lNONHSAG002859', 'lNONHSAG002883', 'lNONHSAG002978', 'lNONHSAG003053', 'lNONHSAG003056', 'lNONHSAG003068', 'lNONHSAG003074', 'lNONHSAG003077', 'lNONHSAG003119', 'lNONHSAG003156', 'lNONHSAG003198', 'lNONHSAG003244', 'lNONHSAG003260', 'lNONHSAG003269', 'lNONHSAG003303', 'lNONHSAG003374', 'lNONHSAG003504', 'lNONHSAG003505', 'lNONHSAG003512', 'lNONHSAG003645', 'lNONHSAG003820', 'lNONHSAG003874', 'lNONHSAG003900', 'lNONHSAG003911', 'lNONHSAG003912', 'lNONHSAG003938', 'lNONHSAG003957', 'lNONHSAG003976', 'lNONHSAG004013', 'lNONHSAG004026', 'lNONHSAG004054', 'lNONHSAG004095', 'lNONHSAG004247', 'lNONHSAG004303', 'lNONHSAG004305', 'lNONHSAG004373', 'lNONHSAG004619', 'lNONHSAG004673', 'lNONHSAG004674', 'lNONHSAG004714', 'lNONHSAG004743', 'lNONHSAG004779', 'lNONHSAG004868', 'lNONHSAG005084', 'lNONHSAG005153', 'lNONHSAG005377', 'lNONHSAG005482', 'lNONHSAG005669', 'lNONHSAG005711', 'lNONHSAG005721', 'lNONHSAG005728', 'lNONHSAG005732', 'lNONHSAG005742', 'lNONHSAG005780', 'lNONHSAG005838', 'lNONHSAG005920', 'lNONHSAG006007', 'lNONHSAG006049', 'lNONHSAG006050', 'lNONHSAG006054', 'lNONHSAG006163', 'lNONHSAG006204', 'lNONHSAG006212', 'lNONHSAG006238', 'lNONHSAG006301', 'lNONHSAG006341', 'lNONHSAG006362', 'lNONHSAG006454', 'lNONHSAG006457', 'lNONHSAG006477', 'lNONHSAG006526', 'lNONHSAG006633', 'lNONHSAG006678', 'lNONHSAG006692', 'lNONHSAG006735', 'lNONHSAG006756', 'lNONHSAG006763', 'lNONHSAG006772', 'lNONHSAG006966', 'lNONHSAG007109', 'lNONHSAG007295', 'lNONHSAG007324', 'lNONHSAG007384', 'lNONHSAG007430', 'lNONHSAG007431', 'lNONHSAG007434', 'lNONHSAG007455', 'lNONHSAG007463', 'lNONHSAG007487', 'lNONHSAG007538', 'lNONHSAG007602', 'lNONHSAG007631', 'lNONHSAG007692', 'lNONHSAG007708', 'lNONHSAG007715', 'lNONHSAG007961', 'lNONHSAG007983', 'lNONHSAG007984', 'lNONHSAG008015', 'lNONHSAG008037', 'lNONHSAG008056', 'lNONHSAG008167', 'lNONHSAG008220', 'lNONHSAG008354', 'lNONHSAG008517', 'lNONHSAG008540', 'lNONHSAG008552', 'lNONHSAG008589', 'lNONHSAG008615', 'lNONHSAG008654', 'lNONHSAG008670', 'lNONHSAG008693', 'lNONHSAG008726', 'lNONHSAG008728', 'lNONHSAG008759', 'lNONHSAG008859', 'lNONHSAG008937', 'lNONHSAG008952', 'lNONHSAG008966', 'lNONHSAG009021', 'lNONHSAG009039', 'lNONHSAG009059', 'lNONHSAG009062', 'lNONHSAG009124', 'lNONHSAG009130', 'lNONHSAG009133', 'lNONHSAG009134', 'lNONHSAG009174', 'lNONHSAG009180', 'lNONHSAG009193', 'lNONHSAG009228', 'lNONHSAG009544', 'lNONHSAG009546', 'lNONHSAG009613', 'lNONHSAG009636', 'lNONHSAG009728', 'lNONHSAG009755', 'lNONHSAG009757', 'lNONHSAG009782', 'lNONHSAG009913', 'lNONHSAG009938', 'lNONHSAG009945', 'lNONHSAG009950', 'lNONHSAG009968', 'lNONHSAG010021', 'lNONHSAG010117', 'lNONHSAG010179', 'lNONHSAG010184', 'lNONHSAG010186', 'lNONHSAG010189', 'lNONHSAG010190', 'lNONHSAG010193', 'lNONHSAG010200', 'lNONHSAG010348', 'lNONHSAG010352', 'lNONHSAG010405', 'lNONHSAG010416', 'lNONHSAG010543', 'lNONHSAG010657', 'lNONHSAG010658', 'lNONHSAG010716', 'lNONHSAG010792', 'lNONHSAG010940', 'lNONHSAG010986', 'lNONHSAG010989', 'lNONHSAG011028', 'lNONHSAG011057', 'lNONHSAG011070', 'lNONHSAG011084', 'lNONHSAG011086', 'lNONHSAG011090', 'lNONHSAG011121', 'lNONHSAG011125', 'lNONHSAG011211', 'lNONHSAG011230', 'lNONHSAG011264', 'lNONHSAG011337', 'lNONHSAG011343', 'lNONHSAG011375', 'lNONHSAG011439', 'lNONHSAG011518', 'lNONHSAG011524', 'lNONHSAG011576', 'lNONHSAG011658', 'lNONHSAG011790', 'lNONHSAG011854', 'lNONHSAG011870', 'lNONHSAG011935', 'lNONHSAG012025', 'lNONHSAG012076', 'lNONHSAG012077', 'lNONHSAG012099', 'lNONHSAG012297', 'lNONHSAG012303', 'lNONHSAG012339', 'lNONHSAG012367', 'lNONHSAG012375', 'lNONHSAG012423', 'lNONHSAG012505', 'lNONHSAG012534', 'lNONHSAG012540', 'lNONHSAG012549', 'lNONHSAG012555', 'lNONHSAG012594', 'lNONHSAG012614', 'lNONHSAG012617', 'lNONHSAG012751', 'lNONHSAG012791', 'lNONHSAG013005', 'lNONHSAG013060', 'lNONHSAG013095', 'lNONHSAG013098', 'lNONHSAG013109', 'lNONHSAG013388', 'lNONHSAG013475', 'lNONHSAG013515', 'lNONHSAG013534', 'lNONHSAG013568', 'lNONHSAG013708', 'lNONHSAG013730', 'lNONHSAG013790', 'lNONHSAG013809', 'lNONHSAG013912', 'lNONHSAG013917', 'lNONHSAG013940', 'lNONHSAG013942', 'lNONHSAG013944', 'lNONHSAG013946', 'lNONHSAG013954', 'lNONHSAG013992', 'lNONHSAG014098', 'lNONHSAG014112', 'lNONHSAG014130', 'lNONHSAG014267', 'lNONHSAG014289', 'lNONHSAG014332', 'lNONHSAG014362', 'lNONHSAG014372', 'lNONHSAG014373', 'lNONHSAG014381', 'lNONHSAG014496', 'lNONHSAG014502', 'lNONHSAG014546', 'lNONHSAG014562', 'lNONHSAG014591', 'lNONHSAG014672', 'lNONHSAG014679', 'lNONHSAG014890', 'lNONHSAG014891', 'lNONHSAG014914', 'lNONHSAG015044', 'lNONHSAG015163', 'lNONHSAG015215', 'lNONHSAG015234', 'lNONHSAG015352', 'lNONHSAG015417', 'lNONHSAG015454', 'lNONHSAG015461', 'lNONHSAG015505', 'lNONHSAG015591', 'lNONHSAG015623', 'lNONHSAG015692', 'lNONHSAG015723', 'lNONHSAG015787', 'lNONHSAG015788', 'lNONHSAG015961', 'lNONHSAG016021', 'lNONHSAG016118', 'lNONHSAG016199', 'lNONHSAG016307', 'lNONHSAG016395', 'lNONHSAG016403', 'lNONHSAG016486', 'lNONHSAG016487', 'lNONHSAG016576', 'lNONHSAG016611', 'lNONHSAG016618', 'lNONHSAG016623', 'lNONHSAG016733', 'lNONHSAG016749', 'lNONHSAG016771', 'lNONHSAG016822', 'lNONHSAG016893', 'lNONHSAG017020', 'lNONHSAG017060', 'lNONHSAG017232', 'lNONHSAG017238', 'lNONHSAG017254', 'lNONHSAG017282', 'lNONHSAG017288', 'lNONHSAG017344', 'lNONHSAG017347', 'lNONHSAG017349', 'lNONHSAG017376', 'lNONHSAG017377', 'lNONHSAG017379', 'lNONHSAG017417', 'lNONHSAG017486', 'lNONHSAG017504', 'lNONHSAG017567', 'lNONHSAG017666', 'lNONHSAG017767', 'lNONHSAG017783', 'lNONHSAG017882', 'lNONHSAG018053', 'lNONHSAG018054', 'lNONHSAG018110', 'lNONHSAG018180', 'lNONHSAG018203', 'lNONHSAG018236', 'lNONHSAG018313', 'lNONHSAG018322', 'lNONHSAG018326', 'lNONHSAG018341', 'lNONHSAG018344', 'lNONHSAG018372', 'lNONHSAG018374', 'lNONHSAG018414', 'lNONHSAG018416', 'lNONHSAG018417', 'lNONHSAG018420', 'lNONHSAG018461', 'lNONHSAG018586', 'lNONHSAG018621', 'lNONHSAG018635', 'lNONHSAG018656', 'lNONHSAG018659', 'lNONHSAG018707', 'lNONHSAG018709', 'lNONHSAG018711', 'lNONHSAG018829', 'lNONHSAG018889', 'lNONHSAG018893', 'lNONHSAG018903', 'lNONHSAG018980', 'lNONHSAG019003', 'lNONHSAG019012', 'lNONHSAG019014', 'lNONHSAG019021', 'lNONHSAG019023', 'lNONHSAG019031', 'lNONHSAG019049', 'lNONHSAG019051', 'lNONHSAG019079', 'lNONHSAG019090', 'lNONHSAG019115', 'lNONHSAG019134', 'lNONHSAG019158', 'lNONHSAG019221', 'lNONHSAG019270', 'lNONHSAG019332', 'lNONHSAG019370', 'lNONHSAG019439', 'lNONHSAG019493', 'lNONHSAG019569', 'lNONHSAG019613', 'lNONHSAG019667', 'lNONHSAG019670', 'lNONHSAG019711', 'lNONHSAG019767', 'lNONHSAG019813', 'lNONHSAG019814', 'lNONHSAG019848', 'lNONHSAG019852', 'lNONHSAG019878', 'lNONHSAG019898', 'lNONHSAG019967', 'lNONHSAG020053', 'lNONHSAG020066', 'lNONHSAG020068', 'lNONHSAG020075', 'lNONHSAG020091', 'lNONHSAG020107', 'lNONHSAG020155', 'lNONHSAG020218', 'lNONHSAG020223', 'lNONHSAG020252', 'lNONHSAG020259', 'lNONHSAG020260', 'lNONHSAG020273', 'lNONHSAG020274', 'lNONHSAG020277', 'lNONHSAG020278', 'lNONHSAG020281', 'lNONHSAG020298', 'lNONHSAG020304', 'lNONHSAG020307', 'lNONHSAG020312', 'lNONHSAG020321', 'lNONHSAG020325', 'lNONHSAG020361', 'lNONHSAG020367', 'lNONHSAG020372', 'lNONHSAG020374', 'lNONHSAG020382', 'lNONHSAG020403', 'lNONHSAG020474', 'lNONHSAG020476', 'lNONHSAG020616', 'lNONHSAG020729', 'lNONHSAG020755', 'lNONHSAG020759', 'lNONHSAG020760', 'lNONHSAG020762', 'lNONHSAG020869', 'lNONHSAG020957', 'lNONHSAG020990', 'lNONHSAG021042', 'lNONHSAG021072', 'lNONHSAG021309', 'lNONHSAG021335', 'lNONHSAG021342', 'lNONHSAG021370', 'lNONHSAG021390', 'lNONHSAG021400', 'lNONHSAG021408', 'lNONHSAG021410', 'lNONHSAG021431', 'lNONHSAG021432', 'lNONHSAG021433', 'lNONHSAG021557', 'lNONHSAG021566', 'lNONHSAG021567', 'lNONHSAG021584', 'lNONHSAG021638', 'lNONHSAG021641', 'lNONHSAG021698', 'lNONHSAG021760', 'lNONHSAG021780', 'lNONHSAG021820', 'lNONHSAG021846', 'lNONHSAG021874', 'lNONHSAG021882', 'lNONHSAG021893', 'lNONHSAG021909', 'lNONHSAG021976', 'lNONHSAG021981', 'lNONHSAG022009', 'lNONHSAG022030', 'lNONHSAG022058', 'lNONHSAG022088', 'lNONHSAG022094', 'lNONHSAG022103', 'lNONHSAG022125', 'lNONHSAG022127', 'lNONHSAG022162', 'lNONHSAG022311', 'lNONHSAG022327', 'lNONHSAG022328', 'lNONHSAG022335', 'lNONHSAG022339', 'lNONHSAG022495', 'lNONHSAG022510', 'lNONHSAG022551', 'lNONHSAG022579', 'lNONHSAG022595', 'lNONHSAG022597', 'lNONHSAG022655', 'lNONHSAG022690', 'lNONHSAG022743', 'lNONHSAG022806', 'lNONHSAG022836', 'lNONHSAG022845', 'lNONHSAG022851', 'lNONHSAG022893', 'lNONHSAG022965', 'lNONHSAG022972', 'lNONHSAG022980', 'lNONHSAG022982', 'lNONHSAG023049', 'lNONHSAG023051', 'lNONHSAG023073', 'lNONHSAG023175', 'lNONHSAG023237', 'lNONHSAG023375', 'lNONHSAG023387', 'lNONHSAG023392', 'lNONHSAG023494', 'lNONHSAG023512', 'lNONHSAG023553', 'lNONHSAG023579', 'lNONHSAG023598', 'lNONHSAG023607', 'lNONHSAG023630', 'lNONHSAG023633', 'lNONHSAG023635', 'lNONHSAG023661', 'lNONHSAG023668', 'lNONHSAG023740', 'lNONHSAG023837', 'lNONHSAG023864', 'lNONHSAG023885', 'lNONHSAG023888', 'lNONHSAG023964', 'lNONHSAG024117', 'lNONHSAG024141', 'lNONHSAG024146', 'lNONHSAG024171', 'lNONHSAG024224', 'lNONHSAG024244', 'lNONHSAG024282', 'lNONHSAG024332', 'lNONHSAG024341', 'lNONHSAG024354', 'lNONHSAG024361', 'lNONHSAG024362', 'lNONHSAG024364', 'lNONHSAG024381', 'lNONHSAG024391', 'lNONHSAG024393', 'lNONHSAG024428', 'lNONHSAG024540', 'lNONHSAG024542', 'lNONHSAG024637', 'lNONHSAG024668', 'lNONHSAG024671', 'lNONHSAG024676', 'lNONHSAG024741', 'lNONHSAG024810', 'lNONHSAG024818', 'lNONHSAG024826', 'lNONHSAG024905', 'lNONHSAG024908', 'lNONHSAG024913', 'lNONHSAG024921', 'lNONHSAG024923', 'lNONHSAG024925', 'lNONHSAG024979', 'lNONHSAG025011', 'lNONHSAG025135', 'lNONHSAG025137', 'lNONHSAG025157', 'lNONHSAG025185', 'lNONHSAG025352', 'lNONHSAG025483', 'lNONHSAG025485', 'lNONHSAG025712', 'lNONHSAG025744', 'lNONHSAG025864', 'lNONHSAG025865', 'lNONHSAG025867', 'lNONHSAG025907', 'lNONHSAG025934', 'lNONHSAG025939', 'lNONHSAG025964', 'lNONHSAG025997', 'lNONHSAG026053', 'lNONHSAG026089', 'lNONHSAG026091', 'lNONHSAG026103', 'lNONHSAG026153', 'lNONHSAG026176', 'lNONHSAG026205', 'lNONHSAG026364', 'lNONHSAG026386', 'lNONHSAG026575', 'lNONHSAG026599', 'lNONHSAG026631', 'lNONHSAG026720', 'lNONHSAG026721', 'lNONHSAG026743', 'lNONHSAG026781', 'lNONHSAG026794', 'lNONHSAG026852', 'lNONHSAG026854', 'lNONHSAG026856', 'lNONHSAG027017', 'lNONHSAG027075', 'lNONHSAG027110', 'lNONHSAG027276', 'lNONHSAG027278', 'lNONHSAG027323', 'lNONHSAG027342', 'lNONHSAG027374', 'lNONHSAG027482', 'lNONHSAG027598', 'lNONHSAG027618', 'lNONHSAG027682', 'lNONHSAG027692', 'lNONHSAG027694', 'lNONHSAG027709', 'lNONHSAG027837', 'lNONHSAG027874', 'lNONHSAG027876', 'lNONHSAG028045', 'lNONHSAG028083', 'lNONHSAG028112', 'lNONHSAG028141', 'lNONHSAG028142', 'lNONHSAG028403', 'lNONHSAG028713', 'lNONHSAG028720', 'lNONHSAG028817', 'lNONHSAG028820', 'lNONHSAG028857', 'lNONHSAG028870', 'lNONHSAG028913', 'lNONHSAG028918', 'lNONHSAG028948', 'lNONHSAG029033', 'lNONHSAG029080', 'lNONHSAG029124', 'lNONHSAG029312', 'lNONHSAG029336', 'lNONHSAG029377', 'lNONHSAG029467', 'lNONHSAG029668', 'lNONHSAG029792', 'lNONHSAG029830', 'lNONHSAG029880', 'lNONHSAG029933', 'lNONHSAG029956', 'lNONHSAG029957', 'lNONHSAG029958', 'lNONHSAG029959', 'lNONHSAG029960', 'lNONHSAG029961', 'lNONHSAG029962', 'lNONHSAG029965', 'lNONHSAG029985', 'lNONHSAG030113', 'lNONHSAG030129', 'lNONHSAG030244', 'lNONHSAG030258', 'lNONHSAG030278', 'lNONHSAG030279', 'lNONHSAG030304', 'lNONHSAG030333', 'lNONHSAG030410', 'lNONHSAG030440', 'lNONHSAG030487', 'lNONHSAG030516', 'lNONHSAG030525', 'lNONHSAG030582', 'lNONHSAG030583', 'lNONHSAG030738', 'lNONHSAG030739', 'lNONHSAG030742', 'lNONHSAG031025', 'lNONHSAG031123', 'lNONHSAG031261', 'lNONHSAG031385', 'lNONHSAG031425', 'lNONHSAG031452', 'lNONHSAG031453', 'lNONHSAG031456', 'lNONHSAG031481', 'lNONHSAG031563', 'lNONHSAG031565', 'lNONHSAG031584', 'lNONHSAG031636', 'lNONHSAG031696', 'lNONHSAG031853', 'lNONHSAG031900', 'lNONHSAG031913', 'lNONHSAG031991', 'lNONHSAG032063', 'lNONHSAG032126', 'lNONHSAG032247', 'lNONHSAG032267', 'lNONHSAG032297', 'lNONHSAG032309', 'lNONHSAG032312', 'lNONHSAG032537', 'lNONHSAG032560', 'lNONHSAG032664', 'lNONHSAG032682', 'lNONHSAG032724', 'lNONHSAG032735', 'lNONHSAG032737', 'lNONHSAG032748', 'lNONHSAG032750', 'lNONHSAG033027', 'lNONHSAG033061', 'lNONHSAG033100', 'lNONHSAG033105', 'lNONHSAG033107', 'lNONHSAG033121', 'lNONHSAG033168', 'lNONHSAG033170', 'lNONHSAG033216', 'lNONHSAG033224', 'lNONHSAG033254', 'lNONHSAG033263', 'lNONHSAG033266', 'lNONHSAG033298', 'lNONHSAG033334', 'lNONHSAG033348', 'lNONHSAG033352', 'lNONHSAG033386', 'lNONHSAG033435', 'lNONHSAG033459', 'lNONHSAG033480', 'lNONHSAG033528', 'lNONHSAG033589', 'lNONHSAG033645', 'lNONHSAG033691', 'lNONHSAG033716', 'lNONHSAG033735', 'lNONHSAG033748', 'lNONHSAG033810', 'lNONHSAG033862', 'lNONHSAG033896', 'lNONHSAG033898', 'lNONHSAG033899', 'lNONHSAG033937', 'lNONHSAG033940', 'lNONHSAG034021', 'lNONHSAG034217', 'lNONHSAG034316', 'lNONHSAG034417', 'lNONHSAG034418', 'lNONHSAG034492', 'lNONHSAG034508', 'lNONHSAG034527', 'lNONHSAG034676', 'lNONHSAG034678', 'lNONHSAG034801', 'lNONHSAG034845', 'lNONHSAG034846', 'lNONHSAG034935', 'lNONHSAG034973', 'lNONHSAG035096', 'lNONHSAG035103', 'lNONHSAG035262', 'lNONHSAG035287', 'lNONHSAG035456', 'lNONHSAG035531', 'lNONHSAG035568', 'lNONHSAG035914', 'lNONHSAG035916', 'lNONHSAG035919', 'lNONHSAG035923', 'lNONHSAG036047', 'lNONHSAG036054', 'lNONHSAG036115', 'lNONHSAG036255', 'lNONHSAG036263', 'lNONHSAG036273', 'lNONHSAG036403', 'lNONHSAG036407', 'lNONHSAG036412', 'lNONHSAG036413', 'lNONHSAG036612', 'lNONHSAG036615', 'lNONHSAG036866', 'lNONHSAG036922', 'lNONHSAG036926', 'lNONHSAG037025', 'lNONHSAG037061', 'lNONHSAG037072', 'lNONHSAG037073', 'lNONHSAG037080', 'lNONHSAG037082', 'lNONHSAG037083', 'lNONHSAG037096', 'lNONHSAG037137', 'lNONHSAG037146', 'lNONHSAG037164', 'lNONHSAG037241', 'lNONHSAG037348', 'lNONHSAG037420', 'lNONHSAG037559', 'lNONHSAG037827', 'lNONHSAG037891', 'lNONHSAG037936', 'lNONHSAG037946', 'lNONHSAG038001', 'lNONHSAG038060', 'lNONHSAG038091', 'lNONHSAG038162', 'lNONHSAG038343', 'lNONHSAG038344', 'lNONHSAG038397', 'lNONHSAG038502', 'lNONHSAG038561', 'lNONHSAG038578', 'lNONHSAG038663', 'lNONHSAG038675', 'lNONHSAG038682', 'lNONHSAG038836', 'lNONHSAG039037', 'lNONHSAG039038', 'lNONHSAG039147', 'lNONHSAG039293', 'lNONHSAG039295', 'lNONHSAG039319', 'lNONHSAG039617', 'lNONHSAG039620', 'lNONHSAG039634', 'lNONHSAG039637', 'lNONHSAG039654', 'lNONHSAG039664', 'lNONHSAG039669', 'lNONHSAG039749', 'lNONHSAG039872', 'lNONHSAG039951', 'lNONHSAG040179', 'lNONHSAG040241', 'lNONHSAG040269', 'lNONHSAG040329', 'lNONHSAG040444', 'lNONHSAG040481', 'lNONHSAG040542', 'lNONHSAG040544', 'lNONHSAG040560', 'lNONHSAG040601', 'lNONHSAG040692', 'lNONHSAG040700', 'lNONHSAG040729', 'lNONHSAG040804', 'lNONHSAG040859', 'lNONHSAG040909', 'lNONHSAG040945', 'lNONHSAG040958', 'lNONHSAG040969', 'lNONHSAG040976', 'lNONHSAG041017', 'lNONHSAG041023', 'lNONHSAG041250', 'lNONHSAG041256', 'lNONHSAG041257', 'lNONHSAG041480', 'lNONHSAG041528', 'lNONHSAG041529', 'lNONHSAG041592', 'lNONHSAG041670', 'lNONHSAG041707', 'lNONHSAG041716', 'lNONHSAG041883', 'lNONHSAG041938', 'lNONHSAG041966', 'lNONHSAG042033', 'lNONHSAG042050', 'lNONHSAG042062', 'lNONHSAG042080', 'lNONHSAG042132', 'lNONHSAG042138', 'lNONHSAG042218', 'lNONHSAG042257', 'lNONHSAG042270', 'lNONHSAG042306', 'lNONHSAG042307', 'lNONHSAG042433', 'lNONHSAG042476', 'lNONHSAG042491', 'lNONHSAG042722', 'lNONHSAG042724', 'lNONHSAG042855', 'lNONHSAG042957', 'lNONHSAG042966', 'lNONHSAG042970', 'lNONHSAG042991', 'lNONHSAG043138', 'lNONHSAG043159', 'lNONHSAG043229', 'lNONHSAG043250', 'lNONHSAG043303', 'lNONHSAG043433', 'lNONHSAG043550', 'lNONHSAG043592', 'lNONHSAG043625', 'lNONHSAG043657', 'lNONHSAG043770', 'lNONHSAG043851', 'lNONHSAG043934', 'lNONHSAG044022', 'lNONHSAG044041', 'lNONHSAG044064', 'lNONHSAG044283', 'lNONHSAG044350', 'lNONHSAG044406', 'lNONHSAG044429', 'lNONHSAG044533', 'lNONHSAG044624', 'lNONHSAG044666', 'lNONHSAG044709', 'lNONHSAG044791', 'lNONHSAG045131', 'lNONHSAG045160', 'lNONHSAG045163', 'lNONHSAG045166', 'lNONHSAG045306', 'lNONHSAG045383', 'lNONHSAG045430', 'lNONHSAG046722', 'lNONHSAG046730', 'lNONHSAG046765', 'lNONHSAG046781', 'lNONHSAG046811', 'lNONHSAG046839', 'lNONHSAG047182', 'lNONHSAG047197', 'lNONHSAG047260', 'lNONHSAG047463', 'lNONHSAG047469', 'lNONHSAG047507', 'lNONHSAG047543', 'lNONHSAG047544', 'lNONHSAG047547', 'lNONHSAG047619', 'lNONHSAG047620', 'lNONHSAG047725', 'lNONHSAG047796', 'lNONHSAG047830', 'lNONHSAG047840', 'lNONHSAG047851', 'lNONHSAG047951', 'lNONHSAG047973', 'lNONHSAG047974', 'lNONHSAG048057', 'lNONHSAG048101', 'lNONHSAG048114', 'lNONHSAG048189', 'lNONHSAG048191', 'lNONHSAG048201', 'lNONHSAG048231', 'lNONHSAG048270', 'lNONHSAG048302', 'lNONHSAG048323', 'lNONHSAG048354', 'lNONHSAG048439', 'lNONHSAG048464', 'lNONHSAG048598', 'lNONHSAG048602', 'lNONHSAG048603', 'lNONHSAG048610', 'lNONHSAG048623', 'lNONHSAG048624', 'lNONHSAG048626', 'lNONHSAG048641', 'lNONHSAG048682', 'lNONHSAG048695', 'lNONHSAG048781', 'lNONHSAG048817', 'lNONHSAG049037', 'lNONHSAG049050', 'lNONHSAG049051', 'lNONHSAG049129', 'lNONHSAG049157', 'lNONHSAG049185', 'lNONHSAG049288', 'lNONHSAG049303', 'lNONHSAG049421', 'lNONHSAG049507', 'lNONHSAG049626', 'lNONHSAG049754', 'lNONHSAG049801', 'lNONHSAG049901', 'lNONHSAG050073', 'lNONHSAG050104', 'lNONHSAG050167', 'lNONHSAG050168', 'lNONHSAG050272', 'lNONHSAG050273', 'lNONHSAG050284', 'lNONHSAG050345', 'lNONHSAG050423', 'lNONHSAG050670', 'lNONHSAG050725', 'lNONHSAG050769', 'lNONHSAG050786', 'lNONHSAG050815', 'lNONHSAG050929', 'lNONHSAG051010', 'lNONHSAG051166', 'lNONHSAG051196', 'lNONHSAG051245', 'lNONHSAG051250', 'lNONHSAG051260', 'lNONHSAG051266', 'lNONHSAG051291', 'lNONHSAG051448', 'lNONHSAG051454', 'lNONHSAG051484', 'lNONHSAG051514', 'lNONHSAG051517', 'lNONHSAG051567', 'lNONHSAG051568', 'lNONHSAG051603', 'lNONHSAG051770', 'lNONHSAG051898', 'lNONHSAG051958', 'lNONHSAG052046', 'lNONHSAG052082', 'lNONHSAG052097', 'lNONHSAG052119', 'lNONHSAG052149', 'lNONHSAG052151', 'lNONHSAG052179', 'lNONHSAG052454', 'lNONHSAG052459', 'lNONHSAG052491', 'lNONHSAG052492', 'lNONHSAG052495', 'lNONHSAG052510', 'lNONHSAG052511', 'lNONHSAG052609', 'lNONHSAG052680', 'lNONHSAG052686', 'lNONHSAG052726', 'lNONHSAG052853', 'lNONHSAG052908', 'lNONHSAG052925', 'lNONHSAG052929', 'lNONHSAG052933', 'lNONHSAG052943', 'lNONHSAG053007', 'lNONHSAG053014', 'lNONHSAG053028', 'lNONHSAG053033', 'lNONHSAG053082', 'lNONHSAG053162', 'lNONHSAG053228', 'lNONHSAG053419', 'lNONHSAG053499', 'lNONHSAG053500', 'lNONHSAG053546', 'lNONHSAG053590', 'lNONHSAG053602', 'lNONHSAG053716', 'lNONHSAG053719', 'lNONHSAG053748', 'lNONHSAG053796', 'lNONHSAG053802', 'lNONHSAG053842', 'lNONHSAG054024', 'lNONHSAG054212', 'lNONHSAG054213', 'lNONHSAG054214', 'lNONHSAG054215', 'lNONHSAG054216', 'lNONHSAG054301', 'lNONHSAG054360', 'lNONHSAG054432', 'lNONHSAG054699', 'lNONHSAG054716', 'lNONHSAG054717', 'lNONHSAG054718', 'lNONHSAG054780', 'lNONHSAG054791', 'lNONHSAG054807', 'lNONHSAG055008', 'lNONHSAG055088', 'lNONHSAG055092', 'lNONHSAG055151', 'lNONHSAG055258', 'lNONHSAG055350', 'lNONHSAG055418', 'lNONHSAG055450', 'lNONHSAG055546', 'lNONHSAG055558', 'lNONHSAG055565', 'lNONHSAG055577', 'lNONHSAG055582', 'lNONHSAG056025', 'lNONHSAG056029', 'lNONHSAG056053', 'lNONHSAG056451', 'lNONHSAG056733', 'lNONHSAG056746', 'lNONHSAG056868', 'lNONHSAG056875', 'lNONHSAG057043', 'lNONHSAG057222', 'lNONHSAG057260', 'lNONHSAG058006', 'lNONHSAG058109', 'lNONHSAG058112', 'lNONHSAG058118', 'lNONHSAG058128', 'lNONHSAG058533', 'lNONHSAG058967', 'lNONHSAG059768', 'lNONHSAG060586', 'lNONHSAG061096', 'lNONHSAG061404', 'lNONHSAG061492', 'lNONHSAG063700', 'lNONHSAG064784', 'lNONHSAG064962', 'lNONHSAG065252', 'lNONHSAG065364', 'lNONHSAG066253', 'lNONHSAG068402', 'lNONHSAG068639', 'lNONHSAG069030', 'lNONHSAG069147', 'lNONHSAG069277', 'lNONHSAG069876', 'lNONHSAG070257', 'lNONHSAG071444', 'lNONHSAG072176', 'lNONHSAG072945', 'lNONHSAG073380', 'lNONHSAG073406', 'lNONHSAG073419', 'lNONHSAG073786', 'lNONHSAG074052', 'lNONHSAG074661', 'lNONHSAG075363', 'lNONHSAG077475', 'lNONHSAG077527', 'lNONHSAG077551', 'lNONHSAG079231', 'lNONHSAG080772', 'lNONHSAG081227', 'lNONHSAG081583', 'lNONHSAG081993', 'lNONHSAG083209', 'lNONHSAG083289', 'lNONHSAG083615', 'lNONHSAG083859', 'lNONHSAG083883', 'lNONHSAG083894', 'lNONHSAG084701', 'lNONHSAG084832', 'lNONHSAG084937', 'lNONHSAG085975', 'lNONHSAG088562', 'lNONHSAG091116', 'lNONHSAG091284', 'lNONHSAG091452', 'lNONHSAG091943', 'lNONHSAG092907', 'lNONHSAG093064', 'lNONHSAG093078', 'lNONHSAG093517', 'lNONHSAG094075', 'lNONHSAG094129', 'lNONHSAG094269', 'lNONHSAG096130', 'lNONHSAG096227', 'lNONHSAG096230', 'lNONHSAG096627', 'lNONHSAG097344', 'lNONHSAG097347', 'lNONHSAG098653', 'lNONHSAG099082', 'lNONHSAG099120', 'lNONHSAG099126', 'lNONHSAG099774', 'lNONHSAG101725', 'lNONHSAG102572', 'lNONHSAG102979', 'lNONHSAG103259', 'lNONHSAG103457', 'lNONHSAG103817', 'lNONHSAG104186', 'lNONHSAG110420', 'lNONHSAG110858', 'lNONHSAG111667', 'lNONHSAG112396', 'lNONHSAG113761', 'lNONHSAG114445', 'lENSG00000103472', 'lENSG00000163364', 'lENSG00000171889', 'lENSG00000177410', 'lENSG00000179406', 'lENSG00000179523', 'lENSG00000189295', 'lENSG00000198221', 'lENSG00000198468', 'lENSG00000203497', 'lENSG00000205611', 'lENSG00000223764', 'lENSG00000223783', 'lENSG00000224057', 'lENSG00000224078', 'lENSG00000224614', 'lENSG00000225470', 'lENSG00000225506', 'lENSG00000225855', 'lENSG00000226115', 'lENSG00000226137', 'lENSG00000227256', 'lENSG00000227963', 'lENSG00000228022', 'lENSG00000229267', 'lENSG00000229335', 'lENSG00000229388', 'lENSG00000230046', 'lENSG00000230061', 'lENSG00000230257', 'lENSG00000230313', 'lENSG00000230400', 'lENSG00000230866', 'lENSG00000231019', 'lENSG00000231437', 'lENSG00000231473', 'lENSG00000231663', 'lENSG00000232265', 'lENSG00000232415', 'lENSG00000232442', 'lENSG00000232500', 'lENSG00000233047', 'lENSG00000233387', 'lENSG00000233532', 'lENSG00000234169', 'lENSG00000234222', 'lENSG00000234455', 'lENSG00000234546', 'lENSG00000234625', 'lENSG00000235385', 'lENSG00000235724', 'lENSG00000236240', 'lENSG00000236535', 'lENSG00000236671', 'lENSG00000237167', 'lENSG00000237396', 'lENSG00000237880', 'lENSG00000241388', 'lENSG00000242207', 'lENSG00000243479', 'lENSG00000244124', 'lENSG00000245067', 'lENSG00000245146', 'lENSG00000245614', 'lENSG00000246560', 'lENSG00000247095', 'lENSG00000247373', 'lENSG00000247400', 'lENSG00000247498', 'lENSG00000249532', 'lENSG00000249786', 'lENSG00000249835', 'lENSG00000249993', 'lENSG00000251003', 'lENSG00000251061', 'lENSG00000253315', 'lENSG00000254418', 'lENSG00000254480', 'lENSG00000254508', 'lENSG00000254635', 'lENSG00000254791', 'lENSG00000255363', 'lENSG00000255427', 'lENSG00000255553', 'lENSG00000255850', 'lENSG00000256742', 'lENSG00000256769', 'lENSG00000257084', 'lENSG00000257557', 'lENSG00000258197', 'lENSG00000258912', 'lENSG00000259289', 'lENSG00000259424', 'lENSG00000260219', 'lENSG00000260280', 'lENSG00000260455', 'lENSG00000260924', 'lENSG00000260969', 'lENSG00000261183', 'lENSG00000261423', 'lENSG00000261780', 'lENSG00000263718', 'lENSG00000265374', 'lENSG00000266402', 'lENSG00000266970', 'lENSG00000267296', 'lENSG00000267321', 'lENSG00000267395', 'lENSG00000267413', 'lENSG00000267440', 'lENSG00000267858', 'lENSG00000269019', 'lENSG00000269911', 'lENSG00000269939', 'lENSG00000270084', 'lENSG00000270344', 'lENSG00000270959', 'lENSG00000272769', 'lENSG00000274372', 'lENSG00000278709', 'lENSG00000278970', 'lENSG00000279296', 'lENSG00000281189', 'lENSG00000285644', 'lENSG00000286004', 'lENSG00000286737', 'lENSG00000288080', 'lENSG00000224167', 'lENSG00000224739', 'lA1BG-AS1', 'lADAMTS9-AS2', 'lANKRD62P1-PARP4P3', 'lAQP4-AS1', 'lASMTL-AS1', 'lCCAT2', 'lCDKN2B-AS1', 'lCRNDE', 'lDGKK', 'lDLX6-AS1', 'lEGOT', 'lFEZF1-AS1', 'lGATA3-AS1', 'lGATA6-AS1', 'lGHET1', 'lHEIH', 'lHOXA-AS3', 'lINHBA-AS1', 'lJRK', 'lKCTD21-AS1', 'lKTN1-AS1', 'lLAMTOR5-AS1', 'lLBX2-AS1', 'lLINC00173', 'lLINC00174', 'lLINC00240', 'lLINC00333', 'lLINC00472', 'lLPP-AS2', 'lMEG3', 'lMIR181A1HG', 'lMIR31HG', 'lMYLK-AS1', 'lPANDAR', 'lPCGEM1', 'lPVT1', 'lRHPN1-AS1', 'lSNHG15', 'lSNX29P2', 'lTEN1-CDK3', 'lTPTEP1', 'lTRAM2-AS1', 'lVCAN-AS1', 'lZNF286B', 'lZNF503-AS2', 'lLINC00461', 'lLINC00514', 'lSLC2A1-AS1', 'lSRP14-AS1', 'lAC007009.1', 'lPWAR6', 'lAC004840.8', 'lAC061992.2', 'lAC103564.7', 'lAC135048.13', 'lAC137723.5', 'lAC137932.5', 'lAL928742.12', 'lAP001058.3', 'lCTB-60B18.10', 'lCTB-91J4.1', 'lCTC-338M12.2', 'lCTD-2195B23.3', 'lCTD-2540L5.5', 'lLA16c-321D4.2', 'lLA16c-380H5.3', 'lLL22NC03-23C6.13', 'lRP1-283E3.8', 'lRP11-100F15.1', 'lRP11-104E19.1', 'lRP11-108M9.3', 'lRP11-123O10.4', 'lRP11-137H2.4', 'lRP11-197N18.2', 'lRP11-21J18.1', 'lRP11-227H15.4', 'lRP11-243J18.2', 'lRP11-24P14.1', 'lRP11-264B17.3', 'lRP11-276H7.2', 'lRP11-2C24.4', 'lRP11-305P14.1', 'lRP11-439K3.1', 'lRP11-467J12.4', 'lRP11-49K24.4', 'lRP11-514P8.8', 'lRP11-54O7.3', 'lRP11-680A11.5', 'lRP4-756H11.3', 'lRP4-790G17.7', 'lRP5-1061H20.4', 'lRP5-1074L1.1', 'lRP5-1160K1.8', 'lXXbac-B444P24.8', 'lXXbac-BPG300A18.13', 'lAC018766.4', 'lCTD-2231H16.1', 'lHNRNPU-AS1', 'lRP11-429J17.8', 'lRP11-672A2.1', 'lRP5-1063M23.1', 'lRP11-495P10.8', 'lCTA-250D10.23', 'lRP4-610C12.4', 'lLINC00035', 'lRP11-408H20.2', 'lNONHSAG000157', 'lNONHSAG000265', 'lNONHSAG000297', 'lNONHSAG000298', 'lNONHSAG000623', 'lNONHSAG000636', 'lNONHSAG000677', 'lNONHSAG000896', 'lNONHSAG000969', 'lNONHSAG000994', 'lNONHSAG001014', 'lNONHSAG001028', 'lNONHSAG001030', 'lNONHSAG001033', 'lNONHSAG001171', 'lNONHSAG001207', 'lNONHSAG001240', 'lNONHSAG001258', 'lNONHSAG001435', 'lNONHSAG001613', 'lNONHSAG002403', 'lNONHSAG002487', 'lNONHSAG002619', 'lNONHSAG002726', 'lNONHSAG002790', 'lNONHSAG002816', 'lNONHSAG003227', 'lNONHSAG003308', 'lNONHSAG003418', 'lNONHSAG003459', 'lNONHSAG003810', 'lNONHSAG004227', 'lNONHSAG004351', 'lNONHSAG004475', 'lNONHSAG004507', 'lNONHSAG004638', 'lNONHSAG004893', 'lNONHSAG005249', 'lNONHSAG005363', 'lNONHSAG005473', 'lNONHSAG005522', 'lNONHSAG005652', 'lNONHSAG005679', 'lNONHSAG005690', 'lNONHSAG005717', 'lNONHSAG005727', 'lNONHSAG005739', 'lNONHSAG005740', 'lNONHSAG005746', 'lNONHSAG005747', 'lNONHSAG005760', 'lNONHSAG005761', 'lNONHSAG005769', 'lNONHSAG005789', 'lNONHSAG005797', 'lNONHSAG005809', 'lNONHSAG005830', 'lNONHSAG005842', 'lNONHSAG005852', 'lNONHSAG005853', 'lNONHSAG005856', 'lNONHSAG005857', 'lNONHSAG005867', 'lNONHSAG005870', 'lNONHSAG005885', 'lNONHSAG005901', 'lNONHSAG005915', 'lNONHSAG005936', 'lNONHSAG005939', 'lNONHSAG005985', 'lNONHSAG005986', 'lNONHSAG006012', 'lNONHSAG006022', 'lNONHSAG006078', 'lNONHSAG006086', 'lNONHSAG006091', 'lNONHSAG006097', 'lNONHSAG006103', 'lNONHSAG006166', 'lNONHSAG006183', 'lNONHSAG006186', 'lNONHSAG006187', 'lNONHSAG006188', 'lNONHSAG006206', 'lNONHSAG006220', 'lNONHSAG006221', 'lNONHSAG006235', 'lNONHSAG006274', 'lNONHSAG006279', 'lNONHSAG006290', 'lNONHSAG006293', 'lNONHSAG006300', 'lNONHSAG006314', 'lNONHSAG006324', 'lNONHSAG006376', 'lNONHSAG006377', 'lNONHSAG006382', 'lNONHSAG006388', 'lNONHSAG006395', 'lNONHSAG006399', 'lNONHSAG006405', 'lNONHSAG006407', 'lNONHSAG006412', 'lNONHSAG006415', 'lNONHSAG006434', 'lNONHSAG006440', 'lNONHSAG006450', 'lNONHSAG006459', 'lNONHSAG006479', 'lNONHSAG006487', 'lNONHSAG006493', 'lNONHSAG006507', 'lNONHSAG006527', 'lNONHSAG006536', 'lNONHSAG006551', 'lNONHSAG006554', 'lNONHSAG006555', 'lNONHSAG006557', 'lNONHSAG006573', 'lNONHSAG006576', 'lNONHSAG006579', 'lNONHSAG006581', 'lNONHSAG006586', 'lNONHSAG006591', 'lNONHSAG006602', 'lNONHSAG006646', 'lNONHSAG006653', 'lNONHSAG006669', 'lNONHSAG006716', 'lNONHSAG006750', 'lNONHSAG006765', 'lNONHSAG006779', 'lNONHSAG006808', 'lNONHSAG006830', 'lNONHSAG006832', 'lNONHSAG006837', 'lNONHSAG006855', 'lNONHSAG006863', 'lNONHSAG006883', 'lNONHSAG006889', 'lNONHSAG006894', 'lNONHSAG006897', 'lNONHSAG006909', 'lNONHSAG006922', 'lNONHSAG006967', 'lNONHSAG006970', 'lNONHSAG006976', 'lNONHSAG007000', 'lNONHSAG007008', 'lNONHSAG007020', 'lNONHSAG007031', 'lNONHSAG007035', 'lNONHSAG007065', 'lNONHSAG007087', 'lNONHSAG007093', 'lNONHSAG007103', 'lNONHSAG007118', 'lNONHSAG007123', 'lNONHSAG007129', 'lNONHSAG007139', 'lNONHSAG007155', 'lNONHSAG007166', 'lNONHSAG007172', 'lNONHSAG007203', 'lNONHSAG007222', 'lNONHSAG007225', 'lNONHSAG007242', 'lNONHSAG007259', 'lNONHSAG007268', 'lNONHSAG007278', 'lNONHSAG007286', 'lNONHSAG007298', 'lNONHSAG007414', 'lNONHSAG007419', 'lNONHSAG007429', 'lNONHSAG007488', 'lNONHSAG007507', 'lNONHSAG007531', 'lNONHSAG007533', 'lNONHSAG007543', 'lNONHSAG007554', 'lNONHSAG007563', 'lNONHSAG007574', 'lNONHSAG007578', 'lNONHSAG007599', 'lNONHSAG007632', 'lNONHSAG007638', 'lNONHSAG007730', 'lENSG00000083622', 'lENSG00000105501', 'lENSG00000122043', 'lENSG00000149443', 'lENSG00000167920', 'lENSG00000175746', 'lENSG00000177596', 'lENSG00000178248', 'lENSG00000197644', 'lENSG00000197880', 'lENSG00000198054', 'lENSG00000198671', 'lENSG00000203307', 'lENSG00000203469', 'lENSG00000203472', 'lENSG00000203565', 'lENSG00000203605', 'lENSG00000203864', 'lENSG00000204393', 'lENSG00000204464', 'lENSG00000205018', 'lENSG00000205452', 'lENSG00000205500', 'lENSG00000212856', 'lENSG00000219410', 'lENSG00000221845', 'lENSG00000222000', 'lENSG00000222044', 'lENSG00000223374', 'lENSG00000223381', 'lENSG00000223387', 'lENSG00000223400', 'lENSG00000223537', 'lENSG00000223563', 'lENSG00000223598', 'lENSG00000223634', 'lENSG00000223641', 'lENSG00000223643', 'lENSG00000223647', 'lENSG00000223720', 'lENSG00000223727', 'lENSG00000223786', 'lENSG00000223809', 'lENSG00000223831', 'lENSG00000223870', 'lENSG00000223881', 'lENSG00000223966', 'lENSG00000223993', 'lENSG00000224031', 'lENSG00000224075', 'lENSG00000224087', 'lENSG00000224095', 'lENSG00000224220', 'lENSG00000224277', 'lENSG00000224330', 'lENSG00000224384', 'lENSG00000224500', 'lENSG00000224535', 'lENSG00000224541', 'lENSG00000224549', 'lENSG00000224645', 'lENSG00000224794', 'lENSG00000224821', 'lENSG00000224844', 'lENSG00000224857', 'lENSG00000224885', 'lENSG00000224922', 'lENSG00000224972', 'lENSG00000225012', 'lENSG00000225050', 'lENSG00000225129', 'lENSG00000225218', 'lENSG00000225325', 'lENSG00000225378', 'lENSG00000225457', 'lENSG00000225537', 'lENSG00000225570', 'lENSG00000225588', 'lENSG00000225647', 'lENSG00000225750', 'lENSG00000225751', 'lENSG00000225761', 'lENSG00000225798', 'lENSG00000225886', 'lENSG00000225919', 'lENSG00000225929', 'lENSG00000226047', 'lENSG00000226089', 'lENSG00000226133', 'lENSG00000226143', 'lENSG00000226193', 'lENSG00000226194', 'lENSG00000226238', 'lENSG00000226323', 'lENSG00000226337', 'lENSG00000226352', 'lENSG00000226398', 'lENSG00000226454', 'lENSG00000226486', 'lENSG00000226508', 'lENSG00000226522', 'lENSG00000226542', 'lENSG00000226562', 'lENSG00000226566', 'lENSG00000226576', 'lENSG00000226601', 'lENSG00000226647', 'lENSG00000226699', 'lENSG00000226770', 'lENSG00000226813', 'lENSG00000226883', 'lENSG00000226925', 'lENSG00000226956', 'lENSG00000226957', 'lENSG00000227075', 'lENSG00000227076', 'lENSG00000227125', 'lENSG00000227131', 'lENSG00000227181', 'lENSG00000227197', 'lENSG00000227330', 'lENSG00000227360', 'lENSG00000227409', 'lENSG00000227482', 'lENSG00000227496', 'lENSG00000227509', 'lENSG00000227512', 'lENSG00000227549', 'lENSG00000227579', 'lENSG00000227606', 'lENSG00000227611', 'lENSG00000227680', 'lENSG00000227716', 'lENSG00000227718', 'lENSG00000227769', 'lENSG00000227863', 'lENSG00000227893', 'lENSG00000227930', 'lENSG00000227960', 'lENSG00000228028', 'lENSG00000228082', 'lENSG00000228108', 'lENSG00000228136', 'lENSG00000228170', 'lENSG00000228215', 'lENSG00000228261', 'lENSG00000228272', 'lENSG00000228351', 'lENSG00000228372', 'lENSG00000228383', 'lENSG00000228470', 'lENSG00000228485', 'lENSG00000228548', 'lENSG00000228596', 'lENSG00000228627', 'lENSG00000228804', 'lENSG00000228826', 'lENSG00000228852', 'lENSG00000228950', 'lENSG00000229152', 'lENSG00000229162', 'lENSG00000229167', 'lENSG00000229190', 'lENSG00000229224', 'lENSG00000229283', 'lENSG00000229297', 'lENSG00000229331', 'lENSG00000229370', 'lENSG00000229379', 'lENSG00000229444', 'lENSG00000229457', 'lENSG00000229487', 'lENSG00000229498', 'lENSG00000229502', 'lENSG00000229528', 'lENSG00000229531', 'lENSG00000229673', 'lENSG00000229679', 'lENSG00000229688', 'lENSG00000229848', 'lENSG00000229851', 'lENSG00000229953', 'lENSG00000229999', 'lENSG00000230010', 'lENSG00000230065', 'lENSG00000230105', 'lENSG00000230109', 'lENSG00000230121', 'lENSG00000230131', 'lENSG00000230153', 'lENSG00000230155', 'lENSG00000230190', 'lENSG00000230197', 'lENSG00000230212', 'lENSG00000230233', 'lENSG00000230234', 'lENSG00000230323', 'lENSG00000230432', 'lENSG00000230483', 'lENSG00000230499', 'lENSG00000230599', 'lENSG00000230668', 'lENSG00000230735', 'lENSG00000230741', 'lENSG00000230759', 'lENSG00000230790', 'lENSG00000230794', 'lENSG00000230826', 'lENSG00000230830', 'lENSG00000230912', 'lENSG00000230918', 'lENSG00000230972', 'lENSG00000231081', 'lENSG00000231082', 'lENSG00000231092', 'lENSG00000231102', 'lENSG00000231114', 'lENSG00000231143', 'lENSG00000231253', 'lENSG00000231272', 'lENSG00000231407', 'lENSG00000231413', 'lENSG00000231440', 'lENSG00000231492', 'lENSG00000231496', 'lENSG00000231597', 'lENSG00000231678', 'lENSG00000231681', 'lENSG00000231724', 'lENSG00000231772', 'lENSG00000231781', 'lENSG00000231912', 'lENSG00000231937', 'lENSG00000231964', 'lENSG00000232031', 'lENSG00000232058', 'lENSG00000232072', 'lENSG00000232086', 'lENSG00000232192', 'lENSG00000232197', 'lENSG00000232286', 'lENSG00000232310', 'lENSG00000232328', 'lENSG00000232335', 'lENSG00000232359', 'lENSG00000232363', 'lENSG00000232396', 'lENSG00000232451', 'lENSG00000232464', 'lENSG00000232465', 'lENSG00000232564', 'lENSG00000232596', 'lENSG00000232604', 'lENSG00000232710', 'lENSG00000232719', 'lENSG00000232746', 'lENSG00000232806', 'lENSG00000232893', 'lENSG00000232895', 'lENSG00000232930', 'lENSG00000232939', 'lENSG00000232964', 'lENSG00000233070', 'lENSG00000233178', 'lENSG00000233179', 'lENSG00000233219', 'lENSG00000233222', 'lENSG00000233330', 'lENSG00000233339', 'lENSG00000233407', 'lENSG00000233472', 'lENSG00000233479', 'lENSG00000233534', 'lENSG00000233574', 'lENSG00000233581', 'lENSG00000233613', 'lENSG00000233625', 'lENSG00000233656', 'lENSG00000233665', 'lENSG00000233689', 'lENSG00000233706', 'lENSG00000233851', 'lENSG00000233891', 'lENSG00000233953', 'lENSG00000233960', 'lENSG00000233969', 'lENSG00000233985', 'lENSG00000234021', 'lENSG00000234055', 'lENSG00000234117', 'lENSG00000234149', 'lENSG00000234160', 'lENSG00000234172', 'lENSG00000234191', 'lENSG00000234504', 'lENSG00000234622', 'lENSG00000234626', 'lENSG00000234653', 'lENSG00000234690', 'lENSG00000234693', 'lENSG00000234714', 'lENSG00000234756', 'lENSG00000234860', 'lENSG00000234900', 'lENSG00000234953', 'lENSG00000234961', 'lENSG00000234979', 'lENSG00000235035', 'lENSG00000235050', 'lENSG00000235059', 'lENSG00000235086', 'lENSG00000235122', 'lENSG00000235168', 'lENSG00000235262', 'lENSG00000235435', 'lENSG00000235494', 'lENSG00000235503', 'lENSG00000235533', 'lENSG00000235628', 'lENSG00000235635', 'lENSG00000235637', 'lENSG00000235669', 'lENSG00000235786', 'lENSG00000235813', 'lENSG00000236022', 'lENSG00000236031', 'lENSG00000236065', 'lENSG00000236109', 'lENSG00000236242', 'lENSG00000236267', 'lENSG00000236272', 'lENSG00000236324', 'lENSG00000236326', 'lENSG00000236358', 'lENSG00000236366', 'lENSG00000236414', 'lENSG00000236452', 'lENSG00000236463', 'lENSG00000236498', 'lENSG00000236559', 'lENSG00000236648', 'lENSG00000236662', 'lENSG00000236723', 'lENSG00000236744', 'lENSG00000236758', 'lENSG00000236800', 'lENSG00000236828', 'lENSG00000236921', 'lENSG00000236951', 'lENSG00000236953', 'lENSG00000236975', 'lENSG00000237015', 'lENSG00000237058', 'lENSG00000237073', 'lENSG00000237293', 'lENSG00000237324', 'lENSG00000237331', 'lENSG00000237337', 'lENSG00000237373', 'lENSG00000237435', 'lENSG00000237463', 'lENSG00000237477', 'lENSG00000237481', 'lENSG00000237494', 'lENSG00000237571', 'lENSG00000237576', 'lENSG00000237581', 'lENSG00000237670', 'lENSG00000237687', 'lENSG00000237734', 'lENSG00000237768', 'lENSG00000237802', 'lENSG00000237919', 'lENSG00000237921', 'lENSG00000237937', 'lENSG00000237993', 'lENSG00000238131', 'lENSG00000238140', 'lENSG00000238185', 'lENSG00000238282', 'lENSG00000238291', 'lENSG00000239314', 'lENSG00000239415', 'lENSG00000239482', 'lENSG00000240354', 'lENSG00000240573', 'lENSG00000240868', 'lENSG00000241383', 'lENSG00000241397', 'lENSG00000241577', 'lENSG00000241593', 'lENSG00000241666', 'lENSG00000241985', 'lENSG00000242012', 'lENSG00000242072', 'lENSG00000242339', 'lENSG00000242391', 'lENSG00000242545', 'lENSG00000242568', 'lENSG00000242618', 'lENSG00000242795', 'lENSG00000242861', 'lENSG00000243149', 'lENSG00000243230', 'lENSG00000243273', 'lENSG00000243368', 'lENSG00000243797', 'lENSG00000243903', 'lENSG00000243961', 'lENSG00000244327', 'lENSG00000244461', 'lENSG00000244701', 'lENSG00000245148', 'lENSG00000245385', 'lENSG00000246541', 'lENSG00000247867', 'lENSG00000247925', 'lENSG00000248125', 'lENSG00000248145', 'lENSG00000248148', 'lENSG00000248245', 'lENSG00000248358', 'lENSG00000248373', 'lENSG00000248393', 'lENSG00000248397', 'lENSG00000248416', 'lENSG00000248457', 'lENSG00000248482', 'lENSG00000248490', 'lENSG00000248576', 'lENSG00000248599', 'lENSG00000248627', 'lENSG00000248758', 'lENSG00000248789', 'lENSG00000248802', 'lENSG00000248925', 'lENSG00000248935', 'lENSG00000248969', 'lENSG00000248975', 'lENSG00000248984', 'lENSG00000248995', 'lENSG00000249066', 'lENSG00000249071', 'lENSG00000249099', 'lENSG00000249111', 'lENSG00000249114', 'lENSG00000249297', 'lENSG00000249382', 'lENSG00000249409', 'lENSG00000249419', 'lENSG00000249426', 'lENSG00000249441', 'lENSG00000249474', 'lENSG00000249547', 'lENSG00000249605', 'lENSG00000249613', 'lENSG00000249697', 'lENSG00000249706', 'lENSG00000249742', 'lENSG00000249753', 'lENSG00000249782', 'lENSG00000249806', 'lENSG00000249830', 'lENSG00000249865', 'lENSG00000249892', 'lENSG00000250062', 'lENSG00000250186', 'lENSG00000250195', 'lENSG00000250242', 'lENSG00000250524', 'lENSG00000250626', 'lENSG00000250629', 'lENSG00000250646', 'lENSG00000250657', 'lENSG00000250665', 'lENSG00000250698', 'lENSG00000250761', 'lENSG00000250791', 'lENSG00000250820', 'lENSG00000250855', 'lENSG00000250865', 'lENSG00000250866', 'lENSG00000250877', 'lENSG00000250910', 'lENSG00000250917', 'lENSG00000250929', 'lENSG00000250945', 'lENSG00000250949', 'lENSG00000250950', 'lENSG00000250955', 'lENSG00000251059', 'lENSG00000251072', 'lENSG00000251088', 'lENSG00000251185', 'lENSG00000251194', 'lENSG00000251256', 'lENSG00000251266', 'lENSG00000251281', 'lENSG00000251412', 'lENSG00000251414', 'lENSG00000251438', 'lENSG00000251688', 'lENSG00000253134', 'lENSG00000253142', 'lENSG00000253167', 'lENSG00000253171', 'lENSG00000253189', 'lENSG00000253282', 'lENSG00000253356', 'lENSG00000253397', 'lENSG00000253449', 'lENSG00000253456', 'lENSG00000253503', 'lENSG00000253507', 'lENSG00000253526', 'lENSG00000253530', 'lENSG00000253539', 'lENSG00000253577', 'lENSG00000253616', 'lENSG00000253619', 'lENSG00000253627', 'lENSG00000253645', 'lENSG00000253665', 'lENSG00000253717', 'lENSG00000253722', 'lENSG00000253754', 'lENSG00000253782', 'lENSG00000253834', 'lENSG00000253858', 'lENSG00000253865', 'lENSG00000253871', 'lENSG00000253875', 'lENSG00000253880', 'lENSG00000253927', 'lENSG00000253947', 'lENSG00000253976', 'lENSG00000254011', 'lENSG00000254021', 'lENSG00000254026', 'lENSG00000254031', 'lENSG00000254033', 'lENSG00000254035', 'lENSG00000254043', 'lENSG00000254084', 'lENSG00000254094', 'lENSG00000254123', 'lENSG00000254141', 'lENSG00000254171', 'lENSG00000254177', 'lENSG00000254207', 'lENSG00000254239', 'lENSG00000254242', 'lENSG00000254263', 'lENSG00000254314', 'lENSG00000254325', 'lENSG00000254330', 'lENSG00000254347', 'lENSG00000254350', 'lENSG00000254380', 'lENSG00000254429', 'lENSG00000254456', 'lENSG00000254516', 'lENSG00000254526', 'lENSG00000254559', 'lENSG00000254563', 'lENSG00000254592', 'lENSG00000254604', 'lENSG00000254620', 'lENSG00000254626', 'lENSG00000254627', 'lENSG00000254689', 'lENSG00000254739', 'lENSG00000254775', 'lENSG00000254787', 'lENSG00000254846', 'lENSG00000254847', 'lENSG00000254864', 'lENSG00000254879', 'lENSG00000254913', 'lENSG00000254921', 'lENSG00000254928', 'lENSG00000254930', 'lENSG00000254972', 'lENSG00000254990', 'lENSG00000255027', 'lENSG00000255039', 'lENSG00000255041', 'lENSG00000255084', 'lENSG00000255114', 'lENSG00000255121', 'lENSG00000255159', 'lENSG00000255167', 'lENSG00000255227', 'lENSG00000255241', 'lENSG00000255247', 'lENSG00000255252', 'lENSG00000255271', 'lENSG00000255300', 'lENSG00000255327', 'lENSG00000255343', 'lENSG00000255357', 'lENSG00000255366', 'lENSG00000255375', 'lENSG00000255388', 'lENSG00000255390', 'lENSG00000255443', 'lENSG00000255478', 'lENSG00000255482', 'lENSG00000255487', 'lENSG00000255496', 'lENSG00000255498', 'lENSG00000255523', 'lENSG00000255528', 'lENSG00000255539', 'lENSG00000255555', 'lENSG00000255565', 'lENSG00000255808', 'lENSG00000255839', 'lENSG00000255893', 'lENSG00000255949', 'lENSG00000256007', 'lENSG00000256071', 'lENSG00000256072', 'lENSG00000256083', 'lENSG00000256209', 'lENSG00000256234', 'lENSG00000256314', 'lENSG00000256364', 'lENSG00000256448', 'lENSG00000256452', 'lENSG00000256482', 'lENSG00000256484', 'lENSG00000256568', 'lENSG00000256582', 'lENSG00000256670', 'lENSG00000256733', 'lENSG00000256897', 'lENSG00000256972', 'lENSG00000257004', 'lENSG00000257096', 'lENSG00000257105', 'lENSG00000257165', 'lENSG00000257264', 'lENSG00000257265', 'lENSG00000257271', 'lENSG00000257275', 'lENSG00000257342', 'lENSG00000257381', 'lENSG00000257407', 'lENSG00000257470', 'lENSG00000257488', 'lENSG00000257494', 'lENSG00000257500', 'lENSG00000257514', 'lENSG00000257541', 'lENSG00000257634', 'lENSG00000257653', 'lENSG00000257682', 'lENSG00000257732', 'lENSG00000257764', 'lENSG00000257860', 'lENSG00000257904', 'lENSG00000257925', 'lENSG00000257997', 'lENSG00000258007', 'lENSG00000258044', 'lENSG00000258084', 'lENSG00000258108', 'lENSG00000258167', 'lENSG00000258185', 'lENSG00000258210', 'lENSG00000258220', 'lENSG00000258272', 'lENSG00000258292', 'lENSG00000258308', 'lENSG00000258312', 'lENSG00000258313', 'lENSG00000258331', 'lENSG00000258378', 'lENSG00000258379', 'lENSG00000258394', 'lENSG00000258425', 'lENSG00000258451', 'lENSG00000258460', 'lENSG00000258515', 'lENSG00000258516', 'lENSG00000258520', 'lENSG00000258610', 'lENSG00000258657', 'lENSG00000258670', 'lENSG00000258690', 'lENSG00000258695', 'lENSG00000258698', 'lENSG00000258742', 'lENSG00000258745', 'lENSG00000258784', 'lENSG00000258800', 'lENSG00000258824', 'lENSG00000258826', 'lENSG00000258829', 'lENSG00000258850', 'lENSG00000258869', 'lENSG00000258892', 'lENSG00000258904', 'lENSG00000258908', 'lENSG00000258944', 'lENSG00000258958', 'lENSG00000259007', 'lENSG00000259026', 'lENSG00000259187', 'lENSG00000259188', 'lENSG00000259194', 'lENSG00000259202', 'lENSG00000259211', 'lENSG00000259223', 'lENSG00000259250', 'lENSG00000259256', 'lENSG00000259265', 'lENSG00000259268', 'lENSG00000259290', 'lENSG00000259294', 'lENSG00000259307', 'lENSG00000259342', 'lENSG00000259351', 'lENSG00000259352', 'lENSG00000259360', 'lENSG00000259503', 'lENSG00000259532', 'lENSG00000259544', 'lENSG00000259595', 'lENSG00000259631', 'lENSG00000259636', 'lENSG00000259649', 'lENSG00000259659', 'lENSG00000259678', 'lENSG00000259757', 'lENSG00000259759', 'lENSG00000259767', 'lENSG00000259798', 'lENSG00000259805', 'lENSG00000259935', 'lENSG00000259945', 'lENSG00000259955', 'lENSG00000260003', 'lENSG00000260017', 'lENSG00000260022', 'lENSG00000260058', 'lENSG00000260158', 'lENSG00000260186', 'lENSG00000260190', 'lENSG00000260237', 'lENSG00000260246', 'lENSG00000260304', 'lENSG00000260454', 'lENSG00000260476', 'lENSG00000260586', 'lENSG00000260605', 'lENSG00000260626', 'lENSG00000260659', 'lENSG00000260741', 'lENSG00000260773', 'lENSG00000260798', 'lENSG00000260814', 'lENSG00000260884', 'lENSG00000260911', 'lENSG00000260934', 'lENSG00000260970', 'lENSG00000260986', 'lENSG00000260999', 'lENSG00000261014', 'lENSG00000261036', 'lENSG00000261070', 'lENSG00000261243', 'lENSG00000261248', 'lENSG00000261261', 'lENSG00000261307', 'lENSG00000261332', 'lENSG00000261379', 'lENSG00000261432', 'lENSG00000261475', 'lENSG00000261507', 'lENSG00000261523', 'lENSG00000261552', 'lENSG00000261569', 'lENSG00000261633', 'lENSG00000261663', 'lENSG00000261671', 'lENSG00000261695', 'lENSG00000261697', 'lENSG00000261723', 'lENSG00000261729', 'lENSG00000261731', 'lENSG00000261761', 'lENSG00000261838', 'lENSG00000261864', 'lENSG00000262151', 'lENSG00000262298', 'lENSG00000262434', 'lENSG00000262533', 'lENSG00000262652', 'lENSG00000262692', 'lENSG00000262777', 'lENSG00000262810', 'lENSG00000262815', 'lENSG00000263237', 'lENSG00000263300', 'lENSG00000263321', 'lENSG00000263417', 'lENSG00000263466', 'lENSG00000263585', 'lENSG00000263594', 'lENSG00000263618', 'lENSG00000263684', 'lENSG00000263765', 'lENSG00000263797', 'lENSG00000263847', 'lENSG00000263873', 'lENSG00000263952', 'lENSG00000263982', 'lENSG00000263986', 'lENSG00000264023', 'lENSG00000264066', 'lENSG00000264107', 'lENSG00000264116', 'lENSG00000264151', 'lENSG00000264254', 'lENSG00000264269', 'lENSG00000264486', 'lENSG00000264513', 'lENSG00000264520', 'lENSG00000264546', 'lENSG00000264577', 'lENSG00000264622', 'lENSG00000264734', 'lENSG00000264769', 'lENSG00000264825', 'lENSG00000264924', 'lENSG00000265168', 'lENSG00000265205', 'lENSG00000265334', 'lENSG00000265359', 'lENSG00000265400', 'lENSG00000265443', 'lENSG00000265474', 'lENSG00000265554', 'lENSG00000265625', 'lENSG00000265728', 'lENSG00000265743', 'lENSG00000265791', 'lENSG00000265800', 'lENSG00000265840', 'lENSG00000265844', 'lENSG00000265845', 'lENSG00000265980', 'lENSG00000265987', 'lENSG00000265994', 'lENSG00000266102', 'lENSG00000266153', 'lENSG00000266311', 'lENSG00000266341', 'lENSG00000266368', 'lENSG00000266397', 'lENSG00000266541', 'lENSG00000266651', 'lENSG00000266801', 'lENSG00000266839', 'lENSG00000266844', 'lENSG00000266877', 'lENSG00000266936', 'lENSG00000266981', 'lENSG00000267000', 'lENSG00000267028', 'lENSG00000267057', 'lENSG00000267063', 'lENSG00000267177', 'lENSG00000267225', 'lENSG00000267234', 'lENSG00000267255', 'lENSG00000267263', 'lENSG00000267274', 'lENSG00000267286', 'lENSG00000267320', 'lENSG00000267341', 'lENSG00000267354', 'lENSG00000267378', 'lENSG00000267387', 'lENSG00000267436', 'lENSG00000267437', 'lENSG00000267501', 'lENSG00000267510', 'lENSG00000267543', 'lENSG00000267583', 'lENSG00000267615', 'lENSG00000267617', 'lENSG00000267633', 'lENSG00000267638', 'lENSG00000267665', 'lENSG00000267711', 'lENSG00000267791', 'lENSG00000267838', 'lENSG00000267922', 'lENSG00000267980', 'lENSG00000268049', 'lENSG00000268051', 'lENSG00000268069', 'lENSG00000268078', 'lENSG00000268191', 'lENSG00000268203', 'lENSG00000268240', 'lENSG00000268289', 'lENSG00000268292', 'lENSG00000268296', 'lENSG00000268520', 'lENSG00000268605', 'lENSG00000268734', 'lENSG00000268743', 'lENSG00000268798', 'lENSG00000268833', 'lENSG00000268906', 'lENSG00000268912', 'lENSG00000268981', 'lENSG00000269044', 'lENSG00000269085', 'lENSG00000269145', 'lENSG00000269191', 'lENSG00000269292', 'lENSG00000269321', 'lENSG00000269350', 'lENSG00000269495', 'lENSG00000269504', 'lENSG00000269578', 'lENSG00000269621', 'lENSG00000269656', 'lENSG00000269729', 'lENSG00000269802', 'lENSG00000269826', 'lENSG00000269843', 'lENSG00000269867', 'lENSG00000269901', 'lENSG00000269950', 'lENSG00000269987', 'lENSG00000270082', 'lENSG00000270094', 'lENSG00000270108', 'lENSG00000270380', 'lENSG00000270726', 'lENSG00000270871', 'lENSG00000270996', 'lENSG00000271032', 'lENSG00000271218', 'lENSG00000271314', 'lENSG00000271579', 'lENSG00000271717', 'lENSG00000271763', 'lENSG00000271787', 'lENSG00000271833', 'lENSG00000271901', 'lENSG00000271936', 'lENSG00000271945', 'lENSG00000271983', 'lENSG00000272027', 'lENSG00000272072', 'lENSG00000272159', 'lENSG00000272338', 'lENSG00000272510', 'lENSG00000272540', 'lENSG00000272575', 'lENSG00000272661', 'lENSG00000272742', 'lENSG00000272810', 'lENSG00000272814', 'lENSG00000272866', 'lENSG00000272995', 'lENSG00000273035', 'lENSG00000273110', 'lENSG00000273198', 'lENSG00000273226', 'lENSG00000273257', 'lENSG00000273275', 'lENSG00000273360', 'lENSG00000273449', 'lENSG00000273461', 'lENSG00000273485', 'lENSG00000273493', 'lENSG00000273550', 'lENSG00000273568', 'lENSG00000273838', 'lENSG00000273877', 'lENSG00000273919', 'lENSG00000274177', 'lENSG00000274227', 'lENSG00000274624', 'lENSG00000274678', 'lENSG00000274737', 'lENSG00000274863', 'lENSG00000274893', 'lENSG00000275173', 'lENSG00000275356', 'lENSG00000275401', 'lENSG00000275484', 'lENSG00000275576', 'lENSG00000275638', 'lENSG00000275871', 'lENSG00000275963', 'lENSG00000276054', 'lENSG00000276107', 'lENSG00000276266', 'lENSG00000276488', 'lENSG00000276533', 'lENSG00000276668', 'lENSG00000276997', 'lENSG00000277173', 'lENSG00000277332', 'lENSG00000277639', 'lENSG00000277675', 'lENSG00000278000', 'lENSG00000278013', 'lENSG00000278202', 'lENSG00000278351', 'lENSG00000278766', 'lENSG00000278944', 'lENSG00000279088', 'lENSG00000279240', 'lENSG00000279484', 'lENSG00000279623', 'lENSG00000279687', 'lENSG00000279751', 'lENSG00000279920', 'lENSG00000280206', 'lENSG00000280224', 'lENSG00000280455', 'lENSG00000280580', 'lENSG00000280703', 'lENSG00000280870', 'lENSG00000280881', 'lENSG00000281021', 'lENSG00000281831', 'lENSG00000282478', 'lENSG00000282828', 'lENSG00000282950', 'lENSG00000283083', 'lENSG00000283286', 'lENSG00000283347', 'lENSG00000283375', 'lENSG00000283436', 'lENSG00000283457', 'lENSG00000283573', 'lENSG00000283631', 'lENSG00000283766', 'lENSG00000283973', 'lENSG00000284376', 'lENSG00000284500', 'lENSG00000284513', 'lENSG00000284608', 'lENSG00000284699', 'lENSG00000284846', 'lENSG00000284994', 'lENSG00000285012', 'lENSG00000285040', 'lENSG00000285117', 'lENSG00000285325', 'lENSG00000285354', 'lENSG00000285409', 'lENSG00000285473', 'lENSG00000285518', 'lENSG00000285550', 'lENSG00000285551', 'lENSG00000285621', 'lENSG00000285654', 'lENSG00000285699', 'lENSG00000285780', 'lENSG00000285857', 'lENSG00000285861', 'lENSG00000285889', 'lENSG00000285954', 'lENSG00000285998', 'lENSG00000286002', 'lENSG00000286010', 'lENSG00000286018', 'lENSG00000286020', 'lENSG00000286050', 'lENSG00000286076', 'lENSG00000286089', 'lENSG00000286093', 'lENSG00000286101', 'lENSG00000286168', 'lENSG00000286194', 'lENSG00000286242', 'lENSG00000286276', 'lENSG00000286331', 'lENSG00000286333', 'lENSG00000286357', 'lENSG00000286419', 'lENSG00000286430', 'lENSG00000286436', 'lENSG00000286441', 'lENSG00000286453', 'lENSG00000286461', 'lENSG00000286474', 'lENSG00000286515', 'lENSG00000286565', 'lENSG00000286581', 'lENSG00000286584', 'lENSG00000286588', 'lENSG00000286598', 'lENSG00000286617', 'lENSG00000286639', 'lENSG00000286645', 'lENSG00000286670', 'lENSG00000286689', 'lENSG00000286698', 'lENSG00000286715', 'lENSG00000286716', 'lENSG00000286722', 'lENSG00000286735', 'lENSG00000286738', 'lENSG00000286740', 'lENSG00000286759', 'lENSG00000286767', 'lENSG00000286770', 'lENSG00000286776', 'lENSG00000286795', 'lENSG00000286803', 'lENSG00000286820', 'lENSG00000286822', 'lENSG00000286838', 'lENSG00000286843', 'lENSG00000286850', 'lENSG00000286887', 'lENSG00000286908', 'lENSG00000287005', 'lENSG00000287006', 'lENSG00000287020', 'lENSG00000287028', 'lENSG00000287030', 'lENSG00000287066', 'lENSG00000287094', 'lENSG00000287107', 'lENSG00000287128', 'lENSG00000287155', 'lENSG00000287159', 'lENSG00000287191', 'lENSG00000287198', 'lENSG00000287202', 'lENSG00000287213', 'lENSG00000287236', 'lENSG00000287270', 'lENSG00000287285', 'lENSG00000287321', 'lENSG00000287358', 'lENSG00000287359', 'lENSG00000287366', 'lENSG00000287381', 'lENSG00000287441', 'lENSG00000287451', 'lENSG00000287456', 'lENSG00000287462', 'lENSG00000287501', 'lENSG00000287511', 'lENSG00000287517', 'lENSG00000287518', 'lENSG00000287545', 'lENSG00000287550', 'lENSG00000287551', 'lENSG00000287556', 'lENSG00000287587', 'lENSG00000287618', 'lENSG00000287660', 'lENSG00000287664', 'lENSG00000287684', 'lENSG00000287687', 'lENSG00000287691', 'lENSG00000287704', 'lENSG00000211683', 'lENSG00000214955', 'lENSG00000223379', 'lENSG00000223795', 'lENSG00000224884', 'lENSG00000225393', 'lENSG00000225836', 'lENSG00000228255', 'lENSG00000228538', 'lENSG00000229454', 'lENSG00000229458', 'lENSG00000229628', 'lENSG00000229964', 'lENSG00000230600', 'lENSG00000230649', 'lENSG00000231212', 'lENSG00000232056', 'lENSG00000232636', 'lENSG00000233200', 'lENSG00000233987', 'lENSG00000234083', 'lENSG00000234810', 'lENSG00000234998', 'lENSG00000235337', 'lENSG00000236453', 'lENSG00000239801', 'lENSG00000241792', 'lENSG00000242375', 'lENSG00000244620', 'lENSG00000247810', 'lENSG00000248359', 'lENSG00000248991', 'lENSG00000249159', 'lENSG00000250481', 'lENSG00000250567', 'lENSG00000250777', 'lENSG00000250948', 'lENSG00000251506', 'lENSG00000251654', 'lENSG00000254306', 'lENSG00000254927', 'lENSG00000255325', 'lENSG00000255644', 'lENSG00000256686', 'lENSG00000257715', 'lENSG00000257962', 'lENSG00000258088', 'lENSG00000258196', 'lENSG00000258386', 'lENSG00000258949', 'lENSG00000259123', 'lENSG00000259209', 'lENSG00000259222', 'lENSG00000259244', 'lENSG00000259255', 'lENSG00000259274', 'lENSG00000259407', 'lENSG00000260511', 'lENSG00000260983', 'lENSG00000261193', 'lENSG00000261445', 'lENSG00000261470', 'lENSG00000261775', 'lENSG00000265174', 'lENSG00000266893', 'lENSG00000267081', 'lENSG00000267581', 'lENSG00000269391', 'lENSG00000269460', 'lENSG00000272304', 'lENSG00000272369', 'lENSG00000273138', 'lENSG00000273403', 'lENSG00000273486', 'lENSG00000274902', 'lENSG00000278514', 'lENSG00000286164', 'lENSG00000226032', 'lENSG00000251613', 'lENSG00000263316', 'lENSG00000258631', 'lENSG00000260141', 'lENSG00000279472', 'lENSG00000271870', 'lENSG00000272934', 'lENSG00000265556', 'lENSG00000271840', 'lENSG00000253701', 'lENSG00000281408', 'lENSG00000268166', 'lDGUOK-AS1', 'lDSCR8', 'lMIR145', 'lMIR24-2', 'lMIR3179-2', 'lMIR3654', 'lACA64', 'lCDKN2B-AS', 'lC3orf65']","[1.0, 0.0, 0.0, 0.0, 1.0, 0.0, 0.0, 1.0, 0.0, 1.0, 0.0, 1.0, 1.0, 0.0, 0.0, 1.0, 0.0, 1.0, 1.0, 0.0, 1.0, 0.0, 1.0, 1.0, 0.0, 0.0, 0.0, 1.0, 1.0, 0.0, 1.0, 0.0, 1.0, 1.0, 1.0, 1.0, 1.0, 0.0, 0.0, 1.0, 1.0, 1.0, 1.0, 1.0, 1.0, 1.0, 0.0, 1.0, 1.0, 1.0, 1.0, 1.0, 1.0, 0.0, 0.0, 1.0, 0.0, 1.0, 1.0, 0.0, 0.0, 0.0, 1.0, 1.0, 0.0, 1.0, 1.0, 1.0, 1.0, 1.0, 0.0, 1.0, 0.0, 0.0, 1.0, 0.0, 1.0, 0.0, 0.0, 1.0, 0.0, 1.0, 0.0, 0.0, 0.0, 1.0, 0.0, 1.0, 0.0, 0.0, 0.0, 0.0, 0.0, 1.0, 1.0, 1.0, 0.0, 1.0, 1.0, 1.0, 0.0, 0.0, 0.0, 0.0, 1.0, 0.0, 0.0, 0.0, 1.0, 0.0, 1.0, 1.0, 0.0, 0.0, 1.0, 1.0, 0.0, 0.0, 0.0, 0.0, 1.0, 1.0, 1.0, 0.0, 0.0, 1.0, 0.0, 1.0, 0.0, 1.0, 1.0, 1.0, 1.0, 0.0, 1.0, 1.0, 1.0, 1.0, 1.0, 0.0, 1.0, 0.0, 1.0, 0.0, 0.0, 1.0, 0.0, 1.0, 1.0, 0.0, 0.0, 0.0, 0.0, 0.0, 1.0, 0.0, 0.0, 1.0, 1.0, 0.0, 1.0, 1.0, 0.0, 0.0, 1.0, 1.0, 1.0, 0.0, 0.0, 1.0, 0.0, 0.0, 1.0, 1.0, 1.0, 0.0, 1.0, 1.0, 0.0, 0.0, 1.0, 1.0, 0.0, 1.0, 1.0, 1.0, 1.0, 0.0, 0.0, 0.0, 0.0, 0.0, 0.0, 1.0, 1.0, 0.0, 1.0, 0.0, 1.0, 1.0, 0.0, 1.0, 1.0, 0.0, 1.0, 1.0, 0.0, 0.0, 0.0, 1.0, 0.0, 0.0, 0.0, 1.0, 1.0, 1.0, 1.0, 1.0, 0.0, 1.0, 1.0, 0.0, 1.0, 1.0, 0.0, 1.0, 1.0, 0.0, 1.0, 1.0, 1.0, 0.0, 0.0, 1.0, 0.0, 0.0, 1.0, 1.0, 1.0, 0.0, 0.0, 1.0, 1.0, 0.0, 0.0, 1.0, 1.0, 1.0, 1.0, 0.0, 0.0, 1.0, 1.0, 1.0, 0.0, 0.0, 0.0, 1.0, 1.0, 1.0, 0.0, 0.0, 1.0, 1.0, 1.0, 1.0, 0.0, 1.0, 1.0, 0.0, 0.0, 1.0, 0.0, 0.0, 1.0, 1.0, 0.0, 1.0, 0.0, 0.0, 1.0, 0.0, 0.0, 0.0, 1.0, 0.0, 0.0, 0.0, 0.0, 0.0, 1.0, 1.0, 1.0, 0.0, 0.0, 1.0, 1.0, 0.0, 1.0, 0.0, 1.0, 0.0, 0.0, 0.0, 0.0, 0.0, 0.0, 0.0, 1.0, 1.0, 1.0, 0.0, 1.0, 0.0, 0.0, 1.0, 0.0, 0.0, 0.0, 1.0, 1.0, 0.0, 1.0, 0.0, 1.0, 1.0, 1.0, 0.0, 1.0, 0.0, 1.0, 0.0, 1.0, 1.0, 0.0, 0.0, 0.0, 1.0, 0.0, 1.0, 1.0, 1.0, 0.0, 0.0, 1.0, 0.0, 0.0, 0.0, 1.0, 0.0, 1.0, 1.0, 0.0, 0.0, 0.0, 0.0, 0.0, 1.0, 0.0, 1.0, 0.0, 1.0, 1.0, 0.0, 1.0, 0.0, 0.0, 0.0, 0.0, 0.0, 1.0, 1.0, 0.0, 1.0, 0.0, 0.0, 0.0, 1.0, 1.0, 0.0, 1.0, 1.0, 0.0, 0.0, 1.0, 1.0, 1.0, 0.0, 0.0, 1.0, 1.0, 1.0, 1.0, 0.0, 0.0, 1.0, 0.0, 0.0, 0.0, 1.0, 1.0, 0.0, 0.0, 1.0, 0.0, 1.0, 0.0, 0.0, 0.0, 1.0, 0.0, 0.0, 1.0, 0.0, 1.0, 1.0, 0.0, 1.0, 0.0, 1.0, 1.0, 0.0, 1.0, 1.0, 0.0, 1.0, 0.0, 0.0, 0.0, 0.0, 1.0, 1.0, 1.0, 0.0, 0.0, 0.0, 1.0, 0.0, 1.0, 1.0, 1.0, 0.0, 1.0, 0.0, 0.0, 0.0, 0.0, 1.0, 0.0, 1.0, 0.0, 1.0, 0.0, 0.0, 1.0, 0.0, 1.0, 0.0, 1.0, 0.0, 1.0, 0.0, 0.0, 0.0, 1.0, 0.0, 1.0, 1.0, 1.0, 0.0, 1.0, 1.0, 0.0, 0.0, 0.0, 1.0, 0.0, 0.0, 0.0, 1.0, 1.0, 0.0, 1.0, 0.0, 1.0, 1.0, 1.0, 0.0, 1.0, 0.0, 0.0, 0.0, 1.0, 0.0, 1.0, 1.0, 0.0, 1.0, 1.0, 0.0, 1.0, 1.0, 0.0, 0.0, 1.0, 0.0, 0.0, 0.0, 1.0, 0.0, 1.0, 0.0, 0.0, 0.0, 0.0, 0.0, 1.0, 1.0, 0.0, 1.0, 1.0, 1.0, 1.0, 0.0, 0.0, 0.0, 0.0, 1.0, 1.0, 0.0, 1.0, 0.0, 0.0, 1.0, 0.0, 1.0, 0.0, 1.0, 1.0, 1.0, 0.0, 1.0, 1.0, 1.0, 1.0, 0.0, 1.0, 1.0, 0.0, 0.0, 0.0, 0.0, 0.0, 0.0, 0.0, 0.0, 1.0, 0.0, 0.0, 1.0, 1.0, 0.0, 1.0, 0.0, 0.0, 1.0, 0.0, 0.0, 0.0, 0.0, 0.0, 0.0, 1.0, 0.0, 0.0, 1.0, 1.0, 0.0, 1.0, 0.0, 1.0, 0.0, 0.0, 0.0, 1.0, 0.0, 0.0, 1.0, 0.0, 1.0, 0.0, 1.0, 0.0, 0.0, 1.0, 1.0, 0.0, 0.0, 0.0, 0.0, 0.0, 1.0, 0.0, 1.0, 0.0, 0.0, 1.0, 1.0, 1.0, 0.0, 1.0, 0.0, 1.0, 1.0, 0.0, 0.0, 0.0, 1.0, 0.0, 0.0, 1.0, 1.0, 0.0, 0.0, 0.0, 0.0, 0.0, 0.0, 1.0, 1.0, 1.0, 0.0, 0.0, 1.0, 1.0, 1.0, 0.0, 0.0, 1.0, 1.0, 1.0, 1.0, 1.0, 1.0, 0.0, 1.0, 0.0, 0.0, 0.0, 1.0, 0.0, 1.0, 0.0, 1.0, 0.0, 1.0, 1.0, 0.0, 1.0, 0.0, 0.0, 0.0, 1.0, 0.0, 1.0, 1.0, 0.0, 0.0, 0.0, 0.0, 1.0, 1.0, 0.0, 0.0, 0.0, 1.0, 1.0, 0.0, 0.0, 1.0, 1.0, 1.0, 1.0, 0.0, 0.0, 0.0, 0.0, 1.0, 0.0, 0.0, 0.0, 1.0, 0.0, 0.0, 0.0, 0.0, 0.0, 0.0, 1.0, 0.0, 0.0, 0.0, 0.0, 0.0, 0.0, 0.0, 1.0, 1.0, 1.0, 1.0, 1.0, 1.0, 1.0, 0.0, 0.0, 1.0, 1.0, 1.0, 0.0, 1.0, 1.0, 1.0, 1.0, 0.0, 0.0, 1.0, 1.0, 0.0, 0.0, 1.0, 0.0, 1.0, 1.0, 1.0, 1.0, 1.0, 1.0, 0.0, 1.0, 1.0, 0.0, 0.0, 1.0, 1.0, 1.0, 0.0, 0.0, 0.0, 1.0, 0.0, 0.0, 1.0, 0.0, 1.0, 1.0, 1.0, 1.0, 1.0, 1.0, 1.0, 1.0, 0.0, 0.0, 1.0, 0.0, 1.0, 1.0, 1.0, 1.0, 0.0, 0.0, 0.0, 1.0, 0.0, 1.0, 0.0, 0.0, 0.0, 0.0, 1.0, 0.0, 0.0, 1.0, 0.0, 1.0, 0.0, 1.0, 0.0, 0.0, 1.0, 0.0, 1.0, 0.0, 0.0, 1.0, 0.0, 1.0, 0.0, 1.0, 1.0, 1.0, 1.0, 1.0, 1.0, 1.0, 0.0, 1.0, 0.0, 1.0, 0.0, 0.0, 1.0, 1.0, 1.0, 0.0, 1.0, 0.0, 0.0, 1.0, 1.0, 0.0, 0.0, 1.0, 1.0, 1.0, 0.0, 1.0, 0.0, 0.0, 0.0, 0.0, 1.0, 0.0, 0.0, 0.0, 0.0, 1.0, 0.0, 1.0, 0.0, 0.0, 0.0, 1.0, 0.0, 0.0, 0.0, 0.0, 0.0, 1.0, 0.0, 1.0, 0.0, 0.0, 0.0, 1.0, 1.0, 0.0, 1.0, 0.0, 1.0, 1.0, 0.0, 1.0, 1.0, 1.0, 1.0, 0.0, 1.0, 1.0, 1.0, 0.0, 0.0, 0.0, 1.0, 1.0, 0.0, 1.0, 1.0, 0.0, 0.0, 1.0, 0.0, 0.0, 0.0, 0.0, 1.0, 0.0, 1.0, 1.0, 0.0, 0.0, 0.0, 0.0, 0.0, 0.0, 0.0, 0.0, 1.0, 0.0, 1.0, 1.0, 0.0, 0.0, 0.0, 1.0, 0.0, 1.0, 0.0, 1.0, 0.0, 0.0, 0.0, 1.0, 0.0, 1.0, 1.0, 1.0, 1.0, 1.0, 1.0, 1.0, 0.0, 0.0, 1.0, 1.0, 0.0, 0.0, 0.0, 0.0, 1.0, 0.0, 1.0, 1.0, 1.0, 0.0, 0.0, 1.0, 1.0, 0.0, 0.0, 1.0, 0.0, 0.0, 1.0, 0.0, 0.0, 1.0, 1.0, 0.0, 1.0, 0.0, 1.0, 0.0, 0.0, 0.0, 0.0, 0.0, 0.0, 0.0, 0.0, 0.0, 0.0, 0.0, 1.0, 0.0, 0.0, 0.0, 1.0, 1.0, 1.0, 1.0, 1.0, 1.0, 1.0, 1.0, 0.0, 1.0, 1.0, 1.0, 0.0, 0.0, 1.0, 1.0, 1.0, 0.0, 0.0, 1.0, 0.0, 1.0, 0.0, 0.0, 0.0, 1.0, 0.0, 1.0, 0.0, 0.0, 0.0, 0.0, 0.0, 1.0, 0.0, 0.0, 0.0, 0.0, 1.0, 0.0, 0.0, 0.0, 1.0, 0.0, 0.0, 0.0, 1.0, 0.0, 1.0, 1.0, 1.0, 1.0, 1.0, 0.0, 1.0, 1.0, 0.0, 0.0, 0.0, 1.0, 1.0, 0.0, 1.0, 0.0, 1.0, 0.0, 1.0, 0.0, 0.0, 0.0, 0.0, 0.0, 1.0, 0.0, 1.0, 0.0, 0.0, 0.0, 1.0, 1.0, 0.0, 1.0, 0.0, 1.0, 1.0, 0.0, 0.0, 1.0, 1.0, 1.0, 0.0, 0.0, 1.0, 1.0, 0.0, 1.0, 1.0, 0.0, 0.0, 1.0, 1.0, 1.0, 1.0, 0.0, 0.0, 1.0, 0.0, 1.0, 1.0, 0.0, 0.0, 0.0, 0.0, 0.0, 1.0, 1.0, 0.0, 0.0, 0.0, 0.0, 0.0, 1.0, 1.0, 1.0, 0.0, 0.0, 0.0, 1.0, 1.0, 1.0, 0.0, 1.0, 0.0, 1.0, 0.0, 0.0, 1.0, 1.0, 1.0, 1.0, 0.0, 0.0, 0.0, 1.0, 0.0, 1.0, 1.0, 0.0, 0.0, 0.0, 1.0, 0.0, 1.0, 0.0, 0.0, 1.0, 0.0, 1.0, 1.0, 1.0, 1.0, 1.0, 0.0, 1.0, 0.0, 1.0, 0.0, 1.0, 0.0, 0.0, 0.0, 0.0, 0.0, 0.0, 1.0, 1.0, 1.0, 0.0, 1.0, 0.0, 1.0, 0.0, 0.0, 1.0, 0.0, 1.0, 1.0, 1.0, 0.0, 1.0, 0.0, 0.0, 1.0, 1.0, 1.0, 1.0, 1.0, 0.0, 0.0, 0.0, 1.0, 0.0, 1.0, 1.0, 0.0, 0.0, 0.0, 1.0, 1.0, 0.0, 0.0, 0.0, 1.0, 1.0, 1.0, 1.0, 0.0, 0.0, 1.0, 1.0, 0.0, 1.0, 0.0, 1.0, 0.0, 1.0, 1.0, 0.0, 0.0, 0.0, 1.0, 0.0, 1.0, 0.0, 1.0, 1.0, 0.0, 0.0, 1.0, 0.0, 0.0, 0.0, 1.0, 0.0, 1.0, 0.0, 1.0, 0.0, 0.0, 1.0, 0.0, 0.0, 1.0, 0.0, 1.0, 0.0, 0.0, 1.0, 1.0, 1.0, 1.0, 1.0, 1.0, 0.0, 1.0, 0.0, 1.0, 0.0, 0.0, 1.0, 1.0, 1.0, 1.0, 1.0, 0.0, 0.0, 1.0, 0.0, 1.0, 0.0, 0.0, 1.0, 1.0, 1.0, 0.0, 0.0, 0.0, 0.0, 0.0, 1.0, 0.0, 0.0, 1.0, 0.0, 0.0, 1.0, 1.0, 1.0, 0.0, 1.0, 1.0, 1.0, 1.0, 1.0, 0.0, 0.0, 1.0, 0.0, 1.0, 0.0, 1.0, 1.0, 1.0, 1.0, 0.0, 0.0, 0.0, 0.0, 1.0, 0.0, 0.0, 1.0, 1.0, 0.0, 0.0, 0.0, 0.0, 1.0, 1.0, 0.0, 0.0, 1.0, 1.0, 0.0, 1.0, 0.0, 1.0, 1.0, 1.0, 0.0, 0.0, 0.0, 0.0, 0.0, 1.0, 0.0, 0.0, 0.0, 1.0, 1.0, 1.0, 1.0, 1.0, 1.0, 1.0, 1.0, 0.0, 1.0, 1.0, 1.0, 1.0, 1.0, 1.0, 1.0, 0.0, 0.0, 0.0, 1.0, 0.0, 1.0, 0.0, 1.0, 1.0, 1.0, 1.0, 1.0, 0.0, 0.0, 1.0, 1.0, 0.0, 1.0, 1.0, 1.0, 1.0, 0.0, 0.0, 1.0, 1.0, 0.0, 0.0, 1.0, 1.0, 0.0, 0.0, 1.0, 0.0, 1.0, 1.0, 0.0, 1.0, 1.0, 1.0, 1.0, 0.0, 0.0, 1.0, 0.0, 1.0, 0.0, 1.0, 0.0, 0.0, 1.0, 0.0, 1.0, 1.0, 0.0, 0.0, 1.0, 1.0, 1.0, 0.0, 1.0, 1.0, 0.0, 1.0, 1.0, 0.0, 0.0, 1.0, 0.0, 0.0, 1.0, 1.0, 1.0, 1.0, 0.0, 0.0, 1.0, 1.0, 1.0, 1.0, 0.0, 1.0, 1.0, 0.0, 1.0, 1.0, 0.0, 1.0, 0.0, 0.0, 0.0, 1.0, 1.0, 1.0, 0.0, 0.0, 1.0, 0.0, 0.0, 1.0, 1.0, 0.0, 1.0, 1.0, 1.0, 0.0, 0.0, 1.0, 1.0, 1.0, 0.0, 1.0, 0.0, 1.0, 0.0, 0.0, 0.0, 1.0, 0.0, 1.0, 0.0, 1.0, 1.0, 0.0, 1.0, 1.0, 0.0, 0.0, 1.0, 0.0, 0.0, 0.0, 0.0, 1.0, 0.0, 1.0, 0.0, 1.0, 1.0, 0.0, 0.0, 1.0, 1.0, 0.0, 1.0, 0.0, 1.0, 1.0, 1.0, 1.0, 0.0, 1.0, 1.0, 1.0, 1.0, 1.0, 0.0, 0.0, 0.0, 0.0, 0.0, 1.0, 0.0, 0.0, 0.0, 1.0, 0.0, 1.0, 1.0, 1.0, 0.0, 0.0, 1.0, 1.0, 0.0, 0.0, 1.0, 1.0, 0.0, 0.0, 1.0, 0.0, 0.0, 0.0, 0.0, 1.0, 0.0, 0.0, 1.0, 1.0, 1.0, 1.0, 0.0, 0.0, 0.0, 0.0, 1.0, 1.0, 0.0, 0.0, 0.0, 0.0, 1.0, 0.0, 1.0, 1.0, 0.0, 1.0, 0.0, 1.0, 0.0, 0.0, 1.0, 1.0, 0.0, 1.0, 0.0, 0.0, 1.0, 1.0, 0.0, 1.0, 1.0, 0.0, 0.0, 0.0, 1.0, 0.0, 0.0, 1.0, 1.0, 0.0, 0.0, 1.0, 0.0, 0.0, 0.0, 1.0, 1.0, 1.0, 0.0, 1.0, 1.0, 1.0, 0.0, 0.0, 1.0, 0.0, 1.0, 1.0, 0.0, 1.0, 1.0, 1.0, 0.0, 0.0, 0.0, 0.0, 1.0, 0.0, 1.0, 0.0, 0.0, 1.0, 0.0, 0.0, 0.0, 0.0, 1.0, 0.0, 1.0, 0.0, 1.0, 1.0, 1.0, 0.0, 0.0, 1.0, 1.0, 1.0, 0.0, 0.0, 1.0, 0.0, 0.0, 1.0, 1.0, 0.0, 0.0, 1.0, 0.0, 0.0, 0.0, 0.0, 1.0, 0.0, 1.0, 0.0, 1.0, 1.0, 1.0, 0.0, 0.0, 0.0, 0.0, 0.0, 0.0, 1.0, 1.0, 1.0, 1.0, 1.0, 0.0, 0.0, 1.0, 1.0, 0.0, 1.0, 0.0, 1.0, 0.0, 0.0, 1.0, 0.0, 1.0, 1.0, 1.0, 0.0, 0.0, 0.0, 0.0, 1.0, 0.0, 1.0, 0.0, 0.0, 0.0, 0.0, 0.0, 1.0, 1.0, 1.0, 1.0, 1.0, 0.0, 1.0, 0.0, 0.0, 0.0, 0.0, 1.0, 1.0, 0.0, 0.0, 1.0, 0.0, 0.0, 1.0, 1.0, 1.0, 0.0, 0.0, 1.0, 1.0, 1.0, 1.0, 1.0, 1.0, 1.0, 0.0, 0.0, 0.0, 0.0, 0.0, 1.0, 0.0, 0.0, 1.0, 1.0, 0.0, 0.0, 1.0, 1.0, 0.0, 0.0, 1.0, 1.0, 0.0, 0.0, 1.0, 1.0, 0.0, 0.0, 0.0, 1.0, 0.0, 1.0, 1.0, 0.0, 1.0, 1.0, 0.0, 1.0, 1.0, 0.0, 0.0, 1.0, 0.0, 0.0, 0.0, 1.0, 1.0, 1.0, 0.0, 0.0, 1.0, 0.0, 0.0, 1.0, 0.0, 1.0, 0.0, 0.0, 1.0, 1.0, 1.0, 1.0, 0.0, 1.0, 1.0, 1.0, 0.0, 1.0, 0.0, 1.0, 0.0, 1.0, 1.0, 1.0, 0.0, 0.0, 0.0, 1.0, 1.0, 1.0, 0.0, 1.0, 1.0, 0.0, 0.0, 0.0, 1.0, 0.0, 0.0, 1.0, 1.0, 1.0, 0.0, 0.0, 1.0, 0.0, 1.0, 1.0, 0.0, 1.0, 0.0, 0.0, 0.0, 0.0, 0.0, 1.0, 0.0, 1.0, 1.0, 0.0, 1.0, 1.0, 1.0, 0.0, 0.0, 1.0, 0.0, 1.0, 0.0, 1.0, 0.0, 0.0, 1.0, 0.0, 1.0, 1.0, 1.0, 0.0, 1.0, 1.0, 0.0, 0.0, 0.0, 0.0, 0.0, 0.0, 0.0, 0.0, 0.0, 1.0, 0.0, 0.0, 1.0, 1.0, 0.0, 0.0, 1.0, 1.0, 1.0, 1.0, 1.0, 0.0, 0.0, 0.0, 0.0, 1.0, 1.0, 0.0, 1.0, 1.0, 1.0, 1.0, 0.0, 1.0, 1.0, 0.0, 0.0, 0.0, 1.0, 1.0, 0.0, 1.0, 0.0, 1.0, 1.0, 1.0, 0.0, 0.0, 1.0, 0.0, 1.0, 0.0, 0.0, 0.0, 1.0, 1.0, 0.0, 0.0, 1.0, 1.0, 1.0, 1.0, 1.0, 0.0, 0.0, 1.0, 1.0, 1.0, 0.0, 0.0, 0.0, 0.0, 0.0, 1.0, 1.0, 0.0, 1.0, 1.0, 1.0, 1.0, 0.0, 1.0, 1.0, 0.0, 0.0, 0.0, 1.0, 0.0, 1.0, 1.0, 0.0, 0.0, 0.0, 1.0, 1.0, 0.0, 0.0, 0.0, 1.0, 1.0, 0.0, 1.0, 0.0, 1.0, 0.0, 0.0, 0.0, 1.0, 0.0, 0.0, 1.0, 0.0, 1.0, 1.0, 1.0, 1.0, 1.0, 1.0, 1.0, 0.0, 0.0, 0.0, 0.0, 0.0, 0.0, 0.0, 1.0, 1.0, 1.0, 1.0, 0.0, 0.0, 1.0, 1.0, 0.0, 1.0, 1.0, 1.0, 0.0, 1.0, 1.0, 1.0, 0.0, 1.0, 0.0, 1.0, 0.0, 0.0, 1.0, 0.0, 0.0, 1.0, 1.0, 0.0, 0.0, 1.0, 1.0, 1.0, 0.0, 1.0, 0.0, 0.0, 0.0, 0.0, 0.0, 0.0, 1.0, 1.0, 0.0, 0.0, 1.0, 1.0, 0.0, 1.0, 0.0, 0.0, 0.0, 0.0, 1.0, 1.0, 1.0, 0.0, 1.0, 0.0, 1.0, 1.0, 0.0, 1.0, 0.0, 0.0, 1.0, 1.0, 1.0, 1.0, 0.0, 0.0, 1.0, 1.0, 1.0, 1.0, 1.0, 0.0, 0.0, 1.0, 1.0, 1.0, 1.0, 1.0, 0.0, 1.0, 1.0, 1.0, 0.0, 0.0, 0.0, 1.0, 1.0, 1.0, 1.0, 1.0, 1.0, 0.0, 0.0, 0.0, 1.0, 0.0, 0.0, 1.0, 0.0, 0.0, 0.0, 1.0, 0.0, 1.0, 0.0, 1.0, 1.0, 1.0, 0.0, 0.0, 0.0, 1.0, 0.0, 1.0, 0.0, 0.0, 0.0, 0.0, 1.0, 0.0, 1.0, 0.0, 0.0, 0.0, 0.0, 1.0, 0.0, 0.0, 0.0, 0.0, 1.0, 1.0, 1.0, 0.0, 1.0, 1.0, 1.0, 1.0, 1.0, 1.0, 0.0, 1.0, 1.0, 0.0, 1.0, 1.0, 0.0, 1.0, 1.0, 1.0, 0.0, 0.0, 1.0, 1.0, 0.0, 1.0, 0.0, 0.0, 0.0, 0.0, 1.0, 0.0, 1.0, 0.0, 0.0, 0.0, 1.0, 1.0, 0.0, 1.0, 1.0, 1.0, 1.0, 0.0, 0.0, 0.0, 1.0, 1.0, 0.0, 0.0, 0.0, 0.0, 0.0, 1.0, 0.0, 1.0, 0.0, 1.0, 1.0, 0.0, 1.0, 1.0, 1.0, 0.0, 1.0, 1.0, 1.0, 0.0, 0.0, 0.0, 0.0, 0.0, 1.0, 0.0, 0.0, 1.0, 1.0, 0.0, 1.0, 1.0, 0.0, 1.0, 0.0, 0.0, 1.0, 1.0, 0.0, 1.0, 0.0, 0.0, 1.0, 1.0, 0.0, 1.0, 0.0, 0.0, 0.0, 1.0, 0.0, 1.0, 1.0, 1.0, 1.0, 1.0, 1.0, 1.0, 1.0, 1.0, 0.0, 0.0, 0.0, 1.0, 0.0, 0.0, 0.0, 1.0, 0.0, 0.0, 1.0, 0.0, 0.0, 1.0, 1.0, 0.0, 0.0, 1.0, 0.0, 0.0, 1.0, 1.0, 0.0, 0.0, 0.0, 0.0, 0.0, 1.0, 1.0, 1.0, 0.0, 1.0, 0.0, 1.0, 0.0, 0.0, 0.0, 0.0, 1.0, 1.0, 1.0, 0.0, 0.0, 1.0, 1.0, 1.0, 0.0, 1.0, 0.0, 1.0, 0.0, 1.0, 1.0, 0.0, 1.0, 1.0, 0.0, 0.0, 1.0, 0.0, 0.0, 1.0, 1.0, 1.0, 1.0, 0.0, 1.0, 0.0, 0.0, 0.0, 1.0, 0.0, 1.0, 1.0, 1.0, 1.0, 0.0, 0.0, 1.0, 1.0, 1.0, 1.0, 1.0, 0.0, 0.0, 0.0, 0.0, 1.0, 0.0, 0.0, 0.0, 0.0, 1.0, 1.0, 1.0, 1.0, 1.0, 1.0, 1.0, 1.0, 0.0, 1.0, 0.0, 1.0, 1.0, 1.0, 1.0, 0.0, 1.0, 1.0, 1.0, 0.0, 1.0, 1.0, 1.0, 1.0, 0.0, 0.0, 0.0, 1.0, 0.0, 1.0, 1.0, 1.0, 1.0, 0.0, 0.0, 0.0, 0.0, 1.0, 1.0, 1.0, 0.0, 0.0, 1.0, 0.0, 0.0, 1.0, 0.0, 1.0, 1.0, 0.0, 1.0, 1.0, 1.0, 1.0, 0.0, 1.0, 1.0, 1.0, 1.0, 0.0, 1.0, 1.0, 1.0, 0.0, 1.0, 0.0, 1.0, 0.0, 0.0, 1.0, 1.0, 0.0, 1.0, 1.0, 1.0, 1.0, 0.0, 1.0, 1.0, 1.0, 1.0, 1.0, 0.0, 1.0, 0.0, 1.0, 1.0, 1.0, 1.0, 0.0, 0.0, 0.0, 0.0, 0.0, 1.0, 0.0, 0.0, 1.0, 1.0, 1.0, 1.0, 1.0, 0.0, 0.0, 0.0, 0.0, 0.0, 0.0, 1.0, 1.0, 1.0, 1.0, 0.0, 0.0, 0.0, 1.0, 1.0, 1.0, 0.0, 1.0, 0.0, 0.0, 0.0, 1.0, 1.0, 0.0, 1.0, 1.0, 1.0, 1.0, 0.0, 0.0, 1.0, 0.0, 1.0, 0.0, 0.0, 1.0, 0.0, 1.0, 1.0, 0.0, 0.0, 1.0, 1.0, 0.0, 1.0, 0.0, 1.0, 0.0, 0.0, 0.0, 1.0, 1.0, 0.0, 0.0, 0.0, 0.0, 0.0, 0.0, 0.0, 0.0, 1.0, 1.0, 1.0, 1.0, 0.0, 1.0, 1.0, 1.0, 0.0, 1.0, 0.0, 1.0, 1.0, 1.0, 1.0, 0.0, 0.0, 1.0, 1.0, 0.0, 1.0, 0.0, 0.0, 0.0, 1.0, 0.0, 0.0, 1.0, 1.0, 1.0, 0.0, 1.0, 1.0, 0.0, 0.0, 0.0, 1.0, 0.0, 0.0, 0.0, 1.0, 1.0, 0.0, 1.0, 1.0, 0.0, 0.0, 0.0, 1.0, 0.0, 0.0, 0.0, 0.0, 0.0, 1.0, 1.0, 1.0, 1.0, 0.0, 0.0, 1.0, 0.0, 0.0, 0.0, 1.0, 0.0, 0.0, 1.0, 0.0, 0.0, 1.0, 1.0, 1.0, 0.0, 1.0, 0.0, 0.0, 1.0, 0.0, 0.0, 1.0, 0.0, 1.0, 0.0, 0.0, 0.0, 1.0, 0.0, 0.0, 1.0, 1.0, 0.0, 0.0, 0.0, 1.0, 1.0, 1.0, 1.0, 1.0, 0.0, 0.0, 1.0, 0.0, 1.0, 1.0, 1.0, 0.0, 0.0, 0.0, 1.0, 1.0, 0.0, 1.0, 1.0, 1.0, 0.0, 0.0, 1.0, 1.0, 0.0, 0.0, 0.0, 0.0, 0.0, 1.0, 0.0, 0.0, 0.0, 0.0, 0.0, 1.0, 1.0, 1.0, 1.0, 0.0, 0.0, 1.0, 0.0, 0.0, 0.0, 1.0, 0.0, 0.0, 1.0, 1.0, 0.0, 1.0, 1.0, 0.0, 0.0, 0.0, 1.0, 1.0, 1.0, 1.0, 1.0, 0.0, 1.0, 1.0, 0.0, 0.0, 1.0, 1.0, 1.0, 1.0, 1.0, 1.0, 0.0, 1.0, 0.0, 0.0, 1.0, 1.0, 0.0, 1.0, 0.0, 1.0, 0.0, 0.0, 1.0, 0.0, 1.0, 0.0, 0.0, 1.0, 1.0, 0.0, 0.0, 0.0, 0.0, 1.0, 1.0, 1.0, 0.0, 0.0, 0.0, 1.0, 1.0, 1.0, 0.0, 1.0, 0.0, 0.0, 1.0, 0.0, 1.0, 1.0, 1.0, 0.0, 1.0, 1.0, 1.0, 0.0, 0.0, 1.0, 1.0, 0.0, 0.0, 1.0, 0.0, 0.0, 0.0, 1.0, 0.0, 0.0, 1.0, 0.0, 0.0, 0.0, 0.0, 0.0, 0.0, 1.0, 1.0, 0.0, 0.0, 1.0, 1.0, 1.0, 1.0, 1.0, 0.0, 1.0, 1.0, 0.0, 1.0, 1.0, 0.0, 0.0, 0.0, 0.0, 1.0, 0.0, 1.0, 1.0, 1.0, 0.0, 0.0, 0.0, 0.0, 0.0, 1.0, 0.0, 1.0, 1.0, 1.0, 0.0, 1.0, 0.0, 1.0, 1.0, 0.0, 0.0, 0.0, 0.0, 0.0, 1.0, 1.0, 0.0, 1.0, 0.0, 1.0, 0.0, 0.0, 1.0, 1.0, 1.0, 0.0, 1.0, 1.0, 1.0, 1.0, 1.0, 1.0, 1.0, 1.0, 0.0, 1.0, 0.0, 0.0, 0.0, 0.0, 0.0, 0.0, 1.0, 0.0, 1.0, 0.0, 1.0, 0.0, 1.0, 1.0, 1.0, 1.0, 0.0, 0.0, 1.0, 0.0, 0.0, 0.0, 0.0, 0.0, 1.0, 0.0, 0.0, 1.0, 1.0, 0.0, 0.0, 0.0, 1.0, 1.0, 0.0, 1.0, 1.0, 0.0, 0.0, 0.0, 0.0, 1.0, 1.0, 0.0, 0.0, 1.0, 0.0, 1.0, 1.0, 1.0, 1.0, 0.0, 1.0, 1.0, 1.0, 1.0, 1.0, 0.0, 1.0, 1.0, 0.0, 0.0, 0.0, 1.0, 0.0, 0.0, 0.0, 0.0, 1.0, 0.0, 0.0, 0.0, 1.0, 0.0, 1.0, 1.0, 0.0, 1.0, 1.0, 1.0, 0.0, 0.0, 1.0, 0.0, 0.0, 1.0, 1.0, 0.0, 1.0, 0.0, 0.0, 0.0, 0.0, 1.0, 1.0, 1.0, 1.0, 1.0, 1.0, 0.0, 1.0, 0.0, 0.0, 0.0, 1.0, 1.0, 0.0, 1.0, 0.0, 0.0, 1.0, 1.0, 0.0, 1.0, 1.0, 0.0, 0.0, 0.0, 0.0, 1.0, 1.0, 0.0, 0.0, 0.0, 0.0, 0.0, 1.0, 1.0, 0.0, 0.0, 0.0, 1.0, 1.0, 0.0, 1.0, 0.0, 1.0, 0.0, 1.0, 0.0, 1.0, 1.0, 0.0, 1.0, 0.0, 0.0, 1.0, 0.0, 1.0, 1.0, 0.0, 1.0, 0.0, 1.0, 1.0, 0.0, 0.0, 0.0, 0.0, 0.0, 1.0, 0.0]","['lNONHSAG000130', 'lNONHSAG000374', 'lNONHSAG000579', 'lNONHSAG000625', 'lNONHSAG001284', 'lNONHSAG001360', 'lNONHSAG001448', 'lNONHSAG001941', 'lNONHSAG002086', 'lNONHSAG003134', 'lNONHSAG003884', 'lNONHSAG003886', 'lNONHSAG005339', 'lNONHSAG005403', 'lNONHSAG005699', 'lNONHSAG005866', 'lNONHSAG006071', 'lNONHSAG006474', 'lNONHSAG006865', 'lNONHSAG006945', 'lNONHSAG007868', 'lNONHSAG008199', 'lNONHSAG008675', 'lNONHSAG009747', 'lNONHSAG009989', 'lNONHSAG010194', 'lNONHSAG010798', 'lNONHSAG011446', 'lNONHSAG011633', 'lNONHSAG012476', 'lNONHSAG013431', 'lNONHSAG014730', 'lNONHSAG016068', 'lNONHSAG016741', 'lNONHSAG017890', 'lNONHSAG017899', 'lNONHSAG018058', 'lNONHSAG018415', 'lNONHSAG018530', 'lNONHSAG020153', 'lNONHSAG020339', 'lNONHSAG020600', 'lNONHSAG020731', 'lNONHSAG020771', 'lNONHSAG021307', 'lNONHSAG021315', 'lNONHSAG021347', 'lNONHSAG021471', 'lNONHSAG021878', 'lNONHSAG022078', 'lNONHSAG022110', 'lNONHSAG022378', 'lNONHSAG022750', 'lNONHSAG022888', 'lNONHSAG023003', 'lNONHSAG023614', 'lNONHSAG023930', 'lNONHSAG024340', 'lNONHSAG024395', 'lNONHSAG024681', 'lNONHSAG024809', 'lNONHSAG024903', 'lNONHSAG025319', 'lNONHSAG025609', 'lNONHSAG025743', 'lNONHSAG026274', 'lNONHSAG026661', 'lNONHSAG026737', 'lNONHSAG027421', 'lNONHSAG027675', 'lNONHSAG028093', 'lNONHSAG028159', 'lNONHSAG028996', 'lNONHSAG029267', 'lNONHSAG029873', 'lNONHSAG029964', 'lNONHSAG030074', 'lNONHSAG031035', 'lNONHSAG031581', 'lNONHSAG032302', 'lNONHSAG033328', 'lNONHSAG033342', 'lNONHSAG033368', 'lNONHSAG033390', 'lNONHSAG033471', 'lNONHSAG033611', 'lNONHSAG034006', 'lNONHSAG034014', 'lNONHSAG034032', 'lNONHSAG035382', 'lNONHSAG035806', 'lNONHSAG036120', 'lNONHSAG036667', 'lNONHSAG036718', 'lNONHSAG036783', 'lNONHSAG038024', 'lNONHSAG038530', 'lNONHSAG038676', 'lNONHSAG040188', 'lNONHSAG040226', 'lNONHSAG040320', 'lNONHSAG040408', 'lNONHSAG040870', 'lNONHSAG041002', 'lNONHSAG041241', 'lNONHSAG041758', 'lNONHSAG041844', 'lNONHSAG041981', 'lNONHSAG042370', 'lNONHSAG042500', 'lNONHSAG042836', 'lNONHSAG044751', 'lNONHSAG046953', 'lNONHSAG047191', 'lNONHSAG047319', 'lNONHSAG047433', 'lNONHSAG047471', 'lNONHSAG047792', 'lNONHSAG047842', 'lNONHSAG048228', 'lNONHSAG049119', 'lNONHSAG049191', 'lNONHSAG049356', 'lNONHSAG049655', 'lNONHSAG050445', 'lNONHSAG050493', 'lNONHSAG050518', 'lNONHSAG050985', 'lNONHSAG051015', 'lNONHSAG051255', 'lNONHSAG051259', 'lNONHSAG051263', 'lNONHSAG051523', 'lNONHSAG051542', 'lNONHSAG052709', 'lNONHSAG052931', 'lNONHSAG053108', 'lNONHSAG053456', 'lNONHSAG053502', 'lNONHSAG053547', 'lNONHSAG053626', 'lNONHSAG053631', 'lNONHSAG053651', 'lNONHSAG054038', 'lNONHSAG054832', 'lNONHSAG073025', 'lNONHSAG082891', 'lNONHSAG089857', 'lNONHSAG099742', 'lNONHSAG101229', 'lENSG00000175061', 'lENSG00000227082', 'lENSG00000228526', 'lENSG00000233590', 'lENSG00000235535', 'lENSG00000250635', 'lENSG00000264672', 'lENSG00000284070', 'lBANCR', 'lHOTAIRM1', 'lJPX', 'lMCM3AP-AS1', 'lRMST', 'lSNHG16', 'lZFAS1', 'lCTD-2165H16.4', 'lKB-7G2.8', 'lRP11-550C4.6', 'lNONHSAG001008', 'lNONHSAG001147', 'lNONHSAG001419', 'lNONHSAG003881', 'lNONHSAG005725', 'lNONHSAG005821', 'lNONHSAG005847', 'lNONHSAG005851', 'lNONHSAG005855', 'lNONHSAG005859', 'lNONHSAG005862', 'lNONHSAG005935', 'lNONHSAG006160', 'lNONHSAG006240', 'lNONHSAG006748', 'lNONHSAG006915', 'lNONHSAG007023', 'lNONHSAG007029', 'lNONHSAG007063', 'lNONHSAG007224', 'lNONHSAG007458', 'lNONHSAG007544', 'lNONHSAG007587', 'lNONHSAG007621', 'lNONHSAG007932', 'lENSG00000203434', 'lENSG00000222032', 'lENSG00000224595', 'lENSG00000224655', 'lENSG00000225146', 'lENSG00000225334', 'lENSG00000226442', 'lENSG00000227459', 'lENSG00000227958', 'lENSG00000228231', 'lENSG00000228939', 'lENSG00000229345', 'lENSG00000231539', 'lENSG00000231760', 'lENSG00000231914', 'lENSG00000231953', 'lENSG00000232120', 'lENSG00000232252', 'lENSG00000233079', 'lENSG00000234318', 'lENSG00000234567', 'lENSG00000235011', 'lENSG00000236854', 'lENSG00000237200', 'lENSG00000237312', 'lENSG00000237520', 'lENSG00000237756', 'lENSG00000239593', 'lENSG00000244278', 'lENSG00000248172', 'lENSG00000249334', 'lENSG00000249451', 'lENSG00000250092', 'lENSG00000250541', 'lENSG00000250993', 'lENSG00000251283', 'lENSG00000253147', 'lENSG00000253643', 'lENSG00000253660', 'lENSG00000253851', 'lENSG00000254428', 'lENSG00000254574', 'lENSG00000254829', 'lENSG00000254842', 'lENSG00000254983', 'lENSG00000255462', 'lENSG00000255506', 'lENSG00000255572', 'lENSG00000255580', 'lENSG00000256226', 'lENSG00000256292', 'lENSG00000257022', 'lENSG00000257137', 'lENSG00000257235', 'lENSG00000257261', 'lENSG00000257527', 'lENSG00000257587', 'lENSG00000257750', 'lENSG00000257787', 'lENSG00000258234', 'lENSG00000258323', 'lENSG00000258390', 'lENSG00000259385', 'lENSG00000259432', 'lENSG00000259967', 'lENSG00000260720', 'lENSG00000261065', 'lENSG00000261066', 'lENSG00000261266', 'lENSG00000263080', 'lENSG00000263257', 'lENSG00000263335', 'lENSG00000263709', 'lENSG00000264016', 'lENSG00000264558', 'lENSG00000264595', 'lENSG00000265125', 'lENSG00000265265', 'lENSG00000265643', 'lENSG00000265739', 'lENSG00000266535', 'lENSG00000266538', 'lENSG00000266696', 'lENSG00000266985', 'lENSG00000266993', 'lENSG00000267364', 'lENSG00000267593', 'lENSG00000268015', 'lENSG00000272149', 'lENSG00000272642', 'lENSG00000273271', 'lENSG00000274561', 'lENSG00000275345', 'lENSG00000276527', 'lENSG00000278630', 'lENSG00000279501', 'lENSG00000284418', 'lENSG00000285524', 'lENSG00000285619', 'lENSG00000285709', 'lENSG00000286188', 'lENSG00000286197', 'lENSG00000286206', 'lENSG00000286244', 'lENSG00000286303', 'lENSG00000286338', 'lENSG00000286578', 'lENSG00000286690', 'lENSG00000286751', 'lENSG00000286781', 'lENSG00000286963', 'lENSG00000287108', 'lENSG00000287335', 'lENSG00000287367', 'lENSG00000287423', 'lENSG00000231616', 'lENSG00000235795', 'lENSG00000250670', 'lENSG00000250686', 'lENSG00000253766', 'lENSG00000255279', 'lENSG00000257603', 'lENSG00000259306', 'lENSG00000264660', 'lENSG00000267521', 'lENSG00000275232', 'lENSG00000279672', 'lENSG00000282887', 'lENSG00000235736', 'lALG13-AS1']","[1.0, 1.0, 1.0, 1.0, 0.0, 0.0, 1.0, 0.0, 0.0, 0.0, 1.0, 0.0, 1.0, 0.0, 1.0, 1.0, 1.0, 1.0, 0.0, 1.0, 1.0, 0.0, 1.0, 1.0, 0.0, 1.0, 0.0, 1.0, 0.0, 1.0, 0.0, 1.0, 1.0, 0.0, 1.0, 1.0, 1.0, 0.0, 0.0, 1.0, 1.0, 0.0, 1.0, 1.0, 1.0, 1.0, 0.0, 1.0, 1.0, 1.0, 0.0, 0.0, 0.0, 0.0, 1.0, 0.0, 0.0, 0.0, 1.0, 0.0, 1.0, 1.0, 0.0, 0.0, 0.0, 1.0, 1.0, 0.0, 0.0, 1.0, 1.0, 1.0, 1.0, 1.0, 1.0, 1.0, 1.0, 1.0, 0.0, 0.0, 1.0, 0.0, 1.0, 0.0, 1.0, 1.0, 0.0, 1.0, 0.0, 1.0, 0.0, 0.0, 0.0, 1.0, 1.0, 1.0, 0.0, 1.0, 0.0, 0.0, 0.0, 0.0, 0.0, 1.0, 1.0, 1.0, 1.0, 1.0, 1.0, 1.0, 1.0, 1.0, 0.0, 1.0, 1.0, 0.0, 0.0, 1.0, 0.0, 1.0, 1.0, 1.0, 0.0, 1.0, 0.0, 1.0, 0.0, 1.0, 0.0, 0.0, 0.0, 1.0, 0.0, 1.0, 0.0, 0.0, 0.0, 1.0, 1.0, 0.0, 0.0, 0.0, 1.0, 1.0, 1.0, 1.0, 0.0, 1.0, 1.0, 0.0, 1.0, 1.0, 1.0, 1.0, 0.0, 0.0, 1.0, 1.0, 0.0, 1.0, 1.0, 1.0, 0.0, 1.0, 1.0, 1.0, 0.0, 0.0, 1.0, 0.0, 0.0, 0.0, 0.0, 1.0, 0.0, 1.0, 1.0, 0.0, 1.0, 1.0, 0.0, 1.0, 0.0, 0.0, 1.0, 0.0, 0.0, 1.0, 0.0, 1.0, 1.0, 0.0, 0.0, 0.0, 0.0, 1.0, 0.0, 0.0, 0.0, 0.0, 1.0, 0.0, 0.0, 1.0, 0.0, 1.0, 1.0, 0.0, 0.0, 1.0, 0.0, 1.0, 0.0, 1.0, 1.0, 0.0, 1.0, 1.0, 1.0, 1.0, 0.0, 1.0, 0.0, 1.0, 1.0, 0.0, 0.0, 1.0, 1.0, 0.0, 1.0, 1.0, 0.0, 1.0, 1.0, 1.0, 1.0, 0.0, 0.0, 0.0, 0.0, 0.0, 1.0, 0.0, 0.0, 0.0, 0.0, 1.0, 1.0, 1.0, 0.0, 0.0, 1.0, 1.0, 0.0, 1.0, 0.0, 1.0, 0.0, 1.0, 0.0, 0.0, 0.0, 1.0, 0.0, 0.0, 0.0, 0.0, 1.0, 0.0, 0.0, 0.0, 1.0, 1.0, 1.0, 1.0, 1.0, 0.0, 1.0, 0.0, 1.0, 1.0, 1.0, 1.0, 1.0, 0.0, 0.0, 1.0, 0.0, 0.0, 0.0, 0.0, 0.0, 0.0, 0.0, 0.0, 0.0, 0.0, 1.0, 1.0, 1.0, 1.0, 0.0, 0.0, 1.0, 0.0, 0.0, 1.0, 0.0, 1.0, 1.0, 0.0, 1.0, 1.0, 0.0, 0.0, 0.0, 1.0, 1.0, 0.0, 1.0, 1.0, 1.0]","[1.0, 0.0, 1.0, 0.0, 0.0, 1.0, 1.0, 1.0, 1.0, 1.0, 0.0, 0.0, 1.0, 0.0, 0.0, 1.0, 1.0, 1.0, 1.0, 1.0, 1.0, 1.0, 0.0, 0.0, 1.0, 0.0, 1.0, 1.0, 1.0, 1.0, 1.0, 1.0, 1.0, 1.0, 1.0, 0.0, 1.0, 1.0, 1.0, 1.0, 1.0, 1.0, 1.0, 0.0, 1.0, 1.0, 1.0, 1.0, 1.0, 1.0, 1.0, 1.0, 1.0, 0.0, 1.0, 1.0, 1.0, 1.0, 1.0, 1.0, 1.0, 1.0, 1.0, 1.0, 1.0, 1.0, 1.0, 0.0, 1.0, 1.0, 1.0, 0.0, 1.0, 1.0, 1.0, 0.0, 1.0, 1.0, 1.0, 1.0, 1.0, 1.0, 1.0, 1.0, 1.0, 1.0, 1.0, 0.0, 1.0, 0.0, 1.0, 1.0, 0.0, 1.0, 1.0, 1.0, 1.0, 1.0, 0.0, 1.0, 1.0, 1.0, 1.0, 1.0, 1.0, 1.0, 1.0, 0.0, 0.0, 1.0, 1.0, 1.0, 1.0, 1.0, 1.0, 1.0, 1.0, 1.0, 1.0, 0.0, 1.0, 1.0, 1.0, 0.0, 1.0, 0.0, 1.0, 1.0, 1.0, 0.0, 1.0, 1.0, 0.0, 1.0, 1.0, 1.0, 1.0, 1.0, 0.0, 1.0, 1.0, 1.0, 1.0, 1.0, 0.0, 1.0, 1.0, 1.0, 1.0, 1.0, 1.0, 1.0, 1.0, 1.0, 1.0, 1.0, 1.0, 1.0, 0.0, 1.0, 1.0, 1.0, 1.0, 1.0, 1.0, 0.0, 1.0, 1.0, 1.0, 0.0, 0.0, 0.0, 1.0, 1.0, 0.0, 0.0, 0.0, 1.0, 1.0, 1.0, 1.0, 1.0, 0.0, 0.0, 0.0, 1.0, 1.0, 0.0, 0.0, 1.0, 0.0, 1.0, 0.0, 1.0, 1.0, 1.0, 1.0, 0.0, 1.0, 1.0, 1.0, 1.0, 1.0, 1.0, 1.0, 1.0, 1.0, 1.0, 1.0, 0.0, 1.0, 1.0, 1.0, 0.0, 1.0, 1.0, 1.0, 1.0, 1.0, 1.0, 0.0, 1.0, 1.0, 1.0, 1.0, 1.0, 1.0, 1.0, 1.0, 0.0, 1.0, 1.0, 1.0, 0.0, 1.0, 1.0, 1.0, 1.0, 1.0, 1.0, 0.0, 0.0, 1.0, 1.0, 1.0, 1.0, 1.0, 1.0, 1.0, 1.0, 1.0, 1.0, 1.0, 1.0, 1.0, 1.0, 1.0, 1.0, 0.0, 1.0, 1.0, 1.0, 1.0, 1.0, 0.0, 1.0, 1.0, 1.0, 1.0, 1.0, 1.0, 1.0, 1.0, 1.0, 1.0, 1.0, 0.0, 1.0, 1.0, 1.0, 1.0, 1.0, 1.0, 1.0, 0.0, 1.0, 0.0, 1.0, 1.0, 1.0, 1.0, 1.0, 1.0, 1.0, 1.0, 1.0, 1.0, 1.0, 1.0, 1.0, 1.0, 1.0, 1.0, 1.0, 1.0, 1.0, 1.0, 1.0, 1.0, 1.0, 1.0, 1.0, 1.0, 1.0, 1.0, 1.0, 1.0, 1.0, 1.0, 1.0, 1.0, 1.0, 1.0]","[0.5289234244789456, 0.47479672723942484, 0.5342171593821512, 0.4976027933253443, 0.4939580301575443, 0.5160284507132727, 0.5195709271374811, 0.5205664843732586, 0.5441904145545159, 0.5066879479433848, 0.49863857418147634, 0.48155815756275866, 0.5115085105601872, 0.49702431108814, 0.497343612529681, 0.5122134707645672, 0.5046729557828419, 0.5128848115194115, 0.5191156879917759, 0.5410445760065131, 0.5026419949602473, 0.5214800987907611, 0.26045346143067877, 0.4976466900989479, 0.5328240470276076, 0.49384119047522756, 0.5060673951062657, 0.5413654337059155, 0.5165696969429807, 0.5199867665202068, 0.5236000723759732, 0.5056106912613959, 0.5240855935358016, 0.5303212238170049, 0.5049939687811288, 0.49154593493305987, 0.5088287048344715, 0.518545779287724, 0.5395440217705162, 0.5118263586086872, 0.5303701611638518, 0.5031533936323187, 0.5607625564671455, 0.4899867835157494, 0.5458454009298088, 0.5247087345121964, 0.5231793054623248, 0.5327183430614681, 0.5311531817303732, 0.5225799513498941, 0.5439660941221276, 0.5173757684109983, 0.520545630981558, 0.49701581365317643, 0.5263712434300113, 0.5234415163631013, 0.5136697009383114, 0.5144718894855328, 0.5532646148993966, 0.5231152633225148, 0.5098018034544868, 0.520231233199766, 0.5443910507667937, 0.5407232201068988, 0.5215250754588423, 0.5355225531305079, 0.5368198599490297, 0.4876347248804357, 0.5258312456715022, 0.5154775383141694, 0.5349115144528108, 0.48097808938195513, 0.5270833166177175, 0.5075470077931811, 0.5013676509354513, 0.4807040932217827, 0.5198736247529446, 0.5380583533605523, 0.5294163928610939, 0.5643679682594952, 0.5239915901352079, 0.5148482508796429, 0.5269447095645755, 0.5679791743575953, 0.5184782278873918, 0.5255123353462027, 0.5159064567834225, 0.4843021505042715, 0.5197284242275952, 0.4869209368967017, 0.505389976827985, 0.5211177086587802, 0.49258485411299274, 0.5117068760125499, 0.5396007257156019, 0.5164837342719883, 0.5246700279946405, 0.5190516343927231, 0.49188362180590167, 0.5052645047578018, 0.53061056801955, 0.5249582138603446, 0.5291599419854646, 0.5077244359251736, 0.5321609133258929, 0.5139811887073605, 0.5169464607305002, 0.49705025997773017, 0.48828632957279205, 0.5430407176600763, 0.505219546154935, 0.5079088759893235, 0.5059247589916731, 0.5243279690274385, 0.515379668721192, 0.5203262718066748, 0.5179845716448721, 0.5052465953526889, 0.5326774025955396, 0.49282578396342885, 0.5230369836780968, 0.5438687018342591, 0.5470886037614713, 0.48682414161677273, 0.5265781421919603, 0.48756464824557477, 0.5037792850345586, 0.5015935831553331, 0.5236320017109873, 0.4763011803366969, 0.531760905981568, 0.5552118258335047, 0.497703763170596, 0.5161307146338527, 0.5107537610593611, 0.5039567788721666, 0.5042297741011235, 0.540317001890599, 0.4833483171149002, 0.5354719907602657, 0.5115905131060966, 0.5358248929222865, 0.5474731935608457, 0.5237232532977796, 0.4977746862475314, 0.5311539757798983, 0.5329305682650731, 0.5216004880338319, 0.5346520718202639, 0.5654317557511344, 0.5196000089028238, 0.537424631415173, 0.5373542582244281, 0.5599427938950727, 0.5471213117956939, 0.5386094831897393, 0.5413468727465779, 0.5684502234125408, 0.35968699645385854, 0.5116169129039188, 0.5112464750432497, 0.5455867182776899, 0.5229202889290127, 0.5237657379148528, 0.5235412731329349, 0.496807263531993, 0.5384611245658483, 0.5183321358849355, 0.5025758940936693, 0.4853375238552631, 0.48679645005203326, 0.48014877750097457, 0.5239514053296098, 0.5048455967055964, 0.49920391697003325, 0.477315605369216, 0.48408056399904875, 0.5103977801452728, 0.5187015082525376, 0.5133251179212462, 0.5142770086716573, 0.5035774296978626, 0.4928113111847267, 0.48279380318528237, 0.48424048974325307, 0.5150383002879664, 0.5484277959361912, 0.48454522842005515, 0.4722747230969935, 0.5290979389885648, 0.49122230081939855, 0.5084993249992044, 0.48554597254739257, 0.5463527594005659, 0.5240235387595774, 0.5649988209833985, 0.5204983025570293, 0.4994168674241016, 0.5402373078845873, 0.5562317975133105, 0.5369767291968373, 0.5203662600682594, 0.5490748057141828, 0.5194993477987085, 0.5746597847654843, 0.5340405689124885, 0.5329785524284805, 0.5513821560041158, 0.5350549078683724, 0.4917249508155226, 0.5575758795109257, 0.5616576649082832, 0.52481292760278, 0.4815286342045386, 0.5451976606158091, 0.5283062983404008, 0.5597268268457902, 0.5208193045719577, 0.5444883073809934, 0.5308112861840012, 0.4960000152114137, 0.5221057300361318, 0.5412675066600441, 0.5235663478420423, 0.5570210407949113, 0.5133257420184074, 0.5425106970706155, 0.5179815028855203, 0.5367290933221679, 0.4281959348192843, 0.5489233094299316, 0.5401683298934586, 0.5491715252707172, 0.4908837060360805, 0.5765180783476398, 0.5271289564374436, 0.5356086653032842, 0.5214141252167946, 0.5407466266046833, 0.5201518359318594, 0.45636291668033063, 0.4871701546693487, 0.5241277570615026, 0.5693007135447279, 0.5521456640023992, 0.5479128513735412, 0.560441892709689, 0.5335105480318202, 0.5408906222018126, 0.5457936545835379, 0.5596093815396965, 0.5500988077636769, 0.5380512452350972, 0.5181626814223079, 0.5636163142787689, 0.5501225101440801, 0.5630399210987379, 0.5310040402463949, 0.4877962231752962, 0.5288139484416244, 0.5349542309171145, 0.5271219648117136, 0.5420567151667207, 0.5222684782865893, 0.4963341848403015, 0.5421472426913948, 0.5286502843573708, 0.5210695471743235, 0.5455295410073928, 0.5423489348106107, 0.5050547828686663, 0.5200522073212831, 0.5026204125623102, 0.5598363719027402, 0.5308713325988628, 0.5438563976937489, 0.35009532063195997, 0.5082764675315716, 0.55492156009088, 0.5204604496639188, 0.5147106518972627, 0.5406674754520944, 0.5360959807306792, 0.5310382974087354, 0.425146112153803, 0.5655496562803615, 0.48773684313207655, 0.5210220573499565, 0.529969953802592, 0.5347170542680704, 0.5404703305447209, 0.5266079455410506, 0.5604734339620566, 0.5501280440062889, 0.5098980671034383, 0.5387910488016389, 0.5030620339127038, 0.5124279916764818, 0.5126474748746447, 0.5555076081110135, 0.5387653157918268, 0.5324376660173875, 0.5517666628929457, 0.540934840131784, 0.5123068669186117, 0.5518353441941687, 0.5491473599861436, 0.556512014170162, 0.5225313690656127, 0.5237600632727295, 0.5335224570848887, 0.5129098707585508, 0.5367067615255846, 0.5464184244031417, 0.5221056957811344, 0.5598175116245362, 0.5581504802647407, 0.5448170240192459, 0.5441043794736746, 0.5302332206366117, 0.5457741270863921, 0.5341004643861822, 0.530574782028472]"
10,"['lNONHSAG000008', 'lNONHSAG000059', 'lNONHSAG000069', 'lNONHSAG000130', 'lNONHSAG000158', 'lNONHSAG000195', 'lNONHSAG000241', 'lNONHSAG000253', 'lNONHSAG000310', 'lNONHSAG000311', 'lNONHSAG000374', 'lNONHSAG000381', 'lNONHSAG000464', 'lNONHSAG000484', 'lNONHSAG000498', 'lNONHSAG000579', 'lNONHSAG000584', 'lNONHSAG000603', 'lNONHSAG000625', 'lNONHSAG000742', 'lNONHSAG000840', 'lNONHSAG000843', 'lNONHSAG000863', 'lNONHSAG000884', 'lNONHSAG000918', 'lNONHSAG000938', 'lNONHSAG000967', 'lNONHSAG001142', 'lNONHSAG001172', 'lNONHSAG001238', 'lNONHSAG001247', 'lNONHSAG001259', 'lNONHSAG001284', 'lNONHSAG001360', 'lNONHSAG001375', 'lNONHSAG001448', 'lNONHSAG001468', 'lNONHSAG001499', 'lNONHSAG001513', 'lNONHSAG001696', 'lNONHSAG001724', 'lNONHSAG001773', 'lNONHSAG001837', 'lNONHSAG001941', 'lNONHSAG001993', 'lNONHSAG002056', 'lNONHSAG002058', 'lNONHSAG002086', 'lNONHSAG002134', 'lNONHSAG002135', 'lNONHSAG002343', 'lNONHSAG002359', 'lNONHSAG002376', 'lNONHSAG002378', 'lNONHSAG002454', 'lNONHSAG002490', 'lNONHSAG002549', 'lNONHSAG002617', 'lNONHSAG002669', 'lNONHSAG002701', 'lNONHSAG002719', 'lNONHSAG002752', 'lNONHSAG002859', 'lNONHSAG002883', 'lNONHSAG002978', 'lNONHSAG003053', 'lNONHSAG003056', 'lNONHSAG003068', 'lNONHSAG003074', 'lNONHSAG003077', 'lNONHSAG003119', 'lNONHSAG003134', 'lNONHSAG003156', 'lNONHSAG003198', 'lNONHSAG003244', 'lNONHSAG003260', 'lNONHSAG003269', 'lNONHSAG003303', 'lNONHSAG003374', 'lNONHSAG003504', 'lNONHSAG003505', 'lNONHSAG003512', 'lNONHSAG003645', 'lNONHSAG003820', 'lNONHSAG003874', 'lNONHSAG003884', 'lNONHSAG003886', 'lNONHSAG003900', 'lNONHSAG003911', 'lNONHSAG003912', 'lNONHSAG003938', 'lNONHSAG003976', 'lNONHSAG004013', 'lNONHSAG004054', 'lNONHSAG004095', 'lNONHSAG004247', 'lNONHSAG004303', 'lNONHSAG004373', 'lNONHSAG004619', 'lNONHSAG004673', 'lNONHSAG004674', 'lNONHSAG004714', 'lNONHSAG004743', 'lNONHSAG004779', 'lNONHSAG004868', 'lNONHSAG005084', 'lNONHSAG005153', 'lNONHSAG005339', 'lNONHSAG005377', 'lNONHSAG005403', 'lNONHSAG005482', 'lNONHSAG005669', 'lNONHSAG005699', 'lNONHSAG005711', 'lNONHSAG005721', 'lNONHSAG005732', 'lNONHSAG005742', 'lNONHSAG005780', 'lNONHSAG005838', 'lNONHSAG005866', 'lNONHSAG005920', 'lNONHSAG006007', 'lNONHSAG006050', 'lNONHSAG006054', 'lNONHSAG006071', 'lNONHSAG006163', 'lNONHSAG006204', 'lNONHSAG006212', 'lNONHSAG006238', 'lNONHSAG006301', 'lNONHSAG006341', 'lNONHSAG006362', 'lNONHSAG006454', 'lNONHSAG006457', 'lNONHSAG006474', 'lNONHSAG006477', 'lNONHSAG006526', 'lNONHSAG006678', 'lNONHSAG006692', 'lNONHSAG006735', 'lNONHSAG006756', 'lNONHSAG006763', 'lNONHSAG006772', 'lNONHSAG006865', 'lNONHSAG006945', 'lNONHSAG006966', 'lNONHSAG007109', 'lNONHSAG007295', 'lNONHSAG007324', 'lNONHSAG007384', 'lNONHSAG007434', 'lNONHSAG007455', 'lNONHSAG007463', 'lNONHSAG007487', 'lNONHSAG007538', 'lNONHSAG007602', 'lNONHSAG007631', 'lNONHSAG007692', 'lNONHSAG007708', 'lNONHSAG007715', 'lNONHSAG007868', 'lNONHSAG007961', 'lNONHSAG007983', 'lNONHSAG007984', 'lNONHSAG008015', 'lNONHSAG008037', 'lNONHSAG008056', 'lNONHSAG008167', 'lNONHSAG008199', 'lNONHSAG008220', 'lNONHSAG008354', 'lNONHSAG008517', 'lNONHSAG008540', 'lNONHSAG008552', 'lNONHSAG008615', 'lNONHSAG008654', 'lNONHSAG008675', 'lNONHSAG008693', 'lNONHSAG008726', 'lNONHSAG008728', 'lNONHSAG008759', 'lNONHSAG008859', 'lNONHSAG008937', 'lNONHSAG008966', 'lNONHSAG009021', 'lNONHSAG009124', 'lNONHSAG009130', 'lNONHSAG009133', 'lNONHSAG009174', 'lNONHSAG009180', 'lNONHSAG009193', 'lNONHSAG009228', 'lNONHSAG009544', 'lNONHSAG009546', 'lNONHSAG009613', 'lNONHSAG009636', 'lNONHSAG009728', 'lNONHSAG009747', 'lNONHSAG009755', 'lNONHSAG009757', 'lNONHSAG009782', 'lNONHSAG009913', 'lNONHSAG009938', 'lNONHSAG009945', 'lNONHSAG009950', 'lNONHSAG009968', 'lNONHSAG009989', 'lNONHSAG010021', 'lNONHSAG010117', 'lNONHSAG010179', 'lNONHSAG010184', 'lNONHSAG010186', 'lNONHSAG010189', 'lNONHSAG010190', 'lNONHSAG010193', 'lNONHSAG010194', 'lNONHSAG010200', 'lNONHSAG010348', 'lNONHSAG010352', 'lNONHSAG010405', 'lNONHSAG010416', 'lNONHSAG010543', 'lNONHSAG010658', 'lNONHSAG010716', 'lNONHSAG010792', 'lNONHSAG010798', 'lNONHSAG010940', 'lNONHSAG010986', 'lNONHSAG010989', 'lNONHSAG011028', 'lNONHSAG011057', 'lNONHSAG011070', 'lNONHSAG011084', 'lNONHSAG011090', 'lNONHSAG011121', 'lNONHSAG011125', 'lNONHSAG011211', 'lNONHSAG011230', 'lNONHSAG011264', 'lNONHSAG011337', 'lNONHSAG011343', 'lNONHSAG011439', 'lNONHSAG011446', 'lNONHSAG011518', 'lNONHSAG011524', 'lNONHSAG011576', 'lNONHSAG011633', 'lNONHSAG011658', 'lNONHSAG011790', 'lNONHSAG011854', 'lNONHSAG011870', 'lNONHSAG011935', 'lNONHSAG012025', 'lNONHSAG012076', 'lNONHSAG012077', 'lNONHSAG012099', 'lNONHSAG012297', 'lNONHSAG012303', 'lNONHSAG012339', 'lNONHSAG012367', 'lNONHSAG012375', 'lNONHSAG012423', 'lNONHSAG012476', 'lNONHSAG012505', 'lNONHSAG012534', 'lNONHSAG012540', 'lNONHSAG012549', 'lNONHSAG012555', 'lNONHSAG012594', 'lNONHSAG012614', 'lNONHSAG012617', 'lNONHSAG012791', 'lNONHSAG013005', 'lNONHSAG013060', 'lNONHSAG013095', 'lNONHSAG013098', 'lNONHSAG013109', 'lNONHSAG013388', 'lNONHSAG013431', 'lNONHSAG013475', 'lNONHSAG013515', 'lNONHSAG013534', 'lNONHSAG013568', 'lNONHSAG013708', 'lNONHSAG013730', 'lNONHSAG013790', 'lNONHSAG013809', 'lNONHSAG013912', 'lNONHSAG013917', 'lNONHSAG013940', 'lNONHSAG013942', 'lNONHSAG013944', 'lNONHSAG013946', 'lNONHSAG013954', 'lNONHSAG014098', 'lNONHSAG014112', 'lNONHSAG014130', 'lNONHSAG014267', 'lNONHSAG014289', 'lNONHSAG014332', 'lNONHSAG014362', 'lNONHSAG014372', 'lNONHSAG014373', 'lNONHSAG014381', 'lNONHSAG014496', 'lNONHSAG014502', 'lNONHSAG014562', 'lNONHSAG014591', 'lNONHSAG014672', 'lNONHSAG014679', 'lNONHSAG014730', 'lNONHSAG014890', 'lNONHSAG014914', 'lNONHSAG015044', 'lNONHSAG015163', 'lNONHSAG015215', 'lNONHSAG015234', 'lNONHSAG015352', 'lNONHSAG015417', 'lNONHSAG015454', 'lNONHSAG015461', 'lNONHSAG015505', 'lNONHSAG015591', 'lNONHSAG015623', 'lNONHSAG015692', 'lNONHSAG015723', 'lNONHSAG015787', 'lNONHSAG015788', 'lNONHSAG015961', 'lNONHSAG016021', 'lNONHSAG016068', 'lNONHSAG016118', 'lNONHSAG016199', 'lNONHSAG016307', 'lNONHSAG016395', 'lNONHSAG016403', 'lNONHSAG016486', 'lNONHSAG016487', 'lNONHSAG016576', 'lNONHSAG016611', 'lNONHSAG016618', 'lNONHSAG016623', 'lNONHSAG016733', 'lNONHSAG016741', 'lNONHSAG016749', 'lNONHSAG016771', 'lNONHSAG016822', 'lNONHSAG016893', 'lNONHSAG017020', 'lNONHSAG017060', 'lNONHSAG017232', 'lNONHSAG017238', 'lNONHSAG017288', 'lNONHSAG017344', 'lNONHSAG017347', 'lNONHSAG017349', 'lNONHSAG017376', 'lNONHSAG017377', 'lNONHSAG017379', 'lNONHSAG017417', 'lNONHSAG017486', 'lNONHSAG017504', 'lNONHSAG017567', 'lNONHSAG017783', 'lNONHSAG017882', 'lNONHSAG017890', 'lNONHSAG017899', 'lNONHSAG018054', 'lNONHSAG018058', 'lNONHSAG018180', 'lNONHSAG018203', 'lNONHSAG018313', 'lNONHSAG018322', 'lNONHSAG018326', 'lNONHSAG018341', 'lNONHSAG018344', 'lNONHSAG018372', 'lNONHSAG018374', 'lNONHSAG018414', 'lNONHSAG018415', 'lNONHSAG018416', 'lNONHSAG018417', 'lNONHSAG018420', 'lNONHSAG018461', 'lNONHSAG018530', 'lNONHSAG018621', 'lNONHSAG018635', 'lNONHSAG018656', 'lNONHSAG018659', 'lNONHSAG018707', 'lNONHSAG018709', 'lNONHSAG018711', 'lNONHSAG018829', 'lNONHSAG018889', 'lNONHSAG018893', 'lNONHSAG018903', 'lNONHSAG018980', 'lNONHSAG019003', 'lNONHSAG019012', 'lNONHSAG019014', 'lNONHSAG019021', 'lNONHSAG019023', 'lNONHSAG019031', 'lNONHSAG019049', 'lNONHSAG019051', 'lNONHSAG019079', 'lNONHSAG019090', 'lNONHSAG019115', 'lNONHSAG019134', 'lNONHSAG019158', 'lNONHSAG019221', 'lNONHSAG019270', 'lNONHSAG019332', 'lNONHSAG019370', 'lNONHSAG019439', 'lNONHSAG019493', 'lNONHSAG019569', 'lNONHSAG019613', 'lNONHSAG019670', 'lNONHSAG019711', 'lNONHSAG019813', 'lNONHSAG019814', 'lNONHSAG019848', 'lNONHSAG019878', 'lNONHSAG019898', 'lNONHSAG019967', 'lNONHSAG020053', 'lNONHSAG020066', 'lNONHSAG020068', 'lNONHSAG020091', 'lNONHSAG020107', 'lNONHSAG020153', 'lNONHSAG020155', 'lNONHSAG020218', 'lNONHSAG020223', 'lNONHSAG020252', 'lNONHSAG020260', 'lNONHSAG020273', 'lNONHSAG020274', 'lNONHSAG020277', 'lNONHSAG020278', 'lNONHSAG020281', 'lNONHSAG020298', 'lNONHSAG020304', 'lNONHSAG020307', 'lNONHSAG020312', 'lNONHSAG020321', 'lNONHSAG020325', 'lNONHSAG020339', 'lNONHSAG020367', 'lNONHSAG020372', 'lNONHSAG020374', 'lNONHSAG020403', 'lNONHSAG020474', 'lNONHSAG020476', 'lNONHSAG020600', 'lNONHSAG020616', 'lNONHSAG020729', 'lNONHSAG020731', 'lNONHSAG020755', 'lNONHSAG020759', 'lNONHSAG020762', 'lNONHSAG020771', 'lNONHSAG020869', 'lNONHSAG020957', 'lNONHSAG020990', 'lNONHSAG021042', 'lNONHSAG021072', 'lNONHSAG021307', 'lNONHSAG021309', 'lNONHSAG021315', 'lNONHSAG021335', 'lNONHSAG021342', 'lNONHSAG021347', 'lNONHSAG021370', 'lNONHSAG021390', 'lNONHSAG021400', 'lNONHSAG021408', 'lNONHSAG021410', 'lNONHSAG021431', 'lNONHSAG021432', 'lNONHSAG021433', 'lNONHSAG021471', 'lNONHSAG021557', 'lNONHSAG021566', 'lNONHSAG021567', 'lNONHSAG021584', 'lNONHSAG021638', 'lNONHSAG021641', 'lNONHSAG021698', 'lNONHSAG021760', 'lNONHSAG021780', 'lNONHSAG021820', 'lNONHSAG021846', 'lNONHSAG021874', 'lNONHSAG021878', 'lNONHSAG021882', 'lNONHSAG021893', 'lNONHSAG021976', 'lNONHSAG021981', 'lNONHSAG022009', 'lNONHSAG022030', 'lNONHSAG022058', 'lNONHSAG022078', 'lNONHSAG022088', 'lNONHSAG022094', 'lNONHSAG022103', 'lNONHSAG022110', 'lNONHSAG022125', 'lNONHSAG022127', 'lNONHSAG022162', 'lNONHSAG022311', 'lNONHSAG022327', 'lNONHSAG022328', 'lNONHSAG022335', 'lNONHSAG022339', 'lNONHSAG022378', 'lNONHSAG022495', 'lNONHSAG022510', 'lNONHSAG022595', 'lNONHSAG022597', 'lNONHSAG022655', 'lNONHSAG022690', 'lNONHSAG022743', 'lNONHSAG022750', 'lNONHSAG022806', 'lNONHSAG022836', 'lNONHSAG022845', 'lNONHSAG022851', 'lNONHSAG022888', 'lNONHSAG022893', 'lNONHSAG022965', 'lNONHSAG022972', 'lNONHSAG022980', 'lNONHSAG022982', 'lNONHSAG023003', 'lNONHSAG023049', 'lNONHSAG023051', 'lNONHSAG023073', 'lNONHSAG023175', 'lNONHSAG023237', 'lNONHSAG023387', 'lNONHSAG023392', 'lNONHSAG023494', 'lNONHSAG023512', 'lNONHSAG023553', 'lNONHSAG023579', 'lNONHSAG023598', 'lNONHSAG023607', 'lNONHSAG023614', 'lNONHSAG023630', 'lNONHSAG023633', 'lNONHSAG023635', 'lNONHSAG023661', 'lNONHSAG023740', 'lNONHSAG023837', 'lNONHSAG023864', 'lNONHSAG023885', 'lNONHSAG023888', 'lNONHSAG023930', 'lNONHSAG023964', 'lNONHSAG024141', 'lNONHSAG024146', 'lNONHSAG024171', 'lNONHSAG024224', 'lNONHSAG024244', 'lNONHSAG024282', 'lNONHSAG024332', 'lNONHSAG024340', 'lNONHSAG024341', 'lNONHSAG024354', 'lNONHSAG024361', 'lNONHSAG024362', 'lNONHSAG024364', 'lNONHSAG024381', 'lNONHSAG024393', 'lNONHSAG024395', 'lNONHSAG024428', 'lNONHSAG024542', 'lNONHSAG024637', 'lNONHSAG024668', 'lNONHSAG024671', 'lNONHSAG024676', 'lNONHSAG024681', 'lNONHSAG024741', 'lNONHSAG024809', 'lNONHSAG024810', 'lNONHSAG024818', 'lNONHSAG024826', 'lNONHSAG024903', 'lNONHSAG024913', 'lNONHSAG024921', 'lNONHSAG024923', 'lNONHSAG024925', 'lNONHSAG025011', 'lNONHSAG025137', 'lNONHSAG025157', 'lNONHSAG025185', 'lNONHSAG025319', 'lNONHSAG025352', 'lNONHSAG025483', 'lNONHSAG025485', 'lNONHSAG025609', 'lNONHSAG025712', 'lNONHSAG025743', 'lNONHSAG025864', 'lNONHSAG025865', 'lNONHSAG025867', 'lNONHSAG025934', 'lNONHSAG025939', 'lNONHSAG025964', 'lNONHSAG025997', 'lNONHSAG026053', 'lNONHSAG026089', 'lNONHSAG026091', 'lNONHSAG026103', 'lNONHSAG026153', 'lNONHSAG026176', 'lNONHSAG026205', 'lNONHSAG026274', 'lNONHSAG026364', 'lNONHSAG026386', 'lNONHSAG026575', 'lNONHSAG026599', 'lNONHSAG026631', 'lNONHSAG026661', 'lNONHSAG026720', 'lNONHSAG026737', 'lNONHSAG026743', 'lNONHSAG026781', 'lNONHSAG026794', 'lNONHSAG026852', 'lNONHSAG026854', 'lNONHSAG026856', 'lNONHSAG027017', 'lNONHSAG027075', 'lNONHSAG027110', 'lNONHSAG027276', 'lNONHSAG027278', 'lNONHSAG027323', 'lNONHSAG027342', 'lNONHSAG027421', 'lNONHSAG027482', 'lNONHSAG027598', 'lNONHSAG027675', 'lNONHSAG027682', 'lNONHSAG027692', 'lNONHSAG027694', 'lNONHSAG027709', 'lNONHSAG027837', 'lNONHSAG027876', 'lNONHSAG028045', 'lNONHSAG028083', 'lNONHSAG028093', 'lNONHSAG028112', 'lNONHSAG028141', 'lNONHSAG028142', 'lNONHSAG028159', 'lNONHSAG028403', 'lNONHSAG028713', 'lNONHSAG028720', 'lNONHSAG028817', 'lNONHSAG028820', 'lNONHSAG028857', 'lNONHSAG028870', 'lNONHSAG028913', 'lNONHSAG028918', 'lNONHSAG028948', 'lNONHSAG028996', 'lNONHSAG029033', 'lNONHSAG029080', 'lNONHSAG029124', 'lNONHSAG029267', 'lNONHSAG029312', 'lNONHSAG029336', 'lNONHSAG029377', 'lNONHSAG029467', 'lNONHSAG029668', 'lNONHSAG029792', 'lNONHSAG029830', 'lNONHSAG029873', 'lNONHSAG029880', 'lNONHSAG029933', 'lNONHSAG029956', 'lNONHSAG029957', 'lNONHSAG029958', 'lNONHSAG029959', 'lNONHSAG029961', 'lNONHSAG029962', 'lNONHSAG029964', 'lNONHSAG029965', 'lNONHSAG029985', 'lNONHSAG030074', 'lNONHSAG030113', 'lNONHSAG030129', 'lNONHSAG030244', 'lNONHSAG030258', 'lNONHSAG030278', 'lNONHSAG030279', 'lNONHSAG030304', 'lNONHSAG030333', 'lNONHSAG030410', 'lNONHSAG030487', 'lNONHSAG030516', 'lNONHSAG030582', 'lNONHSAG030583', 'lNONHSAG030739', 'lNONHSAG030742', 'lNONHSAG031025', 'lNONHSAG031035', 'lNONHSAG031123', 'lNONHSAG031385', 'lNONHSAG031425', 'lNONHSAG031452', 'lNONHSAG031456', 'lNONHSAG031481', 'lNONHSAG031563', 'lNONHSAG031565', 'lNONHSAG031581', 'lNONHSAG031584', 'lNONHSAG031636', 'lNONHSAG031696', 'lNONHSAG031853', 'lNONHSAG031900', 'lNONHSAG031913', 'lNONHSAG032063', 'lNONHSAG032126', 'lNONHSAG032247', 'lNONHSAG032297', 'lNONHSAG032302', 'lNONHSAG032309', 'lNONHSAG032312', 'lNONHSAG032537', 'lNONHSAG032560', 'lNONHSAG032664', 'lNONHSAG032682', 'lNONHSAG032735', 'lNONHSAG032737', 'lNONHSAG032748', 'lNONHSAG032750', 'lNONHSAG033027', 'lNONHSAG033061', 'lNONHSAG033100', 'lNONHSAG033105', 'lNONHSAG033107', 'lNONHSAG033121', 'lNONHSAG033170', 'lNONHSAG033216', 'lNONHSAG033224', 'lNONHSAG033254', 'lNONHSAG033263', 'lNONHSAG033266', 'lNONHSAG033298', 'lNONHSAG033328', 'lNONHSAG033334', 'lNONHSAG033342', 'lNONHSAG033348', 'lNONHSAG033352', 'lNONHSAG033368', 'lNONHSAG033386', 'lNONHSAG033390', 'lNONHSAG033435', 'lNONHSAG033459', 'lNONHSAG033471', 'lNONHSAG033480', 'lNONHSAG033589', 'lNONHSAG033611', 'lNONHSAG033645', 'lNONHSAG033691', 'lNONHSAG033716', 'lNONHSAG033735', 'lNONHSAG033748', 'lNONHSAG033810', 'lNONHSAG033862', 'lNONHSAG033896', 'lNONHSAG033898', 'lNONHSAG033899', 'lNONHSAG033937', 'lNONHSAG033940', 'lNONHSAG034006', 'lNONHSAG034014', 'lNONHSAG034021', 'lNONHSAG034032', 'lNONHSAG034316', 'lNONHSAG034417', 'lNONHSAG034418', 'lNONHSAG034492', 'lNONHSAG034508', 'lNONHSAG034676', 'lNONHSAG034678', 'lNONHSAG034845', 'lNONHSAG034846', 'lNONHSAG034935', 'lNONHSAG034973', 'lNONHSAG035096', 'lNONHSAG035103', 'lNONHSAG035287', 'lNONHSAG035382', 'lNONHSAG035456', 'lNONHSAG035531', 'lNONHSAG035568', 'lNONHSAG035806', 'lNONHSAG035919', 'lNONHSAG036047', 'lNONHSAG036054', 'lNONHSAG036115', 'lNONHSAG036120', 'lNONHSAG036255', 'lNONHSAG036263', 'lNONHSAG036273', 'lNONHSAG036403', 'lNONHSAG036407', 'lNONHSAG036412', 'lNONHSAG036413', 'lNONHSAG036612', 'lNONHSAG036615', 'lNONHSAG036667', 'lNONHSAG036718', 'lNONHSAG036783', 'lNONHSAG036866', 'lNONHSAG036922', 'lNONHSAG036926', 'lNONHSAG037025', 'lNONHSAG037061', 'lNONHSAG037072', 'lNONHSAG037073', 'lNONHSAG037080', 'lNONHSAG037082', 'lNONHSAG037083', 'lNONHSAG037096', 'lNONHSAG037137', 'lNONHSAG037146', 'lNONHSAG037164', 'lNONHSAG037241', 'lNONHSAG037348', 'lNONHSAG037420', 'lNONHSAG037559', 'lNONHSAG037827', 'lNONHSAG037891', 'lNONHSAG037936', 'lNONHSAG037946', 'lNONHSAG038001', 'lNONHSAG038024', 'lNONHSAG038060', 'lNONHSAG038091', 'lNONHSAG038162', 'lNONHSAG038343', 'lNONHSAG038344', 'lNONHSAG038397', 'lNONHSAG038502', 'lNONHSAG038530', 'lNONHSAG038561', 'lNONHSAG038578', 'lNONHSAG038663', 'lNONHSAG038675', 'lNONHSAG038676', 'lNONHSAG038682', 'lNONHSAG038836', 'lNONHSAG039037', 'lNONHSAG039038', 'lNONHSAG039147', 'lNONHSAG039293', 'lNONHSAG039295', 'lNONHSAG039319', 'lNONHSAG039617', 'lNONHSAG039620', 'lNONHSAG039634', 'lNONHSAG039637', 'lNONHSAG039654', 'lNONHSAG039664', 'lNONHSAG039669', 'lNONHSAG039749', 'lNONHSAG039872', 'lNONHSAG039951', 'lNONHSAG040179', 'lNONHSAG040188', 'lNONHSAG040226', 'lNONHSAG040320', 'lNONHSAG040329', 'lNONHSAG040408', 'lNONHSAG040481', 'lNONHSAG040542', 'lNONHSAG040544', 'lNONHSAG040560', 'lNONHSAG040601', 'lNONHSAG040692', 'lNONHSAG040700', 'lNONHSAG040729', 'lNONHSAG040804', 'lNONHSAG040859', 'lNONHSAG040870', 'lNONHSAG040945', 'lNONHSAG040958', 'lNONHSAG040976', 'lNONHSAG041002', 'lNONHSAG041017', 'lNONHSAG041023', 'lNONHSAG041241', 'lNONHSAG041250', 'lNONHSAG041256', 'lNONHSAG041257', 'lNONHSAG041480', 'lNONHSAG041528', 'lNONHSAG041529', 'lNONHSAG041592', 'lNONHSAG041670', 'lNONHSAG041707', 'lNONHSAG041716', 'lNONHSAG041758', 'lNONHSAG041844', 'lNONHSAG041883', 'lNONHSAG041938', 'lNONHSAG041981', 'lNONHSAG042033', 'lNONHSAG042050', 'lNONHSAG042062', 'lNONHSAG042080', 'lNONHSAG042132', 'lNONHSAG042138', 'lNONHSAG042218', 'lNONHSAG042257', 'lNONHSAG042270', 'lNONHSAG042306', 'lNONHSAG042307', 'lNONHSAG042370', 'lNONHSAG042433', 'lNONHSAG042476', 'lNONHSAG042491', 'lNONHSAG042500', 'lNONHSAG042722', 'lNONHSAG042724', 'lNONHSAG042836', 'lNONHSAG042957', 'lNONHSAG042966', 'lNONHSAG042970', 'lNONHSAG043159', 'lNONHSAG043229', 'lNONHSAG043250', 'lNONHSAG043303', 'lNONHSAG043433', 'lNONHSAG043550', 'lNONHSAG043625', 'lNONHSAG043657', 'lNONHSAG043770', 'lNONHSAG043851', 'lNONHSAG043934', 'lNONHSAG044022', 'lNONHSAG044041', 'lNONHSAG044064', 'lNONHSAG044283', 'lNONHSAG044406', 'lNONHSAG044429', 'lNONHSAG044533', 'lNONHSAG044624', 'lNONHSAG044666', 'lNONHSAG044709', 'lNONHSAG044751', 'lNONHSAG044791', 'lNONHSAG045131', 'lNONHSAG045160', 'lNONHSAG045163', 'lNONHSAG045166', 'lNONHSAG045383', 'lNONHSAG045430', 'lNONHSAG046722', 'lNONHSAG046730', 'lNONHSAG046765', 'lNONHSAG046781', 'lNONHSAG046811', 'lNONHSAG046953', 'lNONHSAG047182', 'lNONHSAG047191', 'lNONHSAG047197', 'lNONHSAG047260', 'lNONHSAG047319', 'lNONHSAG047433', 'lNONHSAG047463', 'lNONHSAG047469', 'lNONHSAG047471', 'lNONHSAG047507', 'lNONHSAG047543', 'lNONHSAG047544', 'lNONHSAG047547', 'lNONHSAG047619', 'lNONHSAG047620', 'lNONHSAG047792', 'lNONHSAG047796', 'lNONHSAG047830', 'lNONHSAG047840', 'lNONHSAG047842', 'lNONHSAG047951', 'lNONHSAG047973', 'lNONHSAG047974', 'lNONHSAG048057', 'lNONHSAG048101', 'lNONHSAG048114', 'lNONHSAG048189', 'lNONHSAG048191', 'lNONHSAG048201', 'lNONHSAG048228', 'lNONHSAG048231', 'lNONHSAG048270', 'lNONHSAG048323', 'lNONHSAG048354', 'lNONHSAG048439', 'lNONHSAG048464', 'lNONHSAG048598', 'lNONHSAG048602', 'lNONHSAG048603', 'lNONHSAG048610', 'lNONHSAG048623', 'lNONHSAG048624', 'lNONHSAG048626', 'lNONHSAG048641', 'lNONHSAG048682', 'lNONHSAG048695', 'lNONHSAG048781', 'lNONHSAG048817', 'lNONHSAG049037', 'lNONHSAG049050', 'lNONHSAG049051', 'lNONHSAG049119', 'lNONHSAG049129', 'lNONHSAG049157', 'lNONHSAG049185', 'lNONHSAG049191', 'lNONHSAG049288', 'lNONHSAG049303', 'lNONHSAG049356', 'lNONHSAG049421', 'lNONHSAG049507', 'lNONHSAG049626', 'lNONHSAG049655', 'lNONHSAG049754', 'lNONHSAG049801', 'lNONHSAG050104', 'lNONHSAG050167', 'lNONHSAG050168', 'lNONHSAG050272', 'lNONHSAG050273', 'lNONHSAG050345', 'lNONHSAG050423', 'lNONHSAG050445', 'lNONHSAG050493', 'lNONHSAG050518', 'lNONHSAG050670', 'lNONHSAG050725', 'lNONHSAG050769', 'lNONHSAG050786', 'lNONHSAG050815', 'lNONHSAG050985', 'lNONHSAG051010', 'lNONHSAG051015', 'lNONHSAG051166', 'lNONHSAG051255', 'lNONHSAG051259', 'lNONHSAG051260', 'lNONHSAG051263', 'lNONHSAG051266', 'lNONHSAG051291', 'lNONHSAG051448', 'lNONHSAG051484', 'lNONHSAG051514', 'lNONHSAG051517', 'lNONHSAG051523', 'lNONHSAG051542', 'lNONHSAG051567', 'lNONHSAG051568', 'lNONHSAG051603', 'lNONHSAG051770', 'lNONHSAG051898', 'lNONHSAG051958', 'lNONHSAG052046', 'lNONHSAG052082', 'lNONHSAG052097', 'lNONHSAG052119', 'lNONHSAG052149', 'lNONHSAG052151', 'lNONHSAG052454', 'lNONHSAG052459', 'lNONHSAG052495', 'lNONHSAG052510', 'lNONHSAG052511', 'lNONHSAG052609', 'lNONHSAG052680', 'lNONHSAG052686', 'lNONHSAG052709', 'lNONHSAG052726', 'lNONHSAG052853', 'lNONHSAG052908', 'lNONHSAG052925', 'lNONHSAG052929', 'lNONHSAG052931', 'lNONHSAG052933', 'lNONHSAG052943', 'lNONHSAG053007', 'lNONHSAG053014', 'lNONHSAG053028', 'lNONHSAG053033', 'lNONHSAG053082', 'lNONHSAG053108', 'lNONHSAG053162', 'lNONHSAG053228', 'lNONHSAG053419', 'lNONHSAG053456', 'lNONHSAG053499', 'lNONHSAG053500', 'lNONHSAG053502', 'lNONHSAG053546', 'lNONHSAG053547', 'lNONHSAG053602', 'lNONHSAG053626', 'lNONHSAG053631', 'lNONHSAG053651', 'lNONHSAG053716', 'lNONHSAG053719', 'lNONHSAG053748', 'lNONHSAG053796', 'lNONHSAG053802', 'lNONHSAG053842', 'lNONHSAG054024', 'lNONHSAG054038', 'lNONHSAG054212', 'lNONHSAG054213', 'lNONHSAG054214', 'lNONHSAG054215', 'lNONHSAG054216', 'lNONHSAG054301', 'lNONHSAG054360', 'lNONHSAG054432', 'lNONHSAG054699', 'lNONHSAG054716', 'lNONHSAG054718', 'lNONHSAG054780', 'lNONHSAG054791', 'lNONHSAG054807', 'lNONHSAG054832', 'lNONHSAG055008', 'lNONHSAG055088', 'lNONHSAG055092', 'lNONHSAG055151', 'lNONHSAG055258', 'lNONHSAG055350', 'lNONHSAG055418', 'lNONHSAG055450', 'lNONHSAG055546', 'lNONHSAG055558', 'lNONHSAG055565', 'lNONHSAG055577', 'lNONHSAG055582', 'lNONHSAG056029', 'lNONHSAG056053', 'lNONHSAG056451', 'lNONHSAG056733', 'lNONHSAG056746', 'lNONHSAG056868', 'lNONHSAG056875', 'lNONHSAG057043', 'lNONHSAG057222', 'lNONHSAG058006', 'lNONHSAG058109', 'lNONHSAG058112', 'lNONHSAG058118', 'lNONHSAG058128', 'lNONHSAG058533', 'lNONHSAG058967', 'lNONHSAG060586', 'lNONHSAG061096', 'lNONHSAG061404', 'lNONHSAG061492', 'lNONHSAG063700', 'lNONHSAG064784', 'lNONHSAG065252', 'lNONHSAG065364', 'lNONHSAG066253', 'lNONHSAG068402', 'lNONHSAG068639', 'lNONHSAG069030', 'lNONHSAG069147', 'lNONHSAG069277', 'lNONHSAG070257', 'lNONHSAG071444', 'lNONHSAG072945', 'lNONHSAG073025', 'lNONHSAG073406', 'lNONHSAG073419', 'lNONHSAG074052', 'lNONHSAG074661', 'lNONHSAG075363', 'lNONHSAG077475', 'lNONHSAG077527', 'lNONHSAG079231', 'lNONHSAG080772', 'lNONHSAG081227', 'lNONHSAG081583', 'lNONHSAG081993', 'lNONHSAG082891', 'lNONHSAG083209', 'lNONHSAG083289', 'lNONHSAG083615', 'lNONHSAG083859', 'lNONHSAG083883', 'lNONHSAG083894', 'lNONHSAG084701', 'lNONHSAG084832', 'lNONHSAG084937', 'lNONHSAG085975', 'lNONHSAG088562', 'lNONHSAG089857', 'lNONHSAG091116', 'lNONHSAG091284', 'lNONHSAG091943', 'lNONHSAG092907', 'lNONHSAG093064', 'lNONHSAG093078', 'lNONHSAG093517', 'lNONHSAG094075', 'lNONHSAG094129', 'lNONHSAG094269', 'lNONHSAG096130', 'lNONHSAG096227', 'lNONHSAG096230', 'lNONHSAG096627', 'lNONHSAG097344', 'lNONHSAG097347', 'lNONHSAG098653', 'lNONHSAG099082', 'lNONHSAG099120', 'lNONHSAG099126', 'lNONHSAG099742', 'lNONHSAG099774', 'lNONHSAG101229', 'lNONHSAG101725', 'lNONHSAG102572', 'lNONHSAG102979', 'lNONHSAG103259', 'lNONHSAG103457', 'lNONHSAG104186', 'lNONHSAG110420', 'lNONHSAG110858', 'lNONHSAG111667', 'lNONHSAG112396', 'lNONHSAG113761', 'lNONHSAG114445', 'lENSG00000103472', 'lENSG00000171889', 'lENSG00000175061', 'lENSG00000177410', 'lENSG00000179523', 'lENSG00000198221', 'lENSG00000198468', 'lENSG00000203497', 'lENSG00000205611', 'lENSG00000223764', 'lENSG00000223783', 'lENSG00000224057', 'lENSG00000224078', 'lENSG00000224614', 'lENSG00000225470', 'lENSG00000225506', 'lENSG00000225855', 'lENSG00000226115', 'lENSG00000226137', 'lENSG00000227082', 'lENSG00000227256', 'lENSG00000227963', 'lENSG00000228022', 'lENSG00000228526', 'lENSG00000229267', 'lENSG00000229388', 'lENSG00000230046', 'lENSG00000230061', 'lENSG00000230257', 'lENSG00000230313', 'lENSG00000230400', 'lENSG00000230866', 'lENSG00000231019', 'lENSG00000231437', 'lENSG00000231663', 'lENSG00000232265', 'lENSG00000232415', 'lENSG00000232442', 'lENSG00000232500', 'lENSG00000233047', 'lENSG00000233387', 'lENSG00000233590', 'lENSG00000234169', 'lENSG00000234222', 'lENSG00000234455', 'lENSG00000234546', 'lENSG00000234625', 'lENSG00000235535', 'lENSG00000235724', 'lENSG00000236240', 'lENSG00000236535', 'lENSG00000236671', 'lENSG00000237167', 'lENSG00000237396', 'lENSG00000237880', 'lENSG00000241388', 'lENSG00000242207', 'lENSG00000243479', 'lENSG00000244124', 'lENSG00000245067', 'lENSG00000245146', 'lENSG00000245614', 'lENSG00000246560', 'lENSG00000247095', 'lENSG00000247373', 'lENSG00000247498', 'lENSG00000249532', 'lENSG00000249786', 'lENSG00000250635', 'lENSG00000251003', 'lENSG00000251061', 'lENSG00000254418', 'lENSG00000254508', 'lENSG00000254635', 'lENSG00000254791', 'lENSG00000255363', 'lENSG00000255427', 'lENSG00000255553', 'lENSG00000255850', 'lENSG00000256742', 'lENSG00000256769', 'lENSG00000257084', 'lENSG00000257557', 'lENSG00000258197', 'lENSG00000258912', 'lENSG00000259289', 'lENSG00000259424', 'lENSG00000260219', 'lENSG00000260280', 'lENSG00000260455', 'lENSG00000260924', 'lENSG00000260969', 'lENSG00000261183', 'lENSG00000261423', 'lENSG00000261780', 'lENSG00000263718', 'lENSG00000264672', 'lENSG00000265374', 'lENSG00000266402', 'lENSG00000266970', 'lENSG00000267296', 'lENSG00000267321', 'lENSG00000267395', 'lENSG00000267413', 'lENSG00000269019', 'lENSG00000269911', 'lENSG00000270084', 'lENSG00000272769', 'lENSG00000274372', 'lENSG00000278709', 'lENSG00000278970', 'lENSG00000279296', 'lENSG00000281189', 'lENSG00000284070', 'lENSG00000285644', 'lENSG00000286004', 'lENSG00000224167', 'lENSG00000224739', 'lA1BG-AS1', 'lANKRD62P1-PARP4P3', 'lAQP4-AS1', 'lASMTL-AS1', 'lBANCR', 'lCCAT2', 'lCDKN2B-AS1', 'lCRNDE', 'lDGKK', 'lDLX6-AS1', 'lEGOT', 'lFEZF1-AS1', 'lGATA3-AS1', 'lGATA6-AS1', 'lGHET1', 'lHOTAIRM1', 'lHOXA-AS3', 'lINHBA-AS1', 'lJPX', 'lKCTD21-AS1', 'lLAMTOR5-AS1', 'lLBX2-AS1', 'lLINC00173', 'lLINC00174', 'lLPP-AS2', 'lMCM3AP-AS1', 'lMEG3', 'lMIR181A1HG', 'lMYLK-AS1', 'lPANDAR', 'lPCGEM1', 'lPVT1', 'lRHPN1-AS1', 'lRMST', 'lSNHG15', 'lSNHG16', 'lSNX29P2', 'lTEN1-CDK3', 'lTPTEP1', 'lTRAM2-AS1', 'lVCAN-AS1', 'lZFAS1', 'lZNF286B', 'lZNF503-AS2', 'lLINC00461', 'lLINC00514', 'lSLC2A1-AS1', 'lSRP14-AS1', 'lAC007009.1', 'lPWAR6', 'lAC004840.8', 'lAC061992.2', 'lAC103564.7', 'lAC135048.13', 'lAC137723.5', 'lAC137932.5', 'lAL928742.12', 'lAP001058.3', 'lCTB-60B18.10', 'lCTB-91J4.1', 'lCTC-338M12.2', 'lCTD-2165H16.4', 'lCTD-2195B23.3', 'lKB-7G2.8', 'lLA16c-321D4.2', 'lLA16c-380H5.3', 'lLL22NC03-23C6.13', 'lRP1-283E3.8', 'lRP11-100F15.1', 'lRP11-104E19.1', 'lRP11-108M9.3', 'lRP11-137H2.4', 'lRP11-197N18.2', 'lRP11-21J18.1', 'lRP11-227H15.4', 'lRP11-243J18.2', 'lRP11-264B17.3', 'lRP11-276H7.2', 'lRP11-2C24.4', 'lRP11-439K3.1', 'lRP11-467J12.4', 'lRP11-49K24.4', 'lRP11-514P8.8', 'lRP11-54O7.3', 'lRP11-550C4.6', 'lRP11-680A11.5', 'lRP4-790G17.7', 'lRP5-1061H20.4', 'lRP5-1074L1.1', 'lRP5-1160K1.8', 'lXXbac-B444P24.8', 'lAC018766.4', 'lCTD-2231H16.1', 'lHNRNPU-AS1', 'lRP11-429J17.8', 'lRP11-672A2.1', 'lRP5-1063M23.1', 'lRP11-495P10.8', 'lCTA-250D10.23', 'lRP4-610C12.4', 'lLINC00035', 'lRP11-408H20.2', 'lNONHSAG000157', 'lNONHSAG000265', 'lNONHSAG000297', 'lNONHSAG000298', 'lNONHSAG000623', 'lNONHSAG000636', 'lNONHSAG000677', 'lNONHSAG000896', 'lNONHSAG000969', 'lNONHSAG000994', 'lNONHSAG001008', 'lNONHSAG001014', 'lNONHSAG001028', 'lNONHSAG001030', 'lNONHSAG001033', 'lNONHSAG001147', 'lNONHSAG001207', 'lNONHSAG001240', 'lNONHSAG001419', 'lNONHSAG001613', 'lNONHSAG002487', 'lNONHSAG002619', 'lNONHSAG002726', 'lNONHSAG002790', 'lNONHSAG003227', 'lNONHSAG003308', 'lNONHSAG003418', 'lNONHSAG003459', 'lNONHSAG003881', 'lNONHSAG004227', 'lNONHSAG004351', 'lNONHSAG004475', 'lNONHSAG004507', 'lNONHSAG004638', 'lNONHSAG004893', 'lNONHSAG005249', 'lNONHSAG005363', 'lNONHSAG005473', 'lNONHSAG005522', 'lNONHSAG005652', 'lNONHSAG005690', 'lNONHSAG005725', 'lNONHSAG005727', 'lNONHSAG005739', 'lNONHSAG005740', 'lNONHSAG005746', 'lNONHSAG005747', 'lNONHSAG005760', 'lNONHSAG005761', 'lNONHSAG005769', 'lNONHSAG005789', 'lNONHSAG005797', 'lNONHSAG005809', 'lNONHSAG005821', 'lNONHSAG005830', 'lNONHSAG005847', 'lNONHSAG005851', 'lNONHSAG005852', 'lNONHSAG005855', 'lNONHSAG005856', 'lNONHSAG005859', 'lNONHSAG005862', 'lNONHSAG005867', 'lNONHSAG005870', 'lNONHSAG005885', 'lNONHSAG005901', 'lNONHSAG005915', 'lNONHSAG005935', 'lNONHSAG005936', 'lNONHSAG005986', 'lNONHSAG006022', 'lNONHSAG006078', 'lNONHSAG006086', 'lNONHSAG006091', 'lNONHSAG006097', 'lNONHSAG006160', 'lNONHSAG006166', 'lNONHSAG006186', 'lNONHSAG006187', 'lNONHSAG006188', 'lNONHSAG006206', 'lNONHSAG006220', 'lNONHSAG006221', 'lNONHSAG006235', 'lNONHSAG006240', 'lNONHSAG006274', 'lNONHSAG006279', 'lNONHSAG006290', 'lNONHSAG006293', 'lNONHSAG006300', 'lNONHSAG006314', 'lNONHSAG006376', 'lNONHSAG006377', 'lNONHSAG006382', 'lNONHSAG006388', 'lNONHSAG006395', 'lNONHSAG006399', 'lNONHSAG006405', 'lNONHSAG006407', 'lNONHSAG006412', 'lNONHSAG006415', 'lNONHSAG006450', 'lNONHSAG006459', 'lNONHSAG006479', 'lNONHSAG006487', 'lNONHSAG006493', 'lNONHSAG006507', 'lNONHSAG006527', 'lNONHSAG006536', 'lNONHSAG006551', 'lNONHSAG006554', 'lNONHSAG006555', 'lNONHSAG006557', 'lNONHSAG006573', 'lNONHSAG006576', 'lNONHSAG006579', 'lNONHSAG006581', 'lNONHSAG006591', 'lNONHSAG006602', 'lNONHSAG006646', 'lNONHSAG006653', 'lNONHSAG006669', 'lNONHSAG006748', 'lNONHSAG006765', 'lNONHSAG006779', 'lNONHSAG006808', 'lNONHSAG006830', 'lNONHSAG006832', 'lNONHSAG006837', 'lNONHSAG006855', 'lNONHSAG006863', 'lNONHSAG006889', 'lNONHSAG006894', 'lNONHSAG006897', 'lNONHSAG006909', 'lNONHSAG006915', 'lNONHSAG006922', 'lNONHSAG006967', 'lNONHSAG006970', 'lNONHSAG006976', 'lNONHSAG007000', 'lNONHSAG007008', 'lNONHSAG007020', 'lNONHSAG007023', 'lNONHSAG007029', 'lNONHSAG007031', 'lNONHSAG007035', 'lNONHSAG007063', 'lNONHSAG007065', 'lNONHSAG007093', 'lNONHSAG007103', 'lNONHSAG007118', 'lNONHSAG007123', 'lNONHSAG007129', 'lNONHSAG007139', 'lNONHSAG007166', 'lNONHSAG007203', 'lNONHSAG007222', 'lNONHSAG007224', 'lNONHSAG007225', 'lNONHSAG007242', 'lNONHSAG007268', 'lNONHSAG007278', 'lNONHSAG007286', 'lNONHSAG007414', 'lNONHSAG007419', 'lNONHSAG007429', 'lNONHSAG007458', 'lNONHSAG007488', 'lNONHSAG007507', 'lNONHSAG007531', 'lNONHSAG007533', 'lNONHSAG007543', 'lNONHSAG007544', 'lNONHSAG007554', 'lNONHSAG007563', 'lNONHSAG007578', 'lNONHSAG007587', 'lNONHSAG007599', 'lNONHSAG007621', 'lNONHSAG007632', 'lNONHSAG007638', 'lNONHSAG007730', 'lNONHSAG007932', 'lENSG00000083622', 'lENSG00000105501', 'lENSG00000122043', 'lENSG00000149443', 'lENSG00000167920', 'lENSG00000175746', 'lENSG00000177596', 'lENSG00000178248', 'lENSG00000197644', 'lENSG00000197880', 'lENSG00000198054', 'lENSG00000198671', 'lENSG00000203307', 'lENSG00000203434', 'lENSG00000203469', 'lENSG00000203565', 'lENSG00000203605', 'lENSG00000203864', 'lENSG00000204393', 'lENSG00000204464', 'lENSG00000205018', 'lENSG00000205452', 'lENSG00000205500', 'lENSG00000212856', 'lENSG00000221845', 'lENSG00000222000', 'lENSG00000222032', 'lENSG00000222044', 'lENSG00000223374', 'lENSG00000223381', 'lENSG00000223387', 'lENSG00000223400', 'lENSG00000223537', 'lENSG00000223598', 'lENSG00000223634', 'lENSG00000223641', 'lENSG00000223643', 'lENSG00000223647', 'lENSG00000223720', 'lENSG00000223727', 'lENSG00000223786', 'lENSG00000223809', 'lENSG00000223831', 'lENSG00000223870', 'lENSG00000223881', 'lENSG00000223966', 'lENSG00000223993', 'lENSG00000224031', 'lENSG00000224075', 'lENSG00000224087', 'lENSG00000224220', 'lENSG00000224277', 'lENSG00000224384', 'lENSG00000224500', 'lENSG00000224535', 'lENSG00000224541', 'lENSG00000224549', 'lENSG00000224595', 'lENSG00000224645', 'lENSG00000224655', 'lENSG00000224794', 'lENSG00000224821', 'lENSG00000224857', 'lENSG00000224885', 'lENSG00000224922', 'lENSG00000225012', 'lENSG00000225050', 'lENSG00000225129', 'lENSG00000225146', 'lENSG00000225218', 'lENSG00000225325', 'lENSG00000225334', 'lENSG00000225378', 'lENSG00000225457', 'lENSG00000225537', 'lENSG00000225570', 'lENSG00000225588', 'lENSG00000225647', 'lENSG00000225750', 'lENSG00000225751', 'lENSG00000225761', 'lENSG00000225798', 'lENSG00000225886', 'lENSG00000225919', 'lENSG00000226047', 'lENSG00000226089', 'lENSG00000226133', 'lENSG00000226193', 'lENSG00000226194', 'lENSG00000226238', 'lENSG00000226323', 'lENSG00000226337', 'lENSG00000226352', 'lENSG00000226442', 'lENSG00000226454', 'lENSG00000226486', 'lENSG00000226508', 'lENSG00000226522', 'lENSG00000226542', 'lENSG00000226562', 'lENSG00000226566', 'lENSG00000226576', 'lENSG00000226601', 'lENSG00000226647', 'lENSG00000226699', 'lENSG00000226770', 'lENSG00000226813', 'lENSG00000226883', 'lENSG00000226925', 'lENSG00000226956', 'lENSG00000226957', 'lENSG00000227075', 'lENSG00000227076', 'lENSG00000227125', 'lENSG00000227131', 'lENSG00000227181', 'lENSG00000227197', 'lENSG00000227360', 'lENSG00000227409', 'lENSG00000227459', 'lENSG00000227496', 'lENSG00000227509', 'lENSG00000227512', 'lENSG00000227549', 'lENSG00000227579', 'lENSG00000227606', 'lENSG00000227611', 'lENSG00000227680', 'lENSG00000227716', 'lENSG00000227769', 'lENSG00000227863', 'lENSG00000227893', 'lENSG00000227930', 'lENSG00000227958', 'lENSG00000227960', 'lENSG00000228028', 'lENSG00000228082', 'lENSG00000228108', 'lENSG00000228136', 'lENSG00000228170', 'lENSG00000228231', 'lENSG00000228261', 'lENSG00000228272', 'lENSG00000228351', 'lENSG00000228383', 'lENSG00000228470', 'lENSG00000228485', 'lENSG00000228548', 'lENSG00000228596', 'lENSG00000228627', 'lENSG00000228804', 'lENSG00000228826', 'lENSG00000228852', 'lENSG00000228939', 'lENSG00000228950', 'lENSG00000229162', 'lENSG00000229167', 'lENSG00000229190', 'lENSG00000229224', 'lENSG00000229283', 'lENSG00000229297', 'lENSG00000229331', 'lENSG00000229345', 'lENSG00000229370', 'lENSG00000229379', 'lENSG00000229444', 'lENSG00000229457', 'lENSG00000229487', 'lENSG00000229498', 'lENSG00000229502', 'lENSG00000229528', 'lENSG00000229531', 'lENSG00000229673', 'lENSG00000229679', 'lENSG00000229688', 'lENSG00000229848', 'lENSG00000229851', 'lENSG00000229953', 'lENSG00000229999', 'lENSG00000230010', 'lENSG00000230065', 'lENSG00000230105', 'lENSG00000230109', 'lENSG00000230131', 'lENSG00000230153', 'lENSG00000230155', 'lENSG00000230190', 'lENSG00000230197', 'lENSG00000230212', 'lENSG00000230233', 'lENSG00000230234', 'lENSG00000230323', 'lENSG00000230432', 'lENSG00000230499', 'lENSG00000230599', 'lENSG00000230735', 'lENSG00000230741', 'lENSG00000230759', 'lENSG00000230790', 'lENSG00000230794', 'lENSG00000230830', 'lENSG00000230918', 'lENSG00000230972', 'lENSG00000231081', 'lENSG00000231082', 'lENSG00000231092', 'lENSG00000231102', 'lENSG00000231143', 'lENSG00000231253', 'lENSG00000231272', 'lENSG00000231407', 'lENSG00000231492', 'lENSG00000231496', 'lENSG00000231539', 'lENSG00000231597', 'lENSG00000231678', 'lENSG00000231724', 'lENSG00000231760', 'lENSG00000231772', 'lENSG00000231781', 'lENSG00000231912', 'lENSG00000231914', 'lENSG00000231937', 'lENSG00000231953', 'lENSG00000231964', 'lENSG00000232031', 'lENSG00000232058', 'lENSG00000232072', 'lENSG00000232086', 'lENSG00000232120', 'lENSG00000232192', 'lENSG00000232197', 'lENSG00000232252', 'lENSG00000232286', 'lENSG00000232310', 'lENSG00000232335', 'lENSG00000232359', 'lENSG00000232363', 'lENSG00000232396', 'lENSG00000232451', 'lENSG00000232464', 'lENSG00000232465', 'lENSG00000232564', 'lENSG00000232596', 'lENSG00000232604', 'lENSG00000232710', 'lENSG00000232719', 'lENSG00000232806', 'lENSG00000232893', 'lENSG00000232895', 'lENSG00000232930', 'lENSG00000232939', 'lENSG00000232964', 'lENSG00000233070', 'lENSG00000233079', 'lENSG00000233178', 'lENSG00000233179', 'lENSG00000233219', 'lENSG00000233222', 'lENSG00000233330', 'lENSG00000233339', 'lENSG00000233407', 'lENSG00000233472', 'lENSG00000233479', 'lENSG00000233534', 'lENSG00000233574', 'lENSG00000233581', 'lENSG00000233613', 'lENSG00000233625', 'lENSG00000233656', 'lENSG00000233665', 'lENSG00000233689', 'lENSG00000233706', 'lENSG00000233851', 'lENSG00000233891', 'lENSG00000233953', 'lENSG00000233960', 'lENSG00000233969', 'lENSG00000233985', 'lENSG00000234021', 'lENSG00000234117', 'lENSG00000234149', 'lENSG00000234160', 'lENSG00000234191', 'lENSG00000234318', 'lENSG00000234504', 'lENSG00000234567', 'lENSG00000234622', 'lENSG00000234626', 'lENSG00000234690', 'lENSG00000234693', 'lENSG00000234714', 'lENSG00000234756', 'lENSG00000234860', 'lENSG00000234900', 'lENSG00000234953', 'lENSG00000234961', 'lENSG00000234979', 'lENSG00000235011', 'lENSG00000235035', 'lENSG00000235050', 'lENSG00000235059', 'lENSG00000235122', 'lENSG00000235168', 'lENSG00000235262', 'lENSG00000235435', 'lENSG00000235494', 'lENSG00000235503', 'lENSG00000235533', 'lENSG00000235628', 'lENSG00000235637', 'lENSG00000235669', 'lENSG00000235786', 'lENSG00000235813', 'lENSG00000236022', 'lENSG00000236031', 'lENSG00000236065', 'lENSG00000236109', 'lENSG00000236242', 'lENSG00000236267', 'lENSG00000236272', 'lENSG00000236324', 'lENSG00000236358', 'lENSG00000236366', 'lENSG00000236414', 'lENSG00000236452', 'lENSG00000236463', 'lENSG00000236498', 'lENSG00000236559', 'lENSG00000236648', 'lENSG00000236723', 'lENSG00000236744', 'lENSG00000236758', 'lENSG00000236800', 'lENSG00000236828', 'lENSG00000236854', 'lENSG00000236975', 'lENSG00000237015', 'lENSG00000237058', 'lENSG00000237073', 'lENSG00000237200', 'lENSG00000237293', 'lENSG00000237312', 'lENSG00000237324', 'lENSG00000237331', 'lENSG00000237337', 'lENSG00000237373', 'lENSG00000237435', 'lENSG00000237463', 'lENSG00000237481', 'lENSG00000237494', 'lENSG00000237520', 'lENSG00000237571', 'lENSG00000237576', 'lENSG00000237581', 'lENSG00000237670', 'lENSG00000237687', 'lENSG00000237734', 'lENSG00000237756', 'lENSG00000237768', 'lENSG00000237802', 'lENSG00000237919', 'lENSG00000237921', 'lENSG00000237937', 'lENSG00000237993', 'lENSG00000238131', 'lENSG00000238140', 'lENSG00000238185', 'lENSG00000238282', 'lENSG00000239314', 'lENSG00000239482', 'lENSG00000239593', 'lENSG00000240354', 'lENSG00000240573', 'lENSG00000240868', 'lENSG00000241383', 'lENSG00000241397', 'lENSG00000241577', 'lENSG00000241593', 'lENSG00000241666', 'lENSG00000241985', 'lENSG00000242012', 'lENSG00000242072', 'lENSG00000242339', 'lENSG00000242391', 'lENSG00000242568', 'lENSG00000242795', 'lENSG00000242861', 'lENSG00000243149', 'lENSG00000243230', 'lENSG00000243273', 'lENSG00000243368', 'lENSG00000243797', 'lENSG00000243903', 'lENSG00000244278', 'lENSG00000244327', 'lENSG00000244701', 'lENSG00000245148', 'lENSG00000245385', 'lENSG00000246541', 'lENSG00000247867', 'lENSG00000247925', 'lENSG00000248125', 'lENSG00000248145', 'lENSG00000248148', 'lENSG00000248172', 'lENSG00000248358', 'lENSG00000248373', 'lENSG00000248393', 'lENSG00000248397', 'lENSG00000248416', 'lENSG00000248457', 'lENSG00000248482', 'lENSG00000248490', 'lENSG00000248576', 'lENSG00000248599', 'lENSG00000248627', 'lENSG00000248758', 'lENSG00000248789', 'lENSG00000248802', 'lENSG00000248925', 'lENSG00000248969', 'lENSG00000248975', 'lENSG00000248984', 'lENSG00000248995', 'lENSG00000249066', 'lENSG00000249111', 'lENSG00000249114', 'lENSG00000249297', 'lENSG00000249334', 'lENSG00000249382', 'lENSG00000249409', 'lENSG00000249419', 'lENSG00000249426', 'lENSG00000249441', 'lENSG00000249451', 'lENSG00000249474', 'lENSG00000249547', 'lENSG00000249605', 'lENSG00000249613', 'lENSG00000249697', 'lENSG00000249742', 'lENSG00000249753', 'lENSG00000249782', 'lENSG00000249806', 'lENSG00000249830', 'lENSG00000249865', 'lENSG00000250062', 'lENSG00000250092', 'lENSG00000250195', 'lENSG00000250242', 'lENSG00000250524', 'lENSG00000250541', 'lENSG00000250626', 'lENSG00000250629', 'lENSG00000250646', 'lENSG00000250657', 'lENSG00000250698', 'lENSG00000250761', 'lENSG00000250791', 'lENSG00000250820', 'lENSG00000250855', 'lENSG00000250865', 'lENSG00000250877', 'lENSG00000250910', 'lENSG00000250917', 'lENSG00000250929', 'lENSG00000250945', 'lENSG00000250949', 'lENSG00000250950', 'lENSG00000250955', 'lENSG00000250993', 'lENSG00000251059', 'lENSG00000251072', 'lENSG00000251088', 'lENSG00000251185', 'lENSG00000251194', 'lENSG00000251256', 'lENSG00000251266', 'lENSG00000251281', 'lENSG00000251283', 'lENSG00000251412', 'lENSG00000251438', 'lENSG00000251688', 'lENSG00000253134', 'lENSG00000253142', 'lENSG00000253147', 'lENSG00000253167', 'lENSG00000253171', 'lENSG00000253189', 'lENSG00000253282', 'lENSG00000253356', 'lENSG00000253397', 'lENSG00000253449', 'lENSG00000253456', 'lENSG00000253503', 'lENSG00000253507', 'lENSG00000253526', 'lENSG00000253530', 'lENSG00000253539', 'lENSG00000253577', 'lENSG00000253616', 'lENSG00000253619', 'lENSG00000253643', 'lENSG00000253645', 'lENSG00000253660', 'lENSG00000253665', 'lENSG00000253717', 'lENSG00000253754', 'lENSG00000253834', 'lENSG00000253851', 'lENSG00000253858', 'lENSG00000253865', 'lENSG00000253871', 'lENSG00000253875', 'lENSG00000253880', 'lENSG00000253927', 'lENSG00000253947', 'lENSG00000253976', 'lENSG00000254011', 'lENSG00000254021', 'lENSG00000254026', 'lENSG00000254031', 'lENSG00000254033', 'lENSG00000254035', 'lENSG00000254043', 'lENSG00000254084', 'lENSG00000254094', 'lENSG00000254123', 'lENSG00000254141', 'lENSG00000254171', 'lENSG00000254177', 'lENSG00000254207', 'lENSG00000254239', 'lENSG00000254242', 'lENSG00000254263', 'lENSG00000254314', 'lENSG00000254325', 'lENSG00000254330', 'lENSG00000254347', 'lENSG00000254350', 'lENSG00000254380', 'lENSG00000254428', 'lENSG00000254429', 'lENSG00000254456', 'lENSG00000254516', 'lENSG00000254526', 'lENSG00000254574', 'lENSG00000254604', 'lENSG00000254620', 'lENSG00000254626', 'lENSG00000254627', 'lENSG00000254689', 'lENSG00000254739', 'lENSG00000254775', 'lENSG00000254787', 'lENSG00000254829', 'lENSG00000254842', 'lENSG00000254846', 'lENSG00000254847', 'lENSG00000254864', 'lENSG00000254921', 'lENSG00000254928', 'lENSG00000254930', 'lENSG00000254983', 'lENSG00000254990', 'lENSG00000255027', 'lENSG00000255039', 'lENSG00000255041', 'lENSG00000255084', 'lENSG00000255114', 'lENSG00000255121', 'lENSG00000255159', 'lENSG00000255167', 'lENSG00000255227', 'lENSG00000255241', 'lENSG00000255247', 'lENSG00000255252', 'lENSG00000255271', 'lENSG00000255300', 'lENSG00000255327', 'lENSG00000255343', 'lENSG00000255357', 'lENSG00000255366', 'lENSG00000255375', 'lENSG00000255388', 'lENSG00000255390', 'lENSG00000255443', 'lENSG00000255462', 'lENSG00000255478', 'lENSG00000255482', 'lENSG00000255487', 'lENSG00000255496', 'lENSG00000255498', 'lENSG00000255506', 'lENSG00000255523', 'lENSG00000255528', 'lENSG00000255539', 'lENSG00000255565', 'lENSG00000255572', 'lENSG00000255580', 'lENSG00000255808', 'lENSG00000255839', 'lENSG00000255893', 'lENSG00000255949', 'lENSG00000256007', 'lENSG00000256071', 'lENSG00000256072', 'lENSG00000256083', 'lENSG00000256209', 'lENSG00000256226', 'lENSG00000256234', 'lENSG00000256292', 'lENSG00000256314', 'lENSG00000256364', 'lENSG00000256448', 'lENSG00000256452', 'lENSG00000256482', 'lENSG00000256484', 'lENSG00000256582', 'lENSG00000256670', 'lENSG00000256733', 'lENSG00000256897', 'lENSG00000256972', 'lENSG00000257004', 'lENSG00000257022', 'lENSG00000257096', 'lENSG00000257137', 'lENSG00000257165', 'lENSG00000257235', 'lENSG00000257261', 'lENSG00000257264', 'lENSG00000257265', 'lENSG00000257271', 'lENSG00000257275', 'lENSG00000257342', 'lENSG00000257381', 'lENSG00000257407', 'lENSG00000257488', 'lENSG00000257494', 'lENSG00000257500', 'lENSG00000257514', 'lENSG00000257527', 'lENSG00000257541', 'lENSG00000257587', 'lENSG00000257634', 'lENSG00000257653', 'lENSG00000257682', 'lENSG00000257732', 'lENSG00000257750', 'lENSG00000257764', 'lENSG00000257787', 'lENSG00000257860', 'lENSG00000257904', 'lENSG00000257925', 'lENSG00000257997', 'lENSG00000258007', 'lENSG00000258044', 'lENSG00000258084', 'lENSG00000258108', 'lENSG00000258167', 'lENSG00000258234', 'lENSG00000258272', 'lENSG00000258292', 'lENSG00000258308', 'lENSG00000258312', 'lENSG00000258313', 'lENSG00000258323', 'lENSG00000258331', 'lENSG00000258378', 'lENSG00000258390', 'lENSG00000258394', 'lENSG00000258425', 'lENSG00000258460', 'lENSG00000258515', 'lENSG00000258516', 'lENSG00000258520', 'lENSG00000258610', 'lENSG00000258657', 'lENSG00000258670', 'lENSG00000258690', 'lENSG00000258695', 'lENSG00000258698', 'lENSG00000258742', 'lENSG00000258745', 'lENSG00000258784', 'lENSG00000258800', 'lENSG00000258824', 'lENSG00000258826', 'lENSG00000258829', 'lENSG00000258850', 'lENSG00000258869', 'lENSG00000258892', 'lENSG00000258904', 'lENSG00000258908', 'lENSG00000258944', 'lENSG00000258958', 'lENSG00000259007', 'lENSG00000259187', 'lENSG00000259188', 'lENSG00000259194', 'lENSG00000259202', 'lENSG00000259211', 'lENSG00000259250', 'lENSG00000259256', 'lENSG00000259265', 'lENSG00000259268', 'lENSG00000259290', 'lENSG00000259294', 'lENSG00000259307', 'lENSG00000259352', 'lENSG00000259360', 'lENSG00000259385', 'lENSG00000259432', 'lENSG00000259503', 'lENSG00000259532', 'lENSG00000259544', 'lENSG00000259595', 'lENSG00000259631', 'lENSG00000259636', 'lENSG00000259649', 'lENSG00000259678', 'lENSG00000259757', 'lENSG00000259759', 'lENSG00000259767', 'lENSG00000259798', 'lENSG00000259805', 'lENSG00000259935', 'lENSG00000259945', 'lENSG00000259955', 'lENSG00000259967', 'lENSG00000260003', 'lENSG00000260017', 'lENSG00000260022', 'lENSG00000260058', 'lENSG00000260186', 'lENSG00000260190', 'lENSG00000260237', 'lENSG00000260246', 'lENSG00000260304', 'lENSG00000260454', 'lENSG00000260476', 'lENSG00000260586', 'lENSG00000260605', 'lENSG00000260626', 'lENSG00000260659', 'lENSG00000260720', 'lENSG00000260741', 'lENSG00000260773', 'lENSG00000260798', 'lENSG00000260814', 'lENSG00000260884', 'lENSG00000260911', 'lENSG00000260934', 'lENSG00000260986', 'lENSG00000260999', 'lENSG00000261014', 'lENSG00000261036', 'lENSG00000261065', 'lENSG00000261066', 'lENSG00000261070', 'lENSG00000261243', 'lENSG00000261248', 'lENSG00000261261', 'lENSG00000261266', 'lENSG00000261307', 'lENSG00000261332', 'lENSG00000261379', 'lENSG00000261475', 'lENSG00000261507', 'lENSG00000261523', 'lENSG00000261552', 'lENSG00000261633', 'lENSG00000261663', 'lENSG00000261671', 'lENSG00000261695', 'lENSG00000261697', 'lENSG00000261723', 'lENSG00000261729', 'lENSG00000261731', 'lENSG00000261761', 'lENSG00000261864', 'lENSG00000262151', 'lENSG00000262434', 'lENSG00000262652', 'lENSG00000262692', 'lENSG00000262777', 'lENSG00000262810', 'lENSG00000262815', 'lENSG00000263080', 'lENSG00000263237', 'lENSG00000263257', 'lENSG00000263300', 'lENSG00000263321', 'lENSG00000263335', 'lENSG00000263417', 'lENSG00000263466', 'lENSG00000263585', 'lENSG00000263594', 'lENSG00000263618', 'lENSG00000263684', 'lENSG00000263709', 'lENSG00000263765', 'lENSG00000263797', 'lENSG00000263847', 'lENSG00000263873', 'lENSG00000263952', 'lENSG00000263982', 'lENSG00000263986', 'lENSG00000264016', 'lENSG00000264023', 'lENSG00000264066', 'lENSG00000264107', 'lENSG00000264116', 'lENSG00000264151', 'lENSG00000264254', 'lENSG00000264269', 'lENSG00000264513', 'lENSG00000264546', 'lENSG00000264558', 'lENSG00000264595', 'lENSG00000264622', 'lENSG00000264734', 'lENSG00000264769', 'lENSG00000264825', 'lENSG00000264924', 'lENSG00000265125', 'lENSG00000265168', 'lENSG00000265205', 'lENSG00000265265', 'lENSG00000265334', 'lENSG00000265359', 'lENSG00000265443', 'lENSG00000265474', 'lENSG00000265554', 'lENSG00000265625', 'lENSG00000265643', 'lENSG00000265728', 'lENSG00000265739', 'lENSG00000265743', 'lENSG00000265791', 'lENSG00000265800', 'lENSG00000265840', 'lENSG00000265844', 'lENSG00000265845', 'lENSG00000265980', 'lENSG00000265987', 'lENSG00000265994', 'lENSG00000266102', 'lENSG00000266153', 'lENSG00000266311', 'lENSG00000266368', 'lENSG00000266397', 'lENSG00000266535', 'lENSG00000266538', 'lENSG00000266541', 'lENSG00000266696', 'lENSG00000266801', 'lENSG00000266839', 'lENSG00000266877', 'lENSG00000266936', 'lENSG00000266981', 'lENSG00000266985', 'lENSG00000266993', 'lENSG00000267000', 'lENSG00000267028', 'lENSG00000267057', 'lENSG00000267063', 'lENSG00000267177', 'lENSG00000267225', 'lENSG00000267234', 'lENSG00000267263', 'lENSG00000267274', 'lENSG00000267286', 'lENSG00000267320', 'lENSG00000267341', 'lENSG00000267364', 'lENSG00000267378', 'lENSG00000267436', 'lENSG00000267437', 'lENSG00000267501', 'lENSG00000267510', 'lENSG00000267543', 'lENSG00000267583', 'lENSG00000267593', 'lENSG00000267615', 'lENSG00000267617', 'lENSG00000267633', 'lENSG00000267638', 'lENSG00000267711', 'lENSG00000267791', 'lENSG00000267922', 'lENSG00000267980', 'lENSG00000268015', 'lENSG00000268049', 'lENSG00000268051', 'lENSG00000268069', 'lENSG00000268078', 'lENSG00000268191', 'lENSG00000268203', 'lENSG00000268289', 'lENSG00000268292', 'lENSG00000268296', 'lENSG00000268520', 'lENSG00000268605', 'lENSG00000268734', 'lENSG00000268743', 'lENSG00000268798', 'lENSG00000268833', 'lENSG00000268906', 'lENSG00000268912', 'lENSG00000268981', 'lENSG00000269044', 'lENSG00000269085', 'lENSG00000269145', 'lENSG00000269191', 'lENSG00000269292', 'lENSG00000269350', 'lENSG00000269495', 'lENSG00000269504', 'lENSG00000269578', 'lENSG00000269621', 'lENSG00000269729', 'lENSG00000269802', 'lENSG00000269826', 'lENSG00000269843', 'lENSG00000269901', 'lENSG00000269950', 'lENSG00000269987', 'lENSG00000270082', 'lENSG00000270094', 'lENSG00000270108', 'lENSG00000270380', 'lENSG00000270726', 'lENSG00000270871', 'lENSG00000271032', 'lENSG00000271218', 'lENSG00000271314', 'lENSG00000271579', 'lENSG00000271717', 'lENSG00000271787', 'lENSG00000271833', 'lENSG00000271901', 'lENSG00000271936', 'lENSG00000271945', 'lENSG00000271983', 'lENSG00000272027', 'lENSG00000272072', 'lENSG00000272149', 'lENSG00000272338', 'lENSG00000272510', 'lENSG00000272540', 'lENSG00000272575', 'lENSG00000272642', 'lENSG00000272661', 'lENSG00000272742', 'lENSG00000272810', 'lENSG00000272866', 'lENSG00000272995', 'lENSG00000273035', 'lENSG00000273110', 'lENSG00000273198', 'lENSG00000273226', 'lENSG00000273257', 'lENSG00000273271', 'lENSG00000273275', 'lENSG00000273360', 'lENSG00000273449', 'lENSG00000273461', 'lENSG00000273485', 'lENSG00000273493', 'lENSG00000273550', 'lENSG00000273838', 'lENSG00000273877', 'lENSG00000273919', 'lENSG00000274177', 'lENSG00000274227', 'lENSG00000274561', 'lENSG00000274678', 'lENSG00000274737', 'lENSG00000274863', 'lENSG00000274893', 'lENSG00000275173', 'lENSG00000275345', 'lENSG00000275356', 'lENSG00000275484', 'lENSG00000275638', 'lENSG00000275871', 'lENSG00000275963', 'lENSG00000276054', 'lENSG00000276107', 'lENSG00000276266', 'lENSG00000276488', 'lENSG00000276527', 'lENSG00000276533', 'lENSG00000276997', 'lENSG00000277173', 'lENSG00000277332', 'lENSG00000277639', 'lENSG00000277675', 'lENSG00000278000', 'lENSG00000278013', 'lENSG00000278351', 'lENSG00000278630', 'lENSG00000278766', 'lENSG00000278944', 'lENSG00000279484', 'lENSG00000279501', 'lENSG00000279623', 'lENSG00000279687', 'lENSG00000279751', 'lENSG00000279920', 'lENSG00000280206', 'lENSG00000280224', 'lENSG00000280455', 'lENSG00000280580', 'lENSG00000280703', 'lENSG00000280870', 'lENSG00000280881', 'lENSG00000281021', 'lENSG00000281831', 'lENSG00000282478', 'lENSG00000282828', 'lENSG00000282950', 'lENSG00000283083', 'lENSG00000283286', 'lENSG00000283347', 'lENSG00000283375', 'lENSG00000283436', 'lENSG00000283457', 'lENSG00000283573', 'lENSG00000283631', 'lENSG00000283766', 'lENSG00000283973', 'lENSG00000284376', 'lENSG00000284418', 'lENSG00000284500', 'lENSG00000284608', 'lENSG00000284699', 'lENSG00000284846', 'lENSG00000284994', 'lENSG00000285012', 'lENSG00000285040', 'lENSG00000285117', 'lENSG00000285354', 'lENSG00000285409', 'lENSG00000285473', 'lENSG00000285518', 'lENSG00000285524', 'lENSG00000285550', 'lENSG00000285551', 'lENSG00000285619', 'lENSG00000285621', 'lENSG00000285654', 'lENSG00000285699', 'lENSG00000285709', 'lENSG00000285780', 'lENSG00000285861', 'lENSG00000285889', 'lENSG00000285954', 'lENSG00000286002', 'lENSG00000286018', 'lENSG00000286020', 'lENSG00000286050', 'lENSG00000286076', 'lENSG00000286089', 'lENSG00000286093', 'lENSG00000286101', 'lENSG00000286168', 'lENSG00000286188', 'lENSG00000286194', 'lENSG00000286197', 'lENSG00000286206', 'lENSG00000286242', 'lENSG00000286244', 'lENSG00000286276', 'lENSG00000286303', 'lENSG00000286331', 'lENSG00000286333', 'lENSG00000286338', 'lENSG00000286357', 'lENSG00000286419', 'lENSG00000286430', 'lENSG00000286436', 'lENSG00000286441', 'lENSG00000286453', 'lENSG00000286461', 'lENSG00000286474', 'lENSG00000286515', 'lENSG00000286565', 'lENSG00000286578', 'lENSG00000286581', 'lENSG00000286584', 'lENSG00000286588', 'lENSG00000286598', 'lENSG00000286617', 'lENSG00000286639', 'lENSG00000286645', 'lENSG00000286689', 'lENSG00000286690', 'lENSG00000286715', 'lENSG00000286716', 'lENSG00000286722', 'lENSG00000286735', 'lENSG00000286738', 'lENSG00000286740', 'lENSG00000286751', 'lENSG00000286759', 'lENSG00000286767', 'lENSG00000286770', 'lENSG00000286776', 'lENSG00000286781', 'lENSG00000286795', 'lENSG00000286820', 'lENSG00000286822', 'lENSG00000286838', 'lENSG00000286843', 'lENSG00000286887', 'lENSG00000286908', 'lENSG00000286963', 'lENSG00000287005', 'lENSG00000287006', 'lENSG00000287020', 'lENSG00000287066', 'lENSG00000287094', 'lENSG00000287107', 'lENSG00000287108', 'lENSG00000287128', 'lENSG00000287155', 'lENSG00000287159', 'lENSG00000287191', 'lENSG00000287198', 'lENSG00000287213', 'lENSG00000287236', 'lENSG00000287270', 'lENSG00000287285', 'lENSG00000287321', 'lENSG00000287335', 'lENSG00000287358', 'lENSG00000287359', 'lENSG00000287367', 'lENSG00000287381', 'lENSG00000287423', 'lENSG00000287441', 'lENSG00000287451', 'lENSG00000287456', 'lENSG00000287501', 'lENSG00000287511', 'lENSG00000287517', 'lENSG00000287518', 'lENSG00000287545', 'lENSG00000287551', 'lENSG00000287556', 'lENSG00000287618', 'lENSG00000287660', 'lENSG00000287664', 'lENSG00000287687', 'lENSG00000287691', 'lENSG00000287704', 'lENSG00000211683', 'lENSG00000214955', 'lENSG00000223795', 'lENSG00000224884', 'lENSG00000225393', 'lENSG00000225836', 'lENSG00000228255', 'lENSG00000228538', 'lENSG00000229454', 'lENSG00000229458', 'lENSG00000229628', 'lENSG00000229964', 'lENSG00000230600', 'lENSG00000230649', 'lENSG00000231212', 'lENSG00000231616', 'lENSG00000232056', 'lENSG00000233200', 'lENSG00000234083', 'lENSG00000234810', 'lENSG00000235337', 'lENSG00000235795', 'lENSG00000239801', 'lENSG00000241792', 'lENSG00000244620', 'lENSG00000247810', 'lENSG00000248359', 'lENSG00000249159', 'lENSG00000250481', 'lENSG00000250670', 'lENSG00000250686', 'lENSG00000250777', 'lENSG00000250948', 'lENSG00000251506', 'lENSG00000253766', 'lENSG00000254306', 'lENSG00000254927', 'lENSG00000255279', 'lENSG00000255325', 'lENSG00000255644', 'lENSG00000256686', 'lENSG00000257603', 'lENSG00000257715', 'lENSG00000258088', 'lENSG00000258196', 'lENSG00000258949', 'lENSG00000259123', 'lENSG00000259222', 'lENSG00000259244', 'lENSG00000259255', 'lENSG00000259274', 'lENSG00000259306', 'lENSG00000259407', 'lENSG00000260511', 'lENSG00000260983', 'lENSG00000261193', 'lENSG00000261445', 'lENSG00000261470', 'lENSG00000261775', 'lENSG00000264660', 'lENSG00000265174', 'lENSG00000266893', 'lENSG00000267521', 'lENSG00000267581', 'lENSG00000269391', 'lENSG00000269460', 'lENSG00000272304', 'lENSG00000272369', 'lENSG00000273138', 'lENSG00000273403', 'lENSG00000273486', 'lENSG00000274902', 'lENSG00000275232', 'lENSG00000278514', 'lENSG00000279672', 'lENSG00000282887', 'lENSG00000286164', 'lENSG00000226032', 'lENSG00000235736', 'lENSG00000251613', 'lENSG00000263316', 'lENSG00000258631', 'lENSG00000260141', 'lENSG00000279472', 'lENSG00000271870', 'lENSG00000272934', 'lENSG00000271840', 'lENSG00000253701', 'lENSG00000281408', 'lENSG00000268166', 'lALG13-AS1', 'lDGUOK-AS1', 'lDSCR8', 'lMIR145', 'lMIR24-2', 'lMIR3179-2', 'lMIR3654', 'lACA64', 'lCDKN2B-AS', 'lC3orf65']","[1.0, 0.0, 0.0, 1.0, 1.0, 0.0, 0.0, 1.0, 0.0, 1.0, 1.0, 0.0, 1.0, 1.0, 0.0, 1.0, 0.0, 1.0, 1.0, 0.0, 1.0, 0.0, 1.0, 0.0, 1.0, 1.0, 0.0, 0.0, 0.0, 1.0, 1.0, 0.0, 0.0, 0.0, 0.0, 1.0, 1.0, 1.0, 1.0, 1.0, 1.0, 0.0, 0.0, 0.0, 1.0, 1.0, 1.0, 0.0, 1.0, 1.0, 1.0, 1.0, 0.0, 1.0, 1.0, 1.0, 1.0, 1.0, 1.0, 0.0, 0.0, 0.0, 1.0, 1.0, 0.0, 0.0, 0.0, 1.0, 1.0, 0.0, 1.0, 0.0, 1.0, 1.0, 1.0, 1.0, 0.0, 1.0, 0.0, 0.0, 1.0, 0.0, 1.0, 0.0, 0.0, 1.0, 0.0, 1.0, 0.0, 1.0, 0.0, 0.0, 1.0, 1.0, 0.0, 0.0, 0.0, 0.0, 1.0, 1.0, 1.0, 0.0, 1.0, 1.0, 1.0, 0.0, 0.0, 1.0, 0.0, 0.0, 0.0, 1.0, 1.0, 0.0, 0.0, 1.0, 0.0, 1.0, 1.0, 1.0, 0.0, 0.0, 1.0, 0.0, 1.0, 0.0, 0.0, 0.0, 1.0, 1.0, 1.0, 0.0, 0.0, 1.0, 1.0, 0.0, 1.0, 1.0, 1.0, 1.0, 1.0, 0.0, 1.0, 0.0, 1.0, 1.0, 1.0, 1.0, 1.0, 0.0, 1.0, 0.0, 0.0, 1.0, 0.0, 1.0, 1.0, 0.0, 0.0, 0.0, 1.0, 0.0, 0.0, 1.0, 0.0, 0.0, 1.0, 1.0, 0.0, 0.0, 1.0, 1.0, 0.0, 0.0, 1.0, 1.0, 1.0, 0.0, 1.0, 0.0, 0.0, 1.0, 1.0, 0.0, 1.0, 1.0, 1.0, 0.0, 1.0, 1.0, 1.0, 0.0, 0.0, 0.0, 0.0, 0.0, 0.0, 1.0, 1.0, 1.0, 0.0, 1.0, 0.0, 1.0, 1.0, 0.0, 0.0, 1.0, 1.0, 0.0, 1.0, 1.0, 0.0, 0.0, 0.0, 1.0, 1.0, 0.0, 0.0, 0.0, 1.0, 1.0, 1.0, 1.0, 0.0, 0.0, 1.0, 1.0, 0.0, 1.0, 1.0, 0.0, 1.0, 0.0, 1.0, 1.0, 1.0, 0.0, 0.0, 1.0, 0.0, 1.0, 1.0, 1.0, 1.0, 0.0, 0.0, 0.0, 1.0, 1.0, 0.0, 0.0, 1.0, 1.0, 1.0, 1.0, 0.0, 0.0, 1.0, 1.0, 1.0, 0.0, 1.0, 0.0, 0.0, 1.0, 1.0, 1.0, 0.0, 0.0, 1.0, 1.0, 1.0, 0.0, 1.0, 1.0, 0.0, 0.0, 0.0, 1.0, 0.0, 0.0, 1.0, 1.0, 0.0, 1.0, 0.0, 0.0, 1.0, 0.0, 0.0, 0.0, 1.0, 0.0, 0.0, 0.0, 0.0, 1.0, 1.0, 1.0, 0.0, 0.0, 1.0, 1.0, 0.0, 1.0, 1.0, 0.0, 0.0, 0.0, 1.0, 0.0, 0.0, 0.0, 1.0, 1.0, 1.0, 0.0, 1.0, 0.0, 0.0, 1.0, 0.0, 0.0, 0.0, 1.0, 1.0, 0.0, 1.0, 0.0, 1.0, 1.0, 1.0, 1.0, 0.0, 1.0, 0.0, 1.0, 0.0, 1.0, 1.0, 0.0, 0.0, 0.0, 0.0, 1.0, 0.0, 1.0, 1.0, 1.0, 0.0, 0.0, 0.0, 0.0, 1.0, 0.0, 1.0, 1.0, 0.0, 0.0, 0.0, 0.0, 0.0, 1.0, 0.0, 1.0, 1.0, 1.0, 1.0, 1.0, 0.0, 0.0, 0.0, 0.0, 1.0, 1.0, 0.0, 1.0, 0.0, 0.0, 0.0, 0.0, 1.0, 1.0, 0.0, 1.0, 1.0, 0.0, 0.0, 1.0, 1.0, 1.0, 0.0, 0.0, 1.0, 1.0, 1.0, 1.0, 0.0, 0.0, 1.0, 0.0, 0.0, 0.0, 1.0, 1.0, 0.0, 0.0, 1.0, 0.0, 1.0, 0.0, 0.0, 0.0, 1.0, 0.0, 0.0, 1.0, 1.0, 1.0, 1.0, 0.0, 1.0, 0.0, 1.0, 1.0, 0.0, 1.0, 0.0, 0.0, 0.0, 1.0, 1.0, 1.0, 1.0, 0.0, 0.0, 1.0, 0.0, 1.0, 1.0, 1.0, 0.0, 1.0, 0.0, 0.0, 0.0, 0.0, 1.0, 0.0, 1.0, 0.0, 0.0, 0.0, 1.0, 0.0, 0.0, 1.0, 1.0, 0.0, 1.0, 1.0, 1.0, 0.0, 0.0, 0.0, 1.0, 0.0, 1.0, 1.0, 1.0, 1.0, 1.0, 0.0, 0.0, 1.0, 1.0, 0.0, 0.0, 0.0, 1.0, 0.0, 1.0, 0.0, 0.0, 1.0, 1.0, 0.0, 1.0, 0.0, 1.0, 1.0, 1.0, 0.0, 1.0, 1.0, 0.0, 0.0, 1.0, 0.0, 1.0, 1.0, 0.0, 1.0, 1.0, 1.0, 0.0, 0.0, 1.0, 1.0, 0.0, 0.0, 1.0, 0.0, 0.0, 0.0, 0.0, 1.0, 0.0, 0.0, 0.0, 0.0, 0.0, 1.0, 0.0, 1.0, 0.0, 1.0, 1.0, 0.0, 1.0, 1.0, 0.0, 0.0, 0.0, 1.0, 0.0, 1.0, 1.0, 0.0, 1.0, 0.0, 1.0, 0.0, 1.0, 0.0, 1.0, 1.0, 1.0, 0.0, 0.0, 1.0, 1.0, 1.0, 0.0, 1.0, 1.0, 0.0, 0.0, 0.0, 0.0, 0.0, 0.0, 0.0, 0.0, 1.0, 0.0, 0.0, 0.0, 1.0, 1.0, 0.0, 1.0, 0.0, 0.0, 0.0, 1.0, 0.0, 0.0, 0.0, 0.0, 1.0, 0.0, 0.0, 0.0, 1.0, 1.0, 1.0, 0.0, 1.0, 1.0, 0.0, 0.0, 0.0, 0.0, 1.0, 0.0, 1.0, 0.0, 0.0, 1.0, 0.0, 0.0, 0.0, 0.0, 1.0, 0.0, 0.0, 0.0, 0.0, 1.0, 0.0, 1.0, 0.0, 0.0, 1.0, 1.0, 1.0, 0.0, 1.0, 1.0, 0.0, 1.0, 1.0, 0.0, 1.0, 0.0, 0.0, 1.0, 0.0, 0.0, 1.0, 1.0, 0.0, 0.0, 0.0, 0.0, 0.0, 0.0, 1.0, 1.0, 0.0, 0.0, 0.0, 1.0, 1.0, 1.0, 0.0, 0.0, 1.0, 1.0, 1.0, 1.0, 1.0, 1.0, 0.0, 1.0, 1.0, 0.0, 0.0, 0.0, 1.0, 0.0, 1.0, 0.0, 1.0, 0.0, 1.0, 1.0, 1.0, 0.0, 1.0, 1.0, 0.0, 0.0, 0.0, 1.0, 0.0, 1.0, 1.0, 1.0, 0.0, 0.0, 0.0, 0.0, 1.0, 1.0, 0.0, 0.0, 1.0, 1.0, 1.0, 1.0, 0.0, 0.0, 1.0, 1.0, 1.0, 1.0, 0.0, 0.0, 0.0, 1.0, 0.0, 0.0, 1.0, 0.0, 0.0, 0.0, 1.0, 0.0, 1.0, 0.0, 0.0, 0.0, 0.0, 0.0, 0.0, 0.0, 1.0, 1.0, 1.0, 1.0, 1.0, 1.0, 0.0, 0.0, 1.0, 1.0, 0.0, 0.0, 1.0, 1.0, 1.0, 1.0, 0.0, 1.0, 1.0, 0.0, 0.0, 1.0, 0.0, 1.0, 1.0, 1.0, 1.0, 1.0, 0.0, 1.0, 1.0, 0.0, 0.0, 1.0, 1.0, 1.0, 0.0, 1.0, 0.0, 1.0, 0.0, 0.0, 0.0, 1.0, 1.0, 0.0, 1.0, 1.0, 0.0, 1.0, 1.0, 1.0, 1.0, 1.0, 1.0, 1.0, 1.0, 0.0, 0.0, 1.0, 0.0, 1.0, 0.0, 0.0, 1.0, 1.0, 1.0, 0.0, 0.0, 1.0, 0.0, 0.0, 0.0, 0.0, 0.0, 1.0, 0.0, 1.0, 1.0, 0.0, 1.0, 0.0, 0.0, 0.0, 0.0, 1.0, 0.0, 0.0, 0.0, 1.0, 0.0, 1.0, 0.0, 1.0, 1.0, 1.0, 1.0, 0.0, 1.0, 1.0, 1.0, 1.0, 1.0, 0.0, 1.0, 0.0, 1.0, 0.0, 0.0, 1.0, 1.0, 1.0, 0.0, 1.0, 0.0, 0.0, 1.0, 1.0, 0.0, 0.0, 1.0, 1.0, 1.0, 1.0, 0.0, 1.0, 0.0, 0.0, 0.0, 0.0, 1.0, 0.0, 0.0, 0.0, 0.0, 0.0, 1.0, 1.0, 0.0, 1.0, 0.0, 0.0, 0.0, 1.0, 0.0, 0.0, 0.0, 0.0, 0.0, 1.0, 0.0, 1.0, 0.0, 0.0, 0.0, 1.0, 0.0, 0.0, 0.0, 1.0, 0.0, 1.0, 1.0, 0.0, 1.0, 1.0, 1.0, 1.0, 0.0, 1.0, 1.0, 0.0, 0.0, 0.0, 1.0, 1.0, 1.0, 0.0, 1.0, 1.0, 1.0, 0.0, 0.0, 1.0, 0.0, 0.0, 0.0, 0.0, 1.0, 1.0, 1.0, 0.0, 1.0, 1.0, 0.0, 0.0, 0.0, 0.0, 0.0, 0.0, 0.0, 0.0, 1.0, 0.0, 1.0, 1.0, 1.0, 0.0, 0.0, 1.0, 0.0, 1.0, 1.0, 1.0, 0.0, 1.0, 0.0, 1.0, 0.0, 1.0, 1.0, 1.0, 1.0, 1.0, 1.0, 0.0, 0.0, 1.0, 1.0, 0.0, 0.0, 0.0, 1.0, 0.0, 1.0, 1.0, 1.0, 1.0, 0.0, 0.0, 1.0, 1.0, 0.0, 1.0, 0.0, 0.0, 1.0, 0.0, 0.0, 1.0, 0.0, 0.0, 1.0, 1.0, 0.0, 1.0, 0.0, 1.0, 0.0, 0.0, 0.0, 0.0, 0.0, 0.0, 0.0, 0.0, 1.0, 0.0, 0.0, 0.0, 0.0, 0.0, 0.0, 0.0, 1.0, 1.0, 1.0, 1.0, 1.0, 1.0, 1.0, 1.0, 1.0, 1.0, 1.0, 1.0, 0.0, 0.0, 1.0, 1.0, 1.0, 0.0, 0.0, 1.0, 0.0, 1.0, 0.0, 0.0, 0.0, 1.0, 0.0, 1.0, 1.0, 0.0, 0.0, 0.0, 1.0, 0.0, 0.0, 0.0, 1.0, 0.0, 0.0, 1.0, 0.0, 0.0, 0.0, 0.0, 1.0, 0.0, 0.0, 1.0, 0.0, 0.0, 1.0, 0.0, 1.0, 1.0, 1.0, 1.0, 1.0, 1.0, 1.0, 0.0, 1.0, 0.0, 0.0, 1.0, 1.0, 1.0, 0.0, 1.0, 1.0, 0.0, 1.0, 0.0, 1.0, 0.0, 0.0, 0.0, 0.0, 0.0, 1.0, 0.0, 1.0, 0.0, 0.0, 0.0, 1.0, 0.0, 1.0, 1.0, 0.0, 0.0, 1.0, 1.0, 1.0, 0.0, 0.0, 0.0, 1.0, 1.0, 0.0, 0.0, 1.0, 1.0, 0.0, 0.0, 1.0, 1.0, 1.0, 0.0, 1.0, 0.0, 0.0, 1.0, 1.0, 0.0, 1.0, 1.0, 0.0, 0.0, 0.0, 0.0, 1.0, 0.0, 0.0, 0.0, 0.0, 1.0, 1.0, 0.0, 1.0, 0.0, 0.0, 0.0, 0.0, 1.0, 1.0, 1.0, 0.0, 0.0, 0.0, 1.0, 1.0, 0.0, 1.0, 1.0, 0.0, 1.0, 0.0, 0.0, 1.0, 1.0, 1.0, 1.0, 0.0, 0.0, 0.0, 1.0, 0.0, 1.0, 0.0, 0.0, 0.0, 1.0, 0.0, 1.0, 0.0, 0.0, 0.0, 1.0, 1.0, 1.0, 1.0, 1.0, 0.0, 0.0, 1.0, 0.0, 1.0, 0.0, 0.0, 0.0, 0.0, 0.0, 1.0, 1.0, 1.0, 0.0, 1.0, 1.0, 0.0, 1.0, 1.0, 1.0, 1.0, 0.0, 1.0, 0.0, 0.0, 1.0, 1.0, 1.0, 1.0, 0.0, 0.0, 0.0, 0.0, 1.0, 0.0, 1.0, 1.0, 0.0, 0.0, 0.0, 1.0, 1.0, 0.0, 1.0, 0.0, 0.0, 1.0, 1.0, 1.0, 0.0, 0.0, 1.0, 1.0, 0.0, 1.0, 0.0, 1.0, 0.0, 1.0, 1.0, 0.0, 0.0, 0.0, 1.0, 1.0, 0.0, 0.0, 1.0, 0.0, 1.0, 1.0, 0.0, 1.0, 0.0, 0.0, 0.0, 1.0, 0.0, 1.0, 0.0, 0.0, 1.0, 0.0, 0.0, 1.0, 0.0, 1.0, 0.0, 0.0, 1.0, 1.0, 1.0, 1.0, 1.0, 1.0, 0.0, 1.0, 0.0, 1.0, 1.0, 0.0, 0.0, 1.0, 1.0, 1.0, 1.0, 1.0, 0.0, 0.0, 1.0, 0.0, 1.0, 0.0, 1.0, 1.0, 1.0, 0.0, 0.0, 0.0, 0.0, 1.0, 1.0, 0.0, 0.0, 1.0, 0.0, 0.0, 1.0, 1.0, 1.0, 0.0, 1.0, 1.0, 1.0, 1.0, 1.0, 0.0, 0.0, 1.0, 0.0, 1.0, 0.0, 1.0, 1.0, 1.0, 0.0, 0.0, 0.0, 1.0, 0.0, 1.0, 0.0, 0.0, 0.0, 0.0, 1.0, 1.0, 0.0, 0.0, 1.0, 1.0, 0.0, 1.0, 0.0, 1.0, 1.0, 1.0, 0.0, 0.0, 0.0, 0.0, 0.0, 1.0, 0.0, 0.0, 1.0, 0.0, 1.0, 1.0, 1.0, 1.0, 1.0, 1.0, 0.0, 1.0, 1.0, 1.0, 1.0, 0.0, 0.0, 0.0, 1.0, 1.0, 0.0, 1.0, 1.0, 1.0, 1.0, 0.0, 0.0, 1.0, 0.0, 1.0, 0.0, 1.0, 1.0, 1.0, 1.0, 0.0, 0.0, 1.0, 1.0, 1.0, 0.0, 1.0, 1.0, 0.0, 1.0, 0.0, 1.0, 1.0, 1.0, 1.0, 1.0, 0.0, 1.0, 0.0, 1.0, 0.0, 1.0, 0.0, 0.0, 1.0, 0.0, 1.0, 0.0, 1.0, 1.0, 1.0, 0.0, 0.0, 1.0, 1.0, 1.0, 0.0, 1.0, 1.0, 0.0, 1.0, 1.0, 0.0, 0.0, 1.0, 0.0, 0.0, 1.0, 1.0, 1.0, 1.0, 1.0, 0.0, 0.0, 1.0, 1.0, 1.0, 1.0, 0.0, 1.0, 0.0, 1.0, 1.0, 0.0, 1.0, 0.0, 0.0, 1.0, 1.0, 0.0, 0.0, 1.0, 0.0, 0.0, 0.0, 1.0, 0.0, 1.0, 1.0, 1.0, 0.0, 1.0, 1.0, 1.0, 0.0, 1.0, 0.0, 1.0, 0.0, 0.0, 0.0, 1.0, 0.0, 1.0, 0.0, 1.0, 1.0, 0.0, 1.0, 1.0, 0.0, 1.0, 0.0, 1.0, 0.0, 0.0, 0.0, 0.0, 1.0, 0.0, 0.0, 1.0, 0.0, 0.0, 1.0, 0.0, 1.0, 0.0, 1.0, 0.0, 1.0, 1.0, 0.0, 1.0, 1.0, 1.0, 1.0, 1.0, 0.0, 0.0, 0.0, 0.0, 0.0, 0.0, 0.0, 0.0, 1.0, 0.0, 1.0, 1.0, 1.0, 0.0, 0.0, 1.0, 1.0, 1.0, 0.0, 1.0, 0.0, 1.0, 1.0, 0.0, 1.0, 0.0, 1.0, 0.0, 0.0, 0.0, 1.0, 0.0, 0.0, 1.0, 1.0, 1.0, 0.0, 0.0, 0.0, 0.0, 1.0, 0.0, 0.0, 0.0, 0.0, 1.0, 0.0, 1.0, 1.0, 1.0, 0.0, 1.0, 0.0, 1.0, 0.0, 1.0, 1.0, 0.0, 1.0, 0.0, 0.0, 1.0, 1.0, 0.0, 0.0, 0.0, 0.0, 1.0, 0.0, 0.0, 1.0, 1.0, 0.0, 0.0, 1.0, 0.0, 0.0, 0.0, 1.0, 1.0, 0.0, 1.0, 1.0, 1.0, 0.0, 0.0, 0.0, 1.0, 1.0, 0.0, 1.0, 1.0, 1.0, 0.0, 0.0, 0.0, 1.0, 0.0, 0.0, 1.0, 0.0, 0.0, 1.0, 0.0, 0.0, 0.0, 1.0, 0.0, 0.0, 1.0, 0.0, 0.0, 0.0, 1.0, 1.0, 1.0, 0.0, 0.0, 1.0, 0.0, 0.0, 1.0, 1.0, 0.0, 1.0, 1.0, 0.0, 1.0, 0.0, 0.0, 0.0, 0.0, 0.0, 1.0, 0.0, 1.0, 1.0, 0.0, 1.0, 1.0, 1.0, 0.0, 0.0, 0.0, 0.0, 0.0, 0.0, 0.0, 0.0, 1.0, 1.0, 1.0, 1.0, 1.0, 0.0, 0.0, 1.0, 1.0, 0.0, 1.0, 0.0, 0.0, 0.0, 0.0, 1.0, 0.0, 1.0, 1.0, 1.0, 0.0, 0.0, 0.0, 1.0, 0.0, 0.0, 1.0, 0.0, 0.0, 0.0, 0.0, 1.0, 1.0, 1.0, 1.0, 1.0, 0.0, 1.0, 0.0, 0.0, 0.0, 0.0, 1.0, 1.0, 0.0, 0.0, 1.0, 0.0, 1.0, 1.0, 0.0, 0.0, 1.0, 1.0, 1.0, 1.0, 1.0, 0.0, 1.0, 1.0, 0.0, 0.0, 0.0, 0.0, 1.0, 0.0, 0.0, 0.0, 1.0, 0.0, 1.0, 0.0, 0.0, 1.0, 1.0, 0.0, 0.0, 1.0, 1.0, 0.0, 0.0, 1.0, 0.0, 0.0, 0.0, 0.0, 1.0, 1.0, 0.0, 1.0, 1.0, 0.0, 1.0, 1.0, 0.0, 0.0, 1.0, 0.0, 0.0, 0.0, 1.0, 1.0, 1.0, 0.0, 0.0, 1.0, 0.0, 0.0, 1.0, 0.0, 1.0, 0.0, 0.0, 1.0, 1.0, 1.0, 0.0, 1.0, 1.0, 1.0, 0.0, 1.0, 0.0, 1.0, 0.0, 1.0, 1.0, 0.0, 0.0, 0.0, 1.0, 0.0, 1.0, 1.0, 0.0, 1.0, 1.0, 0.0, 0.0, 0.0, 1.0, 0.0, 1.0, 1.0, 1.0, 0.0, 0.0, 1.0, 0.0, 1.0, 1.0, 1.0, 0.0, 0.0, 0.0, 0.0, 0.0, 0.0, 1.0, 0.0, 0.0, 1.0, 1.0, 0.0, 1.0, 1.0, 1.0, 0.0, 0.0, 1.0, 0.0, 1.0, 0.0, 1.0, 0.0, 0.0, 1.0, 0.0, 1.0, 1.0, 1.0, 1.0, 1.0, 0.0, 0.0, 0.0, 0.0, 0.0, 0.0, 0.0, 0.0, 1.0, 0.0, 1.0, 1.0, 0.0, 0.0, 1.0, 1.0, 1.0, 0.0, 0.0, 0.0, 0.0, 1.0, 0.0, 1.0, 1.0, 1.0, 1.0, 1.0, 1.0, 0.0, 0.0, 1.0, 1.0, 1.0, 0.0, 1.0, 0.0, 0.0, 0.0, 1.0, 1.0, 1.0, 0.0, 0.0, 1.0, 1.0, 0.0, 0.0, 1.0, 0.0, 0.0, 1.0, 1.0, 0.0, 0.0, 1.0, 1.0, 1.0, 1.0, 1.0, 0.0, 0.0, 1.0, 1.0, 0.0, 0.0, 0.0, 0.0, 0.0, 1.0, 1.0, 1.0, 0.0, 1.0, 1.0, 1.0, 1.0, 0.0, 1.0, 1.0, 0.0, 0.0, 0.0, 1.0, 0.0, 1.0, 1.0, 0.0, 0.0, 0.0, 1.0, 1.0, 0.0, 0.0, 0.0, 1.0, 0.0, 1.0, 1.0, 0.0, 0.0, 1.0, 0.0, 0.0, 0.0, 0.0, 1.0, 0.0, 1.0, 1.0, 1.0, 1.0, 1.0, 1.0, 1.0, 1.0, 0.0, 0.0, 0.0, 0.0, 0.0, 0.0, 1.0, 1.0, 1.0, 0.0, 0.0, 1.0, 1.0, 0.0, 1.0, 1.0, 1.0, 0.0, 1.0, 1.0, 1.0, 1.0, 0.0, 1.0, 0.0, 0.0, 1.0, 0.0, 0.0, 1.0, 0.0, 0.0, 1.0, 1.0, 0.0, 0.0, 0.0, 0.0, 0.0, 1.0, 0.0, 1.0, 0.0, 1.0, 1.0, 0.0, 0.0, 1.0, 0.0, 1.0, 1.0, 0.0, 0.0, 0.0, 0.0, 1.0, 1.0, 1.0, 1.0, 0.0, 1.0, 0.0, 1.0, 1.0, 0.0, 1.0, 0.0, 0.0, 1.0, 1.0, 0.0, 0.0, 0.0, 1.0, 1.0, 1.0, 1.0, 1.0, 0.0, 0.0, 1.0, 1.0, 1.0, 1.0, 0.0, 1.0, 1.0, 0.0, 0.0, 0.0, 1.0, 1.0, 1.0, 1.0, 1.0, 0.0, 0.0, 0.0, 1.0, 0.0, 0.0, 1.0, 0.0, 0.0, 0.0, 1.0, 0.0, 1.0, 0.0, 1.0, 1.0, 1.0, 0.0, 0.0, 0.0, 1.0, 0.0, 1.0, 0.0, 0.0, 0.0, 1.0, 0.0, 1.0, 0.0, 0.0, 1.0, 0.0, 1.0, 0.0, 0.0, 0.0, 1.0, 1.0, 1.0, 1.0, 0.0, 1.0, 1.0, 1.0, 1.0, 1.0, 0.0, 1.0, 1.0, 0.0, 1.0, 0.0, 1.0, 1.0, 1.0, 0.0, 0.0, 0.0, 1.0, 1.0, 1.0, 0.0, 0.0, 0.0, 0.0, 1.0, 1.0, 0.0, 0.0, 0.0, 1.0, 1.0, 0.0, 1.0, 1.0, 1.0, 1.0, 1.0, 0.0, 0.0, 0.0, 1.0, 1.0, 1.0, 0.0, 0.0, 0.0, 0.0, 1.0, 0.0, 0.0, 1.0, 0.0, 1.0, 1.0, 0.0, 1.0, 1.0, 1.0, 0.0, 1.0, 1.0, 1.0, 0.0, 0.0, 0.0, 1.0, 0.0, 1.0, 1.0, 0.0, 1.0, 0.0, 0.0, 1.0, 1.0, 0.0, 1.0, 0.0, 0.0, 1.0, 1.0, 0.0, 1.0, 0.0, 0.0, 1.0, 1.0, 0.0, 1.0, 0.0, 0.0, 0.0, 1.0, 0.0, 1.0, 1.0, 1.0, 1.0, 1.0, 1.0, 1.0, 1.0, 1.0, 0.0, 1.0, 0.0, 0.0, 1.0, 0.0, 1.0, 0.0, 0.0, 1.0, 0.0, 0.0, 1.0, 1.0, 0.0, 1.0, 1.0, 0.0, 1.0, 0.0, 1.0, 0.0, 0.0, 0.0, 0.0, 0.0, 1.0, 1.0, 1.0, 0.0, 1.0, 0.0, 1.0, 0.0, 0.0, 0.0, 0.0, 1.0, 1.0, 1.0, 0.0, 0.0, 1.0, 1.0, 1.0, 0.0, 1.0, 0.0, 0.0, 1.0, 0.0, 1.0, 1.0, 0.0, 0.0, 1.0, 1.0, 0.0, 0.0, 0.0, 1.0, 0.0, 0.0, 1.0, 1.0, 1.0, 1.0, 0.0, 1.0, 1.0, 0.0, 0.0, 0.0, 0.0, 1.0, 0.0, 1.0, 1.0, 1.0, 0.0, 0.0, 1.0, 1.0, 1.0, 0.0, 1.0, 0.0, 0.0, 0.0, 1.0, 0.0, 0.0, 0.0, 1.0, 0.0, 0.0, 0.0, 1.0, 1.0, 1.0, 1.0, 1.0, 1.0, 1.0, 1.0, 1.0, 1.0, 0.0, 0.0, 1.0, 0.0, 0.0, 1.0, 1.0, 1.0, 1.0, 0.0, 1.0, 1.0, 1.0, 1.0, 1.0, 1.0, 0.0, 0.0, 0.0, 1.0, 1.0, 0.0, 0.0, 1.0, 1.0, 0.0, 0.0, 0.0, 0.0, 1.0, 1.0, 1.0, 0.0, 0.0, 1.0, 0.0, 0.0, 1.0, 0.0, 1.0, 1.0, 0.0, 1.0, 1.0, 1.0, 1.0, 0.0, 1.0, 1.0, 1.0, 0.0, 1.0, 1.0, 1.0, 0.0, 0.0, 1.0, 0.0, 0.0, 1.0, 1.0, 0.0, 1.0, 1.0, 1.0, 0.0, 0.0, 1.0, 1.0, 1.0, 1.0, 1.0, 0.0, 0.0, 1.0, 1.0, 1.0, 1.0, 0.0, 0.0, 0.0, 0.0, 1.0, 0.0, 1.0, 0.0, 0.0, 1.0, 1.0, 1.0, 1.0, 0.0, 0.0, 0.0, 0.0, 0.0, 0.0, 1.0, 0.0, 1.0, 1.0, 1.0, 0.0, 0.0, 0.0, 1.0, 1.0, 0.0, 1.0, 0.0, 1.0, 0.0, 0.0, 0.0, 1.0, 1.0, 0.0, 0.0, 1.0, 1.0, 1.0, 0.0, 0.0, 1.0, 1.0, 0.0, 0.0, 1.0, 0.0, 1.0, 1.0, 0.0, 0.0, 1.0, 0.0, 0.0, 0.0, 0.0, 0.0, 1.0, 1.0, 0.0, 0.0, 1.0, 0.0, 0.0, 0.0, 0.0, 0.0, 0.0, 0.0, 0.0, 1.0, 0.0, 1.0, 1.0, 1.0, 0.0, 1.0, 1.0, 1.0, 0.0, 0.0, 1.0, 0.0, 1.0, 1.0, 1.0, 1.0, 0.0, 1.0, 0.0, 1.0, 1.0, 0.0, 0.0, 0.0, 1.0, 0.0, 0.0, 0.0, 0.0, 1.0, 1.0, 0.0, 1.0, 1.0, 0.0, 0.0, 0.0, 1.0, 0.0, 1.0, 0.0, 0.0, 0.0, 1.0, 1.0, 0.0, 1.0, 1.0, 0.0, 0.0, 1.0, 0.0, 1.0, 1.0, 0.0, 1.0, 0.0, 0.0, 1.0, 1.0, 1.0, 1.0, 0.0, 0.0, 0.0, 1.0, 0.0, 0.0, 0.0, 1.0, 0.0, 1.0, 0.0, 0.0, 1.0, 1.0, 1.0, 1.0, 0.0, 0.0, 1.0, 0.0, 0.0, 0.0, 1.0, 0.0, 1.0, 0.0, 0.0, 1.0, 0.0, 1.0, 1.0, 1.0, 0.0, 0.0, 0.0, 1.0, 1.0, 1.0, 1.0, 0.0, 0.0, 1.0, 0.0, 1.0, 1.0, 1.0, 0.0, 0.0, 0.0, 1.0, 1.0, 0.0, 1.0, 1.0, 0.0, 0.0, 1.0, 1.0, 0.0, 0.0, 0.0, 0.0, 1.0, 0.0, 0.0, 0.0, 0.0, 1.0, 1.0, 1.0, 1.0, 0.0, 1.0, 0.0, 0.0, 0.0, 1.0, 0.0, 1.0, 1.0, 0.0, 1.0, 1.0, 0.0, 0.0, 1.0, 1.0, 1.0, 1.0, 1.0, 1.0, 1.0, 0.0, 1.0, 0.0, 0.0, 1.0, 1.0, 1.0, 1.0, 1.0, 1.0, 1.0, 0.0, 1.0, 0.0, 0.0, 1.0, 1.0, 1.0, 0.0, 1.0, 0.0, 0.0, 1.0, 0.0, 1.0, 0.0, 0.0, 1.0, 0.0, 1.0, 0.0, 0.0, 1.0, 1.0, 1.0, 0.0, 0.0, 0.0, 0.0, 1.0, 1.0, 0.0, 1.0, 0.0, 0.0, 1.0, 0.0, 1.0, 1.0, 1.0, 0.0, 1.0, 0.0, 0.0, 0.0, 1.0, 1.0, 0.0, 0.0, 1.0, 0.0, 0.0, 0.0, 1.0, 0.0, 0.0, 1.0, 0.0, 0.0, 0.0, 0.0, 0.0, 0.0, 1.0, 1.0, 0.0, 0.0, 1.0, 1.0, 1.0, 0.0, 1.0, 0.0, 1.0, 1.0, 0.0, 1.0, 1.0, 0.0, 0.0, 0.0, 1.0, 0.0, 0.0, 1.0, 1.0, 0.0, 1.0, 0.0, 0.0, 0.0, 0.0, 0.0, 1.0, 0.0, 1.0, 0.0, 1.0, 0.0, 1.0, 1.0, 0.0, 0.0, 0.0, 0.0, 0.0, 0.0, 0.0, 0.0, 0.0, 1.0, 0.0, 1.0, 0.0, 1.0, 1.0, 0.0, 1.0, 0.0, 0.0, 1.0, 1.0, 1.0, 0.0, 1.0, 1.0, 1.0, 1.0, 1.0, 1.0, 1.0, 1.0, 1.0, 1.0, 1.0, 0.0, 0.0, 0.0, 0.0, 0.0, 1.0, 1.0, 0.0, 1.0, 0.0, 1.0, 0.0, 0.0, 1.0, 1.0, 1.0, 0.0, 1.0, 0.0, 0.0, 0.0, 0.0, 0.0, 0.0, 0.0, 1.0, 1.0, 1.0, 0.0, 0.0, 0.0, 1.0, 0.0, 1.0, 1.0, 0.0, 0.0, 0.0, 0.0, 0.0, 0.0, 1.0, 1.0, 0.0, 0.0, 1.0, 1.0, 1.0, 1.0, 1.0, 0.0, 1.0, 1.0, 1.0, 0.0, 1.0, 0.0, 0.0, 0.0, 1.0, 0.0, 0.0, 0.0, 1.0, 0.0, 0.0, 0.0, 1.0, 0.0, 1.0, 1.0, 0.0, 1.0, 1.0, 0.0, 1.0, 0.0, 0.0, 0.0, 1.0, 1.0, 1.0, 0.0, 0.0, 0.0, 1.0, 1.0, 1.0, 1.0, 0.0, 1.0, 0.0, 1.0, 1.0, 0.0, 0.0, 1.0, 1.0, 1.0, 0.0, 0.0, 1.0, 0.0, 1.0, 0.0, 1.0, 0.0, 0.0, 0.0, 0.0, 0.0, 1.0, 1.0, 0.0, 0.0, 0.0, 0.0, 0.0, 0.0, 1.0, 1.0, 1.0, 0.0, 0.0, 1.0, 1.0, 0.0, 1.0, 0.0, 1.0, 0.0, 1.0, 1.0, 0.0, 1.0, 0.0, 1.0, 1.0, 1.0, 0.0, 1.0, 0.0, 0.0, 1.0, 0.0, 1.0, 0.0, 1.0, 0.0, 1.0, 1.0, 1.0, 0.0, 0.0, 0.0, 0.0, 0.0, 1.0, 0.0]","['lNONHSAG000047', 'lNONHSAG000769', 'lNONHSAG001278', 'lNONHSAG002731', 'lNONHSAG003957', 'lNONHSAG004026', 'lNONHSAG004305', 'lNONHSAG005728', 'lNONHSAG006049', 'lNONHSAG006633', 'lNONHSAG007430', 'lNONHSAG007431', 'lNONHSAG008589', 'lNONHSAG008670', 'lNONHSAG008952', 'lNONHSAG009039', 'lNONHSAG009059', 'lNONHSAG009062', 'lNONHSAG009134', 'lNONHSAG010657', 'lNONHSAG011086', 'lNONHSAG011375', 'lNONHSAG012751', 'lNONHSAG013992', 'lNONHSAG014546', 'lNONHSAG014891', 'lNONHSAG017254', 'lNONHSAG017282', 'lNONHSAG017666', 'lNONHSAG017767', 'lNONHSAG018053', 'lNONHSAG018110', 'lNONHSAG018236', 'lNONHSAG018586', 'lNONHSAG019667', 'lNONHSAG019767', 'lNONHSAG019852', 'lNONHSAG020075', 'lNONHSAG020259', 'lNONHSAG020361', 'lNONHSAG020382', 'lNONHSAG020760', 'lNONHSAG021909', 'lNONHSAG022551', 'lNONHSAG022579', 'lNONHSAG023375', 'lNONHSAG023668', 'lNONHSAG024117', 'lNONHSAG024391', 'lNONHSAG024540', 'lNONHSAG024905', 'lNONHSAG024908', 'lNONHSAG024979', 'lNONHSAG025135', 'lNONHSAG025744', 'lNONHSAG025907', 'lNONHSAG026721', 'lNONHSAG027374', 'lNONHSAG027618', 'lNONHSAG027874', 'lNONHSAG029960', 'lNONHSAG030440', 'lNONHSAG030525', 'lNONHSAG030738', 'lNONHSAG031261', 'lNONHSAG031453', 'lNONHSAG031991', 'lNONHSAG032267', 'lNONHSAG032724', 'lNONHSAG033168', 'lNONHSAG033528', 'lNONHSAG034217', 'lNONHSAG034527', 'lNONHSAG034801', 'lNONHSAG035262', 'lNONHSAG035914', 'lNONHSAG035916', 'lNONHSAG035923', 'lNONHSAG040241', 'lNONHSAG040269', 'lNONHSAG040444', 'lNONHSAG040909', 'lNONHSAG040969', 'lNONHSAG041966', 'lNONHSAG042855', 'lNONHSAG042991', 'lNONHSAG043138', 'lNONHSAG043592', 'lNONHSAG044350', 'lNONHSAG045306', 'lNONHSAG046839', 'lNONHSAG047725', 'lNONHSAG047851', 'lNONHSAG048302', 'lNONHSAG049901', 'lNONHSAG050073', 'lNONHSAG050284', 'lNONHSAG050929', 'lNONHSAG051196', 'lNONHSAG051245', 'lNONHSAG051250', 'lNONHSAG051454', 'lNONHSAG052179', 'lNONHSAG052491', 'lNONHSAG052492', 'lNONHSAG053590', 'lNONHSAG054717', 'lNONHSAG056025', 'lNONHSAG057260', 'lNONHSAG059768', 'lNONHSAG064962', 'lNONHSAG069876', 'lNONHSAG072176', 'lNONHSAG073380', 'lNONHSAG073786', 'lNONHSAG077551', 'lNONHSAG091452', 'lNONHSAG103817', 'lENSG00000163364', 'lENSG00000179406', 'lENSG00000189295', 'lENSG00000229335', 'lENSG00000231473', 'lENSG00000233532', 'lENSG00000235385', 'lENSG00000247400', 'lENSG00000249835', 'lENSG00000249993', 'lENSG00000253315', 'lENSG00000254480', 'lENSG00000267440', 'lENSG00000267858', 'lENSG00000269939', 'lENSG00000270344', 'lENSG00000270959', 'lENSG00000286737', 'lENSG00000288080', 'lADAMTS9-AS2', 'lHEIH', 'lJRK', 'lKTN1-AS1', 'lLINC00240', 'lLINC00333', 'lLINC00472', 'lMIR31HG', 'lCTD-2540L5.5', 'lRP11-123O10.4', 'lRP11-24P14.1', 'lRP11-305P14.1', 'lRP4-756H11.3', 'lXXbac-BPG300A18.13', 'lNONHSAG001171', 'lNONHSAG001258', 'lNONHSAG001435', 'lNONHSAG002403', 'lNONHSAG002816', 'lNONHSAG003810', 'lNONHSAG005679', 'lNONHSAG005717', 'lNONHSAG005842', 'lNONHSAG005853', 'lNONHSAG005857', 'lNONHSAG005939', 'lNONHSAG005985', 'lNONHSAG006012', 'lNONHSAG006103', 'lNONHSAG006183', 'lNONHSAG006324', 'lNONHSAG006434', 'lNONHSAG006440', 'lNONHSAG006586', 'lNONHSAG006716', 'lNONHSAG006750', 'lNONHSAG006883', 'lNONHSAG007087', 'lNONHSAG007155', 'lNONHSAG007172', 'lNONHSAG007259', 'lNONHSAG007298', 'lNONHSAG007574', 'lENSG00000203472', 'lENSG00000219410', 'lENSG00000223563', 'lENSG00000224095', 'lENSG00000224330', 'lENSG00000224844', 'lENSG00000224972', 'lENSG00000225929', 'lENSG00000226143', 'lENSG00000226398', 'lENSG00000227330', 'lENSG00000227482', 'lENSG00000227718', 'lENSG00000228215', 'lENSG00000228372', 'lENSG00000229152', 'lENSG00000230121', 'lENSG00000230483', 'lENSG00000230668', 'lENSG00000230826', 'lENSG00000230912', 'lENSG00000231114', 'lENSG00000231413', 'lENSG00000231440', 'lENSG00000231681', 'lENSG00000232328', 'lENSG00000232746', 'lENSG00000234055', 'lENSG00000234172', 'lENSG00000234653', 'lENSG00000235086', 'lENSG00000235635', 'lENSG00000236326', 'lENSG00000236662', 'lENSG00000236921', 'lENSG00000236951', 'lENSG00000236953', 'lENSG00000237477', 'lENSG00000238291', 'lENSG00000239415', 'lENSG00000242545', 'lENSG00000242618', 'lENSG00000243961', 'lENSG00000244461', 'lENSG00000248245', 'lENSG00000248935', 'lENSG00000249071', 'lENSG00000249099', 'lENSG00000249706', 'lENSG00000249892', 'lENSG00000250186', 'lENSG00000250665', 'lENSG00000250866', 'lENSG00000251414', 'lENSG00000253627', 'lENSG00000253722', 'lENSG00000253782', 'lENSG00000254559', 'lENSG00000254563', 'lENSG00000254592', 'lENSG00000254879', 'lENSG00000254913', 'lENSG00000254972', 'lENSG00000255555', 'lENSG00000256568', 'lENSG00000257105', 'lENSG00000257470', 'lENSG00000258185', 'lENSG00000258210', 'lENSG00000258220', 'lENSG00000258379', 'lENSG00000258451', 'lENSG00000259026', 'lENSG00000259223', 'lENSG00000259342', 'lENSG00000259351', 'lENSG00000259659', 'lENSG00000260158', 'lENSG00000260970', 'lENSG00000261432', 'lENSG00000261569', 'lENSG00000261838', 'lENSG00000262298', 'lENSG00000262533', 'lENSG00000264486', 'lENSG00000264520', 'lENSG00000264577', 'lENSG00000265400', 'lENSG00000266341', 'lENSG00000266651', 'lENSG00000266844', 'lENSG00000267255', 'lENSG00000267354', 'lENSG00000267387', 'lENSG00000267665', 'lENSG00000267838', 'lENSG00000268240', 'lENSG00000269321', 'lENSG00000269656', 'lENSG00000269867', 'lENSG00000270996', 'lENSG00000271763', 'lENSG00000272159', 'lENSG00000272814', 'lENSG00000273568', 'lENSG00000274624', 'lENSG00000275401', 'lENSG00000275576', 'lENSG00000276668', 'lENSG00000278202', 'lENSG00000279088', 'lENSG00000279240', 'lENSG00000284513', 'lENSG00000285325', 'lENSG00000285857', 'lENSG00000285998', 'lENSG00000286010', 'lENSG00000286670', 'lENSG00000286698', 'lENSG00000286803', 'lENSG00000286850', 'lENSG00000287028', 'lENSG00000287030', 'lENSG00000287202', 'lENSG00000287366', 'lENSG00000287462', 'lENSG00000287550', 'lENSG00000287587', 'lENSG00000287684', 'lENSG00000223379', 'lENSG00000232636', 'lENSG00000233987', 'lENSG00000234998', 'lENSG00000236453', 'lENSG00000242375', 'lENSG00000248991', 'lENSG00000250567', 'lENSG00000251654', 'lENSG00000257962', 'lENSG00000258386', 'lENSG00000259209', 'lENSG00000267081', 'lENSG00000265556']","[0.0, 1.0, 1.0, 1.0, 0.0, 0.0, 0.0, 0.0, 1.0, 0.0, 1.0, 0.0, 1.0, 0.0, 1.0, 1.0, 0.0, 0.0, 1.0, 1.0, 1.0, 0.0, 1.0, 0.0, 0.0, 0.0, 1.0, 0.0, 1.0, 0.0, 1.0, 0.0, 0.0, 0.0, 0.0, 0.0, 1.0, 0.0, 0.0, 1.0, 1.0, 0.0, 0.0, 1.0, 0.0, 0.0, 1.0, 0.0, 1.0, 0.0, 1.0, 0.0, 1.0, 0.0, 1.0, 0.0, 0.0, 1.0, 1.0, 1.0, 0.0, 0.0, 0.0, 0.0, 0.0, 0.0, 1.0, 1.0, 0.0, 1.0, 0.0, 1.0, 0.0, 1.0, 0.0, 1.0, 0.0, 1.0, 1.0, 0.0, 0.0, 1.0, 0.0, 1.0, 0.0, 0.0, 0.0, 1.0, 0.0, 0.0, 1.0, 0.0, 1.0, 0.0, 1.0, 0.0, 0.0, 0.0, 0.0, 0.0, 0.0, 0.0, 1.0, 0.0, 1.0, 1.0, 1.0, 1.0, 1.0, 1.0, 0.0, 0.0, 0.0, 0.0, 1.0, 1.0, 1.0, 0.0, 1.0, 1.0, 0.0, 1.0, 0.0, 0.0, 0.0, 1.0, 0.0, 0.0, 0.0, 1.0, 1.0, 1.0, 1.0, 1.0, 1.0, 0.0, 1.0, 1.0, 0.0, 1.0, 0.0, 0.0, 1.0, 1.0, 0.0, 0.0, 1.0, 0.0, 1.0, 1.0, 0.0, 0.0, 0.0, 1.0, 1.0, 1.0, 1.0, 0.0, 1.0, 0.0, 1.0, 0.0, 1.0, 0.0, 1.0, 0.0, 1.0, 0.0, 1.0, 1.0, 1.0, 0.0, 1.0, 0.0, 1.0, 1.0, 1.0, 0.0, 0.0, 1.0, 1.0, 0.0, 0.0, 0.0, 1.0, 1.0, 0.0, 1.0, 1.0, 0.0, 1.0, 1.0, 1.0, 0.0, 0.0, 1.0, 0.0, 0.0, 0.0, 1.0, 1.0, 1.0, 1.0, 0.0, 0.0, 0.0, 1.0, 1.0, 0.0, 1.0, 0.0, 1.0, 0.0, 1.0, 1.0, 0.0, 1.0, 1.0, 1.0, 1.0, 1.0, 1.0, 1.0, 1.0, 0.0, 0.0, 0.0, 0.0, 1.0, 1.0, 0.0, 0.0, 0.0, 0.0, 0.0, 0.0, 1.0, 0.0, 0.0, 1.0, 0.0, 1.0, 0.0, 0.0, 1.0, 1.0, 0.0, 0.0, 1.0, 1.0, 1.0, 1.0, 1.0, 1.0, 1.0, 1.0, 1.0, 1.0, 1.0, 1.0, 0.0, 1.0, 1.0, 1.0, 0.0, 1.0, 0.0, 1.0, 0.0, 0.0, 1.0, 0.0, 1.0, 0.0, 0.0, 0.0, 1.0, 1.0, 0.0, 0.0, 0.0, 0.0, 0.0, 1.0, 0.0, 1.0, 0.0, 0.0, 1.0, 1.0, 1.0, 1.0, 1.0, 0.0, 0.0, 1.0, 1.0, 0.0, 0.0, 1.0, 0.0, 0.0, 1.0, 1.0, 1.0, 0.0, 1.0, 1.0, 1.0, 0.0, 0.0, 1.0, 1.0, 0.0, 0.0, 1.0, 1.0, 0.0, 0.0, 1.0, 1.0, 0.0, 1.0]","[0.0, 0.0, 0.0, 0.0, 0.0, 0.0, 0.0, 0.0, 0.0, 0.0, 0.0, 0.0, 0.0, 1.0, 0.0, 0.0, 0.0, 0.0, 0.0, 0.0, 0.0, 0.0, 0.0, 0.0, 0.0, 0.0, 0.0, 0.0, 0.0, 0.0, 0.0, 0.0, 0.0, 0.0, 0.0, 0.0, 0.0, 0.0, 0.0, 0.0, 0.0, 0.0, 0.0, 0.0, 0.0, 0.0, 0.0, 0.0, 0.0, 0.0, 0.0, 0.0, 0.0, 0.0, 0.0, 0.0, 0.0, 0.0, 0.0, 0.0, 0.0, 0.0, 0.0, 0.0, 0.0, 0.0, 0.0, 0.0, 0.0, 0.0, 0.0, 0.0, 0.0, 0.0, 0.0, 0.0, 0.0, 0.0, 0.0, 0.0, 0.0, 0.0, 0.0, 0.0, 0.0, 0.0, 0.0, 0.0, 0.0, 0.0, 0.0, 0.0, 0.0, 0.0, 0.0, 0.0, 0.0, 0.0, 0.0, 0.0, 0.0, 0.0, 0.0, 0.0, 0.0, 0.0, 0.0, 0.0, 0.0, 0.0, 0.0, 0.0, 0.0, 0.0, 0.0, 0.0, 0.0, 0.0, 0.0, 0.0, 0.0, 0.0, 0.0, 0.0, 0.0, 0.0, 0.0, 0.0, 0.0, 0.0, 0.0, 0.0, 0.0, 0.0, 0.0, 0.0, 0.0, 0.0, 0.0, 0.0, 0.0, 0.0, 0.0, 0.0, 0.0, 0.0, 0.0, 0.0, 0.0, 0.0, 0.0, 0.0, 0.0, 0.0, 0.0, 0.0, 0.0, 0.0, 0.0, 0.0, 0.0, 0.0, 0.0, 0.0, 0.0, 0.0, 0.0, 0.0, 0.0, 0.0, 0.0, 0.0, 0.0, 0.0, 0.0, 0.0, 0.0, 0.0, 0.0, 0.0, 0.0, 0.0, 0.0, 0.0, 0.0, 0.0, 0.0, 0.0, 0.0, 0.0, 0.0, 0.0, 0.0, 0.0, 0.0, 0.0, 0.0, 0.0, 0.0, 0.0, 0.0, 0.0, 0.0, 0.0, 0.0, 0.0, 0.0, 0.0, 0.0, 0.0, 0.0, 0.0, 0.0, 0.0, 0.0, 0.0, 0.0, 0.0, 0.0, 0.0, 0.0, 0.0, 0.0, 0.0, 0.0, 0.0, 0.0, 0.0, 0.0, 0.0, 0.0, 0.0, 0.0, 0.0, 0.0, 0.0, 0.0, 0.0, 0.0, 0.0, 0.0, 0.0, 0.0, 0.0, 0.0, 0.0, 0.0, 0.0, 0.0, 0.0, 0.0, 0.0, 0.0, 0.0, 0.0, 0.0, 0.0, 0.0, 0.0, 0.0, 0.0, 0.0, 0.0, 0.0, 0.0, 0.0, 0.0, 0.0, 0.0, 0.0, 0.0, 0.0, 0.0, 0.0, 0.0, 0.0, 0.0, 0.0, 0.0, 0.0, 0.0, 0.0, 0.0, 0.0, 0.0, 0.0, 0.0, 0.0, 0.0, 0.0, 0.0, 0.0, 0.0, 0.0, 0.0, 0.0, 0.0, 0.0, 0.0, 0.0, 0.0, 0.0, 0.0, 0.0, 0.0, 0.0, 0.0, 0.0, 0.0, 0.0, 0.0, 0.0, 0.0, 0.0, 0.0, 0.0, 0.0, 0.0, 0.0, 0.0, 0.0, 0.0, 0.0]","[0.4752335285304906, 0.4717208851855029, 0.474986611652743, 0.4718930951728902, 0.4710776321721041, 0.4715598284518978, 0.4822988839734295, 0.4709113057660908, 0.4720076521038655, 0.4750911701276382, 0.472129022236859, 0.4715094648628238, 0.4696082514312331, 0.6158448494357726, 0.47146751249149976, 0.473638651829872, 0.47256291069695294, 0.4721695788831055, 0.4721026498559438, 0.4737349320242587, 0.4735846116384022, 0.4724526545186893, 0.47009550607253675, 0.4696490509946875, 0.4682733599415911, 0.4739909687960388, 0.4708426578778412, 0.47237562431638497, 0.4718709747671649, 0.4725194313481202, 0.4850227847849533, 0.47191068368916556, 0.47131151421602163, 0.4687568018799441, 0.4718605177718366, 0.46905530052001077, 0.4733298153749817, 0.4740513450626971, 0.47288794998251704, 0.48000443125707265, 0.4716531085223176, 0.4699552071044464, 0.4731662182216962, 0.4758364840432313, 0.466161005772589, 0.46705267654696614, 0.4702468071789272, 0.4702443124890157, 0.4724700198191554, 0.47197628427662947, 0.4707874670128368, 0.4748681330442854, 0.48233591302948653, 0.47482020667236674, 0.46901477424472215, 0.4671731684005464, 0.47408345687038483, 0.47229792165566487, 0.48249316419690186, 0.4701200735330949, 0.4739793225010179, 0.47531329752433177, 0.47209232655090433, 0.47590686553905803, 0.4700860881252123, 0.4702394039403325, 0.47523508121439295, 0.47017049776139247, 0.4690159485860235, 0.4737185642827727, 0.4720371534485068, 0.4722331961131879, 0.47241901889196986, 0.47101031241631786, 0.47103608643426836, 0.47283326832337536, 0.46865696947448443, 0.4691961928536821, 0.4682720415666704, 0.4747733088244479, 0.4670963198947104, 0.4733851038097896, 0.4689659130323363, 0.4721062582952835, 0.46921972204540563, 0.4731607001938506, 0.47017531410058977, 0.4705331022250062, 0.4679799461916645, 0.4710519078199064, 0.472041351616502, 0.46979084808032, 0.47256216371800486, 0.4728798674167143, 0.47346106155214707, 0.47435625892821764, 0.47120998715171897, 0.46918003022663546, 0.4729321356767384, 0.4700597624013618, 0.46715490328127096, 0.473141121506889, 0.47022536527277237, 0.46973816815297953, 0.4700249715029882, 0.47242701353552846, 0.474272625600218, 0.47431473772387794, 0.47524707835431057, 0.471528094278864, 0.4710440419422524, 0.4745562127599687, 0.47103407303836614, 0.4726582884344623, 0.4708169505594611, 0.4748450473911457, 0.47339003855548767, 0.47444048852130405, 0.47230165457214607, 0.4734271102821321, 0.47580534480220105, 0.4711442138225897, 0.4714401238092483, 0.47445721494947174, 0.47136550320570786, 0.47203252972191245, 0.47189135242096447, 0.4728740797352943, 0.47063180957132583, 0.473396272786325, 0.4737653303763248, 0.4709297109002403, 0.4739577858065232, 0.46976324634178274, 0.47439192088226323, 0.47536609415423214, 0.47594013071710023, 0.47034439874293443, 0.47414456120201603, 0.4720606185741572, 0.4717568478037997, 0.46995794927301227, 0.4681451502054107, 0.47244160712918337, 0.4724372939661327, 0.47452276998379067, 0.47934066672769016, 0.4710887006363039, 0.47171503116095187, 0.47154162911192316, 0.4764840690309041, 0.48413772476670425, 0.46718139171736156, 0.46788351168317116, 0.47526122351512096, 0.4666056193476407, 0.4754186487838911, 0.4686649778331404, 0.46788666354190395, 0.4807713620662884, 0.4717641232320192, 0.47129888767037426, 0.46813955570424143, 0.46515697032628855, 0.47061308413464037, 0.46708938380452714, 0.46824268011706965, 0.46788530158056435, 0.46766641711705775, 0.4710871104504197, 0.4797154144688055, 0.47082830298374617, 0.47308453447463356, 0.46735792023802813, 0.4680274305843084, 0.47389628686417495, 0.47216213066010604, 0.46977534327468556, 0.47261016382757354, 0.46830440884914454, 0.47260657693834923, 0.4731264081321815, 0.4738532978299321, 0.47352579754241486, 0.47508562397648574, 0.47045515923939335, 0.47338171421977204, 0.47123855603034887, 0.4723057011798575, 0.465851157272355, 0.47252459707725086, 0.4788624818128719, 0.47258804194319887, 0.47186988958457676, 0.47244288736635887, 0.4739826016613955, 0.47560547093693445, 0.47325196846207224, 0.47496882868725226, 0.4704834123480236, 0.47544276956960724, 0.47526841149763915, 0.4794235260317988, 0.4753535613214081, 0.4742170528773327, 0.47799002707109167, 0.4731068809059538, 0.4833465650628983, 0.4730442493690483, 0.4742774757556836, 0.4749142265122276, 0.47296758850885434, 0.4717215560041034, 0.46885080481979996, 0.4773214245980224, 0.47559470253053215, 0.4717053122216728, 0.4737660949585285, 0.4807087764389809, 0.4726582480728982, 0.4743802035775422, 0.4735574713299735, 0.4763769716331896, 0.4743247368402652, 0.47304155406566123, 0.47172754312384046, 0.4731879026736098, 0.474956754134119, 0.4746264657116075, 0.47555660557179047, 0.4706708831118893, 0.47533268114533805, 0.47353824992299726, 0.4707031227978214, 0.4715080759209253, 0.4708025519062376, 0.4720109020807508, 0.47277733850043474, 0.472221180509519, 0.4814126390993647, 0.47499790855350177, 0.4740525814986389, 0.4677883824577343, 0.47496619513993477, 0.47320657360228996, 0.4749951956926442, 0.4727870671663884, 0.47261709957175085, 0.47240884666683025, 0.47028050230201696, 0.4742665126441929, 0.4738072043013731, 0.4773140221276139, 0.47361210365360923, 0.4750705923118842, 0.473614096873867, 0.47055411332733194, 0.4705079536721632, 0.47083835721043765, 0.47722401149263305, 0.47286749874709816, 0.46689835561454374, 0.4718372188671284, 0.47436313845603484, 0.47489390993563085, 0.4711156145293753, 0.4695522609488181, 0.4748608605091939, 0.4729982548783281, 0.47144797194098903, 0.47318823628093215, 0.47218036686233866, 0.47356270188490074, 0.47019914196528845, 0.4745178377660853, 0.4712893936514067, 0.47374725576001775, 0.47191819910798966, 0.46903194570447776, 0.47318395793979395, 0.4731730222881249, 0.47411781514560386, 0.484712679060743, 0.4755372908298784, 0.4733084219496168, 0.4752467757478822, 0.473473798959401, 0.47492681302611695, 0.4740358823170862, 0.47409617644076424, 0.4728830720216527, 0.4733889337227168, 0.4755290339019691, 0.47364763442887037, 0.47246399284448337, 0.47230273640420695, 0.47265030996730517, 0.4742131528216228, 0.47519386974321887, 0.47214707850214555, 0.4737525144918084, 0.4755576148499462, 0.472338738261331, 0.4722544675585871, 0.4729400171290821, 0.475493365846159, 0.4741466458956422, 0.4745726762402287, 0.4724652696041814, 0.4722094028552176, 0.46823517713896473, 0.47533696820331567, 0.4720390990174134, 0.4763477087155561, 0.4726468937240184, 0.4743286421685225, 0.47258983570240176, 0.46779905684414347, 0.47460690478544243, 0.4733176211294323, 0.47693738563661076, 0.47724302467902974, 0.4751812292730618]"
